value,error,error_size
5.003724412094030072e+01,0.000000000000000000e+00,0.000000000000000000e+00
5.153652868889704308e+01,0.000000000000000000e+00,0.000000000000000000e+00
5.063891128555111010e+01,0.000000000000000000e+00,0.000000000000000000e+00
5.125147330938830237e+01,0.000000000000000000e+00,0.000000000000000000e+00
5.458781116159867253e+01,0.000000000000000000e+00,0.000000000000000000e+00
4.973320248697356050e+01,0.000000000000000000e+00,0.000000000000000000e+00
5.166781719232709946e+01,0.000000000000000000e+00,0.000000000000000000e+00
5.326919201535037729e+01,0.000000000000000000e+00,0.000000000000000000e+00
4.987413313470700160e+01,0.000000000000000000e+00,0.000000000000000000e+00
5.066933918338631315e+01,0.000000000000000000e+00,0.000000000000000000e+00
5.193334755972169603e+01,0.000000000000000000e+00,0.000000000000000000e+00
5.085301119658002023e+01,0.000000000000000000e+00,0.000000000000000000e+00
5.420108686533352937e+01,0.000000000000000000e+00,0.000000000000000000e+00
4.925887949653199627e+01,0.000000000000000000e+00,0.000000000000000000e+00
4.951570904911726245e+01,0.000000000000000000e+00,0.000000000000000000e+00
5.106545548624384168e+01,0.000000000000000000e+00,0.000000000000000000e+00
4.969223192414538204e+01,0.000000000000000000e+00,0.000000000000000000e+00
5.321319082026803216e+01,0.000000000000000000e+00,0.000000000000000000e+00
5.081387849854882433e+01,0.000000000000000000e+00,0.000000000000000000e+00
5.423813617450095137e+01,0.000000000000000000e+00,0.000000000000000000e+00
5.511197405447465769e+01,0.000000000000000000e+00,0.000000000000000000e+00
5.468584326147428953e+01,0.000000000000000000e+00,0.000000000000000000e+00
4.769916771391062582e+01,0.000000000000000000e+00,0.000000000000000000e+00
5.133554641486097836e+01,0.000000000000000000e+00,0.000000000000000000e+00
4.985155963725395623e+01,0.000000000000000000e+00,0.000000000000000000e+00
5.045184869095712088e+01,0.000000000000000000e+00,0.000000000000000000e+00
5.204260288724562145e+01,0.000000000000000000e+00,0.000000000000000000e+00
5.038160310901736949e+01,0.000000000000000000e+00,0.000000000000000000e+00
5.296227932177817621e+01,0.000000000000000000e+00,0.000000000000000000e+00
5.112141848902030716e+01,0.000000000000000000e+00,0.000000000000000000e+00
5.474832347847370784e+01,0.000000000000000000e+00,0.000000000000000000e+00
5.341967419689619589e+01,0.000000000000000000e+00,0.000000000000000000e+00
5.525924871190937893e+01,0.000000000000000000e+00,0.000000000000000000e+00
5.451243990517899363e+01,0.000000000000000000e+00,0.000000000000000000e+00
5.606226469370911758e+01,0.000000000000000000e+00,0.000000000000000000e+00
5.292395826845022810e+01,0.000000000000000000e+00,0.000000000000000000e+00
5.520673049288669887e+01,0.000000000000000000e+00,0.000000000000000000e+00
5.452882808698507944e+01,0.000000000000000000e+00,0.000000000000000000e+00
5.559135728997132020e+01,0.000000000000000000e+00,0.000000000000000000e+00
5.217406044004331989e+01,0.000000000000000000e+00,0.000000000000000000e+00
5.191358861120728108e+01,0.000000000000000000e+00,0.000000000000000000e+00
4.928067813828581478e+01,0.000000000000000000e+00,0.000000000000000000e+00
5.602664263694232716e+01,0.000000000000000000e+00,0.000000000000000000e+00
5.369785187425224393e+01,0.000000000000000000e+00,0.000000000000000000e+00
5.180490905059098594e+01,0.000000000000000000e+00,0.000000000000000000e+00
5.725577961122657911e+01,0.000000000000000000e+00,0.000000000000000000e+00
5.489604806991516739e+01,0.000000000000000000e+00,0.000000000000000000e+00
5.330206394664590164e+01,0.000000000000000000e+00,0.000000000000000000e+00
5.440960350976187954e+01,0.000000000000000000e+00,0.000000000000000000e+00
5.316767737182283327e+01,0.000000000000000000e+00,0.000000000000000000e+00
5.302044996118107179e+01,0.000000000000000000e+00,0.000000000000000000e+00
5.103494198252109726e+01,0.000000000000000000e+00,0.000000000000000000e+00
5.475904448107740308e+01,0.000000000000000000e+00,0.000000000000000000e+00
5.760486298770479863e+01,0.000000000000000000e+00,0.000000000000000000e+00
5.471053489170601125e+01,0.000000000000000000e+00,0.000000000000000000e+00
5.446998137697956821e+01,0.000000000000000000e+00,0.000000000000000000e+00
5.635817662745635204e+01,0.000000000000000000e+00,0.000000000000000000e+00
5.432132728333972693e+01,0.000000000000000000e+00,0.000000000000000000e+00
5.705835152826153234e+01,0.000000000000000000e+00,0.000000000000000000e+00
5.399582183336329422e+01,0.000000000000000000e+00,0.000000000000000000e+00
5.316806927883335732e+01,0.000000000000000000e+00,0.000000000000000000e+00
5.413868388691442846e+01,0.000000000000000000e+00,0.000000000000000000e+00
5.829961083554867685e+01,0.000000000000000000e+00,0.000000000000000000e+00
5.970765996222757366e+01,0.000000000000000000e+00,0.000000000000000000e+00
5.441814048469969123e+01,0.000000000000000000e+00,0.000000000000000000e+00
5.733571945271923198e+01,0.000000000000000000e+00,0.000000000000000000e+00
5.615412904587154230e+01,0.000000000000000000e+00,0.000000000000000000e+00
5.342764376931378223e+01,0.000000000000000000e+00,0.000000000000000000e+00
5.732518308434212173e+01,0.000000000000000000e+00,0.000000000000000000e+00
5.587981932347687319e+01,0.000000000000000000e+00,0.000000000000000000e+00
5.729880601272463991e+01,0.000000000000000000e+00,0.000000000000000000e+00
5.346872962693021947e+01,0.000000000000000000e+00,0.000000000000000000e+00
5.326480499016678039e+01,0.000000000000000000e+00,0.000000000000000000e+00
5.414340117512904271e+01,0.000000000000000000e+00,0.000000000000000000e+00
5.532555873023895288e+01,0.000000000000000000e+00,0.000000000000000000e+00
5.602756209241860574e+01,0.000000000000000000e+00,0.000000000000000000e+00
5.484332153186765879e+01,0.000000000000000000e+00,0.000000000000000000e+00
5.822360114925238861e+01,0.000000000000000000e+00,0.000000000000000000e+00
5.809681477461644050e+01,0.000000000000000000e+00,0.000000000000000000e+00
5.771099858967314589e+01,0.000000000000000000e+00,0.000000000000000000e+00
5.536215423096594179e+01,0.000000000000000000e+00,0.000000000000000000e+00
5.846327085364455911e+01,0.000000000000000000e+00,0.000000000000000000e+00
6.093737656836290739e+01,0.000000000000000000e+00,0.000000000000000000e+00
5.831090035233042101e+01,0.000000000000000000e+00,0.000000000000000000e+00
5.864545741246861610e+01,0.000000000000000000e+00,0.000000000000000000e+00
5.576186143049554289e+01,0.000000000000000000e+00,0.000000000000000000e+00
5.653988021631855787e+01,0.000000000000000000e+00,0.000000000000000000e+00
5.544869040629558299e+01,0.000000000000000000e+00,0.000000000000000000e+00
5.427305417164125600e+01,0.000000000000000000e+00,0.000000000000000000e+00
5.507131541698353061e+01,0.000000000000000000e+00,0.000000000000000000e+00
6.019120623898071187e+01,0.000000000000000000e+00,0.000000000000000000e+00
5.699852967586311792e+01,0.000000000000000000e+00,0.000000000000000000e+00
5.597986279672997512e+01,0.000000000000000000e+00,0.000000000000000000e+00
6.111266370442504581e+01,0.000000000000000000e+00,0.000000000000000000e+00
6.007510861377303968e+01,0.000000000000000000e+00,0.000000000000000000e+00
5.667968468970529727e+01,0.000000000000000000e+00,0.000000000000000000e+00
5.631603554225299746e+01,0.000000000000000000e+00,0.000000000000000000e+00
5.353862959630771456e+01,0.000000000000000000e+00,0.000000000000000000e+00
6.010353165789415186e+01,0.000000000000000000e+00,0.000000000000000000e+00
5.731612691859115216e+01,0.000000000000000000e+00,0.000000000000000000e+00
5.941979587349733549e+01,0.000000000000000000e+00,0.000000000000000000e+00
5.621911306190104796e+01,0.000000000000000000e+00,0.000000000000000000e+00
5.912889621391663297e+01,0.000000000000000000e+00,0.000000000000000000e+00
5.634444010633779953e+01,0.000000000000000000e+00,0.000000000000000000e+00
5.744211302311744305e+01,0.000000000000000000e+00,0.000000000000000000e+00
5.874403624227786480e+01,0.000000000000000000e+00,0.000000000000000000e+00
5.990754069755335820e+01,0.000000000000000000e+00,0.000000000000000000e+00
5.704106850557018760e+01,0.000000000000000000e+00,0.000000000000000000e+00
5.717710787664013594e+01,0.000000000000000000e+00,0.000000000000000000e+00
5.488957219000881338e+01,0.000000000000000000e+00,0.000000000000000000e+00
5.690891468059777480e+01,0.000000000000000000e+00,0.000000000000000000e+00
5.938978555262380610e+01,0.000000000000000000e+00,0.000000000000000000e+00
6.023496938338038120e+01,0.000000000000000000e+00,0.000000000000000000e+00
5.711185938912490201e+01,0.000000000000000000e+00,0.000000000000000000e+00
5.857834084024261045e+01,0.000000000000000000e+00,0.000000000000000000e+00
5.755945682042115408e+01,0.000000000000000000e+00,0.000000000000000000e+00
5.683360902771033096e+01,0.000000000000000000e+00,0.000000000000000000e+00
6.412348565168723269e+01,0.000000000000000000e+00,0.000000000000000000e+00
6.045905475264749640e+01,0.000000000000000000e+00,0.000000000000000000e+00
6.221292769300713132e+01,0.000000000000000000e+00,0.000000000000000000e+00
6.016187092307792028e+01,0.000000000000000000e+00,0.000000000000000000e+00
5.721850738095455569e+01,0.000000000000000000e+00,0.000000000000000000e+00
6.091422569749841642e+01,0.000000000000000000e+00,0.000000000000000000e+00
6.051078115785610834e+01,0.000000000000000000e+00,0.000000000000000000e+00
6.279343669606996059e+01,0.000000000000000000e+00,0.000000000000000000e+00
6.175815103176939402e+01,0.000000000000000000e+00,0.000000000000000000e+00
6.091769617114926660e+01,0.000000000000000000e+00,0.000000000000000000e+00
6.313857880015356017e+01,0.000000000000000000e+00,0.000000000000000000e+00
5.638501620077763477e+01,0.000000000000000000e+00,0.000000000000000000e+00
6.122988066423749132e+01,0.000000000000000000e+00,0.000000000000000000e+00
5.814451556200713611e+01,0.000000000000000000e+00,0.000000000000000000e+00
5.891675794934123189e+01,0.000000000000000000e+00,0.000000000000000000e+00
6.186049994817922482e+01,0.000000000000000000e+00,0.000000000000000000e+00
6.058456204643739085e+01,0.000000000000000000e+00,0.000000000000000000e+00
6.001724815239197142e+01,0.000000000000000000e+00,0.000000000000000000e+00
5.940887193977680880e+01,0.000000000000000000e+00,0.000000000000000000e+00
5.963404086821089578e+01,0.000000000000000000e+00,0.000000000000000000e+00
6.446950443855904211e+01,0.000000000000000000e+00,0.000000000000000000e+00
6.602598082143143188e+01,0.000000000000000000e+00,0.000000000000000000e+00
6.287470276401172953e+01,0.000000000000000000e+00,0.000000000000000000e+00
6.243308506619818132e+01,0.000000000000000000e+00,0.000000000000000000e+00
5.617792081798297943e+01,0.000000000000000000e+00,0.000000000000000000e+00
6.040950157862396708e+01,0.000000000000000000e+00,0.000000000000000000e+00
6.032345745856397201e+01,0.000000000000000000e+00,0.000000000000000000e+00
6.265160809456288149e+01,0.000000000000000000e+00,0.000000000000000000e+00
6.114482039642672362e+01,0.000000000000000000e+00,0.000000000000000000e+00
6.403759479046323122e+01,0.000000000000000000e+00,0.000000000000000000e+00
6.228868065005130461e+01,0.000000000000000000e+00,0.000000000000000000e+00
5.761596162908725205e+01,0.000000000000000000e+00,0.000000000000000000e+00
6.463883687836145953e+01,0.000000000000000000e+00,0.000000000000000000e+00
5.914114654748878053e+01,0.000000000000000000e+00,0.000000000000000000e+00
5.941534761556183497e+01,0.000000000000000000e+00,0.000000000000000000e+00
6.423777885031002199e+01,0.000000000000000000e+00,0.000000000000000000e+00
5.961999549419370936e+01,0.000000000000000000e+00,0.000000000000000000e+00
6.046912868959651632e+01,0.000000000000000000e+00,0.000000000000000000e+00
6.182026755930615280e+01,0.000000000000000000e+00,0.000000000000000000e+00
6.137514582054117795e+01,0.000000000000000000e+00,0.000000000000000000e+00
6.058396875613468069e+01,0.000000000000000000e+00,0.000000000000000000e+00
6.329673223015058170e+01,0.000000000000000000e+00,0.000000000000000000e+00
6.272488817297239905e+01,0.000000000000000000e+00,0.000000000000000000e+00
6.273694944392930495e+01,0.000000000000000000e+00,0.000000000000000000e+00
6.189446518503815753e+01,0.000000000000000000e+00,0.000000000000000000e+00
6.553872014599002682e+01,0.000000000000000000e+00,0.000000000000000000e+00
6.202252418383660881e+01,0.000000000000000000e+00,0.000000000000000000e+00
6.197623077694116489e+01,0.000000000000000000e+00,0.000000000000000000e+00
6.165058428458146977e+01,0.000000000000000000e+00,0.000000000000000000e+00
6.117823924122652102e+01,0.000000000000000000e+00,0.000000000000000000e+00
6.310529702760620552e+01,0.000000000000000000e+00,0.000000000000000000e+00
6.686218370076309725e+01,0.000000000000000000e+00,0.000000000000000000e+00
6.211499473567418050e+01,0.000000000000000000e+00,0.000000000000000000e+00
6.164299343599723358e+01,0.000000000000000000e+00,0.000000000000000000e+00
6.572740368933527577e+01,0.000000000000000000e+00,0.000000000000000000e+00
6.031582694748782103e+01,0.000000000000000000e+00,0.000000000000000000e+00
6.218138417335104151e+01,0.000000000000000000e+00,0.000000000000000000e+00
6.270709352635776668e+01,0.000000000000000000e+00,0.000000000000000000e+00
5.973735698347648082e+01,0.000000000000000000e+00,0.000000000000000000e+00
6.168928634781791942e+01,0.000000000000000000e+00,0.000000000000000000e+00
6.350457885369660715e+01,0.000000000000000000e+00,0.000000000000000000e+00
6.170367736215303722e+01,0.000000000000000000e+00,0.000000000000000000e+00
6.438697661541922912e+01,0.000000000000000000e+00,0.000000000000000000e+00
6.536148673828951416e+01,0.000000000000000000e+00,0.000000000000000000e+00
6.417289605885551396e+01,0.000000000000000000e+00,0.000000000000000000e+00
6.522292903372475337e+01,0.000000000000000000e+00,0.000000000000000000e+00
6.542498633002880126e+01,0.000000000000000000e+00,0.000000000000000000e+00
6.493977852256873007e+01,0.000000000000000000e+00,0.000000000000000000e+00
6.207403974103256417e+01,0.000000000000000000e+00,0.000000000000000000e+00
6.519963733855998100e+01,0.000000000000000000e+00,0.000000000000000000e+00
6.666525805487860623e+01,0.000000000000000000e+00,0.000000000000000000e+00
6.505872981453065051e+01,0.000000000000000000e+00,0.000000000000000000e+00
6.643808333630489926e+01,0.000000000000000000e+00,0.000000000000000000e+00
6.322451400006597311e+01,0.000000000000000000e+00,0.000000000000000000e+00
6.572528710741141822e+01,0.000000000000000000e+00,0.000000000000000000e+00
6.384621388505784267e+01,0.000000000000000000e+00,0.000000000000000000e+00
6.490939963926734890e+01,0.000000000000000000e+00,0.000000000000000000e+00
6.665635107602494713e+01,0.000000000000000000e+00,0.000000000000000000e+00
6.676836834489839134e+01,0.000000000000000000e+00,0.000000000000000000e+00
6.461487918554620080e+01,0.000000000000000000e+00,0.000000000000000000e+00
6.164407614984893513e+01,0.000000000000000000e+00,0.000000000000000000e+00
6.637945365618543292e+01,0.000000000000000000e+00,0.000000000000000000e+00
6.617189231475967404e+01,0.000000000000000000e+00,0.000000000000000000e+00
6.460514822896516307e+01,0.000000000000000000e+00,0.000000000000000000e+00
6.215063154366450249e+01,0.000000000000000000e+00,0.000000000000000000e+00
6.331480656631311632e+01,0.000000000000000000e+00,0.000000000000000000e+00
6.527300174268846433e+01,0.000000000000000000e+00,0.000000000000000000e+00
6.290428489798519962e+01,0.000000000000000000e+00,0.000000000000000000e+00
6.250924925775869667e+01,0.000000000000000000e+00,0.000000000000000000e+00
6.690829043607143944e+01,0.000000000000000000e+00,0.000000000000000000e+00
6.845439746576661832e+01,0.000000000000000000e+00,0.000000000000000000e+00
6.686381920031418247e+01,0.000000000000000000e+00,0.000000000000000000e+00
6.557635792254603757e+01,0.000000000000000000e+00,0.000000000000000000e+00
6.679922691435955073e+01,0.000000000000000000e+00,0.000000000000000000e+00
6.518008153819084782e+01,0.000000000000000000e+00,0.000000000000000000e+00
6.493326181781600326e+01,0.000000000000000000e+00,0.000000000000000000e+00
6.443733698468918192e+01,0.000000000000000000e+00,0.000000000000000000e+00
6.752480348241171271e+01,0.000000000000000000e+00,0.000000000000000000e+00
6.596803127055356697e+01,0.000000000000000000e+00,0.000000000000000000e+00
6.434999733387944332e+01,0.000000000000000000e+00,0.000000000000000000e+00
6.570421481643990091e+01,0.000000000000000000e+00,0.000000000000000000e+00
6.525265119161299765e+01,0.000000000000000000e+00,0.000000000000000000e+00
6.906267175561914939e+01,0.000000000000000000e+00,0.000000000000000000e+00
6.882341073573348922e+01,0.000000000000000000e+00,0.000000000000000000e+00
6.175726752378758277e+01,0.000000000000000000e+00,0.000000000000000000e+00
6.280302821653825873e+01,0.000000000000000000e+00,0.000000000000000000e+00
6.951974733879532664e+01,0.000000000000000000e+00,0.000000000000000000e+00
6.853641926746560387e+01,0.000000000000000000e+00,0.000000000000000000e+00
6.491127022449613548e+01,0.000000000000000000e+00,0.000000000000000000e+00
6.782982448683979726e+01,0.000000000000000000e+00,0.000000000000000000e+00
6.894286344623135676e+01,0.000000000000000000e+00,0.000000000000000000e+00
6.473051602927525039e+01,0.000000000000000000e+00,0.000000000000000000e+00
6.928539938643019980e+01,0.000000000000000000e+00,0.000000000000000000e+00
6.641342475023853353e+01,0.000000000000000000e+00,0.000000000000000000e+00
6.633582520287842499e+01,0.000000000000000000e+00,0.000000000000000000e+00
6.863500265105297160e+01,0.000000000000000000e+00,0.000000000000000000e+00
6.358971182084748364e+01,0.000000000000000000e+00,0.000000000000000000e+00
6.416186339556884377e+01,0.000000000000000000e+00,0.000000000000000000e+00
6.794196384139023337e+01,0.000000000000000000e+00,0.000000000000000000e+00
6.793340685085119901e+01,0.000000000000000000e+00,0.000000000000000000e+00
7.204505254768109523e+01,0.000000000000000000e+00,0.000000000000000000e+00
6.542966728287615297e+01,0.000000000000000000e+00,0.000000000000000000e+00
6.852498502556456117e+01,0.000000000000000000e+00,0.000000000000000000e+00
6.871082229793888985e+01,0.000000000000000000e+00,0.000000000000000000e+00
6.765000879886355278e+01,0.000000000000000000e+00,0.000000000000000000e+00
7.187975101549682222e+01,0.000000000000000000e+00,0.000000000000000000e+00
6.653981732201737032e+01,0.000000000000000000e+00,0.000000000000000000e+00
7.038525759346370592e+01,0.000000000000000000e+00,0.000000000000000000e+00
6.722959278590205656e+01,0.000000000000000000e+00,0.000000000000000000e+00
6.886912916911811067e+01,0.000000000000000000e+00,0.000000000000000000e+00
7.020032626323771296e+01,0.000000000000000000e+00,0.000000000000000000e+00
6.967143280779849590e+01,0.000000000000000000e+00,0.000000000000000000e+00
6.905996753509235475e+01,0.000000000000000000e+00,0.000000000000000000e+00
6.862590595790699410e+01,0.000000000000000000e+00,0.000000000000000000e+00
7.155554075873692454e+01,0.000000000000000000e+00,0.000000000000000000e+00
7.111340224974824764e+01,0.000000000000000000e+00,0.000000000000000000e+00
6.762842992895923544e+01,0.000000000000000000e+00,0.000000000000000000e+00
6.864594707536181772e+01,0.000000000000000000e+00,0.000000000000000000e+00
6.919251078377537567e+01,0.000000000000000000e+00,0.000000000000000000e+00
6.788850254572201948e+01,0.000000000000000000e+00,0.000000000000000000e+00
7.014206642795494417e+01,0.000000000000000000e+00,0.000000000000000000e+00
6.683125805036259237e+01,0.000000000000000000e+00,0.000000000000000000e+00
7.151539003414754347e+01,0.000000000000000000e+00,0.000000000000000000e+00
6.715628545501297708e+01,0.000000000000000000e+00,0.000000000000000000e+00
6.958799184216297817e+01,0.000000000000000000e+00,0.000000000000000000e+00
7.249463600879444414e+01,0.000000000000000000e+00,0.000000000000000000e+00
7.535472285105515766e+01,0.000000000000000000e+00,0.000000000000000000e+00
7.321930629644214150e+01,0.000000000000000000e+00,0.000000000000000000e+00
6.789647750524925129e+01,0.000000000000000000e+00,0.000000000000000000e+00
7.221387657358592094e+01,0.000000000000000000e+00,0.000000000000000000e+00
6.975504692960998909e+01,0.000000000000000000e+00,0.000000000000000000e+00
6.977818876191680886e+01,0.000000000000000000e+00,0.000000000000000000e+00
7.196701392275275566e+01,0.000000000000000000e+00,0.000000000000000000e+00
7.141322626504755533e+01,0.000000000000000000e+00,0.000000000000000000e+00
6.940577175863916182e+01,0.000000000000000000e+00,0.000000000000000000e+00
7.070772682472296822e+01,0.000000000000000000e+00,0.000000000000000000e+00
6.927115268708251961e+01,0.000000000000000000e+00,0.000000000000000000e+00
6.802502411937537374e+01,0.000000000000000000e+00,0.000000000000000000e+00
7.197822632304225010e+01,0.000000000000000000e+00,0.000000000000000000e+00
6.956409594987432854e+01,0.000000000000000000e+00,0.000000000000000000e+00
7.089146754501059888e+01,0.000000000000000000e+00,0.000000000000000000e+00
6.878248288514335229e+01,0.000000000000000000e+00,0.000000000000000000e+00
7.145554618572390382e+01,0.000000000000000000e+00,0.000000000000000000e+00
7.357903562277326159e+01,0.000000000000000000e+00,0.000000000000000000e+00
7.223369661201105885e+01,0.000000000000000000e+00,0.000000000000000000e+00
6.924562661173669653e+01,0.000000000000000000e+00,0.000000000000000000e+00
6.929572864055953119e+01,0.000000000000000000e+00,0.000000000000000000e+00
6.819760532809844733e+01,0.000000000000000000e+00,0.000000000000000000e+00
7.262397915062021525e+01,0.000000000000000000e+00,0.000000000000000000e+00
7.098880471825380312e+01,0.000000000000000000e+00,0.000000000000000000e+00
7.274150358965718510e+01,0.000000000000000000e+00,0.000000000000000000e+00
7.296454944165118661e+01,0.000000000000000000e+00,0.000000000000000000e+00
7.022181611025447978e+01,0.000000000000000000e+00,0.000000000000000000e+00
7.110961625977564893e+01,0.000000000000000000e+00,0.000000000000000000e+00
7.322567130433483840e+01,0.000000000000000000e+00,0.000000000000000000e+00
7.326914252557246243e+01,0.000000000000000000e+00,0.000000000000000000e+00
7.232959813503470059e+01,0.000000000000000000e+00,0.000000000000000000e+00
7.154823562416730454e+01,0.000000000000000000e+00,0.000000000000000000e+00
7.440099053587745459e+01,0.000000000000000000e+00,0.000000000000000000e+00
7.648796499612188882e+01,0.000000000000000000e+00,0.000000000000000000e+00
6.838375864713336227e+01,0.000000000000000000e+00,0.000000000000000000e+00
7.272611412660234009e+01,0.000000000000000000e+00,0.000000000000000000e+00
7.617501549540435235e+01,0.000000000000000000e+00,0.000000000000000000e+00
7.136980562124270477e+01,0.000000000000000000e+00,0.000000000000000000e+00
7.230199364370412241e+01,0.000000000000000000e+00,0.000000000000000000e+00
7.192214436082457496e+01,0.000000000000000000e+00,0.000000000000000000e+00
7.437700923677489584e+01,0.000000000000000000e+00,0.000000000000000000e+00
7.070319320208685099e+01,0.000000000000000000e+00,0.000000000000000000e+00
7.048871513032634084e+01,0.000000000000000000e+00,0.000000000000000000e+00
7.225395975343744226e+01,0.000000000000000000e+00,0.000000000000000000e+00
7.398687934258877874e+01,0.000000000000000000e+00,0.000000000000000000e+00
7.253944984701469423e+01,0.000000000000000000e+00,0.000000000000000000e+00
7.447040381970317924e+01,0.000000000000000000e+00,0.000000000000000000e+00
7.430258070470857490e+01,0.000000000000000000e+00,0.000000000000000000e+00
7.200255424544489813e+01,0.000000000000000000e+00,0.000000000000000000e+00
7.438227565577714984e+01,0.000000000000000000e+00,0.000000000000000000e+00
7.719172046364280959e+01,0.000000000000000000e+00,0.000000000000000000e+00
7.422206056474153968e+01,0.000000000000000000e+00,0.000000000000000000e+00
7.420794120469359711e+01,0.000000000000000000e+00,0.000000000000000000e+00
7.117323428840231259e+01,0.000000000000000000e+00,0.000000000000000000e+00
7.076073476698991271e+01,0.000000000000000000e+00,0.000000000000000000e+00
7.241687739607615981e+01,0.000000000000000000e+00,0.000000000000000000e+00
7.543373988233430794e+01,0.000000000000000000e+00,0.000000000000000000e+00
7.688996994577145472e+01,0.000000000000000000e+00,0.000000000000000000e+00
7.464877002560365327e+01,0.000000000000000000e+00,0.000000000000000000e+00
7.127939972751346431e+01,0.000000000000000000e+00,0.000000000000000000e+00
7.405551821019690806e+01,0.000000000000000000e+00,0.000000000000000000e+00
7.146820038937865149e+01,0.000000000000000000e+00,0.000000000000000000e+00
7.299222216978731126e+01,0.000000000000000000e+00,0.000000000000000000e+00
6.892700294035340391e+01,0.000000000000000000e+00,0.000000000000000000e+00
7.153101907971151263e+01,0.000000000000000000e+00,0.000000000000000000e+00
7.078045511275965396e+01,0.000000000000000000e+00,0.000000000000000000e+00
7.230276352688973418e+01,0.000000000000000000e+00,0.000000000000000000e+00
7.471257694120045301e+01,0.000000000000000000e+00,0.000000000000000000e+00
7.236880942203434586e+01,0.000000000000000000e+00,0.000000000000000000e+00
7.339714089771926808e+01,0.000000000000000000e+00,0.000000000000000000e+00
7.202918901962405585e+01,0.000000000000000000e+00,0.000000000000000000e+00
7.466197901011645399e+01,0.000000000000000000e+00,0.000000000000000000e+00
7.320221645155821477e+01,0.000000000000000000e+00,0.000000000000000000e+00
7.162772768288881764e+01,0.000000000000000000e+00,0.000000000000000000e+00
7.237784489941189747e+01,0.000000000000000000e+00,0.000000000000000000e+00
7.271906358276589799e+01,0.000000000000000000e+00,0.000000000000000000e+00
7.346013634982068652e+01,0.000000000000000000e+00,0.000000000000000000e+00
7.306099078389428314e+01,0.000000000000000000e+00,0.000000000000000000e+00
7.299375169025221055e+01,0.000000000000000000e+00,0.000000000000000000e+00
7.803186043597544597e+01,0.000000000000000000e+00,0.000000000000000000e+00
7.366220934904694673e+01,0.000000000000000000e+00,0.000000000000000000e+00
7.541608778953718684e+01,0.000000000000000000e+00,0.000000000000000000e+00
7.443652856663656792e+01,0.000000000000000000e+00,0.000000000000000000e+00
7.323220127614381170e+01,0.000000000000000000e+00,0.000000000000000000e+00
7.602366106294871884e+01,0.000000000000000000e+00,0.000000000000000000e+00
7.363230532496834257e+01,0.000000000000000000e+00,0.000000000000000000e+00
7.549222827812268122e+01,0.000000000000000000e+00,0.000000000000000000e+00
7.429598640343029103e+01,0.000000000000000000e+00,0.000000000000000000e+00
7.341632216883856188e+01,0.000000000000000000e+00,0.000000000000000000e+00
7.415888554052465054e+01,0.000000000000000000e+00,0.000000000000000000e+00
7.463911684993250617e+01,0.000000000000000000e+00,0.000000000000000000e+00
7.151894708520694621e+01,0.000000000000000000e+00,0.000000000000000000e+00
7.341153222099609366e+01,0.000000000000000000e+00,0.000000000000000000e+00
7.137748334975400155e+01,0.000000000000000000e+00,0.000000000000000000e+00
7.786961338367751750e+01,0.000000000000000000e+00,0.000000000000000000e+00
7.233138038108802448e+01,0.000000000000000000e+00,0.000000000000000000e+00
7.680169316257710932e+01,0.000000000000000000e+00,0.000000000000000000e+00
7.498037947557396876e+01,0.000000000000000000e+00,0.000000000000000000e+00
7.357884474741528891e+01,0.000000000000000000e+00,0.000000000000000000e+00
7.475589861393468993e+01,0.000000000000000000e+00,0.000000000000000000e+00
7.300966945048634216e+01,0.000000000000000000e+00,0.000000000000000000e+00
7.538022740569043378e+01,0.000000000000000000e+00,0.000000000000000000e+00
7.430514211350349285e+01,0.000000000000000000e+00,0.000000000000000000e+00
7.817728290672623359e+01,0.000000000000000000e+00,0.000000000000000000e+00
7.939861796037280328e+01,0.000000000000000000e+00,0.000000000000000000e+00
7.505826643582081203e+01,0.000000000000000000e+00,0.000000000000000000e+00
7.453645896836198403e+01,0.000000000000000000e+00,0.000000000000000000e+00
7.775545576806693759e+01,0.000000000000000000e+00,0.000000000000000000e+00
7.291039483164533408e+01,0.000000000000000000e+00,0.000000000000000000e+00
7.444930184339801826e+01,0.000000000000000000e+00,0.000000000000000000e+00
7.512911892459436558e+01,0.000000000000000000e+00,0.000000000000000000e+00
7.688020718301804379e+01,0.000000000000000000e+00,0.000000000000000000e+00
7.344768835110063776e+01,0.000000000000000000e+00,0.000000000000000000e+00
7.333337667412617122e+01,0.000000000000000000e+00,0.000000000000000000e+00
7.694319700721604249e+01,0.000000000000000000e+00,0.000000000000000000e+00
7.919307761678111035e+01,0.000000000000000000e+00,0.000000000000000000e+00
7.607032087818309662e+01,0.000000000000000000e+00,0.000000000000000000e+00
7.686168277964590345e+01,0.000000000000000000e+00,0.000000000000000000e+00
7.811205273211193401e+01,0.000000000000000000e+00,0.000000000000000000e+00
7.785736731006475964e+01,0.000000000000000000e+00,0.000000000000000000e+00
7.617707150001245964e+01,0.000000000000000000e+00,0.000000000000000000e+00
7.824745899182757114e+01,0.000000000000000000e+00,0.000000000000000000e+00
7.714839173068324385e+01,0.000000000000000000e+00,0.000000000000000000e+00
7.623370603291732550e+01,0.000000000000000000e+00,0.000000000000000000e+00
7.667009252059922630e+01,0.000000000000000000e+00,0.000000000000000000e+00
7.657283372384475229e+01,0.000000000000000000e+00,0.000000000000000000e+00
7.595198716391368521e+01,0.000000000000000000e+00,0.000000000000000000e+00
7.614157470340933287e+01,0.000000000000000000e+00,0.000000000000000000e+00
7.772187102373868584e+01,0.000000000000000000e+00,0.000000000000000000e+00
7.245784886156639004e+01,0.000000000000000000e+00,0.000000000000000000e+00
7.134734457974747102e+01,0.000000000000000000e+00,0.000000000000000000e+00
7.276426372804675680e+01,0.000000000000000000e+00,0.000000000000000000e+00
7.532628343272938309e+01,0.000000000000000000e+00,0.000000000000000000e+00
7.883879974961931225e+01,0.000000000000000000e+00,0.000000000000000000e+00
7.307422971749178942e+01,0.000000000000000000e+00,0.000000000000000000e+00
7.793142303200917809e+01,0.000000000000000000e+00,0.000000000000000000e+00
7.952371494178549938e+01,0.000000000000000000e+00,0.000000000000000000e+00
7.714201761917523470e+01,0.000000000000000000e+00,0.000000000000000000e+00
7.902984599507692565e+01,0.000000000000000000e+00,0.000000000000000000e+00
7.886441060546282245e+01,0.000000000000000000e+00,0.000000000000000000e+00
7.887839915630337373e+01,0.000000000000000000e+00,0.000000000000000000e+00
7.598903260817846217e+01,0.000000000000000000e+00,0.000000000000000000e+00
7.663107413452175365e+01,0.000000000000000000e+00,0.000000000000000000e+00
7.710327134504568392e+01,0.000000000000000000e+00,0.000000000000000000e+00
7.814042182166080863e+01,0.000000000000000000e+00,0.000000000000000000e+00
7.349831306852961177e+01,0.000000000000000000e+00,0.000000000000000000e+00
7.599000270751574249e+01,0.000000000000000000e+00,0.000000000000000000e+00
7.889392143724076334e+01,0.000000000000000000e+00,0.000000000000000000e+00
7.759832673613964005e+01,0.000000000000000000e+00,0.000000000000000000e+00
7.842261263599010590e+01,0.000000000000000000e+00,0.000000000000000000e+00
7.675124817083217010e+01,0.000000000000000000e+00,0.000000000000000000e+00
7.818825128747370456e+01,0.000000000000000000e+00,0.000000000000000000e+00
7.668833005801982949e+01,0.000000000000000000e+00,0.000000000000000000e+00
7.668361264922289422e+01,0.000000000000000000e+00,0.000000000000000000e+00
7.673261594708124278e+01,0.000000000000000000e+00,0.000000000000000000e+00
7.710780978073806580e+01,0.000000000000000000e+00,0.000000000000000000e+00
7.835193664044554396e+01,0.000000000000000000e+00,0.000000000000000000e+00
7.915572553555031732e+01,0.000000000000000000e+00,0.000000000000000000e+00
7.769303125200590898e+01,0.000000000000000000e+00,0.000000000000000000e+00
7.867775989686883520e+01,0.000000000000000000e+00,0.000000000000000000e+00
7.633553563426987409e+01,0.000000000000000000e+00,0.000000000000000000e+00
7.523309663891639332e+01,0.000000000000000000e+00,0.000000000000000000e+00
7.949439034959483763e+01,0.000000000000000000e+00,0.000000000000000000e+00
7.649447717762764398e+01,0.000000000000000000e+00,0.000000000000000000e+00
7.873920325418347943e+01,0.000000000000000000e+00,0.000000000000000000e+00
7.843067906664836642e+01,0.000000000000000000e+00,0.000000000000000000e+00
8.045265562683138683e+01,0.000000000000000000e+00,0.000000000000000000e+00
8.136467622348327211e+01,0.000000000000000000e+00,0.000000000000000000e+00
7.683347218718097338e+01,0.000000000000000000e+00,0.000000000000000000e+00
7.485890641701924153e+01,0.000000000000000000e+00,0.000000000000000000e+00
7.798105391446186729e+01,0.000000000000000000e+00,0.000000000000000000e+00
7.587702693144925092e+01,0.000000000000000000e+00,0.000000000000000000e+00
8.189929610251977010e+01,0.000000000000000000e+00,0.000000000000000000e+00
7.636971074787169300e+01,0.000000000000000000e+00,0.000000000000000000e+00
7.647904633831485910e+01,0.000000000000000000e+00,0.000000000000000000e+00
7.874931547836689560e+01,0.000000000000000000e+00,0.000000000000000000e+00
7.682444488792435777e+01,0.000000000000000000e+00,0.000000000000000000e+00
7.792718921370642704e+01,0.000000000000000000e+00,0.000000000000000000e+00
7.860881695825689519e+01,0.000000000000000000e+00,0.000000000000000000e+00
7.936750362795665126e+01,0.000000000000000000e+00,0.000000000000000000e+00
7.403463570037609998e+01,0.000000000000000000e+00,0.000000000000000000e+00
7.446893683711215317e+01,0.000000000000000000e+00,0.000000000000000000e+00
7.940280082071349455e+01,0.000000000000000000e+00,0.000000000000000000e+00
8.164452219810894462e+01,0.000000000000000000e+00,0.000000000000000000e+00
7.906358606609997253e+01,0.000000000000000000e+00,0.000000000000000000e+00
7.728725100932217629e+01,0.000000000000000000e+00,0.000000000000000000e+00
7.823072711926091927e+01,0.000000000000000000e+00,0.000000000000000000e+00
8.080079646674774096e+01,0.000000000000000000e+00,0.000000000000000000e+00
7.797274227306841965e+01,0.000000000000000000e+00,0.000000000000000000e+00
8.145490152172662590e+01,0.000000000000000000e+00,0.000000000000000000e+00
7.718072611219453449e+01,0.000000000000000000e+00,0.000000000000000000e+00
8.201845172867868428e+01,0.000000000000000000e+00,0.000000000000000000e+00
7.538729369673777114e+01,0.000000000000000000e+00,0.000000000000000000e+00
7.856961134718535789e+01,0.000000000000000000e+00,0.000000000000000000e+00
7.497500820660050636e+01,0.000000000000000000e+00,0.000000000000000000e+00
7.881775025989436756e+01,0.000000000000000000e+00,0.000000000000000000e+00
7.791359768234130456e+01,0.000000000000000000e+00,0.000000000000000000e+00
7.653979212616300742e+01,0.000000000000000000e+00,0.000000000000000000e+00
7.938037406118762362e+01,0.000000000000000000e+00,0.000000000000000000e+00
7.755696814253569471e+01,0.000000000000000000e+00,0.000000000000000000e+00
8.244124651778045632e+01,0.000000000000000000e+00,0.000000000000000000e+00
7.677936400561327446e+01,0.000000000000000000e+00,0.000000000000000000e+00
7.593697038544519273e+01,0.000000000000000000e+00,0.000000000000000000e+00
7.906742476005400988e+01,0.000000000000000000e+00,0.000000000000000000e+00
8.079281509303878295e+01,0.000000000000000000e+00,0.000000000000000000e+00
7.785656587773132742e+01,0.000000000000000000e+00,0.000000000000000000e+00
7.501945273036099593e+01,0.000000000000000000e+00,0.000000000000000000e+00
8.105922581709717178e+01,0.000000000000000000e+00,0.000000000000000000e+00
8.118900222409210699e+01,0.000000000000000000e+00,0.000000000000000000e+00
8.155600422172587116e+01,0.000000000000000000e+00,0.000000000000000000e+00
7.908841511571236538e+01,0.000000000000000000e+00,0.000000000000000000e+00
8.061543022906643330e+01,0.000000000000000000e+00,0.000000000000000000e+00
8.052779802217351346e+01,0.000000000000000000e+00,0.000000000000000000e+00
7.819858836302174154e+01,0.000000000000000000e+00,0.000000000000000000e+00
7.721294184212187872e+01,0.000000000000000000e+00,0.000000000000000000e+00
7.907448562666009195e+01,0.000000000000000000e+00,0.000000000000000000e+00
8.098071860543529965e+01,0.000000000000000000e+00,0.000000000000000000e+00
7.920976568684125141e+01,0.000000000000000000e+00,0.000000000000000000e+00
7.858077686287492725e+01,0.000000000000000000e+00,0.000000000000000000e+00
7.886253589324097391e+01,0.000000000000000000e+00,0.000000000000000000e+00
8.060596236625261213e+01,0.000000000000000000e+00,0.000000000000000000e+00
7.726400268437338070e+01,0.000000000000000000e+00,0.000000000000000000e+00
7.756897300031268117e+01,0.000000000000000000e+00,0.000000000000000000e+00
8.112554192017653065e+01,0.000000000000000000e+00,0.000000000000000000e+00
7.715322779400531772e+01,0.000000000000000000e+00,0.000000000000000000e+00
8.101331395187951046e+01,0.000000000000000000e+00,0.000000000000000000e+00
8.460466400054208691e+01,0.000000000000000000e+00,0.000000000000000000e+00
7.802910416628239432e+01,0.000000000000000000e+00,0.000000000000000000e+00
7.601916310280972766e+01,0.000000000000000000e+00,0.000000000000000000e+00
7.797647553859981429e+01,0.000000000000000000e+00,0.000000000000000000e+00
7.841615475045459505e+01,0.000000000000000000e+00,0.000000000000000000e+00
8.170941381897493727e+01,0.000000000000000000e+00,0.000000000000000000e+00
7.879511469250755340e+01,0.000000000000000000e+00,0.000000000000000000e+00
8.053777122663251475e+01,0.000000000000000000e+00,0.000000000000000000e+00
7.656350376208719410e+01,0.000000000000000000e+00,0.000000000000000000e+00
7.880763679048530435e+01,0.000000000000000000e+00,0.000000000000000000e+00
7.806773691088002920e+01,0.000000000000000000e+00,0.000000000000000000e+00
7.740227810851695267e+01,0.000000000000000000e+00,0.000000000000000000e+00
7.848003291522175573e+01,0.000000000000000000e+00,0.000000000000000000e+00
7.978614846485150736e+01,0.000000000000000000e+00,0.000000000000000000e+00
7.907945617362584301e+01,0.000000000000000000e+00,0.000000000000000000e+00
7.739911505848709794e+01,0.000000000000000000e+00,0.000000000000000000e+00
8.039761009390336710e+01,0.000000000000000000e+00,0.000000000000000000e+00
7.638579958132383751e+01,0.000000000000000000e+00,0.000000000000000000e+00
7.784699105588576629e+01,0.000000000000000000e+00,0.000000000000000000e+00
8.041748509502296827e+01,0.000000000000000000e+00,0.000000000000000000e+00
7.913897199507805169e+01,0.000000000000000000e+00,0.000000000000000000e+00
8.266468138535921639e+01,0.000000000000000000e+00,0.000000000000000000e+00
7.994129866201701873e+01,0.000000000000000000e+00,0.000000000000000000e+00
7.751659791948161171e+01,0.000000000000000000e+00,0.000000000000000000e+00
7.886218816817138588e+01,0.000000000000000000e+00,0.000000000000000000e+00
7.775588937936210243e+01,0.000000000000000000e+00,0.000000000000000000e+00
7.976651985517436572e+01,0.000000000000000000e+00,0.000000000000000000e+00
7.856971256156877814e+01,0.000000000000000000e+00,0.000000000000000000e+00
7.755016360146373700e+01,0.000000000000000000e+00,0.000000000000000000e+00
7.725266435792511288e+01,0.000000000000000000e+00,0.000000000000000000e+00
7.947256337519472424e+01,0.000000000000000000e+00,0.000000000000000000e+00
8.162827463236948233e+01,0.000000000000000000e+00,0.000000000000000000e+00
7.670849011255650396e+01,0.000000000000000000e+00,0.000000000000000000e+00
7.980152014816889050e+01,0.000000000000000000e+00,0.000000000000000000e+00
7.936017937893500118e+01,0.000000000000000000e+00,0.000000000000000000e+00
7.855981038872883460e+01,0.000000000000000000e+00,0.000000000000000000e+00
8.278654145415775645e+01,0.000000000000000000e+00,0.000000000000000000e+00
8.035390852233724956e+01,0.000000000000000000e+00,0.000000000000000000e+00
7.799791908817323360e+01,0.000000000000000000e+00,0.000000000000000000e+00
7.928910310421373708e+01,0.000000000000000000e+00,0.000000000000000000e+00
7.624030045902279085e+01,0.000000000000000000e+00,0.000000000000000000e+00
7.922831249748448101e+01,0.000000000000000000e+00,0.000000000000000000e+00
8.092614177818417431e+01,0.000000000000000000e+00,0.000000000000000000e+00
7.978068596192170503e+01,0.000000000000000000e+00,0.000000000000000000e+00
7.584083871820335787e+01,0.000000000000000000e+00,0.000000000000000000e+00
8.078507087310364909e+01,0.000000000000000000e+00,0.000000000000000000e+00
8.238658101961839009e+01,0.000000000000000000e+00,0.000000000000000000e+00
7.939850510803240979e+01,0.000000000000000000e+00,0.000000000000000000e+00
8.095812238762538016e+01,0.000000000000000000e+00,0.000000000000000000e+00
8.134567298583678507e+01,0.000000000000000000e+00,0.000000000000000000e+00
8.144233646825563255e+01,0.000000000000000000e+00,0.000000000000000000e+00
7.846107594915571326e+01,0.000000000000000000e+00,0.000000000000000000e+00
7.818819942108306975e+01,0.000000000000000000e+00,0.000000000000000000e+00
7.848249325710276025e+01,0.000000000000000000e+00,0.000000000000000000e+00
8.342778942722974023e+01,0.000000000000000000e+00,0.000000000000000000e+00
7.780345602247734860e+01,0.000000000000000000e+00,0.000000000000000000e+00
8.224471637856146344e+01,0.000000000000000000e+00,0.000000000000000000e+00
7.742339901517533463e+01,0.000000000000000000e+00,0.000000000000000000e+00
7.894240775240416497e+01,0.000000000000000000e+00,0.000000000000000000e+00
8.000060103483919249e+01,0.000000000000000000e+00,0.000000000000000000e+00
7.940054544284789984e+01,0.000000000000000000e+00,0.000000000000000000e+00
8.104463507539088596e+01,0.000000000000000000e+00,0.000000000000000000e+00
7.922582637989576426e+01,0.000000000000000000e+00,0.000000000000000000e+00
7.696748147213716607e+01,0.000000000000000000e+00,0.000000000000000000e+00
7.769119945497450885e+01,0.000000000000000000e+00,0.000000000000000000e+00
7.828496767819933666e+01,0.000000000000000000e+00,0.000000000000000000e+00
7.752361764325956983e+01,0.000000000000000000e+00,0.000000000000000000e+00
7.714133020487111025e+01,0.000000000000000000e+00,0.000000000000000000e+00
8.483719582080126997e+01,0.000000000000000000e+00,0.000000000000000000e+00
7.818613963343123885e+01,0.000000000000000000e+00,0.000000000000000000e+00
8.028163585870743191e+01,0.000000000000000000e+00,0.000000000000000000e+00
8.263103985190484480e+01,0.000000000000000000e+00,0.000000000000000000e+00
8.367342009006331693e+01,0.000000000000000000e+00,0.000000000000000000e+00
8.177865052966939174e+01,0.000000000000000000e+00,0.000000000000000000e+00
8.174364631499253164e+01,0.000000000000000000e+00,0.000000000000000000e+00
7.881013240126786457e+01,0.000000000000000000e+00,0.000000000000000000e+00
7.662987335448079307e+01,0.000000000000000000e+00,0.000000000000000000e+00
7.915053845413325462e+01,0.000000000000000000e+00,0.000000000000000000e+00
7.937071387195571504e+01,0.000000000000000000e+00,0.000000000000000000e+00
8.089621034584438064e+01,0.000000000000000000e+00,0.000000000000000000e+00
7.689749050349031734e+01,0.000000000000000000e+00,0.000000000000000000e+00
7.905627763964216115e+01,0.000000000000000000e+00,0.000000000000000000e+00
8.283533416225921542e+01,0.000000000000000000e+00,0.000000000000000000e+00
7.927193816234346002e+01,0.000000000000000000e+00,0.000000000000000000e+00
7.946401796418466290e+01,0.000000000000000000e+00,0.000000000000000000e+00
7.843536293469492193e+01,0.000000000000000000e+00,0.000000000000000000e+00
7.858026991497814606e+01,0.000000000000000000e+00,0.000000000000000000e+00
8.069745494086694748e+01,0.000000000000000000e+00,0.000000000000000000e+00
8.424299894920895326e+01,0.000000000000000000e+00,0.000000000000000000e+00
8.042977510469894753e+01,0.000000000000000000e+00,0.000000000000000000e+00
7.912386650002048327e+01,0.000000000000000000e+00,0.000000000000000000e+00
8.162943407252956263e+01,0.000000000000000000e+00,0.000000000000000000e+00
8.396412982610749509e+01,0.000000000000000000e+00,0.000000000000000000e+00
7.974235579786643768e+01,0.000000000000000000e+00,0.000000000000000000e+00
8.163242712602101392e+01,0.000000000000000000e+00,0.000000000000000000e+00
8.096783615278512514e+01,0.000000000000000000e+00,0.000000000000000000e+00
7.961479819075579201e+01,0.000000000000000000e+00,0.000000000000000000e+00
7.589677186748834004e+01,0.000000000000000000e+00,0.000000000000000000e+00
7.856590117557966835e+01,0.000000000000000000e+00,0.000000000000000000e+00
8.092312792715068781e+01,0.000000000000000000e+00,0.000000000000000000e+00
8.090421369402790219e+01,0.000000000000000000e+00,0.000000000000000000e+00
8.459677672248857050e+01,0.000000000000000000e+00,0.000000000000000000e+00
7.866146378865093425e+01,0.000000000000000000e+00,0.000000000000000000e+00
7.832476212229431667e+01,0.000000000000000000e+00,0.000000000000000000e+00
8.368424371231751024e+01,0.000000000000000000e+00,0.000000000000000000e+00
8.153454007205280618e+01,0.000000000000000000e+00,0.000000000000000000e+00
8.347465960908151317e+01,0.000000000000000000e+00,0.000000000000000000e+00
8.275788386003641506e+01,0.000000000000000000e+00,0.000000000000000000e+00
8.365017774837581044e+01,0.000000000000000000e+00,0.000000000000000000e+00
8.418501994746435457e+01,0.000000000000000000e+00,0.000000000000000000e+00
7.918279792181672860e+01,0.000000000000000000e+00,0.000000000000000000e+00
8.238473065663831107e+01,0.000000000000000000e+00,0.000000000000000000e+00
7.888558131480792213e+01,0.000000000000000000e+00,0.000000000000000000e+00
7.971473402561592536e+01,0.000000000000000000e+00,0.000000000000000000e+00
7.987247678386047767e+01,0.000000000000000000e+00,0.000000000000000000e+00
8.039352358313398383e+01,0.000000000000000000e+00,0.000000000000000000e+00
8.153194676926653983e+01,0.000000000000000000e+00,0.000000000000000000e+00
8.280955391302148882e+01,0.000000000000000000e+00,0.000000000000000000e+00
8.092238514961825047e+01,0.000000000000000000e+00,0.000000000000000000e+00
8.040352665357902140e+01,0.000000000000000000e+00,0.000000000000000000e+00
7.855625975342617551e+01,0.000000000000000000e+00,0.000000000000000000e+00
8.146523410612773830e+01,0.000000000000000000e+00,0.000000000000000000e+00
7.899224471686370919e+01,0.000000000000000000e+00,0.000000000000000000e+00
7.711653496731980795e+01,0.000000000000000000e+00,0.000000000000000000e+00
8.001829424913584887e+01,0.000000000000000000e+00,0.000000000000000000e+00
8.065377474670920321e+01,0.000000000000000000e+00,0.000000000000000000e+00
8.067397895580306511e+01,0.000000000000000000e+00,0.000000000000000000e+00
7.817017707494647993e+01,0.000000000000000000e+00,0.000000000000000000e+00
8.261256275492907264e+01,0.000000000000000000e+00,0.000000000000000000e+00
7.605339133380715566e+01,0.000000000000000000e+00,0.000000000000000000e+00
7.787881806142986818e+01,0.000000000000000000e+00,0.000000000000000000e+00
8.168099325164496349e+01,0.000000000000000000e+00,0.000000000000000000e+00
8.199130122766912621e+01,0.000000000000000000e+00,0.000000000000000000e+00
8.003776158593142043e+01,0.000000000000000000e+00,0.000000000000000000e+00
8.033872680980722691e+01,0.000000000000000000e+00,0.000000000000000000e+00
8.043697054319504502e+01,0.000000000000000000e+00,0.000000000000000000e+00
8.143407877995136346e+01,0.000000000000000000e+00,0.000000000000000000e+00
7.880757342475868654e+01,0.000000000000000000e+00,0.000000000000000000e+00
7.904089084772253671e+01,0.000000000000000000e+00,0.000000000000000000e+00
7.855220332802105077e+01,0.000000000000000000e+00,0.000000000000000000e+00
8.069238158750492573e+01,0.000000000000000000e+00,0.000000000000000000e+00
8.012058944914848269e+01,0.000000000000000000e+00,0.000000000000000000e+00
7.893364498233256654e+01,0.000000000000000000e+00,0.000000000000000000e+00
7.806009499856210709e+01,0.000000000000000000e+00,0.000000000000000000e+00
7.943655836699778661e+01,0.000000000000000000e+00,0.000000000000000000e+00
7.945345100692733809e+01,0.000000000000000000e+00,0.000000000000000000e+00
7.659433900532258122e+01,0.000000000000000000e+00,0.000000000000000000e+00
8.124419513936148007e+01,0.000000000000000000e+00,0.000000000000000000e+00
7.847191637353004978e+01,0.000000000000000000e+00,0.000000000000000000e+00
7.876670245089651701e+01,0.000000000000000000e+00,0.000000000000000000e+00
7.810429796779750689e+01,0.000000000000000000e+00,0.000000000000000000e+00
8.037476333921357252e+01,0.000000000000000000e+00,0.000000000000000000e+00
8.169550589676670427e+01,0.000000000000000000e+00,0.000000000000000000e+00
8.345588860852981838e+01,0.000000000000000000e+00,0.000000000000000000e+00
7.912816011390405890e+01,0.000000000000000000e+00,0.000000000000000000e+00
8.057054304227037278e+01,0.000000000000000000e+00,0.000000000000000000e+00
8.025837790840461139e+01,0.000000000000000000e+00,0.000000000000000000e+00
7.773610711658810146e+01,0.000000000000000000e+00,0.000000000000000000e+00
7.809597756661644041e+01,0.000000000000000000e+00,0.000000000000000000e+00
8.127015084791641186e+01,0.000000000000000000e+00,0.000000000000000000e+00
8.350323198739569364e+01,0.000000000000000000e+00,0.000000000000000000e+00
8.153136071681160502e+01,0.000000000000000000e+00,0.000000000000000000e+00
8.044897245023898336e+01,0.000000000000000000e+00,0.000000000000000000e+00
7.548605911198072249e+01,0.000000000000000000e+00,0.000000000000000000e+00
7.978715912923969711e+01,0.000000000000000000e+00,0.000000000000000000e+00
7.658468055921801465e+01,0.000000000000000000e+00,0.000000000000000000e+00
7.762868868805968248e+01,0.000000000000000000e+00,0.000000000000000000e+00
8.113879480827424118e+01,0.000000000000000000e+00,0.000000000000000000e+00
8.020945485398026165e+01,0.000000000000000000e+00,0.000000000000000000e+00
7.973243529386533623e+01,0.000000000000000000e+00,0.000000000000000000e+00
7.865103819130794705e+01,0.000000000000000000e+00,0.000000000000000000e+00
7.996754157488675219e+01,0.000000000000000000e+00,0.000000000000000000e+00
7.574420516497382039e+01,0.000000000000000000e+00,0.000000000000000000e+00
7.866772483615463329e+01,0.000000000000000000e+00,0.000000000000000000e+00
7.957055419331013013e+01,0.000000000000000000e+00,0.000000000000000000e+00
8.178793650013955130e+01,0.000000000000000000e+00,0.000000000000000000e+00
7.834163365133326806e+01,0.000000000000000000e+00,0.000000000000000000e+00
7.988209441873279104e+01,0.000000000000000000e+00,0.000000000000000000e+00
7.771596093847645648e+01,0.000000000000000000e+00,0.000000000000000000e+00
7.876280999470017719e+01,0.000000000000000000e+00,0.000000000000000000e+00
8.247178465903633082e+01,0.000000000000000000e+00,0.000000000000000000e+00
7.998622873836518465e+01,0.000000000000000000e+00,0.000000000000000000e+00
7.801350021754714703e+01,0.000000000000000000e+00,0.000000000000000000e+00
8.154533858153453707e+01,0.000000000000000000e+00,0.000000000000000000e+00
8.056068308648418963e+01,0.000000000000000000e+00,0.000000000000000000e+00
7.823439802574232260e+01,0.000000000000000000e+00,0.000000000000000000e+00
7.829265131541980338e+01,0.000000000000000000e+00,0.000000000000000000e+00
7.993547974633631270e+01,0.000000000000000000e+00,0.000000000000000000e+00
7.709170013984214620e+01,0.000000000000000000e+00,0.000000000000000000e+00
8.129111258120552463e+01,0.000000000000000000e+00,0.000000000000000000e+00
7.753821932853658438e+01,0.000000000000000000e+00,0.000000000000000000e+00
7.603386548420995439e+01,0.000000000000000000e+00,0.000000000000000000e+00
7.875286217948736578e+01,0.000000000000000000e+00,0.000000000000000000e+00
8.142987136201443832e+01,0.000000000000000000e+00,0.000000000000000000e+00
7.734035917485775258e+01,0.000000000000000000e+00,0.000000000000000000e+00
7.798694307698862360e+01,0.000000000000000000e+00,0.000000000000000000e+00
8.014445719667192236e+01,0.000000000000000000e+00,0.000000000000000000e+00
7.646678841388347792e+01,0.000000000000000000e+00,0.000000000000000000e+00
7.652734864848980578e+01,0.000000000000000000e+00,0.000000000000000000e+00
7.793113458652702263e+01,0.000000000000000000e+00,0.000000000000000000e+00
8.080124509668553401e+01,0.000000000000000000e+00,0.000000000000000000e+00
7.733987924586244844e+01,0.000000000000000000e+00,0.000000000000000000e+00
7.779339029756982882e+01,0.000000000000000000e+00,0.000000000000000000e+00
8.063660925375097577e+01,0.000000000000000000e+00,0.000000000000000000e+00
7.885489602484717864e+01,0.000000000000000000e+00,0.000000000000000000e+00
7.900376247215986325e+01,0.000000000000000000e+00,0.000000000000000000e+00
7.639674826345147096e+01,0.000000000000000000e+00,0.000000000000000000e+00
7.923781584899224129e+01,0.000000000000000000e+00,0.000000000000000000e+00
8.021026844683214563e+01,0.000000000000000000e+00,0.000000000000000000e+00
8.024646935252168589e+01,0.000000000000000000e+00,0.000000000000000000e+00
7.692422283559750440e+01,0.000000000000000000e+00,0.000000000000000000e+00
7.645835810120777865e+01,0.000000000000000000e+00,0.000000000000000000e+00
8.069893834818645928e+01,0.000000000000000000e+00,0.000000000000000000e+00
7.990676199116830958e+01,0.000000000000000000e+00,0.000000000000000000e+00
8.012937341628708054e+01,0.000000000000000000e+00,0.000000000000000000e+00
7.790888802840237304e+01,0.000000000000000000e+00,0.000000000000000000e+00
7.943798738373766355e+01,0.000000000000000000e+00,0.000000000000000000e+00
7.801102305310949703e+01,0.000000000000000000e+00,0.000000000000000000e+00
7.925200582877623390e+01,0.000000000000000000e+00,0.000000000000000000e+00
7.992485691102734791e+01,0.000000000000000000e+00,0.000000000000000000e+00
7.819683099618094957e+01,0.000000000000000000e+00,0.000000000000000000e+00
7.874910548485716788e+01,0.000000000000000000e+00,0.000000000000000000e+00
7.784429594051397316e+01,0.000000000000000000e+00,0.000000000000000000e+00
7.753339844104900180e+01,0.000000000000000000e+00,0.000000000000000000e+00
7.847060266947761420e+01,0.000000000000000000e+00,0.000000000000000000e+00
7.878979681691951953e+01,0.000000000000000000e+00,0.000000000000000000e+00
8.114642998381269479e+01,0.000000000000000000e+00,0.000000000000000000e+00
7.696243569581633892e+01,0.000000000000000000e+00,0.000000000000000000e+00
7.560521470652500398e+01,0.000000000000000000e+00,0.000000000000000000e+00
7.788449182220890066e+01,0.000000000000000000e+00,0.000000000000000000e+00
7.378158743629803951e+01,0.000000000000000000e+00,0.000000000000000000e+00
7.954453769716195666e+01,0.000000000000000000e+00,0.000000000000000000e+00
7.623543258285000945e+01,0.000000000000000000e+00,0.000000000000000000e+00
7.518660280887604586e+01,0.000000000000000000e+00,0.000000000000000000e+00
7.797563560597326671e+01,0.000000000000000000e+00,0.000000000000000000e+00
7.764312937266615222e+01,0.000000000000000000e+00,0.000000000000000000e+00
8.177545305510992080e+01,0.000000000000000000e+00,0.000000000000000000e+00
7.879576001669582297e+01,0.000000000000000000e+00,0.000000000000000000e+00
7.470819587258424122e+01,0.000000000000000000e+00,0.000000000000000000e+00
7.421105023784971877e+01,0.000000000000000000e+00,0.000000000000000000e+00
7.793309229223702062e+01,0.000000000000000000e+00,0.000000000000000000e+00
7.533733967589226665e+01,0.000000000000000000e+00,0.000000000000000000e+00
7.824086693186518460e+01,0.000000000000000000e+00,0.000000000000000000e+00
7.743985178279028503e+01,0.000000000000000000e+00,0.000000000000000000e+00
7.915671746343110726e+01,0.000000000000000000e+00,0.000000000000000000e+00
8.026828964995472404e+01,0.000000000000000000e+00,0.000000000000000000e+00
7.837714938154496735e+01,0.000000000000000000e+00,0.000000000000000000e+00
8.134303374202895043e+01,0.000000000000000000e+00,0.000000000000000000e+00
7.835440952783649493e+01,0.000000000000000000e+00,0.000000000000000000e+00
7.685213322514744050e+01,0.000000000000000000e+00,0.000000000000000000e+00
7.448047344065375341e+01,0.000000000000000000e+00,0.000000000000000000e+00
7.544953524646044229e+01,0.000000000000000000e+00,0.000000000000000000e+00
7.845725478710178891e+01,0.000000000000000000e+00,0.000000000000000000e+00
7.444699602797419402e+01,0.000000000000000000e+00,0.000000000000000000e+00
7.610689554819362002e+01,0.000000000000000000e+00,0.000000000000000000e+00
7.898952063193112849e+01,0.000000000000000000e+00,0.000000000000000000e+00
7.685148225976486458e+01,0.000000000000000000e+00,0.000000000000000000e+00
7.880083026012479763e+01,0.000000000000000000e+00,0.000000000000000000e+00
7.476827021312846000e+01,0.000000000000000000e+00,0.000000000000000000e+00
7.404025042237653054e+01,0.000000000000000000e+00,0.000000000000000000e+00
7.462722197557691572e+01,0.000000000000000000e+00,0.000000000000000000e+00
7.757387231618606904e+01,0.000000000000000000e+00,0.000000000000000000e+00
7.813843712825807586e+01,0.000000000000000000e+00,0.000000000000000000e+00
8.110260522993840482e+01,0.000000000000000000e+00,0.000000000000000000e+00
7.754751625877412380e+01,0.000000000000000000e+00,0.000000000000000000e+00
7.490167420803688003e+01,0.000000000000000000e+00,0.000000000000000000e+00
7.660308691102608236e+01,0.000000000000000000e+00,0.000000000000000000e+00
7.391569898145993989e+01,0.000000000000000000e+00,0.000000000000000000e+00
7.441722842713804198e+01,0.000000000000000000e+00,0.000000000000000000e+00
7.558453512750820380e+01,0.000000000000000000e+00,0.000000000000000000e+00
7.556916117575363501e+01,0.000000000000000000e+00,0.000000000000000000e+00
7.626892461898927422e+01,0.000000000000000000e+00,0.000000000000000000e+00
7.330478949204250227e+01,0.000000000000000000e+00,0.000000000000000000e+00
7.457782425776289870e+01,0.000000000000000000e+00,0.000000000000000000e+00
7.760949873496748808e+01,0.000000000000000000e+00,0.000000000000000000e+00
7.645493726482767727e+01,0.000000000000000000e+00,0.000000000000000000e+00
7.721881893395656959e+01,0.000000000000000000e+00,0.000000000000000000e+00
7.580502569755076081e+01,0.000000000000000000e+00,0.000000000000000000e+00
7.617302478667707533e+01,0.000000000000000000e+00,0.000000000000000000e+00
7.472618636442460627e+01,0.000000000000000000e+00,0.000000000000000000e+00
7.330494348973083163e+01,0.000000000000000000e+00,0.000000000000000000e+00
7.623791388668566071e+01,0.000000000000000000e+00,0.000000000000000000e+00
7.500066744221990689e+01,0.000000000000000000e+00,0.000000000000000000e+00
7.757449970741804179e+01,0.000000000000000000e+00,0.000000000000000000e+00
7.556267549951502360e+01,0.000000000000000000e+00,0.000000000000000000e+00
7.285805584321278161e+01,0.000000000000000000e+00,0.000000000000000000e+00
7.500576227607604096e+01,0.000000000000000000e+00,0.000000000000000000e+00
7.847918638606901709e+01,0.000000000000000000e+00,0.000000000000000000e+00
7.199067604047770885e+01,0.000000000000000000e+00,0.000000000000000000e+00
7.297636436921000325e+01,0.000000000000000000e+00,0.000000000000000000e+00
7.671665295163937515e+01,0.000000000000000000e+00,0.000000000000000000e+00
7.861338512696008252e+01,0.000000000000000000e+00,0.000000000000000000e+00
7.831025612618662990e+01,0.000000000000000000e+00,0.000000000000000000e+00
7.450348209360925011e+01,0.000000000000000000e+00,0.000000000000000000e+00
7.488384487249638255e+01,0.000000000000000000e+00,0.000000000000000000e+00
7.435633586258622074e+01,0.000000000000000000e+00,0.000000000000000000e+00
7.788607174819229328e+01,0.000000000000000000e+00,0.000000000000000000e+00
7.555629322840495377e+01,0.000000000000000000e+00,0.000000000000000000e+00
7.600300892903361216e+01,0.000000000000000000e+00,0.000000000000000000e+00
7.704457249680858411e+01,0.000000000000000000e+00,0.000000000000000000e+00
7.214910455448847415e+01,0.000000000000000000e+00,0.000000000000000000e+00
7.994154877036983464e+01,0.000000000000000000e+00,0.000000000000000000e+00
7.518632271366290354e+01,0.000000000000000000e+00,0.000000000000000000e+00
7.585603379978107341e+01,0.000000000000000000e+00,0.000000000000000000e+00
7.460421436797639672e+01,0.000000000000000000e+00,0.000000000000000000e+00
7.458991774010124232e+01,0.000000000000000000e+00,0.000000000000000000e+00
7.646090570448347989e+01,0.000000000000000000e+00,0.000000000000000000e+00
7.744475101274585427e+01,0.000000000000000000e+00,0.000000000000000000e+00
7.382512774221156349e+01,0.000000000000000000e+00,0.000000000000000000e+00
7.661089033734202758e+01,0.000000000000000000e+00,0.000000000000000000e+00
7.260360962486466008e+01,0.000000000000000000e+00,0.000000000000000000e+00
7.662209681097976954e+01,0.000000000000000000e+00,0.000000000000000000e+00
7.439252740531503605e+01,0.000000000000000000e+00,0.000000000000000000e+00
7.366891078389993197e+01,0.000000000000000000e+00,0.000000000000000000e+00
7.285185450026276044e+01,0.000000000000000000e+00,0.000000000000000000e+00
7.624779452676355618e+01,0.000000000000000000e+00,0.000000000000000000e+00
7.605875492407062666e+01,0.000000000000000000e+00,0.000000000000000000e+00
7.331362299895840806e+01,0.000000000000000000e+00,0.000000000000000000e+00
6.934529410700521623e+01,0.000000000000000000e+00,0.000000000000000000e+00
7.490541740571786988e+01,0.000000000000000000e+00,0.000000000000000000e+00
7.220364079787472633e+01,0.000000000000000000e+00,0.000000000000000000e+00
7.558852025277685982e+01,0.000000000000000000e+00,0.000000000000000000e+00
7.289008255585204665e+01,0.000000000000000000e+00,0.000000000000000000e+00
7.456255872980290178e+01,0.000000000000000000e+00,0.000000000000000000e+00
7.484140573131820418e+01,0.000000000000000000e+00,0.000000000000000000e+00
7.278175254043834741e+01,0.000000000000000000e+00,0.000000000000000000e+00
7.274987854541819843e+01,0.000000000000000000e+00,0.000000000000000000e+00
7.466917591620062922e+01,0.000000000000000000e+00,0.000000000000000000e+00
7.383513169598188597e+01,0.000000000000000000e+00,0.000000000000000000e+00
7.085493819689250472e+01,0.000000000000000000e+00,0.000000000000000000e+00
7.601812348820654108e+01,0.000000000000000000e+00,0.000000000000000000e+00
7.678275986392489472e+01,0.000000000000000000e+00,0.000000000000000000e+00
7.421970514750263703e+01,0.000000000000000000e+00,0.000000000000000000e+00
6.949389339076287797e+01,0.000000000000000000e+00,0.000000000000000000e+00
7.656674693042896251e+01,0.000000000000000000e+00,0.000000000000000000e+00
7.322393344960974559e+01,0.000000000000000000e+00,0.000000000000000000e+00
7.603240149768015499e+01,0.000000000000000000e+00,0.000000000000000000e+00
7.035714295073137237e+01,0.000000000000000000e+00,0.000000000000000000e+00
7.046283140766033171e+01,0.000000000000000000e+00,0.000000000000000000e+00
7.221332198812504544e+01,0.000000000000000000e+00,0.000000000000000000e+00
7.343810201673939275e+01,0.000000000000000000e+00,0.000000000000000000e+00
7.510330833515909887e+01,0.000000000000000000e+00,0.000000000000000000e+00
7.346955371400055412e+01,0.000000000000000000e+00,0.000000000000000000e+00
6.956622255248056774e+01,0.000000000000000000e+00,0.000000000000000000e+00
7.336439610865653549e+01,0.000000000000000000e+00,0.000000000000000000e+00
7.296056665615795112e+01,0.000000000000000000e+00,0.000000000000000000e+00
7.515314122033620947e+01,0.000000000000000000e+00,0.000000000000000000e+00
7.252680041661206189e+01,0.000000000000000000e+00,0.000000000000000000e+00
7.417127253310866308e+01,0.000000000000000000e+00,0.000000000000000000e+00
7.204415012111421390e+01,0.000000000000000000e+00,0.000000000000000000e+00
7.492122866146033289e+01,0.000000000000000000e+00,0.000000000000000000e+00
7.427209553087156735e+01,0.000000000000000000e+00,0.000000000000000000e+00
7.271175338377143760e+01,0.000000000000000000e+00,0.000000000000000000e+00
6.964019681467650003e+01,0.000000000000000000e+00,0.000000000000000000e+00
7.351831461081555119e+01,0.000000000000000000e+00,0.000000000000000000e+00
7.188539899321095561e+01,0.000000000000000000e+00,0.000000000000000000e+00
7.442844448568207838e+01,0.000000000000000000e+00,0.000000000000000000e+00
6.876450029647311624e+01,0.000000000000000000e+00,0.000000000000000000e+00
7.071421978587511603e+01,0.000000000000000000e+00,0.000000000000000000e+00
7.171817298559085430e+01,0.000000000000000000e+00,0.000000000000000000e+00
6.991270169372292287e+01,0.000000000000000000e+00,0.000000000000000000e+00
7.268583167527076228e+01,0.000000000000000000e+00,0.000000000000000000e+00
7.142994003663910974e+01,0.000000000000000000e+00,0.000000000000000000e+00
7.157446940688026871e+01,0.000000000000000000e+00,0.000000000000000000e+00
6.979574122658706870e+01,0.000000000000000000e+00,0.000000000000000000e+00
6.989092341954096810e+01,0.000000000000000000e+00,0.000000000000000000e+00
7.233730761708970647e+01,0.000000000000000000e+00,0.000000000000000000e+00
7.591350832474681454e+01,0.000000000000000000e+00,0.000000000000000000e+00
7.301947902110563859e+01,0.000000000000000000e+00,0.000000000000000000e+00
7.404312652908444647e+01,0.000000000000000000e+00,0.000000000000000000e+00
7.395175244280214599e+01,0.000000000000000000e+00,0.000000000000000000e+00
6.778283926630535916e+01,0.000000000000000000e+00,0.000000000000000000e+00
7.157500929745039286e+01,0.000000000000000000e+00,0.000000000000000000e+00
7.203896375256320539e+01,0.000000000000000000e+00,0.000000000000000000e+00
7.264744970616060016e+01,0.000000000000000000e+00,0.000000000000000000e+00
7.131438927999330701e+01,0.000000000000000000e+00,0.000000000000000000e+00
7.425145067571558855e+01,0.000000000000000000e+00,0.000000000000000000e+00
7.270026164711319439e+01,0.000000000000000000e+00,0.000000000000000000e+00
6.789618101859173294e+01,0.000000000000000000e+00,0.000000000000000000e+00
7.177647057482971604e+01,0.000000000000000000e+00,0.000000000000000000e+00
6.911700989217905544e+01,0.000000000000000000e+00,0.000000000000000000e+00
6.824104055662934343e+01,0.000000000000000000e+00,0.000000000000000000e+00
7.092102356733791169e+01,0.000000000000000000e+00,0.000000000000000000e+00
7.209109902150188987e+01,0.000000000000000000e+00,0.000000000000000000e+00
7.143653130983229005e+01,0.000000000000000000e+00,0.000000000000000000e+00
7.129921663397840348e+01,0.000000000000000000e+00,0.000000000000000000e+00
7.048084094414454626e+01,0.000000000000000000e+00,0.000000000000000000e+00
7.275923756156359445e+01,0.000000000000000000e+00,0.000000000000000000e+00
7.296963942691463956e+01,0.000000000000000000e+00,0.000000000000000000e+00
6.931952429750440103e+01,0.000000000000000000e+00,0.000000000000000000e+00
7.021289611190856306e+01,0.000000000000000000e+00,0.000000000000000000e+00
7.140598522620537381e+01,0.000000000000000000e+00,0.000000000000000000e+00
7.188207107418176633e+01,0.000000000000000000e+00,0.000000000000000000e+00
7.023774156372036259e+01,0.000000000000000000e+00,0.000000000000000000e+00
6.604325266998529287e+01,0.000000000000000000e+00,0.000000000000000000e+00
6.850380089603180522e+01,0.000000000000000000e+00,0.000000000000000000e+00
6.974798764254249761e+01,0.000000000000000000e+00,0.000000000000000000e+00
7.088817367484735144e+01,0.000000000000000000e+00,0.000000000000000000e+00
6.980932824022275440e+01,0.000000000000000000e+00,0.000000000000000000e+00
7.235845903275372848e+01,0.000000000000000000e+00,0.000000000000000000e+00
7.236989805775647255e+01,0.000000000000000000e+00,0.000000000000000000e+00
6.810527333383153348e+01,0.000000000000000000e+00,0.000000000000000000e+00
6.994481947841100578e+01,0.000000000000000000e+00,0.000000000000000000e+00
7.163478425939302952e+01,0.000000000000000000e+00,0.000000000000000000e+00
6.651678430966848055e+01,0.000000000000000000e+00,0.000000000000000000e+00
7.172012794674239444e+01,0.000000000000000000e+00,0.000000000000000000e+00
6.993547073204275932e+01,0.000000000000000000e+00,0.000000000000000000e+00
7.350098337849838970e+01,0.000000000000000000e+00,0.000000000000000000e+00
6.936379359778396747e+01,0.000000000000000000e+00,0.000000000000000000e+00
6.924995019409053043e+01,0.000000000000000000e+00,0.000000000000000000e+00
6.975995587546823629e+01,0.000000000000000000e+00,0.000000000000000000e+00
6.840157639781712362e+01,0.000000000000000000e+00,0.000000000000000000e+00
6.882766686760801633e+01,0.000000000000000000e+00,0.000000000000000000e+00
6.929996714661942292e+01,0.000000000000000000e+00,0.000000000000000000e+00
6.751971151118625869e+01,0.000000000000000000e+00,0.000000000000000000e+00
6.706821434124788084e+01,0.000000000000000000e+00,0.000000000000000000e+00
7.094009140096812871e+01,0.000000000000000000e+00,0.000000000000000000e+00
7.049234390142549955e+01,0.000000000000000000e+00,0.000000000000000000e+00
6.839629269446872684e+01,0.000000000000000000e+00,0.000000000000000000e+00
6.906443682259336470e+01,0.000000000000000000e+00,0.000000000000000000e+00
6.721559326598054440e+01,0.000000000000000000e+00,0.000000000000000000e+00
6.711770217144912465e+01,0.000000000000000000e+00,0.000000000000000000e+00
6.683512636767618176e+01,0.000000000000000000e+00,0.000000000000000000e+00
6.449422729590924064e+01,0.000000000000000000e+00,0.000000000000000000e+00
7.090478775221708929e+01,0.000000000000000000e+00,0.000000000000000000e+00
6.848385975855276797e+01,0.000000000000000000e+00,0.000000000000000000e+00
6.653198773371296681e+01,0.000000000000000000e+00,0.000000000000000000e+00
6.604496874605261780e+01,0.000000000000000000e+00,0.000000000000000000e+00
6.396890601111455510e+01,0.000000000000000000e+00,0.000000000000000000e+00
6.519001499304813763e+01,0.000000000000000000e+00,0.000000000000000000e+00
6.357087604812583237e+01,0.000000000000000000e+00,0.000000000000000000e+00
6.476578238821221589e+01,0.000000000000000000e+00,0.000000000000000000e+00
6.609910834421425818e+01,0.000000000000000000e+00,0.000000000000000000e+00
6.845227550236408831e+01,0.000000000000000000e+00,0.000000000000000000e+00
6.878235318810362742e+01,0.000000000000000000e+00,0.000000000000000000e+00
6.753164771229326391e+01,0.000000000000000000e+00,0.000000000000000000e+00
6.961368364312714618e+01,0.000000000000000000e+00,0.000000000000000000e+00
7.005397172744700640e+01,0.000000000000000000e+00,0.000000000000000000e+00
6.473622324732281186e+01,0.000000000000000000e+00,0.000000000000000000e+00
6.440279718023273858e+01,0.000000000000000000e+00,0.000000000000000000e+00
6.974521154341539386e+01,0.000000000000000000e+00,0.000000000000000000e+00
6.314973496878022274e+01,0.000000000000000000e+00,0.000000000000000000e+00
7.036495682932803675e+01,0.000000000000000000e+00,0.000000000000000000e+00
6.688844904861738883e+01,0.000000000000000000e+00,0.000000000000000000e+00
6.915834359142439780e+01,0.000000000000000000e+00,0.000000000000000000e+00
6.927256073796881708e+01,0.000000000000000000e+00,0.000000000000000000e+00
6.872415500405378452e+01,0.000000000000000000e+00,0.000000000000000000e+00
6.803551334967970377e+01,0.000000000000000000e+00,0.000000000000000000e+00
6.480708646365727077e+01,0.000000000000000000e+00,0.000000000000000000e+00
6.638863841157275658e+01,0.000000000000000000e+00,0.000000000000000000e+00
6.418037553464813527e+01,0.000000000000000000e+00,0.000000000000000000e+00
6.635093162391072497e+01,0.000000000000000000e+00,0.000000000000000000e+00
6.566028944364587971e+01,0.000000000000000000e+00,0.000000000000000000e+00
6.534202698921167496e+01,0.000000000000000000e+00,0.000000000000000000e+00
6.676384871995914239e+01,0.000000000000000000e+00,0.000000000000000000e+00
6.964458850114334609e+01,0.000000000000000000e+00,0.000000000000000000e+00
6.410508778835547616e+01,0.000000000000000000e+00,0.000000000000000000e+00
6.387359730791330037e+01,0.000000000000000000e+00,0.000000000000000000e+00
6.726688470166304512e+01,0.000000000000000000e+00,0.000000000000000000e+00
6.286030509565973290e+01,0.000000000000000000e+00,0.000000000000000000e+00
6.596191970195653198e+01,0.000000000000000000e+00,0.000000000000000000e+00
6.654075674903555182e+01,0.000000000000000000e+00,0.000000000000000000e+00
6.670469688789349050e+01,0.000000000000000000e+00,0.000000000000000000e+00
6.520387778818496827e+01,0.000000000000000000e+00,0.000000000000000000e+00
6.308049687816353668e+01,0.000000000000000000e+00,0.000000000000000000e+00
6.523203268362169638e+01,0.000000000000000000e+00,0.000000000000000000e+00
6.807610990686166019e+01,0.000000000000000000e+00,0.000000000000000000e+00
6.535211679757200898e+01,0.000000000000000000e+00,0.000000000000000000e+00
6.905314573619594398e+01,0.000000000000000000e+00,0.000000000000000000e+00
6.301592423849943714e+01,0.000000000000000000e+00,0.000000000000000000e+00
6.545210000972001296e+01,0.000000000000000000e+00,0.000000000000000000e+00
5.962269644940407431e+01,0.000000000000000000e+00,0.000000000000000000e+00
6.729403877558968361e+01,0.000000000000000000e+00,0.000000000000000000e+00
6.277907600607947813e+01,0.000000000000000000e+00,0.000000000000000000e+00
6.168810545168401660e+01,0.000000000000000000e+00,0.000000000000000000e+00
6.075031521280596536e+01,0.000000000000000000e+00,0.000000000000000000e+00
6.412113326616771758e+01,0.000000000000000000e+00,0.000000000000000000e+00
6.232975658364974691e+01,0.000000000000000000e+00,0.000000000000000000e+00
6.577872600826262328e+01,0.000000000000000000e+00,0.000000000000000000e+00
6.544623914361410755e+01,0.000000000000000000e+00,0.000000000000000000e+00
6.082370839477653135e+01,0.000000000000000000e+00,0.000000000000000000e+00
6.598890805018035621e+01,0.000000000000000000e+00,0.000000000000000000e+00
6.425252472754725375e+01,0.000000000000000000e+00,0.000000000000000000e+00
6.301369487060168240e+01,0.000000000000000000e+00,0.000000000000000000e+00
6.561775252259364777e+01,0.000000000000000000e+00,0.000000000000000000e+00
6.588029666219908620e+01,0.000000000000000000e+00,0.000000000000000000e+00
6.283299285415966295e+01,0.000000000000000000e+00,0.000000000000000000e+00
6.294602275946841985e+01,0.000000000000000000e+00,0.000000000000000000e+00
6.424685732848807618e+01,0.000000000000000000e+00,0.000000000000000000e+00
6.390561712400328531e+01,0.000000000000000000e+00,0.000000000000000000e+00
6.411468084736203821e+01,0.000000000000000000e+00,0.000000000000000000e+00
6.096518429161274355e+01,0.000000000000000000e+00,0.000000000000000000e+00
6.350957784648525006e+01,0.000000000000000000e+00,0.000000000000000000e+00
6.364952457762747429e+01,0.000000000000000000e+00,0.000000000000000000e+00
6.142970832160710870e+01,0.000000000000000000e+00,0.000000000000000000e+00
6.261215948254535135e+01,0.000000000000000000e+00,0.000000000000000000e+00
6.258890078792769174e+01,0.000000000000000000e+00,0.000000000000000000e+00
6.436742438443621950e+01,0.000000000000000000e+00,0.000000000000000000e+00
6.264243236469412324e+01,0.000000000000000000e+00,0.000000000000000000e+00
6.370633239587798613e+01,0.000000000000000000e+00,0.000000000000000000e+00
6.626342859395442986e+01,0.000000000000000000e+00,0.000000000000000000e+00
6.315494739810608138e+01,0.000000000000000000e+00,0.000000000000000000e+00
6.510362585475905917e+01,0.000000000000000000e+00,0.000000000000000000e+00
6.143337882082957435e+01,0.000000000000000000e+00,0.000000000000000000e+00
6.046385617983253269e+01,0.000000000000000000e+00,0.000000000000000000e+00
6.083103862060360001e+01,0.000000000000000000e+00,0.000000000000000000e+00
6.337969891048393123e+01,0.000000000000000000e+00,0.000000000000000000e+00
5.950670984290444920e+01,0.000000000000000000e+00,0.000000000000000000e+00
6.266818402020379608e+01,0.000000000000000000e+00,0.000000000000000000e+00
6.141362320190939528e+01,0.000000000000000000e+00,0.000000000000000000e+00
5.966107048665147516e+01,0.000000000000000000e+00,0.000000000000000000e+00
6.133876172132268323e+01,0.000000000000000000e+00,0.000000000000000000e+00
6.118000391668482507e+01,0.000000000000000000e+00,0.000000000000000000e+00
6.585747900304065183e+01,0.000000000000000000e+00,0.000000000000000000e+00
6.496881476015637702e+01,0.000000000000000000e+00,0.000000000000000000e+00
6.308602141386299422e+01,0.000000000000000000e+00,0.000000000000000000e+00
6.239181456156735095e+01,0.000000000000000000e+00,0.000000000000000000e+00
6.093376531545184349e+01,0.000000000000000000e+00,0.000000000000000000e+00
6.011872514000535972e+01,0.000000000000000000e+00,0.000000000000000000e+00
6.372866594185116185e+01,0.000000000000000000e+00,0.000000000000000000e+00
6.131835125750095727e+01,0.000000000000000000e+00,0.000000000000000000e+00
6.059623051512902947e+01,0.000000000000000000e+00,0.000000000000000000e+00
5.805636204372314069e+01,0.000000000000000000e+00,0.000000000000000000e+00
6.095361255386156074e+01,0.000000000000000000e+00,0.000000000000000000e+00
6.048150050765057983e+01,0.000000000000000000e+00,0.000000000000000000e+00
5.995436174924593331e+01,0.000000000000000000e+00,0.000000000000000000e+00
5.956043579038500724e+01,0.000000000000000000e+00,0.000000000000000000e+00
5.894814168622460926e+01,0.000000000000000000e+00,0.000000000000000000e+00
6.036945149804267885e+01,0.000000000000000000e+00,0.000000000000000000e+00
5.885761951170641026e+01,0.000000000000000000e+00,0.000000000000000000e+00
6.153017571890015347e+01,0.000000000000000000e+00,0.000000000000000000e+00
6.092966431008171213e+01,0.000000000000000000e+00,0.000000000000000000e+00
5.779858587725362895e+01,0.000000000000000000e+00,0.000000000000000000e+00
6.338339435363808150e+01,0.000000000000000000e+00,0.000000000000000000e+00
6.270252783049664913e+01,0.000000000000000000e+00,0.000000000000000000e+00
5.873865602365896876e+01,0.000000000000000000e+00,0.000000000000000000e+00
5.956578197000956010e+01,0.000000000000000000e+00,0.000000000000000000e+00
6.057863107721180995e+01,0.000000000000000000e+00,0.000000000000000000e+00
5.788154984898460498e+01,0.000000000000000000e+00,0.000000000000000000e+00
6.181590680975478591e+01,0.000000000000000000e+00,0.000000000000000000e+00
6.376154793583305747e+01,0.000000000000000000e+00,0.000000000000000000e+00
5.982993276375789549e+01,0.000000000000000000e+00,0.000000000000000000e+00
6.042135390241413262e+01,0.000000000000000000e+00,0.000000000000000000e+00
6.039343091104240813e+01,0.000000000000000000e+00,0.000000000000000000e+00
5.448563073317441763e+01,0.000000000000000000e+00,0.000000000000000000e+00
6.188831993802406117e+01,0.000000000000000000e+00,0.000000000000000000e+00
5.950559109974749106e+01,0.000000000000000000e+00,0.000000000000000000e+00
5.784989623008283388e+01,0.000000000000000000e+00,0.000000000000000000e+00
5.862618814474202367e+01,0.000000000000000000e+00,0.000000000000000000e+00
5.873767402208070365e+01,0.000000000000000000e+00,0.000000000000000000e+00
5.622505748107039381e+01,0.000000000000000000e+00,0.000000000000000000e+00
6.347873559496471785e+01,0.000000000000000000e+00,0.000000000000000000e+00
6.128259140531388738e+01,0.000000000000000000e+00,0.000000000000000000e+00
6.203146274661106929e+01,0.000000000000000000e+00,0.000000000000000000e+00
5.638005043039925113e+01,0.000000000000000000e+00,0.000000000000000000e+00
5.935736245341575312e+01,0.000000000000000000e+00,0.000000000000000000e+00
5.725183955838259919e+01,0.000000000000000000e+00,0.000000000000000000e+00
5.739580649595801276e+01,0.000000000000000000e+00,0.000000000000000000e+00
6.018731756219121820e+01,0.000000000000000000e+00,0.000000000000000000e+00
5.846492616053472346e+01,0.000000000000000000e+00,0.000000000000000000e+00
5.871386172239219547e+01,0.000000000000000000e+00,0.000000000000000000e+00
5.529353487298050140e+01,0.000000000000000000e+00,0.000000000000000000e+00
5.639012349328154983e+01,0.000000000000000000e+00,0.000000000000000000e+00
5.895912517279196408e+01,0.000000000000000000e+00,0.000000000000000000e+00
5.637263072244513751e+01,0.000000000000000000e+00,0.000000000000000000e+00
5.675051474996654832e+01,0.000000000000000000e+00,0.000000000000000000e+00
5.681313895947916848e+01,0.000000000000000000e+00,0.000000000000000000e+00
6.177543979326529922e+01,0.000000000000000000e+00,0.000000000000000000e+00
5.407402052673143800e+01,0.000000000000000000e+00,0.000000000000000000e+00
5.565967608764743346e+01,0.000000000000000000e+00,0.000000000000000000e+00
6.042499631176427499e+01,0.000000000000000000e+00,0.000000000000000000e+00
5.486724937176559536e+01,0.000000000000000000e+00,0.000000000000000000e+00
5.632995640332167397e+01,0.000000000000000000e+00,0.000000000000000000e+00
5.620313725409390315e+01,0.000000000000000000e+00,0.000000000000000000e+00
5.847027827772190278e+01,0.000000000000000000e+00,0.000000000000000000e+00
5.577052275212036392e+01,0.000000000000000000e+00,0.000000000000000000e+00
5.575528581740221057e+01,0.000000000000000000e+00,0.000000000000000000e+00
5.719934589331853658e+01,0.000000000000000000e+00,0.000000000000000000e+00
5.900252999438265533e+01,0.000000000000000000e+00,0.000000000000000000e+00
5.811394836095509220e+01,0.000000000000000000e+00,0.000000000000000000e+00
5.782032628545456987e+01,0.000000000000000000e+00,0.000000000000000000e+00
5.468795019075675867e+01,0.000000000000000000e+00,0.000000000000000000e+00
5.535669446834877050e+01,0.000000000000000000e+00,0.000000000000000000e+00
5.589720914697660703e+01,0.000000000000000000e+00,0.000000000000000000e+00
5.693028987262437113e+01,0.000000000000000000e+00,0.000000000000000000e+00
5.908504304162500631e+01,0.000000000000000000e+00,0.000000000000000000e+00
5.927806888308599298e+01,0.000000000000000000e+00,0.000000000000000000e+00
5.641894343677353874e+01,0.000000000000000000e+00,0.000000000000000000e+00
5.689891575061594864e+01,0.000000000000000000e+00,0.000000000000000000e+00
5.618103265393586554e+01,0.000000000000000000e+00,0.000000000000000000e+00
5.513879619679452304e+01,0.000000000000000000e+00,0.000000000000000000e+00
5.636663826147283629e+01,0.000000000000000000e+00,0.000000000000000000e+00
5.503463087745327442e+01,0.000000000000000000e+00,0.000000000000000000e+00
5.357220170317592789e+01,0.000000000000000000e+00,0.000000000000000000e+00
5.681287644181779939e+01,0.000000000000000000e+00,0.000000000000000000e+00
5.561135100538506748e+01,0.000000000000000000e+00,0.000000000000000000e+00
5.516998177279594273e+01,0.000000000000000000e+00,0.000000000000000000e+00
4.960851552922705565e+01,0.000000000000000000e+00,0.000000000000000000e+00
5.743004942919884570e+01,0.000000000000000000e+00,0.000000000000000000e+00
5.614041114023594048e+01,0.000000000000000000e+00,0.000000000000000000e+00
5.375772367423245157e+01,0.000000000000000000e+00,0.000000000000000000e+00
5.378888151122639982e+01,0.000000000000000000e+00,0.000000000000000000e+00
5.155430971206091328e+01,0.000000000000000000e+00,0.000000000000000000e+00
5.460856005265397073e+01,0.000000000000000000e+00,0.000000000000000000e+00
5.459121671851675472e+01,0.000000000000000000e+00,0.000000000000000000e+00
5.583768909664695457e+01,0.000000000000000000e+00,0.000000000000000000e+00
5.617846703269343323e+01,0.000000000000000000e+00,0.000000000000000000e+00
5.500323902737679305e+01,0.000000000000000000e+00,0.000000000000000000e+00
5.708914325554429325e+01,0.000000000000000000e+00,0.000000000000000000e+00
5.677584734153476376e+01,0.000000000000000000e+00,0.000000000000000000e+00
5.762117370102183145e+01,0.000000000000000000e+00,0.000000000000000000e+00
5.194812748500476118e+01,0.000000000000000000e+00,0.000000000000000000e+00
5.248384837607101616e+01,0.000000000000000000e+00,0.000000000000000000e+00
5.679992521735998423e+01,0.000000000000000000e+00,0.000000000000000000e+00
5.257225515069380606e+01,0.000000000000000000e+00,0.000000000000000000e+00
5.520011145951964693e+01,0.000000000000000000e+00,0.000000000000000000e+00
5.384269203760267430e+01,0.000000000000000000e+00,0.000000000000000000e+00
5.499316646139808284e+01,0.000000000000000000e+00,0.000000000000000000e+00
5.504207088170942797e+01,0.000000000000000000e+00,0.000000000000000000e+00
5.387329428594015468e+01,0.000000000000000000e+00,0.000000000000000000e+00
5.439954923262126130e+01,0.000000000000000000e+00,0.000000000000000000e+00
5.640090936383145959e+01,0.000000000000000000e+00,0.000000000000000000e+00
5.081156818494870464e+01,0.000000000000000000e+00,0.000000000000000000e+00
5.520181543434956950e+01,0.000000000000000000e+00,0.000000000000000000e+00
5.353351496600879500e+01,0.000000000000000000e+00,0.000000000000000000e+00
5.467229442684256924e+01,0.000000000000000000e+00,0.000000000000000000e+00
5.065664830358569048e+01,0.000000000000000000e+00,0.000000000000000000e+00
5.211867279691399801e+01,0.000000000000000000e+00,0.000000000000000000e+00
5.214099324872753272e+01,0.000000000000000000e+00,0.000000000000000000e+00
5.421600928477840142e+01,0.000000000000000000e+00,0.000000000000000000e+00
5.493123134537172092e+01,0.000000000000000000e+00,0.000000000000000000e+00
5.647947133287379984e+01,0.000000000000000000e+00,0.000000000000000000e+00
5.183957251680763534e+01,0.000000000000000000e+00,0.000000000000000000e+00
5.057104768944643780e+01,0.000000000000000000e+00,0.000000000000000000e+00
5.249127224159006744e+01,0.000000000000000000e+00,0.000000000000000000e+00
5.165185134807285294e+01,0.000000000000000000e+00,0.000000000000000000e+00
5.414290160928986495e+01,0.000000000000000000e+00,0.000000000000000000e+00
4.686506856983859848e+01,0.000000000000000000e+00,0.000000000000000000e+00
5.068065373056495559e+01,0.000000000000000000e+00,0.000000000000000000e+00
5.149757470271073601e+01,0.000000000000000000e+00,0.000000000000000000e+00
5.410628489787065121e+01,0.000000000000000000e+00,0.000000000000000000e+00
5.198398535148263022e+01,0.000000000000000000e+00,0.000000000000000000e+00
5.431759334793311211e+01,0.000000000000000000e+00,0.000000000000000000e+00
5.196817338964678612e+01,0.000000000000000000e+00,0.000000000000000000e+00
5.319910470331530661e+01,0.000000000000000000e+00,0.000000000000000000e+00
4.894893879345216448e+01,0.000000000000000000e+00,0.000000000000000000e+00
4.893904748331564747e+01,0.000000000000000000e+00,0.000000000000000000e+00
5.310637767706449353e+01,0.000000000000000000e+00,0.000000000000000000e+00
5.201041094310957646e+01,0.000000000000000000e+00,0.000000000000000000e+00
5.399267425892941219e+01,0.000000000000000000e+00,0.000000000000000000e+00
4.861361231107689207e+01,0.000000000000000000e+00,0.000000000000000000e+00
4.999247865162939064e+01,0.000000000000000000e+00,0.000000000000000000e+00
5.616855241094611273e+01,0.000000000000000000e+00,0.000000000000000000e+00
5.137725884770951268e+01,0.000000000000000000e+00,0.000000000000000000e+00
5.431937441558895330e+01,0.000000000000000000e+00,0.000000000000000000e+00
4.812057846388908899e+01,0.000000000000000000e+00,0.000000000000000000e+00
5.171582400488728126e+01,0.000000000000000000e+00,0.000000000000000000e+00
4.918066748280930511e+01,0.000000000000000000e+00,0.000000000000000000e+00
5.093203162592789113e+01,0.000000000000000000e+00,0.000000000000000000e+00
5.303615207252661179e+01,0.000000000000000000e+00,0.000000000000000000e+00
4.920543590111540055e+01,0.000000000000000000e+00,0.000000000000000000e+00
5.304471703393358695e+01,0.000000000000000000e+00,0.000000000000000000e+00
5.023040745824847164e+01,0.000000000000000000e+00,0.000000000000000000e+00
4.887331364192121441e+01,0.000000000000000000e+00,0.000000000000000000e+00
5.262824936549584720e+01,0.000000000000000000e+00,0.000000000000000000e+00
5.065830824134352639e+01,0.000000000000000000e+00,0.000000000000000000e+00
4.989735888191066238e+01,0.000000000000000000e+00,0.000000000000000000e+00
4.685321826813598278e+01,0.000000000000000000e+00,0.000000000000000000e+00
4.479972123885060142e+01,0.000000000000000000e+00,0.000000000000000000e+00
4.807477700681929633e+01,0.000000000000000000e+00,0.000000000000000000e+00
4.977403637538775172e+01,0.000000000000000000e+00,0.000000000000000000e+00
4.656702315066689124e+01,0.000000000000000000e+00,0.000000000000000000e+00
5.232678195252547226e+01,0.000000000000000000e+00,0.000000000000000000e+00
5.104670779749024945e+01,0.000000000000000000e+00,0.000000000000000000e+00
5.055343623519465979e+01,0.000000000000000000e+00,0.000000000000000000e+00
4.927198956042881406e+01,0.000000000000000000e+00,0.000000000000000000e+00
4.838679282864438846e+01,0.000000000000000000e+00,0.000000000000000000e+00
5.111322879772737338e+01,0.000000000000000000e+00,0.000000000000000000e+00
5.022084137471973975e+01,0.000000000000000000e+00,0.000000000000000000e+00
4.446110293411497594e+01,0.000000000000000000e+00,0.000000000000000000e+00
4.866460368979464590e+01,0.000000000000000000e+00,0.000000000000000000e+00
4.953331845580117943e+01,0.000000000000000000e+00,0.000000000000000000e+00
4.903975445000498468e+01,0.000000000000000000e+00,0.000000000000000000e+00
4.974086240917439028e+01,0.000000000000000000e+00,0.000000000000000000e+00
4.609375116874895895e+01,0.000000000000000000e+00,0.000000000000000000e+00
5.251371686213257561e+01,0.000000000000000000e+00,0.000000000000000000e+00
4.674841707636422683e+01,0.000000000000000000e+00,0.000000000000000000e+00
4.837387930834515970e+01,0.000000000000000000e+00,0.000000000000000000e+00
4.748217103560227059e+01,0.000000000000000000e+00,0.000000000000000000e+00
4.380675394738661765e+01,0.000000000000000000e+00,0.000000000000000000e+00
4.561245495587206733e+01,0.000000000000000000e+00,0.000000000000000000e+00
4.575742161566954280e+01,0.000000000000000000e+00,0.000000000000000000e+00
4.836052104481890979e+01,0.000000000000000000e+00,0.000000000000000000e+00
4.835419267819116840e+01,0.000000000000000000e+00,0.000000000000000000e+00
4.777507476503404860e+01,0.000000000000000000e+00,0.000000000000000000e+00
4.675667827010000366e+01,0.000000000000000000e+00,0.000000000000000000e+00
4.932377352647610280e+01,0.000000000000000000e+00,0.000000000000000000e+00
4.730137547793236763e+01,0.000000000000000000e+00,0.000000000000000000e+00
5.065775580817617652e+01,0.000000000000000000e+00,0.000000000000000000e+00
4.739576999841857230e+01,0.000000000000000000e+00,0.000000000000000000e+00
4.657896788025849588e+01,0.000000000000000000e+00,0.000000000000000000e+00
4.627192475914809933e+01,0.000000000000000000e+00,0.000000000000000000e+00
4.808844694138411313e+01,0.000000000000000000e+00,0.000000000000000000e+00
4.490873052924460751e+01,0.000000000000000000e+00,0.000000000000000000e+00
4.712618825282454083e+01,0.000000000000000000e+00,0.000000000000000000e+00
4.633062656725923745e+01,0.000000000000000000e+00,0.000000000000000000e+00
4.714646768079498429e+01,0.000000000000000000e+00,0.000000000000000000e+00
4.512118876318481853e+01,0.000000000000000000e+00,0.000000000000000000e+00
4.542650888269604792e+01,0.000000000000000000e+00,0.000000000000000000e+00
4.420284585363928187e+01,0.000000000000000000e+00,0.000000000000000000e+00
4.592642072750341953e+01,0.000000000000000000e+00,0.000000000000000000e+00
4.804022928886568877e+01,0.000000000000000000e+00,0.000000000000000000e+00
4.589704084678113105e+01,0.000000000000000000e+00,0.000000000000000000e+00
5.007503577508604309e+01,0.000000000000000000e+00,0.000000000000000000e+00
4.382847496852959779e+01,0.000000000000000000e+00,0.000000000000000000e+00
4.448339316877647320e+01,0.000000000000000000e+00,0.000000000000000000e+00
4.253030473503713438e+01,0.000000000000000000e+00,0.000000000000000000e+00
4.763939266633818903e+01,0.000000000000000000e+00,0.000000000000000000e+00
4.399372536384156973e+01,0.000000000000000000e+00,0.000000000000000000e+00
4.524243700957966752e+01,0.000000000000000000e+00,0.000000000000000000e+00
4.737952260898917700e+01,0.000000000000000000e+00,0.000000000000000000e+00
4.405483508722309693e+01,0.000000000000000000e+00,0.000000000000000000e+00
4.579294747267916676e+01,0.000000000000000000e+00,0.000000000000000000e+00
4.216638782988848533e+01,0.000000000000000000e+00,0.000000000000000000e+00
4.269089953613380573e+01,0.000000000000000000e+00,0.000000000000000000e+00
4.420775177662203959e+01,0.000000000000000000e+00,0.000000000000000000e+00
4.791749802148978432e+01,0.000000000000000000e+00,0.000000000000000000e+00
4.576472221279806973e+01,0.000000000000000000e+00,0.000000000000000000e+00
4.458876713924313151e+01,0.000000000000000000e+00,0.000000000000000000e+00
4.556577370247084247e+01,0.000000000000000000e+00,0.000000000000000000e+00
4.146391813982292973e+01,0.000000000000000000e+00,0.000000000000000000e+00
4.404492482380804574e+01,0.000000000000000000e+00,0.000000000000000000e+00
4.359625772588884729e+01,0.000000000000000000e+00,0.000000000000000000e+00
4.430768751574365893e+01,0.000000000000000000e+00,0.000000000000000000e+00
4.330985033266668438e+01,0.000000000000000000e+00,0.000000000000000000e+00
4.361850006130030266e+01,0.000000000000000000e+00,0.000000000000000000e+00
4.214581677666414805e+01,0.000000000000000000e+00,0.000000000000000000e+00
4.457333435639165486e+01,0.000000000000000000e+00,0.000000000000000000e+00
4.476969445195985742e+01,0.000000000000000000e+00,0.000000000000000000e+00
4.138145418107601614e+01,0.000000000000000000e+00,0.000000000000000000e+00
4.519702230529541964e+01,0.000000000000000000e+00,0.000000000000000000e+00
4.155221645712131107e+01,0.000000000000000000e+00,0.000000000000000000e+00
4.501699120121396902e+01,0.000000000000000000e+00,0.000000000000000000e+00
4.531041648650020903e+01,0.000000000000000000e+00,0.000000000000000000e+00
4.612439724227162685e+01,0.000000000000000000e+00,0.000000000000000000e+00
4.456711516719475696e+01,0.000000000000000000e+00,0.000000000000000000e+00
4.926429695923727081e+01,0.000000000000000000e+00,0.000000000000000000e+00
4.276062750324243211e+01,0.000000000000000000e+00,0.000000000000000000e+00
4.106574309559856317e+01,0.000000000000000000e+00,0.000000000000000000e+00
4.575185411383731804e+01,0.000000000000000000e+00,0.000000000000000000e+00
4.394485557979540147e+01,0.000000000000000000e+00,0.000000000000000000e+00
4.354465436173261139e+01,0.000000000000000000e+00,0.000000000000000000e+00
4.088897793314691853e+01,0.000000000000000000e+00,0.000000000000000000e+00
4.288651205328981320e+01,0.000000000000000000e+00,0.000000000000000000e+00
4.282933320424460533e+01,0.000000000000000000e+00,0.000000000000000000e+00
4.438301171399550071e+01,0.000000000000000000e+00,0.000000000000000000e+00
3.937080911286064122e+01,0.000000000000000000e+00,0.000000000000000000e+00
4.222925184071966953e+01,0.000000000000000000e+00,0.000000000000000000e+00
4.391898386858868264e+01,0.000000000000000000e+00,0.000000000000000000e+00
4.194410502961674325e+01,0.000000000000000000e+00,0.000000000000000000e+00
4.485972359547790944e+01,0.000000000000000000e+00,0.000000000000000000e+00
4.042378540507402107e+01,0.000000000000000000e+00,0.000000000000000000e+00
4.096794750033519250e+01,0.000000000000000000e+00,0.000000000000000000e+00
4.281149759004717481e+01,0.000000000000000000e+00,0.000000000000000000e+00
4.183534046834145670e+01,0.000000000000000000e+00,0.000000000000000000e+00
3.973785787900235533e+01,0.000000000000000000e+00,0.000000000000000000e+00
4.149724376731583675e+01,0.000000000000000000e+00,0.000000000000000000e+00
4.519158460079063389e+01,0.000000000000000000e+00,0.000000000000000000e+00
4.138630182594533835e+01,0.000000000000000000e+00,0.000000000000000000e+00
4.237425979777952278e+01,0.000000000000000000e+00,0.000000000000000000e+00
4.263985367649009817e+01,0.000000000000000000e+00,0.000000000000000000e+00
4.277886631297244691e+01,0.000000000000000000e+00,0.000000000000000000e+00
4.128216168300476596e+01,0.000000000000000000e+00,0.000000000000000000e+00
3.865379684699106377e+01,0.000000000000000000e+00,0.000000000000000000e+00
4.002070017210431274e+01,0.000000000000000000e+00,0.000000000000000000e+00
4.128753026183854757e+01,0.000000000000000000e+00,0.000000000000000000e+00
4.010378097372496597e+01,0.000000000000000000e+00,0.000000000000000000e+00
3.974821137188033049e+01,0.000000000000000000e+00,0.000000000000000000e+00
4.322640208667041861e+01,0.000000000000000000e+00,0.000000000000000000e+00
4.043336649927902471e+01,0.000000000000000000e+00,0.000000000000000000e+00
4.168037162808214902e+01,0.000000000000000000e+00,0.000000000000000000e+00
4.047574730401066745e+01,0.000000000000000000e+00,0.000000000000000000e+00
4.141554798454971120e+01,0.000000000000000000e+00,0.000000000000000000e+00
4.472693663871720560e+01,0.000000000000000000e+00,0.000000000000000000e+00
3.857721704923911688e+01,0.000000000000000000e+00,0.000000000000000000e+00
4.144261462710651500e+01,0.000000000000000000e+00,0.000000000000000000e+00
3.906822808953720028e+01,0.000000000000000000e+00,0.000000000000000000e+00
4.164868060073995082e+01,0.000000000000000000e+00,0.000000000000000000e+00
4.067743489753446084e+01,0.000000000000000000e+00,0.000000000000000000e+00
3.917975545419260897e+01,0.000000000000000000e+00,0.000000000000000000e+00
4.164518630833447332e+01,0.000000000000000000e+00,0.000000000000000000e+00
3.946058752312163875e+01,0.000000000000000000e+00,0.000000000000000000e+00
4.350596762998404188e+01,0.000000000000000000e+00,0.000000000000000000e+00
4.283329397154981422e+01,0.000000000000000000e+00,0.000000000000000000e+00
4.239373711905577125e+01,0.000000000000000000e+00,0.000000000000000000e+00
4.382837918624441897e+01,0.000000000000000000e+00,0.000000000000000000e+00
3.839516735771645983e+01,0.000000000000000000e+00,0.000000000000000000e+00
3.909758753214823201e+01,0.000000000000000000e+00,0.000000000000000000e+00
4.311882478292610443e+01,0.000000000000000000e+00,0.000000000000000000e+00
3.966179234722550007e+01,0.000000000000000000e+00,0.000000000000000000e+00
4.102456186024211604e+01,0.000000000000000000e+00,0.000000000000000000e+00
3.911438795678036229e+01,0.000000000000000000e+00,0.000000000000000000e+00
3.649734200243165816e+01,0.000000000000000000e+00,0.000000000000000000e+00
3.946229869510002430e+01,0.000000000000000000e+00,0.000000000000000000e+00
3.741396898172396845e+01,0.000000000000000000e+00,0.000000000000000000e+00
3.826173985115190135e+01,0.000000000000000000e+00,0.000000000000000000e+00
3.725725349556645938e+01,0.000000000000000000e+00,0.000000000000000000e+00
4.060861093478524708e+01,0.000000000000000000e+00,0.000000000000000000e+00
3.776285389799539871e+01,0.000000000000000000e+00,0.000000000000000000e+00
3.767199197386936760e+01,0.000000000000000000e+00,0.000000000000000000e+00
3.786434391644957742e+01,0.000000000000000000e+00,0.000000000000000000e+00
3.616568000548959105e+01,0.000000000000000000e+00,0.000000000000000000e+00
3.951989076853737259e+01,0.000000000000000000e+00,0.000000000000000000e+00
3.939716208574529333e+01,0.000000000000000000e+00,0.000000000000000000e+00
3.646751175420276070e+01,0.000000000000000000e+00,0.000000000000000000e+00
3.789389614783686255e+01,0.000000000000000000e+00,0.000000000000000000e+00
3.599352386842868867e+01,0.000000000000000000e+00,0.000000000000000000e+00
3.593067250640026344e+01,0.000000000000000000e+00,0.000000000000000000e+00
3.597355260576721037e+01,0.000000000000000000e+00,0.000000000000000000e+00
4.155277877978659262e+01,0.000000000000000000e+00,0.000000000000000000e+00
3.617724538838572812e+01,0.000000000000000000e+00,0.000000000000000000e+00
3.732543568990557503e+01,0.000000000000000000e+00,0.000000000000000000e+00
3.983357422455041785e+01,0.000000000000000000e+00,0.000000000000000000e+00
3.260020356204321246e+01,0.000000000000000000e+00,0.000000000000000000e+00
3.753865723444739189e+01,0.000000000000000000e+00,0.000000000000000000e+00
3.075526666628271499e+01,0.000000000000000000e+00,0.000000000000000000e+00
3.688961514105149320e+01,0.000000000000000000e+00,0.000000000000000000e+00
3.959289407680480366e+01,0.000000000000000000e+00,0.000000000000000000e+00
3.716403248714885166e+01,0.000000000000000000e+00,0.000000000000000000e+00
3.719142888523499835e+01,0.000000000000000000e+00,0.000000000000000000e+00
3.894377626805282944e+01,0.000000000000000000e+00,0.000000000000000000e+00
3.766081807877087329e+01,0.000000000000000000e+00,0.000000000000000000e+00
3.671423854482284810e+01,0.000000000000000000e+00,0.000000000000000000e+00
3.956541953951840895e+01,0.000000000000000000e+00,0.000000000000000000e+00
3.674022584712621153e+01,0.000000000000000000e+00,0.000000000000000000e+00
3.624218304347336073e+01,0.000000000000000000e+00,0.000000000000000000e+00
3.622892422392928324e+01,0.000000000000000000e+00,0.000000000000000000e+00
3.488416115148377372e+01,0.000000000000000000e+00,0.000000000000000000e+00
3.709033381845461719e+01,0.000000000000000000e+00,0.000000000000000000e+00
3.523078082354373919e+01,0.000000000000000000e+00,0.000000000000000000e+00
3.838761898391425120e+01,0.000000000000000000e+00,0.000000000000000000e+00
3.801145005177881586e+01,0.000000000000000000e+00,0.000000000000000000e+00
3.714336109015616927e+01,0.000000000000000000e+00,0.000000000000000000e+00
4.058430022114282565e+01,0.000000000000000000e+00,0.000000000000000000e+00
3.321273870403841499e+01,0.000000000000000000e+00,0.000000000000000000e+00
3.677252754389410683e+01,0.000000000000000000e+00,0.000000000000000000e+00
3.500836117985900842e+01,0.000000000000000000e+00,0.000000000000000000e+00
3.363094526788545835e+01,0.000000000000000000e+00,0.000000000000000000e+00
3.459866809794288400e+01,0.000000000000000000e+00,0.000000000000000000e+00
4.241465064626334680e+01,0.000000000000000000e+00,0.000000000000000000e+00
3.659541764594812463e+01,0.000000000000000000e+00,0.000000000000000000e+00
3.635967907410734767e+01,0.000000000000000000e+00,0.000000000000000000e+00
3.624488347632279783e+01,0.000000000000000000e+00,0.000000000000000000e+00
3.385345355624005492e+01,0.000000000000000000e+00,0.000000000000000000e+00
3.543137080947489892e+01,0.000000000000000000e+00,0.000000000000000000e+00
3.524440002154389617e+01,0.000000000000000000e+00,0.000000000000000000e+00
4.183181435520975811e+01,0.000000000000000000e+00,0.000000000000000000e+00
3.401199621468625622e+01,0.000000000000000000e+00,0.000000000000000000e+00
4.163496229248401193e+01,0.000000000000000000e+00,0.000000000000000000e+00
3.318867441051202150e+01,0.000000000000000000e+00,0.000000000000000000e+00
3.485925771802908457e+01,0.000000000000000000e+00,0.000000000000000000e+00
3.270721338606143291e+01,0.000000000000000000e+00,0.000000000000000000e+00
3.486963010590854850e+01,0.000000000000000000e+00,0.000000000000000000e+00
3.391812806655226353e+01,0.000000000000000000e+00,0.000000000000000000e+00
3.541141567861714634e+01,0.000000000000000000e+00,0.000000000000000000e+00
3.764587362368649082e+01,0.000000000000000000e+00,0.000000000000000000e+00
3.514589140936922007e+01,0.000000000000000000e+00,0.000000000000000000e+00
3.212372472151228919e+01,0.000000000000000000e+00,0.000000000000000000e+00
3.191708815407939781e+01,0.000000000000000000e+00,0.000000000000000000e+00
3.652677613208326335e+01,0.000000000000000000e+00,0.000000000000000000e+00
3.432473964967902447e+01,0.000000000000000000e+00,0.000000000000000000e+00
3.358367619554964278e+01,0.000000000000000000e+00,0.000000000000000000e+00
3.531295726315276085e+01,0.000000000000000000e+00,0.000000000000000000e+00
3.300717260674484521e+01,0.000000000000000000e+00,0.000000000000000000e+00
3.262647738218477400e+01,0.000000000000000000e+00,0.000000000000000000e+00
3.261196435547356742e+01,0.000000000000000000e+00,0.000000000000000000e+00
2.961079486273821360e+01,0.000000000000000000e+00,0.000000000000000000e+00
3.148824784201178772e+01,0.000000000000000000e+00,0.000000000000000000e+00
3.594041440380456720e+01,0.000000000000000000e+00,0.000000000000000000e+00
3.415778941896051180e+01,0.000000000000000000e+00,0.000000000000000000e+00
2.959191250772014570e+01,0.000000000000000000e+00,0.000000000000000000e+00
3.058195328790156609e+01,0.000000000000000000e+00,0.000000000000000000e+00
3.310770421478443382e+01,0.000000000000000000e+00,0.000000000000000000e+00
3.151416066402424221e+01,0.000000000000000000e+00,0.000000000000000000e+00
3.264752634470911374e+01,0.000000000000000000e+00,0.000000000000000000e+00
3.258472940491071057e+01,0.000000000000000000e+00,0.000000000000000000e+00
3.098217058788603140e+01,0.000000000000000000e+00,0.000000000000000000e+00
3.332997792375799406e+01,0.000000000000000000e+00,0.000000000000000000e+00
3.240565366052862117e+01,0.000000000000000000e+00,0.000000000000000000e+00
2.928911542266226320e+01,0.000000000000000000e+00,0.000000000000000000e+00
3.091514105564566250e+01,0.000000000000000000e+00,0.000000000000000000e+00
3.284102123525048711e+01,0.000000000000000000e+00,0.000000000000000000e+00
3.352201548197068348e+01,0.000000000000000000e+00,0.000000000000000000e+00
3.051280759583952573e+01,0.000000000000000000e+00,0.000000000000000000e+00
3.046694173137716888e+01,0.000000000000000000e+00,0.000000000000000000e+00
3.172555486409196490e+01,0.000000000000000000e+00,0.000000000000000000e+00
3.187347727040157963e+01,0.000000000000000000e+00,0.000000000000000000e+00
3.205005628217995906e+01,0.000000000000000000e+00,0.000000000000000000e+00
3.072490866219744277e+01,0.000000000000000000e+00,0.000000000000000000e+00
3.566746678864503650e+01,0.000000000000000000e+00,0.000000000000000000e+00
2.982176086481333144e+01,0.000000000000000000e+00,0.000000000000000000e+00
3.460042459671002746e+01,0.000000000000000000e+00,0.000000000000000000e+00
3.201038732627228001e+01,0.000000000000000000e+00,0.000000000000000000e+00
3.294943410469738865e+01,0.000000000000000000e+00,0.000000000000000000e+00
2.908007751218054437e+01,0.000000000000000000e+00,0.000000000000000000e+00
3.174002586012184324e+01,0.000000000000000000e+00,0.000000000000000000e+00
3.065760926053678048e+01,0.000000000000000000e+00,0.000000000000000000e+00
3.146978578484070255e+01,0.000000000000000000e+00,0.000000000000000000e+00
2.986374068598472675e+01,0.000000000000000000e+00,0.000000000000000000e+00
3.124554044567453914e+01,0.000000000000000000e+00,0.000000000000000000e+00
3.344521083700910680e+01,0.000000000000000000e+00,0.000000000000000000e+00
3.154628028184957245e+01,0.000000000000000000e+00,0.000000000000000000e+00
2.850512872159477595e+01,0.000000000000000000e+00,0.000000000000000000e+00
2.953935042053648630e+01,0.000000000000000000e+00,0.000000000000000000e+00
3.062341175000683080e+01,0.000000000000000000e+00,0.000000000000000000e+00
3.251306929195971662e+01,0.000000000000000000e+00,0.000000000000000000e+00
3.102475644306673885e+01,0.000000000000000000e+00,0.000000000000000000e+00
3.324720660289951013e+01,0.000000000000000000e+00,0.000000000000000000e+00
2.897863553979914641e+01,0.000000000000000000e+00,0.000000000000000000e+00
3.162589375482857790e+01,0.000000000000000000e+00,0.000000000000000000e+00
3.150911777584329343e+01,0.000000000000000000e+00,0.000000000000000000e+00
3.096634677180391293e+01,0.000000000000000000e+00,0.000000000000000000e+00
3.018757317174520693e+01,0.000000000000000000e+00,0.000000000000000000e+00
3.006516328809107463e+01,0.000000000000000000e+00,0.000000000000000000e+00
3.430711502093583931e+01,0.000000000000000000e+00,0.000000000000000000e+00
3.195763444789697871e+01,0.000000000000000000e+00,0.000000000000000000e+00
2.919369165874955740e+01,0.000000000000000000e+00,0.000000000000000000e+00
2.942753275158198889e+01,0.000000000000000000e+00,0.000000000000000000e+00
2.585575620959236076e+01,0.000000000000000000e+00,0.000000000000000000e+00
2.971054450747542930e+01,0.000000000000000000e+00,0.000000000000000000e+00
2.345368208671592214e+01,0.000000000000000000e+00,0.000000000000000000e+00
3.249977418102819371e+01,0.000000000000000000e+00,0.000000000000000000e+00
3.203531417558625805e+01,0.000000000000000000e+00,0.000000000000000000e+00
3.239005078092255019e+01,0.000000000000000000e+00,0.000000000000000000e+00
2.970561483831911431e+01,0.000000000000000000e+00,0.000000000000000000e+00
3.342883323489471792e+01,0.000000000000000000e+00,0.000000000000000000e+00
2.950976128994909686e+01,0.000000000000000000e+00,0.000000000000000000e+00
2.918200250942722462e+01,0.000000000000000000e+00,0.000000000000000000e+00
2.932987719105351943e+01,0.000000000000000000e+00,0.000000000000000000e+00
3.264059071552973990e+01,0.000000000000000000e+00,0.000000000000000000e+00
2.855312628682230169e+01,0.000000000000000000e+00,0.000000000000000000e+00
3.073249539266746666e+01,0.000000000000000000e+00,0.000000000000000000e+00
2.876214352785836681e+01,0.000000000000000000e+00,0.000000000000000000e+00
3.010147496248985277e+01,0.000000000000000000e+00,0.000000000000000000e+00
2.965972713956674411e+01,0.000000000000000000e+00,0.000000000000000000e+00
3.022036513425289073e+01,0.000000000000000000e+00,0.000000000000000000e+00
2.696551848371223059e+01,0.000000000000000000e+00,0.000000000000000000e+00
2.662568948220350507e+01,0.000000000000000000e+00,0.000000000000000000e+00
2.882202890151469532e+01,0.000000000000000000e+00,0.000000000000000000e+00
2.821513818489649950e+01,0.000000000000000000e+00,0.000000000000000000e+00
2.629160251555040873e+01,0.000000000000000000e+00,0.000000000000000000e+00
2.927544609962889766e+01,0.000000000000000000e+00,0.000000000000000000e+00
2.918952006787606734e+01,0.000000000000000000e+00,0.000000000000000000e+00
3.171286616294156957e+01,0.000000000000000000e+00,0.000000000000000000e+00
2.745219734044637150e+01,0.000000000000000000e+00,0.000000000000000000e+00
2.805549227152447145e+01,0.000000000000000000e+00,0.000000000000000000e+00
3.110218888477050569e+01,0.000000000000000000e+00,0.000000000000000000e+00
2.923052642211213481e+01,0.000000000000000000e+00,0.000000000000000000e+00
3.052285066550738790e+01,0.000000000000000000e+00,0.000000000000000000e+00
2.943063508419144014e+01,0.000000000000000000e+00,0.000000000000000000e+00
2.631549243881990208e+01,0.000000000000000000e+00,0.000000000000000000e+00
2.364421365816495069e+01,0.000000000000000000e+00,0.000000000000000000e+00
2.937729501620796313e+01,0.000000000000000000e+00,0.000000000000000000e+00
2.939574688203870068e+01,0.000000000000000000e+00,0.000000000000000000e+00
2.795139007493727235e+01,0.000000000000000000e+00,0.000000000000000000e+00
2.482203672538983241e+01,0.000000000000000000e+00,0.000000000000000000e+00
2.666504042559079934e+01,0.000000000000000000e+00,0.000000000000000000e+00
2.962164788898472878e+01,0.000000000000000000e+00,0.000000000000000000e+00
2.792241211375371179e+01,0.000000000000000000e+00,0.000000000000000000e+00
2.527931409964921272e+01,0.000000000000000000e+00,0.000000000000000000e+00
2.693424446029529307e+01,0.000000000000000000e+00,0.000000000000000000e+00
2.946938110057773486e+01,0.000000000000000000e+00,0.000000000000000000e+00
2.594548933366223054e+01,0.000000000000000000e+00,0.000000000000000000e+00
2.779880900691828316e+01,0.000000000000000000e+00,0.000000000000000000e+00
2.742405687897812072e+01,0.000000000000000000e+00,0.000000000000000000e+00
2.768025167822042221e+01,0.000000000000000000e+00,0.000000000000000000e+00
2.602047436911424683e+01,0.000000000000000000e+00,0.000000000000000000e+00
2.982240319504112946e+01,0.000000000000000000e+00,0.000000000000000000e+00
3.050758217934565764e+01,0.000000000000000000e+00,0.000000000000000000e+00
3.009168481394787165e+01,0.000000000000000000e+00,0.000000000000000000e+00
2.484034322041034670e+01,0.000000000000000000e+00,0.000000000000000000e+00
2.635004068813653433e+01,0.000000000000000000e+00,0.000000000000000000e+00
2.496073833898003613e+01,0.000000000000000000e+00,0.000000000000000000e+00
2.765984827120798784e+01,0.000000000000000000e+00,0.000000000000000000e+00
2.759023629404920896e+01,0.000000000000000000e+00,0.000000000000000000e+00
2.975291467189423855e+01,0.000000000000000000e+00,0.000000000000000000e+00
2.910822023953641491e+01,0.000000000000000000e+00,0.000000000000000000e+00
2.625655995860876146e+01,0.000000000000000000e+00,0.000000000000000000e+00
2.513435831485035976e+01,0.000000000000000000e+00,0.000000000000000000e+00
2.824204880625820024e+01,0.000000000000000000e+00,0.000000000000000000e+00
2.689974647996153934e+01,0.000000000000000000e+00,0.000000000000000000e+00
2.540275318069162580e+01,0.000000000000000000e+00,0.000000000000000000e+00
2.726634482051663255e+01,0.000000000000000000e+00,0.000000000000000000e+00
2.075821222541105016e+01,0.000000000000000000e+00,0.000000000000000000e+00
2.515404865675710155e+01,0.000000000000000000e+00,0.000000000000000000e+00
2.661818659199112247e+01,0.000000000000000000e+00,0.000000000000000000e+00
2.502406635498160625e+01,0.000000000000000000e+00,0.000000000000000000e+00
2.780452989190851909e+01,0.000000000000000000e+00,0.000000000000000000e+00
2.584420577499589911e+01,0.000000000000000000e+00,0.000000000000000000e+00
2.918945729645269793e+01,0.000000000000000000e+00,0.000000000000000000e+00
2.393269789948207205e+01,0.000000000000000000e+00,0.000000000000000000e+00
2.584792814558309360e+01,0.000000000000000000e+00,0.000000000000000000e+00
2.931197388254245340e+01,0.000000000000000000e+00,0.000000000000000000e+00
2.866545100241810218e+01,0.000000000000000000e+00,0.000000000000000000e+00
2.836705244856490538e+01,0.000000000000000000e+00,0.000000000000000000e+00
2.549814726164516543e+01,0.000000000000000000e+00,0.000000000000000000e+00
2.816027464502991506e+01,0.000000000000000000e+00,0.000000000000000000e+00
2.774872516036163717e+01,0.000000000000000000e+00,0.000000000000000000e+00
2.425477706153331781e+01,0.000000000000000000e+00,0.000000000000000000e+00
2.610151587282817687e+01,0.000000000000000000e+00,0.000000000000000000e+00
2.327955117819193021e+01,0.000000000000000000e+00,0.000000000000000000e+00
2.628357100797974155e+01,0.000000000000000000e+00,0.000000000000000000e+00
2.781100123801142132e+01,0.000000000000000000e+00,0.000000000000000000e+00
2.814411397813669780e+01,0.000000000000000000e+00,0.000000000000000000e+00
2.500402054525351403e+01,0.000000000000000000e+00,0.000000000000000000e+00
2.451877202366689090e+01,0.000000000000000000e+00,0.000000000000000000e+00
2.578328245239548622e+01,0.000000000000000000e+00,0.000000000000000000e+00
2.549453851605879606e+01,0.000000000000000000e+00,0.000000000000000000e+00
2.401581635189673491e+01,0.000000000000000000e+00,0.000000000000000000e+00
2.402582200598124729e+01,0.000000000000000000e+00,0.000000000000000000e+00
2.464793166191161689e+01,0.000000000000000000e+00,0.000000000000000000e+00
2.350319691034468406e+01,0.000000000000000000e+00,0.000000000000000000e+00
2.669309039707795961e+01,0.000000000000000000e+00,0.000000000000000000e+00
2.745876210681464613e+01,0.000000000000000000e+00,0.000000000000000000e+00
2.471629994871338454e+01,0.000000000000000000e+00,0.000000000000000000e+00
2.479900943957358450e+01,0.000000000000000000e+00,0.000000000000000000e+00
2.453044069640031921e+01,0.000000000000000000e+00,0.000000000000000000e+00
2.391218920338041798e+01,0.000000000000000000e+00,0.000000000000000000e+00
2.450931344200856543e+01,0.000000000000000000e+00,0.000000000000000000e+00
2.675414885841126988e+01,0.000000000000000000e+00,0.000000000000000000e+00
1.923046969700501307e+01,0.000000000000000000e+00,0.000000000000000000e+00
2.367119350343975626e+01,0.000000000000000000e+00,0.000000000000000000e+00
2.276684325990588320e+01,0.000000000000000000e+00,0.000000000000000000e+00
2.364239391051178885e+01,0.000000000000000000e+00,0.000000000000000000e+00
2.579136213018814772e+01,0.000000000000000000e+00,0.000000000000000000e+00
2.300153325130268200e+01,0.000000000000000000e+00,0.000000000000000000e+00
2.817248447676004020e+01,0.000000000000000000e+00,0.000000000000000000e+00
2.709308940854066350e+01,0.000000000000000000e+00,0.000000000000000000e+00
2.428212109349576409e+01,0.000000000000000000e+00,0.000000000000000000e+00
2.555191386335058468e+01,0.000000000000000000e+00,0.000000000000000000e+00
2.516667268798468982e+01,0.000000000000000000e+00,0.000000000000000000e+00
2.053625249504426975e+01,0.000000000000000000e+00,0.000000000000000000e+00
2.471539356841140034e+01,0.000000000000000000e+00,0.000000000000000000e+00
2.384023237473270029e+01,0.000000000000000000e+00,0.000000000000000000e+00
2.636171766872031341e+01,0.000000000000000000e+00,0.000000000000000000e+00
2.385230402773535374e+01,0.000000000000000000e+00,0.000000000000000000e+00
2.873128079978917526e+01,0.000000000000000000e+00,0.000000000000000000e+00
2.361692257719864685e+01,0.000000000000000000e+00,0.000000000000000000e+00
2.446875369676385858e+01,0.000000000000000000e+00,0.000000000000000000e+00
2.646387320702356405e+01,0.000000000000000000e+00,0.000000000000000000e+00
2.462881445787812140e+01,0.000000000000000000e+00,0.000000000000000000e+00
2.114326762578168584e+01,0.000000000000000000e+00,0.000000000000000000e+00
2.560276916173260275e+01,0.000000000000000000e+00,0.000000000000000000e+00
2.475200682756834780e+01,0.000000000000000000e+00,0.000000000000000000e+00
2.443940221356321274e+01,0.000000000000000000e+00,0.000000000000000000e+00
2.557471017367128852e+01,0.000000000000000000e+00,0.000000000000000000e+00
2.048514657249316784e+01,0.000000000000000000e+00,0.000000000000000000e+00
2.247145966768678349e+01,0.000000000000000000e+00,0.000000000000000000e+00
2.610946283469374407e+01,0.000000000000000000e+00,0.000000000000000000e+00
2.507797681644154153e+01,0.000000000000000000e+00,0.000000000000000000e+00
2.553795511604014123e+01,0.000000000000000000e+00,0.000000000000000000e+00
2.090718380009619182e+01,0.000000000000000000e+00,0.000000000000000000e+00
2.310280563754593786e+01,0.000000000000000000e+00,0.000000000000000000e+00
2.247154206169440727e+01,0.000000000000000000e+00,0.000000000000000000e+00
2.244261636691888384e+01,0.000000000000000000e+00,0.000000000000000000e+00
2.456408820021390937e+01,0.000000000000000000e+00,0.000000000000000000e+00
2.368038977218583696e+01,0.000000000000000000e+00,0.000000000000000000e+00
2.050116319019607758e+01,0.000000000000000000e+00,0.000000000000000000e+00
2.228485115124899352e+01,0.000000000000000000e+00,0.000000000000000000e+00
2.543103448007322243e+01,0.000000000000000000e+00,0.000000000000000000e+00
2.286322295103329338e+01,0.000000000000000000e+00,0.000000000000000000e+00
2.564720438064984620e+01,0.000000000000000000e+00,0.000000000000000000e+00
2.360448430775843320e+01,0.000000000000000000e+00,0.000000000000000000e+00
2.016974502032279304e+01,0.000000000000000000e+00,0.000000000000000000e+00
2.505612041088705411e+01,0.000000000000000000e+00,0.000000000000000000e+00
2.250647913953318380e+01,0.000000000000000000e+00,0.000000000000000000e+00
2.264731708415781242e+01,0.000000000000000000e+00,0.000000000000000000e+00
2.421760915266826331e+01,0.000000000000000000e+00,0.000000000000000000e+00
2.149089132248332845e+01,0.000000000000000000e+00,0.000000000000000000e+00
2.360008979267454521e+01,0.000000000000000000e+00,0.000000000000000000e+00
2.278630189502732151e+01,0.000000000000000000e+00,0.000000000000000000e+00
2.468285107745979090e+01,0.000000000000000000e+00,0.000000000000000000e+00
2.226800682475611382e+01,0.000000000000000000e+00,0.000000000000000000e+00
2.213076891039677818e+01,0.000000000000000000e+00,0.000000000000000000e+00
2.130525504714850271e+01,0.000000000000000000e+00,0.000000000000000000e+00
2.275081420847438096e+01,0.000000000000000000e+00,0.000000000000000000e+00
2.298351291929943585e+01,0.000000000000000000e+00,0.000000000000000000e+00
2.239931144936278429e+01,0.000000000000000000e+00,0.000000000000000000e+00
1.938661618734924730e+01,0.000000000000000000e+00,0.000000000000000000e+00
1.973449332791713928e+01,0.000000000000000000e+00,0.000000000000000000e+00
2.299588251942929062e+01,0.000000000000000000e+00,0.000000000000000000e+00
2.225257208818975840e+01,0.000000000000000000e+00,0.000000000000000000e+00
2.242829420517554695e+01,0.000000000000000000e+00,0.000000000000000000e+00
2.238701930735708956e+01,0.000000000000000000e+00,0.000000000000000000e+00
2.328237313675194287e+01,0.000000000000000000e+00,0.000000000000000000e+00
1.914592081828318015e+01,0.000000000000000000e+00,0.000000000000000000e+00
2.245087911450176321e+01,0.000000000000000000e+00,0.000000000000000000e+00
2.105872749211230044e+01,0.000000000000000000e+00,0.000000000000000000e+00
2.558776775971137241e+01,0.000000000000000000e+00,0.000000000000000000e+00
2.443046637808496158e+01,0.000000000000000000e+00,0.000000000000000000e+00
2.139290973519278083e+01,0.000000000000000000e+00,0.000000000000000000e+00
2.002997359178842629e+01,0.000000000000000000e+00,0.000000000000000000e+00
2.225304777505312259e+01,0.000000000000000000e+00,0.000000000000000000e+00
2.317049728870542680e+01,0.000000000000000000e+00,0.000000000000000000e+00
1.992504333247376280e+01,0.000000000000000000e+00,0.000000000000000000e+00
2.057143258524817853e+01,0.000000000000000000e+00,0.000000000000000000e+00
2.136723477664501658e+01,0.000000000000000000e+00,0.000000000000000000e+00
2.185983204715152084e+01,0.000000000000000000e+00,0.000000000000000000e+00
2.463398922070564723e+01,0.000000000000000000e+00,0.000000000000000000e+00
2.376029165838465573e+01,0.000000000000000000e+00,0.000000000000000000e+00
2.124419806382425335e+01,0.000000000000000000e+00,0.000000000000000000e+00
2.163996733439313047e+01,0.000000000000000000e+00,0.000000000000000000e+00
1.889572429694914746e+01,0.000000000000000000e+00,0.000000000000000000e+00
2.033148316206808204e+01,0.000000000000000000e+00,0.000000000000000000e+00
2.568875514612714994e+01,0.000000000000000000e+00,0.000000000000000000e+00
2.111309014998408529e+01,0.000000000000000000e+00,0.000000000000000000e+00
1.883015069526943108e+01,0.000000000000000000e+00,0.000000000000000000e+00
2.059635550800911830e+01,0.000000000000000000e+00,0.000000000000000000e+00
2.112324602762269876e+01,0.000000000000000000e+00,0.000000000000000000e+00
2.501505628217138266e+01,0.000000000000000000e+00,0.000000000000000000e+00
1.980821699216610199e+01,0.000000000000000000e+00,0.000000000000000000e+00
2.336891457804153305e+01,0.000000000000000000e+00,0.000000000000000000e+00
2.043270866479031511e+01,0.000000000000000000e+00,0.000000000000000000e+00
2.323729140798238646e+01,0.000000000000000000e+00,0.000000000000000000e+00
2.025306914461753038e+01,0.000000000000000000e+00,0.000000000000000000e+00
2.301908492369943815e+01,0.000000000000000000e+00,0.000000000000000000e+00
2.486918868482258205e+01,0.000000000000000000e+00,0.000000000000000000e+00
2.239512700950845669e+01,0.000000000000000000e+00,0.000000000000000000e+00
2.111276004431642050e+01,0.000000000000000000e+00,0.000000000000000000e+00
2.246293770979222515e+01,0.000000000000000000e+00,0.000000000000000000e+00
2.164225054409205740e+01,0.000000000000000000e+00,0.000000000000000000e+00
2.071003768131351919e+01,0.000000000000000000e+00,0.000000000000000000e+00
2.095034833851299894e+01,0.000000000000000000e+00,0.000000000000000000e+00
2.245132985311603591e+01,0.000000000000000000e+00,0.000000000000000000e+00
1.880273541230375400e+01,0.000000000000000000e+00,0.000000000000000000e+00
2.150116844387201454e+01,0.000000000000000000e+00,0.000000000000000000e+00
2.166575053949123841e+01,0.000000000000000000e+00,0.000000000000000000e+00
2.035703907226173115e+01,0.000000000000000000e+00,0.000000000000000000e+00
2.002078365524933190e+01,0.000000000000000000e+00,0.000000000000000000e+00
2.338634335409741993e+01,0.000000000000000000e+00,0.000000000000000000e+00
2.009011476711776822e+01,0.000000000000000000e+00,0.000000000000000000e+00
2.040005789949435311e+01,0.000000000000000000e+00,0.000000000000000000e+00
2.048746283440830851e+01,0.000000000000000000e+00,0.000000000000000000e+00
2.077556713065568061e+01,0.000000000000000000e+00,0.000000000000000000e+00
2.054860983094642179e+01,0.000000000000000000e+00,0.000000000000000000e+00
1.884308537499435943e+01,0.000000000000000000e+00,0.000000000000000000e+00
2.393632728274465293e+01,0.000000000000000000e+00,0.000000000000000000e+00
1.927000793527133737e+01,0.000000000000000000e+00,0.000000000000000000e+00
1.928402592111814329e+01,0.000000000000000000e+00,0.000000000000000000e+00
1.775809594436519845e+01,0.000000000000000000e+00,0.000000000000000000e+00
1.598269346699697380e+01,0.000000000000000000e+00,0.000000000000000000e+00
2.087420855632856842e+01,0.000000000000000000e+00,0.000000000000000000e+00
2.353070832342043417e+01,0.000000000000000000e+00,0.000000000000000000e+00
2.242280540187481819e+01,0.000000000000000000e+00,0.000000000000000000e+00
1.982272648852822172e+01,0.000000000000000000e+00,0.000000000000000000e+00
2.124225535337939164e+01,0.000000000000000000e+00,0.000000000000000000e+00
2.063530423421534721e+01,0.000000000000000000e+00,0.000000000000000000e+00
1.886061821964381835e+01,0.000000000000000000e+00,0.000000000000000000e+00
2.220825702210024843e+01,0.000000000000000000e+00,0.000000000000000000e+00
1.991896163033564093e+01,0.000000000000000000e+00,0.000000000000000000e+00
2.110819004705805924e+01,0.000000000000000000e+00,0.000000000000000000e+00
2.256907081720963859e+01,0.000000000000000000e+00,0.000000000000000000e+00
1.789147894736899858e+01,0.000000000000000000e+00,0.000000000000000000e+00
2.136849226529831114e+01,0.000000000000000000e+00,0.000000000000000000e+00
2.539124700291230852e+01,0.000000000000000000e+00,0.000000000000000000e+00
1.887415377922112114e+01,0.000000000000000000e+00,0.000000000000000000e+00
2.012327366548500507e+01,0.000000000000000000e+00,0.000000000000000000e+00
2.180117702446829142e+01,0.000000000000000000e+00,0.000000000000000000e+00
1.962313525213540899e+01,0.000000000000000000e+00,0.000000000000000000e+00
2.190187328839293457e+01,0.000000000000000000e+00,0.000000000000000000e+00
1.594844523233410882e+01,0.000000000000000000e+00,0.000000000000000000e+00
2.091872890929115059e+01,0.000000000000000000e+00,0.000000000000000000e+00
1.956380316168177913e+01,0.000000000000000000e+00,0.000000000000000000e+00
2.222101433491032196e+01,0.000000000000000000e+00,0.000000000000000000e+00
1.860926882232254442e+01,0.000000000000000000e+00,0.000000000000000000e+00
2.476455510502006163e+01,0.000000000000000000e+00,0.000000000000000000e+00
1.759930200981450454e+01,0.000000000000000000e+00,0.000000000000000000e+00
2.444151665413603070e+01,0.000000000000000000e+00,0.000000000000000000e+00
1.654718419220343151e+01,0.000000000000000000e+00,0.000000000000000000e+00
2.142575610344792025e+01,0.000000000000000000e+00,0.000000000000000000e+00
1.623730876178206728e+01,0.000000000000000000e+00,0.000000000000000000e+00
2.175421980268294675e+01,0.000000000000000000e+00,0.000000000000000000e+00
2.002814506023647212e+01,0.000000000000000000e+00,0.000000000000000000e+00
1.762384801064002104e+01,0.000000000000000000e+00,0.000000000000000000e+00
1.940245469385147103e+01,0.000000000000000000e+00,0.000000000000000000e+00
1.992650616710606926e+01,0.000000000000000000e+00,0.000000000000000000e+00
2.070935941673322844e+01,0.000000000000000000e+00,0.000000000000000000e+00
2.431715119473543751e+01,0.000000000000000000e+00,0.000000000000000000e+00
1.998871955379456011e+01,0.000000000000000000e+00,0.000000000000000000e+00
2.255650236184292723e+01,0.000000000000000000e+00,0.000000000000000000e+00
2.096312744728135868e+01,0.000000000000000000e+00,0.000000000000000000e+00
1.960598219889907057e+01,0.000000000000000000e+00,0.000000000000000000e+00
1.926172333835675232e+01,0.000000000000000000e+00,0.000000000000000000e+00
1.767214437405441885e+01,0.000000000000000000e+00,0.000000000000000000e+00
1.710898694835010403e+01,0.000000000000000000e+00,0.000000000000000000e+00
1.901629191289073617e+01,0.000000000000000000e+00,0.000000000000000000e+00
1.567235984916634983e+01,0.000000000000000000e+00,0.000000000000000000e+00
1.955126271732469334e+01,0.000000000000000000e+00,0.000000000000000000e+00
2.178766740737794194e+01,0.000000000000000000e+00,0.000000000000000000e+00
1.949807657781513726e+01,0.000000000000000000e+00,0.000000000000000000e+00
2.067112125178417159e+01,0.000000000000000000e+00,0.000000000000000000e+00
2.438644303971849681e+01,0.000000000000000000e+00,0.000000000000000000e+00
2.389253731413131376e+01,0.000000000000000000e+00,0.000000000000000000e+00
2.080203653478090331e+01,0.000000000000000000e+00,0.000000000000000000e+00
1.809828767699995566e+01,0.000000000000000000e+00,0.000000000000000000e+00
2.111489332815641262e+01,0.000000000000000000e+00,0.000000000000000000e+00
2.001941542214683523e+01,0.000000000000000000e+00,0.000000000000000000e+00
2.026154582195181320e+01,0.000000000000000000e+00,0.000000000000000000e+00
2.078921593356288255e+01,0.000000000000000000e+00,0.000000000000000000e+00
1.751435622090952293e+01,0.000000000000000000e+00,0.000000000000000000e+00
2.055930741486263003e+01,0.000000000000000000e+00,0.000000000000000000e+00
2.021803031351145208e+01,0.000000000000000000e+00,0.000000000000000000e+00
2.213277342105393330e+01,0.000000000000000000e+00,0.000000000000000000e+00
2.234511847921925565e+01,0.000000000000000000e+00,0.000000000000000000e+00
2.078678909423341636e+01,0.000000000000000000e+00,0.000000000000000000e+00
1.594938319773946134e+01,0.000000000000000000e+00,0.000000000000000000e+00
1.701974788974933972e+01,0.000000000000000000e+00,0.000000000000000000e+00
1.999356056310010032e+01,0.000000000000000000e+00,0.000000000000000000e+00
1.818219637656118337e+01,0.000000000000000000e+00,0.000000000000000000e+00
1.991695002121521441e+01,0.000000000000000000e+00,0.000000000000000000e+00
2.065832996933954391e+01,0.000000000000000000e+00,0.000000000000000000e+00
2.067637415284684721e+01,0.000000000000000000e+00,0.000000000000000000e+00
1.990492825225887685e+01,0.000000000000000000e+00,0.000000000000000000e+00
2.113094297115365805e+01,0.000000000000000000e+00,0.000000000000000000e+00
2.050256859461142156e+01,0.000000000000000000e+00,0.000000000000000000e+00
1.807318403086831182e+01,0.000000000000000000e+00,0.000000000000000000e+00
2.199694106281804551e+01,0.000000000000000000e+00,0.000000000000000000e+00
1.942834973024316980e+01,0.000000000000000000e+00,0.000000000000000000e+00
1.903520484537632385e+01,0.000000000000000000e+00,0.000000000000000000e+00
2.129223250461258488e+01,0.000000000000000000e+00,0.000000000000000000e+00
1.647568265675551302e+01,0.000000000000000000e+00,0.000000000000000000e+00
2.306706887702743103e+01,0.000000000000000000e+00,0.000000000000000000e+00
2.069715816395234143e+01,0.000000000000000000e+00,0.000000000000000000e+00
2.199471229623192770e+01,0.000000000000000000e+00,0.000000000000000000e+00
1.644292398162853530e+01,0.000000000000000000e+00,0.000000000000000000e+00
2.029701994589352054e+01,0.000000000000000000e+00,0.000000000000000000e+00
2.170782333247081652e+01,0.000000000000000000e+00,0.000000000000000000e+00
1.942858720802543004e+01,0.000000000000000000e+00,0.000000000000000000e+00
2.122962707883853994e+01,0.000000000000000000e+00,0.000000000000000000e+00
2.091374486328145110e+01,0.000000000000000000e+00,0.000000000000000000e+00
2.100842579080775607e+01,0.000000000000000000e+00,0.000000000000000000e+00
1.799564047061400274e+01,0.000000000000000000e+00,0.000000000000000000e+00
1.824933002585932229e+01,0.000000000000000000e+00,0.000000000000000000e+00
2.493128075226359641e+01,0.000000000000000000e+00,0.000000000000000000e+00
2.127059327940509803e+01,0.000000000000000000e+00,0.000000000000000000e+00
1.773946158774780457e+01,0.000000000000000000e+00,0.000000000000000000e+00
2.212642979358912854e+01,0.000000000000000000e+00,0.000000000000000000e+00
2.180746213702308722e+01,0.000000000000000000e+00,0.000000000000000000e+00
2.269974509628658765e+01,0.000000000000000000e+00,0.000000000000000000e+00
2.181254028250937083e+01,0.000000000000000000e+00,0.000000000000000000e+00
1.899045123083061526e+01,0.000000000000000000e+00,0.000000000000000000e+00
2.201933109952769385e+01,0.000000000000000000e+00,0.000000000000000000e+00
2.413090313279617050e+01,0.000000000000000000e+00,0.000000000000000000e+00
2.000791773665993034e+01,0.000000000000000000e+00,0.000000000000000000e+00
1.851033544588892710e+01,0.000000000000000000e+00,0.000000000000000000e+00
1.953379710995118046e+01,0.000000000000000000e+00,0.000000000000000000e+00
2.038760463906433884e+01,0.000000000000000000e+00,0.000000000000000000e+00
2.166717836031162392e+01,0.000000000000000000e+00,0.000000000000000000e+00
1.986761993694128492e+01,0.000000000000000000e+00,0.000000000000000000e+00
2.011515803503628064e+01,0.000000000000000000e+00,0.000000000000000000e+00
1.867769089969187846e+01,0.000000000000000000e+00,0.000000000000000000e+00
2.117827559211641031e+01,0.000000000000000000e+00,0.000000000000000000e+00
2.211452862021961252e+01,0.000000000000000000e+00,0.000000000000000000e+00
1.883221630511316746e+01,0.000000000000000000e+00,0.000000000000000000e+00
2.047017125385464098e+01,0.000000000000000000e+00,0.000000000000000000e+00
2.060961822113280562e+01,0.000000000000000000e+00,0.000000000000000000e+00
2.207107362437928444e+01,0.000000000000000000e+00,0.000000000000000000e+00
2.017183430952607992e+01,0.000000000000000000e+00,0.000000000000000000e+00
2.015022140440489551e+01,0.000000000000000000e+00,0.000000000000000000e+00
1.982575630529132127e+01,0.000000000000000000e+00,0.000000000000000000e+00
2.039154438972393635e+01,0.000000000000000000e+00,0.000000000000000000e+00
2.113170962474399062e+01,0.000000000000000000e+00,0.000000000000000000e+00
2.074157751091574653e+01,0.000000000000000000e+00,0.000000000000000000e+00
2.093610841918613019e+01,0.000000000000000000e+00,0.000000000000000000e+00
1.949654180997298170e+01,0.000000000000000000e+00,0.000000000000000000e+00
2.012388907235433422e+01,0.000000000000000000e+00,0.000000000000000000e+00
1.932724544502192643e+01,0.000000000000000000e+00,0.000000000000000000e+00
1.885727285267318010e+01,0.000000000000000000e+00,0.000000000000000000e+00
2.152297402179596730e+01,0.000000000000000000e+00,0.000000000000000000e+00
2.099508630803834563e+01,0.000000000000000000e+00,0.000000000000000000e+00
1.964977782934325035e+01,0.000000000000000000e+00,0.000000000000000000e+00
2.247194743909199843e+01,0.000000000000000000e+00,0.000000000000000000e+00
2.140145390701065509e+01,0.000000000000000000e+00,0.000000000000000000e+00
1.879190284639471642e+01,0.000000000000000000e+00,0.000000000000000000e+00
1.946090967287057083e+01,0.000000000000000000e+00,0.000000000000000000e+00
2.078436468087368638e+01,0.000000000000000000e+00,0.000000000000000000e+00
1.903940073297446389e+01,0.000000000000000000e+00,0.000000000000000000e+00
1.854655521534703766e+01,0.000000000000000000e+00,0.000000000000000000e+00
2.012431314563305307e+01,0.000000000000000000e+00,0.000000000000000000e+00
1.920228316050275552e+01,0.000000000000000000e+00,0.000000000000000000e+00
1.981399531321568119e+01,0.000000000000000000e+00,0.000000000000000000e+00
2.255726876015175719e+01,0.000000000000000000e+00,0.000000000000000000e+00
1.944774772646596261e+01,0.000000000000000000e+00,0.000000000000000000e+00
2.053355627642002901e+01,0.000000000000000000e+00,0.000000000000000000e+00
1.880683190655179970e+01,0.000000000000000000e+00,0.000000000000000000e+00
1.962174499229521984e+01,0.000000000000000000e+00,0.000000000000000000e+00
2.248474072609100460e+01,0.000000000000000000e+00,0.000000000000000000e+00
1.961267750866203485e+01,0.000000000000000000e+00,0.000000000000000000e+00
2.005766548747782707e+01,0.000000000000000000e+00,0.000000000000000000e+00
1.846967311266657674e+01,0.000000000000000000e+00,0.000000000000000000e+00
1.981615621634372815e+01,0.000000000000000000e+00,0.000000000000000000e+00
1.771778997994336891e+01,0.000000000000000000e+00,0.000000000000000000e+00
2.353135360277591559e+01,0.000000000000000000e+00,0.000000000000000000e+00
1.678273456664354768e+01,0.000000000000000000e+00,0.000000000000000000e+00
1.960946272103346999e+01,0.000000000000000000e+00,0.000000000000000000e+00
2.049073579186980254e+01,0.000000000000000000e+00,0.000000000000000000e+00
2.098137413474882607e+01,0.000000000000000000e+00,0.000000000000000000e+00
1.565417070413841749e+01,0.000000000000000000e+00,0.000000000000000000e+00
2.064611946018802158e+01,0.000000000000000000e+00,0.000000000000000000e+00
2.135451409575015091e+01,0.000000000000000000e+00,0.000000000000000000e+00
2.216924004327218967e+01,0.000000000000000000e+00,0.000000000000000000e+00
1.942834369547057349e+01,0.000000000000000000e+00,0.000000000000000000e+00
2.055730147050024570e+01,0.000000000000000000e+00,0.000000000000000000e+00
2.272621646779669646e+01,0.000000000000000000e+00,0.000000000000000000e+00
2.286166435712810241e+01,0.000000000000000000e+00,0.000000000000000000e+00
2.179963973000461408e+01,0.000000000000000000e+00,0.000000000000000000e+00
1.482766555158963762e+01,0.000000000000000000e+00,0.000000000000000000e+00
2.240892398127956042e+01,0.000000000000000000e+00,0.000000000000000000e+00
1.692730445522587956e+01,0.000000000000000000e+00,0.000000000000000000e+00
1.952351289511548060e+01,0.000000000000000000e+00,0.000000000000000000e+00
2.178111668202079798e+01,0.000000000000000000e+00,0.000000000000000000e+00
2.120141225987206113e+01,0.000000000000000000e+00,0.000000000000000000e+00
2.005886325607464471e+01,0.000000000000000000e+00,0.000000000000000000e+00
2.359210816103270858e+01,0.000000000000000000e+00,0.000000000000000000e+00
1.778302412530171850e+01,0.000000000000000000e+00,0.000000000000000000e+00
2.086390773157860323e+01,0.000000000000000000e+00,0.000000000000000000e+00
1.748663083182739086e+01,0.000000000000000000e+00,0.000000000000000000e+00
1.708019207663269512e+01,0.000000000000000000e+00,0.000000000000000000e+00
2.057401278757806296e+01,0.000000000000000000e+00,0.000000000000000000e+00
2.217939345758504288e+01,0.000000000000000000e+00,0.000000000000000000e+00
2.063613627125666028e+01,0.000000000000000000e+00,0.000000000000000000e+00
2.290566934411118183e+01,0.000000000000000000e+00,0.000000000000000000e+00
2.408499172368975394e+01,0.000000000000000000e+00,0.000000000000000000e+00
2.156009166230602858e+01,0.000000000000000000e+00,0.000000000000000000e+00
2.402004183831494188e+01,0.000000000000000000e+00,0.000000000000000000e+00
2.083813781475203442e+01,0.000000000000000000e+00,0.000000000000000000e+00
2.379115924933617521e+01,0.000000000000000000e+00,0.000000000000000000e+00
1.747532331075326084e+01,0.000000000000000000e+00,0.000000000000000000e+00
1.873834359994904375e+01,0.000000000000000000e+00,0.000000000000000000e+00
2.245376114604108864e+01,0.000000000000000000e+00,0.000000000000000000e+00
2.233650581473576224e+01,0.000000000000000000e+00,0.000000000000000000e+00
1.957256329492913949e+01,0.000000000000000000e+00,0.000000000000000000e+00
2.006496651030894895e+01,0.000000000000000000e+00,0.000000000000000000e+00
2.152468995986158617e+01,0.000000000000000000e+00,0.000000000000000000e+00
2.184679504447675669e+01,0.000000000000000000e+00,0.000000000000000000e+00
2.008034255571201143e+01,0.000000000000000000e+00,0.000000000000000000e+00
2.023144219388619547e+01,0.000000000000000000e+00,0.000000000000000000e+00
1.814476944556506766e+01,0.000000000000000000e+00,0.000000000000000000e+00
2.295974182620199500e+01,0.000000000000000000e+00,0.000000000000000000e+00
2.254399337334743336e+01,0.000000000000000000e+00,0.000000000000000000e+00
1.850458350064250723e+01,0.000000000000000000e+00,0.000000000000000000e+00
2.054503661665299319e+01,0.000000000000000000e+00,0.000000000000000000e+00
1.974381689766960690e+01,0.000000000000000000e+00,0.000000000000000000e+00
2.413781009466600480e+01,0.000000000000000000e+00,0.000000000000000000e+00
2.344192541793027118e+01,0.000000000000000000e+00,0.000000000000000000e+00
2.291923607340408253e+01,0.000000000000000000e+00,0.000000000000000000e+00
2.281689708203674982e+01,0.000000000000000000e+00,0.000000000000000000e+00
2.196648180789922833e+01,0.000000000000000000e+00,0.000000000000000000e+00
1.809268796986156858e+01,0.000000000000000000e+00,0.000000000000000000e+00
2.448703707109722671e+01,0.000000000000000000e+00,0.000000000000000000e+00
2.509778697890509847e+01,0.000000000000000000e+00,0.000000000000000000e+00
2.002133418106268081e+01,0.000000000000000000e+00,0.000000000000000000e+00
2.118809281668352540e+01,0.000000000000000000e+00,0.000000000000000000e+00
2.459507915911962783e+01,0.000000000000000000e+00,0.000000000000000000e+00
2.251825037432032417e+01,0.000000000000000000e+00,0.000000000000000000e+00
2.168854443709783553e+01,0.000000000000000000e+00,0.000000000000000000e+00
1.949562999877645098e+01,0.000000000000000000e+00,0.000000000000000000e+00
2.351478095696369053e+01,0.000000000000000000e+00,0.000000000000000000e+00
2.413983157765962773e+01,0.000000000000000000e+00,0.000000000000000000e+00
2.176360941604599120e+01,0.000000000000000000e+00,0.000000000000000000e+00
2.441226546914018058e+01,0.000000000000000000e+00,0.000000000000000000e+00
2.291006991759235945e+01,0.000000000000000000e+00,0.000000000000000000e+00
1.898132786639872549e+01,0.000000000000000000e+00,0.000000000000000000e+00
1.917767395998115632e+01,0.000000000000000000e+00,0.000000000000000000e+00
1.964245599619716032e+01,0.000000000000000000e+00,0.000000000000000000e+00
2.161574782416530738e+01,0.000000000000000000e+00,0.000000000000000000e+00
2.264992632337168033e+01,0.000000000000000000e+00,0.000000000000000000e+00
1.827203358370130815e+01,0.000000000000000000e+00,0.000000000000000000e+00
2.299640680325632758e+01,0.000000000000000000e+00,0.000000000000000000e+00
1.927593075975885029e+01,0.000000000000000000e+00,0.000000000000000000e+00
2.214753819705608606e+01,0.000000000000000000e+00,0.000000000000000000e+00
2.066668442774311742e+01,0.000000000000000000e+00,0.000000000000000000e+00
2.419363349574430799e+01,0.000000000000000000e+00,0.000000000000000000e+00
2.343278658076703280e+01,0.000000000000000000e+00,0.000000000000000000e+00
2.185409589850706524e+01,0.000000000000000000e+00,0.000000000000000000e+00
2.516519985991271113e+01,0.000000000000000000e+00,0.000000000000000000e+00
1.857707821428793338e+01,0.000000000000000000e+00,0.000000000000000000e+00
2.056674071094832357e+01,0.000000000000000000e+00,0.000000000000000000e+00
2.090146961307889484e+01,0.000000000000000000e+00,0.000000000000000000e+00
2.147362299816596121e+01,0.000000000000000000e+00,0.000000000000000000e+00
1.918856649924065039e+01,0.000000000000000000e+00,0.000000000000000000e+00
2.093287622576532314e+01,0.000000000000000000e+00,0.000000000000000000e+00
2.374176891324633942e+01,0.000000000000000000e+00,0.000000000000000000e+00
2.326563579026332462e+01,0.000000000000000000e+00,0.000000000000000000e+00
2.314822719530503292e+01,0.000000000000000000e+00,0.000000000000000000e+00
2.286946956968318290e+01,0.000000000000000000e+00,0.000000000000000000e+00
2.372781461987408846e+01,0.000000000000000000e+00,0.000000000000000000e+00
2.132896449403213879e+01,0.000000000000000000e+00,0.000000000000000000e+00
2.345151244324572204e+01,0.000000000000000000e+00,0.000000000000000000e+00
2.558784204515164618e+01,0.000000000000000000e+00,0.000000000000000000e+00
2.040653773993967945e+01,0.000000000000000000e+00,0.000000000000000000e+00
2.196161634370743343e+01,0.000000000000000000e+00,0.000000000000000000e+00
2.568059273816369270e+01,0.000000000000000000e+00,0.000000000000000000e+00
2.203389794663041457e+01,0.000000000000000000e+00,0.000000000000000000e+00
2.054846959909169257e+01,0.000000000000000000e+00,0.000000000000000000e+00
2.086718603214149681e+01,0.000000000000000000e+00,0.000000000000000000e+00
2.309566541734462675e+01,0.000000000000000000e+00,0.000000000000000000e+00
2.232203326527764986e+01,0.000000000000000000e+00,0.000000000000000000e+00
2.226665324471310115e+01,0.000000000000000000e+00,0.000000000000000000e+00
2.221793364464739895e+01,0.000000000000000000e+00,0.000000000000000000e+00
2.452369017451013633e+01,0.000000000000000000e+00,0.000000000000000000e+00
2.430151021310275539e+01,0.000000000000000000e+00,0.000000000000000000e+00
2.253132728795124606e+01,0.000000000000000000e+00,0.000000000000000000e+00
2.323374491660718277e+01,0.000000000000000000e+00,0.000000000000000000e+00
2.445581705043788290e+01,0.000000000000000000e+00,0.000000000000000000e+00
2.042193496189299751e+01,0.000000000000000000e+00,0.000000000000000000e+00
2.477972037301561414e+01,0.000000000000000000e+00,0.000000000000000000e+00
2.597215177508228123e+01,0.000000000000000000e+00,0.000000000000000000e+00
2.277336559363216040e+01,0.000000000000000000e+00,0.000000000000000000e+00
2.563482251952748214e+01,0.000000000000000000e+00,0.000000000000000000e+00
1.991294101452209020e+01,0.000000000000000000e+00,0.000000000000000000e+00
2.552913548931751109e+01,0.000000000000000000e+00,0.000000000000000000e+00
2.328302089291220867e+01,0.000000000000000000e+00,0.000000000000000000e+00
2.132145045365064107e+01,0.000000000000000000e+00,0.000000000000000000e+00
2.283265646758894718e+01,0.000000000000000000e+00,0.000000000000000000e+00
2.144961116246817312e+01,0.000000000000000000e+00,0.000000000000000000e+00
2.052022203151714663e+01,0.000000000000000000e+00,0.000000000000000000e+00
2.488688893351097775e+01,0.000000000000000000e+00,0.000000000000000000e+00
2.679407543790926738e+01,0.000000000000000000e+00,0.000000000000000000e+00
2.551733675099283971e+01,0.000000000000000000e+00,0.000000000000000000e+00
2.208514614394500697e+01,0.000000000000000000e+00,0.000000000000000000e+00
2.106382069735502682e+01,0.000000000000000000e+00,0.000000000000000000e+00
2.607665098129244186e+01,0.000000000000000000e+00,0.000000000000000000e+00
2.426266292998176510e+01,0.000000000000000000e+00,0.000000000000000000e+00
2.351273416934177973e+01,0.000000000000000000e+00,0.000000000000000000e+00
2.590782758116801432e+01,0.000000000000000000e+00,0.000000000000000000e+00
2.456014390380527601e+01,0.000000000000000000e+00,0.000000000000000000e+00
2.293499999511886500e+01,0.000000000000000000e+00,0.000000000000000000e+00
2.392837235622630487e+01,0.000000000000000000e+00,0.000000000000000000e+00
2.554053158168977333e+01,0.000000000000000000e+00,0.000000000000000000e+00
2.096743335095131400e+01,0.000000000000000000e+00,0.000000000000000000e+00
2.013632300956529519e+01,0.000000000000000000e+00,0.000000000000000000e+00
2.393948838917057031e+01,0.000000000000000000e+00,0.000000000000000000e+00
2.032586153615249458e+01,0.000000000000000000e+00,0.000000000000000000e+00
2.451651664687422993e+01,0.000000000000000000e+00,0.000000000000000000e+00
2.588591504493645701e+01,0.000000000000000000e+00,0.000000000000000000e+00
2.363717283657781110e+01,0.000000000000000000e+00,0.000000000000000000e+00
2.585025438410129084e+01,0.000000000000000000e+00,0.000000000000000000e+00
2.246807465476230448e+01,0.000000000000000000e+00,0.000000000000000000e+00
2.321060047536061788e+01,0.000000000000000000e+00,0.000000000000000000e+00
2.493891276537813440e+01,0.000000000000000000e+00,0.000000000000000000e+00
2.516634567711370352e+01,0.000000000000000000e+00,0.000000000000000000e+00
2.405900567109896215e+01,0.000000000000000000e+00,0.000000000000000000e+00
2.371076261525997708e+01,0.000000000000000000e+00,0.000000000000000000e+00
2.703161195045949228e+01,0.000000000000000000e+00,0.000000000000000000e+00
2.577158177287643070e+01,0.000000000000000000e+00,0.000000000000000000e+00
2.377362433613684445e+01,0.000000000000000000e+00,0.000000000000000000e+00
2.588995709699771908e+01,0.000000000000000000e+00,0.000000000000000000e+00
2.297940792479655059e+01,0.000000000000000000e+00,0.000000000000000000e+00
2.785995821173305487e+01,0.000000000000000000e+00,0.000000000000000000e+00
2.859636173560368633e+01,0.000000000000000000e+00,0.000000000000000000e+00
2.623254803570360494e+01,0.000000000000000000e+00,0.000000000000000000e+00
2.467609203929412942e+01,0.000000000000000000e+00,0.000000000000000000e+00
2.285853135341425002e+01,0.000000000000000000e+00,0.000000000000000000e+00
2.454737879244805399e+01,0.000000000000000000e+00,0.000000000000000000e+00
2.527126289330007936e+01,0.000000000000000000e+00,0.000000000000000000e+00
2.463967367937335951e+01,0.000000000000000000e+00,0.000000000000000000e+00
2.729589448293725340e+01,0.000000000000000000e+00,0.000000000000000000e+00
2.787498422657945696e+01,0.000000000000000000e+00,0.000000000000000000e+00
2.403514562934809007e+01,0.000000000000000000e+00,0.000000000000000000e+00
2.636057638968897976e+01,0.000000000000000000e+00,0.000000000000000000e+00
2.394640759176110478e+01,0.000000000000000000e+00,0.000000000000000000e+00
2.729859394725584565e+01,0.000000000000000000e+00,0.000000000000000000e+00
2.454213887877235223e+01,0.000000000000000000e+00,0.000000000000000000e+00
2.495285122346385265e+01,0.000000000000000000e+00,0.000000000000000000e+00
2.324718834603869055e+01,0.000000000000000000e+00,0.000000000000000000e+00
2.894031007099379948e+01,0.000000000000000000e+00,0.000000000000000000e+00
2.019180062524280572e+01,0.000000000000000000e+00,0.000000000000000000e+00
2.774905289491840321e+01,0.000000000000000000e+00,0.000000000000000000e+00
2.564244215515341452e+01,0.000000000000000000e+00,0.000000000000000000e+00
2.800867880612828742e+01,0.000000000000000000e+00,0.000000000000000000e+00
2.538541909383751261e+01,0.000000000000000000e+00,0.000000000000000000e+00
2.621171322885571442e+01,0.000000000000000000e+00,0.000000000000000000e+00
2.713488989293449549e+01,0.000000000000000000e+00,0.000000000000000000e+00
2.688785077130053480e+01,0.000000000000000000e+00,0.000000000000000000e+00
2.626453012835855816e+01,0.000000000000000000e+00,0.000000000000000000e+00
2.802593555293085359e+01,0.000000000000000000e+00,0.000000000000000000e+00
2.297434872430966024e+01,0.000000000000000000e+00,0.000000000000000000e+00
2.828446020501601765e+01,0.000000000000000000e+00,0.000000000000000000e+00
2.652192886661114102e+01,0.000000000000000000e+00,0.000000000000000000e+00
2.709757852499408770e+01,0.000000000000000000e+00,0.000000000000000000e+00
3.001226986662616980e+01,0.000000000000000000e+00,0.000000000000000000e+00
2.912944749933745570e+01,0.000000000000000000e+00,0.000000000000000000e+00
2.482518050487448846e+01,0.000000000000000000e+00,0.000000000000000000e+00
2.498992887754584302e+01,0.000000000000000000e+00,0.000000000000000000e+00
2.909596495101371616e+01,0.000000000000000000e+00,0.000000000000000000e+00
2.596413772658740626e+01,0.000000000000000000e+00,0.000000000000000000e+00
2.383604243293983416e+01,0.000000000000000000e+00,0.000000000000000000e+00
2.690101994605381108e+01,0.000000000000000000e+00,0.000000000000000000e+00
2.750258238417723078e+01,0.000000000000000000e+00,0.000000000000000000e+00
2.952056187335582749e+01,0.000000000000000000e+00,0.000000000000000000e+00
3.178075306131924904e+01,0.000000000000000000e+00,0.000000000000000000e+00
2.591503499344091210e+01,0.000000000000000000e+00,0.000000000000000000e+00
2.592874023582919207e+01,0.000000000000000000e+00,0.000000000000000000e+00
3.018318959373949184e+01,0.000000000000000000e+00,0.000000000000000000e+00
2.866502290241703221e+01,0.000000000000000000e+00,0.000000000000000000e+00
2.697545224227947003e+01,0.000000000000000000e+00,0.000000000000000000e+00
2.853102744344789343e+01,0.000000000000000000e+00,0.000000000000000000e+00
2.951033878425036860e+01,0.000000000000000000e+00,0.000000000000000000e+00
2.641738298114883321e+01,0.000000000000000000e+00,0.000000000000000000e+00
2.713100315278769514e+01,0.000000000000000000e+00,0.000000000000000000e+00
2.590500862668377735e+01,0.000000000000000000e+00,0.000000000000000000e+00
2.495755962677891304e+01,0.000000000000000000e+00,0.000000000000000000e+00
2.883063359169900153e+01,0.000000000000000000e+00,0.000000000000000000e+00
2.864303007664486600e+01,0.000000000000000000e+00,0.000000000000000000e+00
3.113625107202504694e+01,0.000000000000000000e+00,0.000000000000000000e+00
2.855195950875572564e+01,0.000000000000000000e+00,0.000000000000000000e+00
2.622442624780339315e+01,0.000000000000000000e+00,0.000000000000000000e+00
2.752865213364199803e+01,0.000000000000000000e+00,0.000000000000000000e+00
3.017820993189539180e+01,0.000000000000000000e+00,0.000000000000000000e+00
2.695471153488715998e+01,0.000000000000000000e+00,0.000000000000000000e+00
2.696260595695993700e+01,0.000000000000000000e+00,0.000000000000000000e+00
2.548930490391063941e+01,0.000000000000000000e+00,0.000000000000000000e+00
2.863023821653496626e+01,0.000000000000000000e+00,0.000000000000000000e+00
2.677834427662031302e+01,0.000000000000000000e+00,0.000000000000000000e+00
2.690628544596971494e+01,0.000000000000000000e+00,0.000000000000000000e+00
2.765463534457333594e+01,0.000000000000000000e+00,0.000000000000000000e+00
2.856188879629228339e+01,0.000000000000000000e+00,0.000000000000000000e+00
2.518838887823194028e+01,0.000000000000000000e+00,0.000000000000000000e+00
2.833272226809856775e+01,0.000000000000000000e+00,0.000000000000000000e+00
2.736678490222418247e+01,0.000000000000000000e+00,0.000000000000000000e+00
2.736446524476221143e+01,0.000000000000000000e+00,0.000000000000000000e+00
3.035454184441016068e+01,0.000000000000000000e+00,0.000000000000000000e+00
3.295207353721601606e+01,0.000000000000000000e+00,0.000000000000000000e+00
3.260985741942063498e+01,0.000000000000000000e+00,0.000000000000000000e+00
2.962893912596347690e+01,0.000000000000000000e+00,0.000000000000000000e+00
3.347656056934162194e+01,0.000000000000000000e+00,0.000000000000000000e+00
3.257368188651875585e+01,0.000000000000000000e+00,0.000000000000000000e+00
3.038280840592920740e+01,0.000000000000000000e+00,0.000000000000000000e+00
3.025114600636736384e+01,0.000000000000000000e+00,0.000000000000000000e+00
2.819828102977976059e+01,0.000000000000000000e+00,0.000000000000000000e+00
3.042622410253518339e+01,0.000000000000000000e+00,0.000000000000000000e+00
3.015722597431017959e+01,0.000000000000000000e+00,0.000000000000000000e+00
2.853089173206540963e+01,0.000000000000000000e+00,0.000000000000000000e+00
2.858099061557525644e+01,0.000000000000000000e+00,0.000000000000000000e+00
2.835112997720979067e+01,0.000000000000000000e+00,0.000000000000000000e+00
2.730186131907248281e+01,0.000000000000000000e+00,0.000000000000000000e+00
2.785309910391520205e+01,0.000000000000000000e+00,0.000000000000000000e+00
3.259376494966453919e+01,0.000000000000000000e+00,0.000000000000000000e+00
2.665952706230445557e+01,0.000000000000000000e+00,0.000000000000000000e+00
3.237405307413904865e+01,0.000000000000000000e+00,0.000000000000000000e+00
3.002870539979941711e+01,0.000000000000000000e+00,0.000000000000000000e+00
3.018784196120289920e+01,0.000000000000000000e+00,0.000000000000000000e+00
3.078332531647107828e+01,0.000000000000000000e+00,0.000000000000000000e+00
2.677495005571294584e+01,0.000000000000000000e+00,0.000000000000000000e+00
3.141047235302164253e+01,0.000000000000000000e+00,0.000000000000000000e+00
2.990946112680076396e+01,0.000000000000000000e+00,0.000000000000000000e+00
3.188968776416178841e+01,0.000000000000000000e+00,0.000000000000000000e+00
2.850981938253439552e+01,0.000000000000000000e+00,0.000000000000000000e+00
2.841919408772813327e+01,0.000000000000000000e+00,0.000000000000000000e+00
2.836812375789230245e+01,0.000000000000000000e+00,0.000000000000000000e+00
2.974260718190530994e+01,0.000000000000000000e+00,0.000000000000000000e+00
3.120967070718106129e+01,0.000000000000000000e+00,0.000000000000000000e+00
3.195826906669331890e+01,0.000000000000000000e+00,0.000000000000000000e+00
3.159829969269808458e+01,0.000000000000000000e+00,0.000000000000000000e+00
3.084402947561812169e+01,0.000000000000000000e+00,0.000000000000000000e+00
2.930286055829509451e+01,0.000000000000000000e+00,0.000000000000000000e+00
2.921908734574346411e+01,0.000000000000000000e+00,0.000000000000000000e+00
2.728743915100660544e+01,0.000000000000000000e+00,0.000000000000000000e+00
3.107774922240655968e+01,0.000000000000000000e+00,0.000000000000000000e+00
3.042330638817403354e+01,0.000000000000000000e+00,0.000000000000000000e+00
3.082111926264098045e+01,0.000000000000000000e+00,0.000000000000000000e+00
3.379911787004753165e+01,0.000000000000000000e+00,0.000000000000000000e+00
3.351251071660138336e+01,0.000000000000000000e+00,0.000000000000000000e+00
3.470587131205009257e+01,0.000000000000000000e+00,0.000000000000000000e+00
3.163107368224680016e+01,0.000000000000000000e+00,0.000000000000000000e+00
3.088346376717489150e+01,0.000000000000000000e+00,0.000000000000000000e+00
2.973059728480641439e+01,0.000000000000000000e+00,0.000000000000000000e+00
3.383925985232392719e+01,0.000000000000000000e+00,0.000000000000000000e+00
3.323791576802668146e+01,0.000000000000000000e+00,0.000000000000000000e+00
3.603343384543190808e+01,0.000000000000000000e+00,0.000000000000000000e+00
3.101949018134470393e+01,0.000000000000000000e+00,0.000000000000000000e+00
3.298650952688392834e+01,0.000000000000000000e+00,0.000000000000000000e+00
3.143259021085776084e+01,0.000000000000000000e+00,0.000000000000000000e+00
3.216108599371074916e+01,0.000000000000000000e+00,0.000000000000000000e+00
3.223227341352058772e+01,0.000000000000000000e+00,0.000000000000000000e+00
3.265378110043060644e+01,0.000000000000000000e+00,0.000000000000000000e+00
3.357416757951474295e+01,0.000000000000000000e+00,0.000000000000000000e+00
3.212329701779981406e+01,0.000000000000000000e+00,0.000000000000000000e+00
3.244063752821953273e+01,0.000000000000000000e+00,0.000000000000000000e+00
3.268360849050985451e+01,0.000000000000000000e+00,0.000000000000000000e+00
3.353000500269897799e+01,0.000000000000000000e+00,0.000000000000000000e+00
3.044209179719021563e+01,0.000000000000000000e+00,0.000000000000000000e+00
3.564324684963855105e+01,0.000000000000000000e+00,0.000000000000000000e+00
3.277763285350724942e+01,0.000000000000000000e+00,0.000000000000000000e+00
3.639087026671688818e+01,0.000000000000000000e+00,0.000000000000000000e+00
3.132880223627747185e+01,0.000000000000000000e+00,0.000000000000000000e+00
2.935359269722741260e+01,0.000000000000000000e+00,0.000000000000000000e+00
3.071774912949723557e+01,0.000000000000000000e+00,0.000000000000000000e+00
3.490384612963960365e+01,0.000000000000000000e+00,0.000000000000000000e+00
3.440255335875293952e+01,0.000000000000000000e+00,0.000000000000000000e+00
3.131256567063660157e+01,0.000000000000000000e+00,0.000000000000000000e+00
3.124715504407225097e+01,0.000000000000000000e+00,0.000000000000000000e+00
3.140290456953427523e+01,0.000000000000000000e+00,0.000000000000000000e+00
3.336067411695547236e+01,0.000000000000000000e+00,0.000000000000000000e+00
3.359778443904567524e+01,0.000000000000000000e+00,0.000000000000000000e+00
3.423767248633389926e+01,0.000000000000000000e+00,0.000000000000000000e+00
3.486237310988499871e+01,0.000000000000000000e+00,0.000000000000000000e+00
3.545913168101019153e+01,0.000000000000000000e+00,0.000000000000000000e+00
3.332189877826186830e+01,0.000000000000000000e+00,0.000000000000000000e+00
3.201409739586402026e+01,0.000000000000000000e+00,0.000000000000000000e+00
3.555374672520451895e+01,0.000000000000000000e+00,0.000000000000000000e+00
3.358455741215113477e+01,0.000000000000000000e+00,0.000000000000000000e+00
3.633958568332384687e+01,0.000000000000000000e+00,0.000000000000000000e+00
3.241030869493922495e+01,0.000000000000000000e+00,0.000000000000000000e+00
3.500808787226213781e+01,0.000000000000000000e+00,0.000000000000000000e+00
3.416155671357782353e+01,0.000000000000000000e+00,0.000000000000000000e+00
3.405740056047496722e+01,0.000000000000000000e+00,0.000000000000000000e+00
3.440649946018383076e+01,0.000000000000000000e+00,0.000000000000000000e+00
3.512016855179859931e+01,0.000000000000000000e+00,0.000000000000000000e+00
3.354291311839104850e+01,0.000000000000000000e+00,0.000000000000000000e+00
3.613121473944649154e+01,0.000000000000000000e+00,0.000000000000000000e+00
3.748158025111575853e+01,0.000000000000000000e+00,0.000000000000000000e+00
3.326800634796300926e+01,0.000000000000000000e+00,0.000000000000000000e+00
3.671543843366802662e+01,0.000000000000000000e+00,0.000000000000000000e+00
3.650637317389126935e+01,0.000000000000000000e+00,0.000000000000000000e+00
3.465076701043913943e+01,0.000000000000000000e+00,0.000000000000000000e+00
3.117689123953182673e+01,0.000000000000000000e+00,0.000000000000000000e+00
3.482201482291495864e+01,0.000000000000000000e+00,0.000000000000000000e+00
3.585322176700467622e+01,0.000000000000000000e+00,0.000000000000000000e+00
3.716422385439502563e+01,0.000000000000000000e+00,0.000000000000000000e+00
3.760816711592815409e+01,0.000000000000000000e+00,0.000000000000000000e+00
3.641957657255530734e+01,0.000000000000000000e+00,0.000000000000000000e+00
3.608782538684735641e+01,0.000000000000000000e+00,0.000000000000000000e+00
3.795149285880867041e+01,0.000000000000000000e+00,0.000000000000000000e+00
3.592141448621888600e+01,0.000000000000000000e+00,0.000000000000000000e+00
3.568484857835213120e+01,0.000000000000000000e+00,0.000000000000000000e+00
3.618345667905501983e+01,0.000000000000000000e+00,0.000000000000000000e+00
3.631065296047664503e+01,0.000000000000000000e+00,0.000000000000000000e+00
3.627814038490213022e+01,0.000000000000000000e+00,0.000000000000000000e+00
3.595724874725161158e+01,0.000000000000000000e+00,0.000000000000000000e+00
3.370323145776879414e+01,0.000000000000000000e+00,0.000000000000000000e+00
3.898205934793998750e+01,0.000000000000000000e+00,0.000000000000000000e+00
3.550580972797645529e+01,0.000000000000000000e+00,0.000000000000000000e+00
3.412011284204241690e+01,0.000000000000000000e+00,0.000000000000000000e+00
3.549567540598955873e+01,0.000000000000000000e+00,0.000000000000000000e+00
3.628010803965573672e+01,0.000000000000000000e+00,0.000000000000000000e+00
3.575618157140853981e+01,0.000000000000000000e+00,0.000000000000000000e+00
3.702183979205721442e+01,0.000000000000000000e+00,0.000000000000000000e+00
3.749068770601555656e+01,0.000000000000000000e+00,0.000000000000000000e+00
3.781560717512867598e+01,0.000000000000000000e+00,0.000000000000000000e+00
3.563578294494556076e+01,0.000000000000000000e+00,0.000000000000000000e+00
3.827708191592267895e+01,0.000000000000000000e+00,0.000000000000000000e+00
3.475691203948094454e+01,0.000000000000000000e+00,0.000000000000000000e+00
3.736068533819459248e+01,0.000000000000000000e+00,0.000000000000000000e+00
3.673779346746265162e+01,0.000000000000000000e+00,0.000000000000000000e+00
3.700914950540435200e+01,0.000000000000000000e+00,0.000000000000000000e+00
3.586338225265534163e+01,0.000000000000000000e+00,0.000000000000000000e+00
3.980885826327732957e+01,0.000000000000000000e+00,0.000000000000000000e+00
3.886982930771790734e+01,0.000000000000000000e+00,0.000000000000000000e+00
3.505173719655931563e+01,0.000000000000000000e+00,0.000000000000000000e+00
3.568314058694884494e+01,0.000000000000000000e+00,0.000000000000000000e+00
3.891825544378048107e+01,0.000000000000000000e+00,0.000000000000000000e+00
4.198277687758957200e+01,0.000000000000000000e+00,0.000000000000000000e+00
3.816226428807210169e+01,0.000000000000000000e+00,0.000000000000000000e+00
3.748059406226635559e+01,0.000000000000000000e+00,0.000000000000000000e+00
3.809722349192237090e+01,0.000000000000000000e+00,0.000000000000000000e+00
3.664078402319809413e+01,0.000000000000000000e+00,0.000000000000000000e+00
3.876021630482154734e+01,0.000000000000000000e+00,0.000000000000000000e+00
3.724122324994763744e+01,0.000000000000000000e+00,0.000000000000000000e+00
3.613894427414678745e+01,0.000000000000000000e+00,0.000000000000000000e+00
3.914032762687819655e+01,0.000000000000000000e+00,0.000000000000000000e+00
3.806345471757666843e+01,0.000000000000000000e+00,0.000000000000000000e+00
3.992675290388115883e+01,0.000000000000000000e+00,0.000000000000000000e+00
3.956981966078247837e+01,0.000000000000000000e+00,0.000000000000000000e+00
3.849897325493108724e+01,0.000000000000000000e+00,0.000000000000000000e+00
3.722562279943468866e+01,0.000000000000000000e+00,0.000000000000000000e+00
4.507030093936429438e+01,0.000000000000000000e+00,0.000000000000000000e+00
3.784860467863213529e+01,0.000000000000000000e+00,0.000000000000000000e+00
3.796324180418049110e+01,0.000000000000000000e+00,0.000000000000000000e+00
3.944821815565826029e+01,0.000000000000000000e+00,0.000000000000000000e+00
3.946556593391281353e+01,0.000000000000000000e+00,0.000000000000000000e+00
3.642409143088930534e+01,0.000000000000000000e+00,0.000000000000000000e+00
4.172128044345879516e+01,0.000000000000000000e+00,0.000000000000000000e+00
3.836248053566392713e+01,0.000000000000000000e+00,0.000000000000000000e+00
4.211031702699942514e+01,0.000000000000000000e+00,0.000000000000000000e+00
4.086742993761857434e+01,0.000000000000000000e+00,0.000000000000000000e+00
3.931237899181918749e+01,0.000000000000000000e+00,0.000000000000000000e+00
4.173959658464794131e+01,0.000000000000000000e+00,0.000000000000000000e+00
3.982199293183789024e+01,0.000000000000000000e+00,0.000000000000000000e+00
3.939872330547609636e+01,0.000000000000000000e+00,0.000000000000000000e+00
4.126524415849525695e+01,0.000000000000000000e+00,0.000000000000000000e+00
4.030506442743642026e+01,0.000000000000000000e+00,0.000000000000000000e+00
4.037484970761819625e+01,0.000000000000000000e+00,0.000000000000000000e+00
4.305627386508901111e+01,0.000000000000000000e+00,0.000000000000000000e+00
4.048604745773359781e+01,0.000000000000000000e+00,0.000000000000000000e+00
3.958600568067944181e+01,0.000000000000000000e+00,0.000000000000000000e+00
3.947647210275379592e+01,0.000000000000000000e+00,0.000000000000000000e+00
4.043912448330041087e+01,0.000000000000000000e+00,0.000000000000000000e+00
3.781224285906966287e+01,0.000000000000000000e+00,0.000000000000000000e+00
4.382959894767169118e+01,0.000000000000000000e+00,0.000000000000000000e+00
4.064020663327990235e+01,0.000000000000000000e+00,0.000000000000000000e+00
3.796551695764897261e+01,0.000000000000000000e+00,0.000000000000000000e+00
3.954005525983693303e+01,0.000000000000000000e+00,0.000000000000000000e+00
4.450837974662382379e+01,0.000000000000000000e+00,0.000000000000000000e+00
4.023062550002511273e+01,0.000000000000000000e+00,0.000000000000000000e+00
3.658562052820668242e+01,0.000000000000000000e+00,0.000000000000000000e+00
4.158968926422998891e+01,0.000000000000000000e+00,0.000000000000000000e+00
4.345703848453840124e+01,0.000000000000000000e+00,0.000000000000000000e+00
4.265175522254036622e+01,0.000000000000000000e+00,0.000000000000000000e+00
3.893252342491494744e+01,0.000000000000000000e+00,0.000000000000000000e+00
3.869736706395346459e+01,0.000000000000000000e+00,0.000000000000000000e+00
4.200376956485250446e+01,0.000000000000000000e+00,0.000000000000000000e+00
4.042978915778719795e+01,0.000000000000000000e+00,0.000000000000000000e+00
4.010420436038813818e+01,0.000000000000000000e+00,0.000000000000000000e+00
3.936652782525071359e+01,0.000000000000000000e+00,0.000000000000000000e+00
4.093534889092904905e+01,0.000000000000000000e+00,0.000000000000000000e+00
4.033792172446674584e+01,0.000000000000000000e+00,0.000000000000000000e+00
4.692098329631439668e+01,0.000000000000000000e+00,0.000000000000000000e+00
3.974257549838954873e+01,0.000000000000000000e+00,0.000000000000000000e+00
3.994918972988321570e+01,0.000000000000000000e+00,0.000000000000000000e+00
4.204458892101936129e+01,0.000000000000000000e+00,0.000000000000000000e+00
4.261887238720011339e+01,0.000000000000000000e+00,0.000000000000000000e+00
4.178502799800671141e+01,0.000000000000000000e+00,0.000000000000000000e+00
4.251999142365320949e+01,0.000000000000000000e+00,0.000000000000000000e+00
4.322358106387374477e+01,0.000000000000000000e+00,0.000000000000000000e+00
4.266766471007529304e+01,0.000000000000000000e+00,0.000000000000000000e+00
4.382568682628217260e+01,0.000000000000000000e+00,0.000000000000000000e+00
4.233080469300286097e+01,0.000000000000000000e+00,0.000000000000000000e+00
4.355640140199705002e+01,0.000000000000000000e+00,0.000000000000000000e+00
4.188445020019494791e+01,0.000000000000000000e+00,0.000000000000000000e+00
4.442353349140912400e+01,0.000000000000000000e+00,0.000000000000000000e+00
4.699204378422058426e+01,0.000000000000000000e+00,0.000000000000000000e+00
4.542000610749831679e+01,0.000000000000000000e+00,0.000000000000000000e+00
4.465018261347677964e+01,0.000000000000000000e+00,0.000000000000000000e+00
4.495313854804440012e+01,0.000000000000000000e+00,0.000000000000000000e+00
4.235170245541590361e+01,0.000000000000000000e+00,0.000000000000000000e+00
4.492817179265354355e+01,0.000000000000000000e+00,0.000000000000000000e+00
4.027347059172453214e+01,0.000000000000000000e+00,0.000000000000000000e+00
4.188743030943357581e+01,0.000000000000000000e+00,0.000000000000000000e+00
4.473916798561569408e+01,0.000000000000000000e+00,0.000000000000000000e+00
4.567739742166465078e+01,0.000000000000000000e+00,0.000000000000000000e+00
4.647245392128610320e+01,0.000000000000000000e+00,0.000000000000000000e+00
4.401984082452224101e+01,0.000000000000000000e+00,0.000000000000000000e+00
4.910855753652308664e+01,0.000000000000000000e+00,0.000000000000000000e+00
4.529946714351474668e+01,0.000000000000000000e+00,0.000000000000000000e+00
4.283143681728778063e+01,0.000000000000000000e+00,0.000000000000000000e+00
4.603099577133969689e+01,0.000000000000000000e+00,0.000000000000000000e+00
4.369318768300718858e+01,0.000000000000000000e+00,0.000000000000000000e+00
4.626276970348180129e+01,0.000000000000000000e+00,0.000000000000000000e+00
4.180796176365684147e+01,0.000000000000000000e+00,0.000000000000000000e+00
4.523253380099473731e+01,0.000000000000000000e+00,0.000000000000000000e+00
4.707470446620572346e+01,0.000000000000000000e+00,0.000000000000000000e+00
4.714570449421606213e+01,0.000000000000000000e+00,0.000000000000000000e+00
4.382768447404869505e+01,0.000000000000000000e+00,0.000000000000000000e+00
4.076867906745697923e+01,0.000000000000000000e+00,0.000000000000000000e+00
4.407018333497344997e+01,0.000000000000000000e+00,0.000000000000000000e+00
4.598292393666195466e+01,0.000000000000000000e+00,0.000000000000000000e+00
4.587297164098171720e+01,0.000000000000000000e+00,0.000000000000000000e+00
4.873957113500986793e+01,0.000000000000000000e+00,0.000000000000000000e+00
4.745442688936257980e+01,0.000000000000000000e+00,0.000000000000000000e+00
4.404055086889697890e+01,0.000000000000000000e+00,0.000000000000000000e+00
4.293068971594278338e+01,0.000000000000000000e+00,0.000000000000000000e+00
4.323807561671857513e+01,0.000000000000000000e+00,0.000000000000000000e+00
4.598362781516003395e+01,0.000000000000000000e+00,0.000000000000000000e+00
4.511907736775764732e+01,0.000000000000000000e+00,0.000000000000000000e+00
4.589992347487024205e+01,0.000000000000000000e+00,0.000000000000000000e+00
4.577363655228305106e+01,0.000000000000000000e+00,0.000000000000000000e+00
4.511663649717906566e+01,0.000000000000000000e+00,0.000000000000000000e+00
4.514640693670009597e+01,0.000000000000000000e+00,0.000000000000000000e+00
4.552587937911095395e+01,0.000000000000000000e+00,0.000000000000000000e+00
4.821657251441788361e+01,0.000000000000000000e+00,0.000000000000000000e+00
4.745138531540550275e+01,0.000000000000000000e+00,0.000000000000000000e+00
4.754465489045938398e+01,0.000000000000000000e+00,0.000000000000000000e+00
4.731316150950265609e+01,0.000000000000000000e+00,0.000000000000000000e+00
4.518935011671728574e+01,0.000000000000000000e+00,0.000000000000000000e+00
4.482978662175960238e+01,0.000000000000000000e+00,0.000000000000000000e+00
4.668864986113540283e+01,0.000000000000000000e+00,0.000000000000000000e+00
4.663064851922626985e+01,0.000000000000000000e+00,0.000000000000000000e+00
4.837371157406880684e+01,0.000000000000000000e+00,0.000000000000000000e+00
4.566599558477350485e+01,0.000000000000000000e+00,0.000000000000000000e+00
4.392301651413458075e+01,0.000000000000000000e+00,0.000000000000000000e+00
4.650527063745315104e+01,0.000000000000000000e+00,0.000000000000000000e+00
4.801244080714374718e+01,0.000000000000000000e+00,0.000000000000000000e+00
4.690557188967632385e+01,0.000000000000000000e+00,0.000000000000000000e+00
4.683685787846235371e+01,0.000000000000000000e+00,0.000000000000000000e+00
4.832381758641884772e+01,0.000000000000000000e+00,0.000000000000000000e+00
4.633188793394000271e+01,0.000000000000000000e+00,0.000000000000000000e+00
4.841830297277056161e+01,0.000000000000000000e+00,0.000000000000000000e+00
5.077729840797033489e+01,0.000000000000000000e+00,0.000000000000000000e+00
4.918175139671031815e+01,0.000000000000000000e+00,0.000000000000000000e+00
4.848509783457780742e+01,0.000000000000000000e+00,0.000000000000000000e+00
4.657084342880189354e+01,0.000000000000000000e+00,0.000000000000000000e+00
4.663804722378893075e+01,0.000000000000000000e+00,0.000000000000000000e+00
4.894895553827407753e+01,0.000000000000000000e+00,0.000000000000000000e+00
5.032844332951195554e+01,0.000000000000000000e+00,0.000000000000000000e+00
4.840018728248503521e+01,0.000000000000000000e+00,0.000000000000000000e+00
4.513273582157973607e+01,0.000000000000000000e+00,0.000000000000000000e+00
4.847638414175442989e+01,0.000000000000000000e+00,0.000000000000000000e+00
4.852704066772719216e+01,0.000000000000000000e+00,0.000000000000000000e+00
4.952193770968470687e+01,0.000000000000000000e+00,0.000000000000000000e+00
4.778881228961680705e+01,0.000000000000000000e+00,0.000000000000000000e+00
5.045755217203738141e+01,0.000000000000000000e+00,0.000000000000000000e+00
4.910635829492688487e+01,0.000000000000000000e+00,0.000000000000000000e+00
4.652681675066797595e+01,0.000000000000000000e+00,0.000000000000000000e+00
4.948557729846609732e+01,0.000000000000000000e+00,0.000000000000000000e+00
4.945895619936340637e+01,0.000000000000000000e+00,0.000000000000000000e+00
4.764320035451967073e+01,0.000000000000000000e+00,0.000000000000000000e+00
5.132987651574924115e+01,0.000000000000000000e+00,0.000000000000000000e+00
4.879651693920493472e+01,0.000000000000000000e+00,0.000000000000000000e+00
4.842723791193094485e+01,0.000000000000000000e+00,0.000000000000000000e+00
4.732281270136793694e+01,0.000000000000000000e+00,0.000000000000000000e+00
5.124434819230882709e+01,0.000000000000000000e+00,0.000000000000000000e+00
5.333672974205756390e+01,0.000000000000000000e+00,0.000000000000000000e+00
4.682871977340948888e+01,0.000000000000000000e+00,0.000000000000000000e+00
4.959397944140729919e+01,0.000000000000000000e+00,0.000000000000000000e+00
4.599868756955162041e+01,0.000000000000000000e+00,0.000000000000000000e+00
5.006811506183610305e+01,0.000000000000000000e+00,0.000000000000000000e+00
4.892338783801731950e+01,0.000000000000000000e+00,0.000000000000000000e+00
5.165930980883020140e+01,0.000000000000000000e+00,0.000000000000000000e+00
5.218047616757205276e+01,0.000000000000000000e+00,0.000000000000000000e+00
4.957860455853864323e+01,0.000000000000000000e+00,0.000000000000000000e+00
4.954346481263717550e+01,0.000000000000000000e+00,0.000000000000000000e+00
5.004774082816305025e+01,0.000000000000000000e+00,0.000000000000000000e+00
5.327998010625702108e+01,0.000000000000000000e+00,0.000000000000000000e+00
5.224376408221123569e+01,0.000000000000000000e+00,0.000000000000000000e+00
4.873402978093516680e+01,0.000000000000000000e+00,0.000000000000000000e+00
5.065740354998307993e+01,0.000000000000000000e+00,0.000000000000000000e+00
5.167542368870011416e+01,0.000000000000000000e+00,0.000000000000000000e+00
4.522334499664089691e+01,0.000000000000000000e+00,0.000000000000000000e+00
5.107302342756941727e+01,0.000000000000000000e+00,0.000000000000000000e+00
5.042083494637657992e+01,0.000000000000000000e+00,0.000000000000000000e+00
5.356652236269808043e+01,0.000000000000000000e+00,0.000000000000000000e+00
5.129186862418301729e+01,0.000000000000000000e+00,0.000000000000000000e+00
5.292421053321533009e+01,0.000000000000000000e+00,0.000000000000000000e+00
4.969927333590665341e+01,0.000000000000000000e+00,0.000000000000000000e+00
4.828888283046949681e+01,0.000000000000000000e+00,0.000000000000000000e+00
4.819332100968456700e+01,0.000000000000000000e+00,0.000000000000000000e+00
5.336233446483338128e+01,0.000000000000000000e+00,0.000000000000000000e+00
4.908730412261910914e+01,0.000000000000000000e+00,0.000000000000000000e+00
5.273292264968146981e+01,0.000000000000000000e+00,0.000000000000000000e+00
5.462498521397985485e+01,0.000000000000000000e+00,0.000000000000000000e+00
5.231759943652190969e+01,0.000000000000000000e+00,0.000000000000000000e+00
5.764476843836145292e+01,0.000000000000000000e+00,0.000000000000000000e+00
5.553037910999743332e+01,0.000000000000000000e+00,0.000000000000000000e+00
5.189716382480816037e+01,0.000000000000000000e+00,0.000000000000000000e+00
5.196429229070144373e+01,0.000000000000000000e+00,0.000000000000000000e+00
5.138063173957669250e+01,0.000000000000000000e+00,0.000000000000000000e+00
5.634424703193062101e+01,0.000000000000000000e+00,0.000000000000000000e+00
4.739646564399333073e+01,0.000000000000000000e+00,0.000000000000000000e+00
5.494645045649032511e+01,0.000000000000000000e+00,0.000000000000000000e+00
5.381040055818846923e+01,0.000000000000000000e+00,0.000000000000000000e+00
5.316805815269698599e+01,0.000000000000000000e+00,0.000000000000000000e+00
5.305192618134184812e+01,0.000000000000000000e+00,0.000000000000000000e+00
5.424629393508908493e+01,0.000000000000000000e+00,0.000000000000000000e+00
5.212045667658429693e+01,0.000000000000000000e+00,0.000000000000000000e+00
5.573107296863035032e+01,0.000000000000000000e+00,0.000000000000000000e+00
4.956255754069123043e+01,0.000000000000000000e+00,0.000000000000000000e+00
4.915085153585190625e+01,0.000000000000000000e+00,0.000000000000000000e+00
5.480635804732953886e+01,0.000000000000000000e+00,0.000000000000000000e+00
5.340724482419299335e+01,0.000000000000000000e+00,0.000000000000000000e+00
5.168570416860882233e+01,0.000000000000000000e+00,0.000000000000000000e+00
5.627821718999651068e+01,0.000000000000000000e+00,0.000000000000000000e+00
5.464321623812512030e+01,0.000000000000000000e+00,0.000000000000000000e+00
5.332837612345420553e+01,0.000000000000000000e+00,0.000000000000000000e+00
5.453117170309248962e+01,0.000000000000000000e+00,0.000000000000000000e+00
4.986459608578454095e+01,0.000000000000000000e+00,0.000000000000000000e+00
5.563371505431967279e+01,0.000000000000000000e+00,0.000000000000000000e+00
5.474805800301727032e+01,0.000000000000000000e+00,0.000000000000000000e+00
5.504195484082053724e+01,0.000000000000000000e+00,0.000000000000000000e+00
5.374553331270649181e+01,0.000000000000000000e+00,0.000000000000000000e+00
5.382989357806668806e+01,0.000000000000000000e+00,0.000000000000000000e+00
5.199869270633287499e+01,0.000000000000000000e+00,0.000000000000000000e+00
5.698675228790897052e+01,0.000000000000000000e+00,0.000000000000000000e+00
5.425665625377800438e+01,0.000000000000000000e+00,0.000000000000000000e+00
5.430587374133473588e+01,0.000000000000000000e+00,0.000000000000000000e+00
5.368835467166128694e+01,0.000000000000000000e+00,0.000000000000000000e+00
5.418845056391431569e+01,0.000000000000000000e+00,0.000000000000000000e+00
5.293393042739097609e+01,0.000000000000000000e+00,0.000000000000000000e+00
5.479280277557663226e+01,0.000000000000000000e+00,0.000000000000000000e+00
5.615878078117756189e+01,0.000000000000000000e+00,0.000000000000000000e+00
5.590509949252108157e+01,0.000000000000000000e+00,0.000000000000000000e+00
5.672718556536168677e+01,0.000000000000000000e+00,0.000000000000000000e+00
5.473068129981547969e+01,0.000000000000000000e+00,0.000000000000000000e+00
5.657730992355755717e+01,0.000000000000000000e+00,0.000000000000000000e+00
5.485890783073131161e+01,0.000000000000000000e+00,0.000000000000000000e+00
5.465473068457090733e+01,0.000000000000000000e+00,0.000000000000000000e+00
5.692471175560403651e+01,0.000000000000000000e+00,0.000000000000000000e+00
5.508324550173445289e+01,0.000000000000000000e+00,0.000000000000000000e+00
5.702298535819597447e+01,0.000000000000000000e+00,0.000000000000000000e+00
5.599072339728293457e+01,0.000000000000000000e+00,0.000000000000000000e+00
5.641274905187938060e+01,0.000000000000000000e+00,0.000000000000000000e+00
5.714646552268253288e+01,0.000000000000000000e+00,0.000000000000000000e+00
5.507701751019570224e+01,0.000000000000000000e+00,0.000000000000000000e+00
5.821370372605579036e+01,0.000000000000000000e+00,0.000000000000000000e+00
6.415610830205353921e+01,0.000000000000000000e+00,0.000000000000000000e+00
5.875422276758680340e+01,0.000000000000000000e+00,0.000000000000000000e+00
5.539998076979569674e+01,0.000000000000000000e+00,0.000000000000000000e+00
5.607383385067252846e+01,0.000000000000000000e+00,0.000000000000000000e+00
5.705669528239675969e+01,0.000000000000000000e+00,0.000000000000000000e+00
5.601401071784074048e+01,0.000000000000000000e+00,0.000000000000000000e+00
5.409581986653381591e+01,0.000000000000000000e+00,0.000000000000000000e+00
5.870265757708646959e+01,0.000000000000000000e+00,0.000000000000000000e+00
5.827992685457392952e+01,0.000000000000000000e+00,0.000000000000000000e+00
5.648429253815847062e+01,0.000000000000000000e+00,0.000000000000000000e+00
5.942123375503706484e+01,0.000000000000000000e+00,0.000000000000000000e+00
5.942904351182065170e+01,0.000000000000000000e+00,0.000000000000000000e+00
5.777941962519993524e+01,0.000000000000000000e+00,0.000000000000000000e+00
5.831504901988547829e+01,0.000000000000000000e+00,0.000000000000000000e+00
5.394722610193133505e+01,0.000000000000000000e+00,0.000000000000000000e+00
5.829019284662899025e+01,0.000000000000000000e+00,0.000000000000000000e+00
6.125799189913321641e+01,0.000000000000000000e+00,0.000000000000000000e+00
5.682121014475465870e+01,0.000000000000000000e+00,0.000000000000000000e+00
5.899524868209334727e+01,0.000000000000000000e+00,0.000000000000000000e+00
5.978470094272941537e+01,0.000000000000000000e+00,0.000000000000000000e+00
6.025509840821568730e+01,0.000000000000000000e+00,0.000000000000000000e+00
5.837921357505310027e+01,0.000000000000000000e+00,0.000000000000000000e+00
5.772754811771471140e+01,0.000000000000000000e+00,0.000000000000000000e+00
5.619844176261171498e+01,0.000000000000000000e+00,0.000000000000000000e+00
5.868723408801248098e+01,0.000000000000000000e+00,0.000000000000000000e+00
6.014449386888271221e+01,0.000000000000000000e+00,0.000000000000000000e+00
5.867454916940890541e+01,0.000000000000000000e+00,0.000000000000000000e+00
5.695695189920696322e+01,0.000000000000000000e+00,0.000000000000000000e+00
5.674540779633543508e+01,0.000000000000000000e+00,0.000000000000000000e+00
5.857473218788751979e+01,0.000000000000000000e+00,0.000000000000000000e+00
5.683865994294981761e+01,0.000000000000000000e+00,0.000000000000000000e+00
6.250251609496748273e+01,0.000000000000000000e+00,0.000000000000000000e+00
5.587186189030429517e+01,0.000000000000000000e+00,0.000000000000000000e+00
5.640078134122713749e+01,0.000000000000000000e+00,0.000000000000000000e+00
5.863392813125413028e+01,0.000000000000000000e+00,0.000000000000000000e+00
6.176746810829729384e+01,0.000000000000000000e+00,0.000000000000000000e+00
5.994826964125162760e+01,0.000000000000000000e+00,0.000000000000000000e+00
5.911573691206258729e+01,0.000000000000000000e+00,0.000000000000000000e+00
5.879836812192959172e+01,0.000000000000000000e+00,0.000000000000000000e+00
5.722230171193123738e+01,0.000000000000000000e+00,0.000000000000000000e+00
6.092469281540954995e+01,0.000000000000000000e+00,0.000000000000000000e+00
5.886542908085262127e+01,0.000000000000000000e+00,0.000000000000000000e+00
5.883717754043910020e+01,0.000000000000000000e+00,0.000000000000000000e+00
6.360199687884307451e+01,0.000000000000000000e+00,0.000000000000000000e+00
6.200032749045020353e+01,0.000000000000000000e+00,0.000000000000000000e+00
6.105381317366789773e+01,0.000000000000000000e+00,0.000000000000000000e+00
5.891883929864764013e+01,0.000000000000000000e+00,0.000000000000000000e+00
5.853280599085082514e+01,0.000000000000000000e+00,0.000000000000000000e+00
6.222433242847834833e+01,0.000000000000000000e+00,0.000000000000000000e+00
5.789221514645756628e+01,0.000000000000000000e+00,0.000000000000000000e+00
6.163208959170370349e+01,0.000000000000000000e+00,0.000000000000000000e+00
5.819991536172936009e+01,0.000000000000000000e+00,0.000000000000000000e+00
6.200174262020299665e+01,0.000000000000000000e+00,0.000000000000000000e+00
5.873473343422513437e+01,0.000000000000000000e+00,0.000000000000000000e+00
6.132749615799968979e+01,0.000000000000000000e+00,0.000000000000000000e+00
6.146360475848668159e+01,0.000000000000000000e+00,0.000000000000000000e+00
6.290006128189625656e+01,0.000000000000000000e+00,0.000000000000000000e+00
5.981667083541304919e+01,0.000000000000000000e+00,0.000000000000000000e+00
6.354633215877890962e+01,0.000000000000000000e+00,0.000000000000000000e+00
6.067744359675779009e+01,0.000000000000000000e+00,0.000000000000000000e+00
6.209777648966144881e+01,0.000000000000000000e+00,0.000000000000000000e+00
5.982425481448447613e+01,0.000000000000000000e+00,0.000000000000000000e+00
6.253565046670166794e+01,0.000000000000000000e+00,0.000000000000000000e+00
6.021609087815586037e+01,0.000000000000000000e+00,0.000000000000000000e+00
6.472479068471416497e+01,0.000000000000000000e+00,0.000000000000000000e+00
6.188723703982267921e+01,0.000000000000000000e+00,0.000000000000000000e+00
6.219014153847452064e+01,0.000000000000000000e+00,0.000000000000000000e+00
6.097219685356548524e+01,0.000000000000000000e+00,0.000000000000000000e+00
6.334117807647480447e+01,0.000000000000000000e+00,0.000000000000000000e+00
6.339649115459854301e+01,0.000000000000000000e+00,0.000000000000000000e+00
6.351961700614897666e+01,0.000000000000000000e+00,0.000000000000000000e+00
6.087410939258852949e+01,0.000000000000000000e+00,0.000000000000000000e+00
6.456754231868754346e+01,0.000000000000000000e+00,0.000000000000000000e+00
6.432934948617480586e+01,0.000000000000000000e+00,0.000000000000000000e+00
6.316342851877003994e+01,0.000000000000000000e+00,0.000000000000000000e+00
6.039235097106121231e+01,0.000000000000000000e+00,0.000000000000000000e+00
5.991501595776924205e+01,0.000000000000000000e+00,0.000000000000000000e+00
6.415185573855512757e+01,0.000000000000000000e+00,0.000000000000000000e+00
6.398760371051628226e+01,0.000000000000000000e+00,0.000000000000000000e+00
6.203651167479158346e+01,0.000000000000000000e+00,0.000000000000000000e+00
6.314966149237828574e+01,0.000000000000000000e+00,0.000000000000000000e+00
6.255332464426658845e+01,0.000000000000000000e+00,0.000000000000000000e+00
6.435219549337486455e+01,0.000000000000000000e+00,0.000000000000000000e+00
6.369538632645851806e+01,0.000000000000000000e+00,0.000000000000000000e+00
6.353843267494221436e+01,0.000000000000000000e+00,0.000000000000000000e+00
6.075255350764633988e+01,0.000000000000000000e+00,0.000000000000000000e+00
6.463639197894974586e+01,0.000000000000000000e+00,0.000000000000000000e+00
6.604515662794132425e+01,0.000000000000000000e+00,0.000000000000000000e+00
6.401660216145863558e+01,0.000000000000000000e+00,0.000000000000000000e+00
6.465574607690358278e+01,0.000000000000000000e+00,0.000000000000000000e+00
6.448752296602573608e+01,0.000000000000000000e+00,0.000000000000000000e+00
6.360719842819626990e+01,0.000000000000000000e+00,0.000000000000000000e+00
6.367105561113540801e+01,0.000000000000000000e+00,0.000000000000000000e+00
6.222688097065049817e+01,0.000000000000000000e+00,0.000000000000000000e+00
6.135453714662237701e+01,0.000000000000000000e+00,0.000000000000000000e+00
6.477960089953003830e+01,0.000000000000000000e+00,0.000000000000000000e+00
6.950225924927269716e+01,0.000000000000000000e+00,0.000000000000000000e+00
6.529475158908752519e+01,0.000000000000000000e+00,0.000000000000000000e+00
6.477151771053863172e+01,0.000000000000000000e+00,0.000000000000000000e+00
6.505258437022450835e+01,0.000000000000000000e+00,0.000000000000000000e+00
6.479502862410852515e+01,0.000000000000000000e+00,0.000000000000000000e+00
6.557651590643152417e+01,0.000000000000000000e+00,0.000000000000000000e+00
6.585374636189450825e+01,0.000000000000000000e+00,0.000000000000000000e+00
6.836252315479987374e+01,0.000000000000000000e+00,0.000000000000000000e+00
5.906952098014117780e+01,0.000000000000000000e+00,0.000000000000000000e+00
6.528285422374229086e+01,0.000000000000000000e+00,0.000000000000000000e+00
6.682654376650700101e+01,0.000000000000000000e+00,0.000000000000000000e+00
6.679122820993195830e+01,0.000000000000000000e+00,0.000000000000000000e+00
6.445147401520046060e+01,0.000000000000000000e+00,0.000000000000000000e+00
6.815059434589747411e+01,0.000000000000000000e+00,0.000000000000000000e+00
6.673975943406283307e+01,0.000000000000000000e+00,0.000000000000000000e+00
6.519035976191204895e+01,0.000000000000000000e+00,0.000000000000000000e+00
6.409577134843669910e+01,0.000000000000000000e+00,0.000000000000000000e+00
6.563155580088559304e+01,0.000000000000000000e+00,0.000000000000000000e+00
6.609380443109751013e+01,0.000000000000000000e+00,0.000000000000000000e+00
6.292611592577380009e+01,0.000000000000000000e+00,0.000000000000000000e+00
6.329869846940514577e+01,0.000000000000000000e+00,0.000000000000000000e+00
6.363384152617615541e+01,0.000000000000000000e+00,0.000000000000000000e+00
6.512956147056463863e+01,0.000000000000000000e+00,0.000000000000000000e+00
6.714059736855064386e+01,0.000000000000000000e+00,0.000000000000000000e+00
6.611128516962236290e+01,0.000000000000000000e+00,0.000000000000000000e+00
6.439998860822493043e+01,0.000000000000000000e+00,0.000000000000000000e+00
6.592246607748256793e+01,0.000000000000000000e+00,0.000000000000000000e+00
6.629207589938685885e+01,0.000000000000000000e+00,0.000000000000000000e+00
6.381593803026783007e+01,0.000000000000000000e+00,0.000000000000000000e+00
6.598484884287522334e+01,0.000000000000000000e+00,0.000000000000000000e+00
6.288751072784728535e+01,0.000000000000000000e+00,0.000000000000000000e+00
6.468776488268706260e+01,0.000000000000000000e+00,0.000000000000000000e+00
6.152693040177335604e+01,0.000000000000000000e+00,0.000000000000000000e+00
6.419751877026202180e+01,0.000000000000000000e+00,0.000000000000000000e+00
6.733969976202183716e+01,0.000000000000000000e+00,0.000000000000000000e+00
6.395701156851220048e+01,0.000000000000000000e+00,0.000000000000000000e+00
6.555739313236696830e+01,0.000000000000000000e+00,0.000000000000000000e+00
6.677919491414645847e+01,0.000000000000000000e+00,0.000000000000000000e+00
6.647065546998423713e+01,0.000000000000000000e+00,0.000000000000000000e+00
6.409838824517666467e+01,0.000000000000000000e+00,0.000000000000000000e+00
6.825904151873733383e+01,0.000000000000000000e+00,0.000000000000000000e+00
6.651752912806701090e+01,0.000000000000000000e+00,0.000000000000000000e+00
6.682667539659269096e+01,0.000000000000000000e+00,0.000000000000000000e+00
6.513696822718043222e+01,0.000000000000000000e+00,0.000000000000000000e+00
6.547654231410524517e+01,0.000000000000000000e+00,0.000000000000000000e+00
6.469641325675706867e+01,0.000000000000000000e+00,0.000000000000000000e+00
6.804736642523270973e+01,0.000000000000000000e+00,0.000000000000000000e+00
6.730956440932466478e+01,0.000000000000000000e+00,0.000000000000000000e+00
6.898730152892005663e+01,0.000000000000000000e+00,0.000000000000000000e+00
7.079177902384913068e+01,0.000000000000000000e+00,0.000000000000000000e+00
6.660379239497770243e+01,0.000000000000000000e+00,0.000000000000000000e+00
6.844909035684062815e+01,0.000000000000000000e+00,0.000000000000000000e+00
6.476125155397905075e+01,0.000000000000000000e+00,0.000000000000000000e+00
6.824149606429412529e+01,0.000000000000000000e+00,0.000000000000000000e+00
7.023375246198868638e+01,0.000000000000000000e+00,0.000000000000000000e+00
6.778225227973901212e+01,0.000000000000000000e+00,0.000000000000000000e+00
6.562997689278854807e+01,0.000000000000000000e+00,0.000000000000000000e+00
6.479489340858769708e+01,0.000000000000000000e+00,0.000000000000000000e+00
6.798026705216172161e+01,0.000000000000000000e+00,0.000000000000000000e+00
6.587364348172347661e+01,0.000000000000000000e+00,0.000000000000000000e+00
7.241826649537523508e+01,0.000000000000000000e+00,0.000000000000000000e+00
6.891153339905014263e+01,0.000000000000000000e+00,0.000000000000000000e+00
7.000898028834956222e+01,0.000000000000000000e+00,0.000000000000000000e+00
6.835723524696990694e+01,0.000000000000000000e+00,0.000000000000000000e+00
6.978023719135872227e+01,0.000000000000000000e+00,0.000000000000000000e+00
6.761495872235930449e+01,0.000000000000000000e+00,0.000000000000000000e+00
6.833258193552239845e+01,0.000000000000000000e+00,0.000000000000000000e+00
6.885917213712616558e+01,0.000000000000000000e+00,0.000000000000000000e+00
6.888253924465456635e+01,0.000000000000000000e+00,0.000000000000000000e+00
6.898260479914134180e+01,0.000000000000000000e+00,0.000000000000000000e+00
6.637639810469578094e+01,0.000000000000000000e+00,0.000000000000000000e+00
7.106600670467267378e+01,0.000000000000000000e+00,0.000000000000000000e+00
7.109243390043445743e+01,0.000000000000000000e+00,0.000000000000000000e+00
6.712043636513750755e+01,0.000000000000000000e+00,0.000000000000000000e+00
7.077853374304181955e+01,0.000000000000000000e+00,0.000000000000000000e+00
7.342162009288735192e+01,0.000000000000000000e+00,0.000000000000000000e+00
6.426200221399935231e+01,0.000000000000000000e+00,0.000000000000000000e+00
6.965655609548055338e+01,0.000000000000000000e+00,0.000000000000000000e+00
7.071328463200107706e+01,0.000000000000000000e+00,0.000000000000000000e+00
7.278029261028373753e+01,0.000000000000000000e+00,0.000000000000000000e+00
7.297546984997369179e+01,0.000000000000000000e+00,0.000000000000000000e+00
6.721234829051125814e+01,0.000000000000000000e+00,0.000000000000000000e+00
6.917153745733908465e+01,0.000000000000000000e+00,0.000000000000000000e+00
6.790632609971960676e+01,0.000000000000000000e+00,0.000000000000000000e+00
7.028169791396939559e+01,0.000000000000000000e+00,0.000000000000000000e+00
7.249024779558808973e+01,0.000000000000000000e+00,0.000000000000000000e+00
7.050857491236452290e+01,0.000000000000000000e+00,0.000000000000000000e+00
6.875975040206192546e+01,0.000000000000000000e+00,0.000000000000000000e+00
7.268428035331959336e+01,0.000000000000000000e+00,0.000000000000000000e+00
7.074830056663650169e+01,0.000000000000000000e+00,0.000000000000000000e+00
7.219917977455530433e+01,0.000000000000000000e+00,0.000000000000000000e+00
7.001797534687246127e+01,0.000000000000000000e+00,0.000000000000000000e+00
7.112412676088958108e+01,0.000000000000000000e+00,0.000000000000000000e+00
7.280588832035165581e+01,0.000000000000000000e+00,0.000000000000000000e+00
7.096926588244515699e+01,0.000000000000000000e+00,0.000000000000000000e+00
7.019359016084169411e+01,0.000000000000000000e+00,0.000000000000000000e+00
6.722852591065176853e+01,0.000000000000000000e+00,0.000000000000000000e+00
6.943855339864320797e+01,0.000000000000000000e+00,0.000000000000000000e+00
6.717347569010364339e+01,0.000000000000000000e+00,0.000000000000000000e+00
7.018741387547035515e+01,0.000000000000000000e+00,0.000000000000000000e+00
7.194959991499365515e+01,0.000000000000000000e+00,0.000000000000000000e+00
7.359028914064104754e+01,0.000000000000000000e+00,0.000000000000000000e+00
7.028062040797634324e+01,0.000000000000000000e+00,0.000000000000000000e+00
7.155930774489890211e+01,0.000000000000000000e+00,0.000000000000000000e+00
6.967451081443968519e+01,0.000000000000000000e+00,0.000000000000000000e+00
7.254338501012826157e+01,0.000000000000000000e+00,0.000000000000000000e+00
7.262503993637770350e+01,0.000000000000000000e+00,0.000000000000000000e+00
7.042703725722734021e+01,0.000000000000000000e+00,0.000000000000000000e+00
7.148172182119083118e+01,0.000000000000000000e+00,0.000000000000000000e+00
6.937021624377317153e+01,0.000000000000000000e+00,0.000000000000000000e+00
7.115614467812778798e+01,0.000000000000000000e+00,0.000000000000000000e+00
7.030066148185433406e+01,0.000000000000000000e+00,0.000000000000000000e+00
6.916795798296827513e+01,0.000000000000000000e+00,0.000000000000000000e+00
6.748196468766712997e+01,0.000000000000000000e+00,0.000000000000000000e+00
7.163283988579908623e+01,0.000000000000000000e+00,0.000000000000000000e+00
7.201547042462721038e+01,0.000000000000000000e+00,0.000000000000000000e+00
7.161294521597959317e+01,0.000000000000000000e+00,0.000000000000000000e+00
7.284015075051502208e+01,0.000000000000000000e+00,0.000000000000000000e+00
7.230353354774466368e+01,0.000000000000000000e+00,0.000000000000000000e+00
7.302521555004592813e+01,0.000000000000000000e+00,0.000000000000000000e+00
6.972578880544726587e+01,1.000000000000000000e+00,0.000000000000000000e+00
6.972578880544726587e+01,1.000000000000000000e+00,-1.000000000000000000e+00
6.972578880544726587e+01,1.000000000000000000e+00,-1.000000000000000000e+00
6.972578880544726587e+01,1.000000000000000000e+00,-1.000000000000000000e+00
6.972578880544726587e+01,1.000000000000000000e+00,-4.000000000000000000e+00
6.972578880544726587e+01,1.000000000000000000e+00,-3.000000000000000000e+00
6.972578880544726587e+01,1.000000000000000000e+00,0.000000000000000000e+00
6.972578880544726587e+01,1.000000000000000000e+00,-4.000000000000000000e+00
6.972578880544726587e+01,1.000000000000000000e+00,-3.000000000000000000e+00
6.972578880544726587e+01,1.000000000000000000e+00,-1.000000000000000000e+00
6.972578880544726587e+01,1.000000000000000000e+00,-2.000000000000000000e+00
6.972578880544726587e+01,1.000000000000000000e+00,-2.000000000000000000e+00
6.972578880544726587e+01,1.000000000000000000e+00,-3.000000000000000000e+00
6.972578880544726587e+01,1.000000000000000000e+00,-4.000000000000000000e+00
6.972578880544726587e+01,1.000000000000000000e+00,-3.000000000000000000e+00
6.972578880544726587e+01,1.000000000000000000e+00,-4.000000000000000000e+00
6.972578880544726587e+01,1.000000000000000000e+00,-2.000000000000000000e+00
6.972578880544726587e+01,1.000000000000000000e+00,-2.000000000000000000e+00
6.972578880544726587e+01,1.000000000000000000e+00,-2.000000000000000000e+00
6.972578880544726587e+01,1.000000000000000000e+00,-4.000000000000000000e+00
6.972578880544726587e+01,1.000000000000000000e+00,-5.000000000000000000e+00
6.972578880544726587e+01,1.000000000000000000e+00,-3.000000000000000000e+00
6.972578880544726587e+01,1.000000000000000000e+00,-2.000000000000000000e+00
6.972578880544726587e+01,1.000000000000000000e+00,-2.000000000000000000e+00
6.972578880544726587e+01,1.000000000000000000e+00,-7.000000000000000000e+00
6.972578880544726587e+01,1.000000000000000000e+00,0.000000000000000000e+00
6.972578880544726587e+01,1.000000000000000000e+00,-1.000000000000000000e+00
6.972578880544726587e+01,1.000000000000000000e+00,-6.000000000000000000e+00
6.972578880544726587e+01,1.000000000000000000e+00,-5.000000000000000000e+00
6.972578880544726587e+01,1.000000000000000000e+00,-2.000000000000000000e+00
6.972578880544726587e+01,1.000000000000000000e+00,0.000000000000000000e+00
6.972578880544726587e+01,1.000000000000000000e+00,0.000000000000000000e+00
6.972578880544726587e+01,1.000000000000000000e+00,-3.000000000000000000e+00
6.972578880544726587e+01,1.000000000000000000e+00,-4.000000000000000000e+00
6.972578880544726587e+01,1.000000000000000000e+00,-4.000000000000000000e+00
6.972578880544726587e+01,1.000000000000000000e+00,-6.000000000000000000e+00
6.972578880544726587e+01,1.000000000000000000e+00,-6.000000000000000000e+00
6.972578880544726587e+01,1.000000000000000000e+00,-1.000000000000000000e+00
6.972578880544726587e+01,1.000000000000000000e+00,-4.000000000000000000e+00
6.972578880544726587e+01,1.000000000000000000e+00,0.000000000000000000e+00
6.972578880544726587e+01,1.000000000000000000e+00,-8.000000000000000000e+00
6.972578880544726587e+01,1.000000000000000000e+00,-5.000000000000000000e+00
6.972578880544726587e+01,1.000000000000000000e+00,-1.000000000000000000e+00
6.972578880544726587e+01,1.000000000000000000e+00,-1.000000000000000000e+00
6.972578880544726587e+01,1.000000000000000000e+00,-4.000000000000000000e+00
6.972578880544726587e+01,1.000000000000000000e+00,-9.000000000000000000e+00
6.972578880544726587e+01,1.000000000000000000e+00,-3.000000000000000000e+00
6.972578880544726587e+01,1.000000000000000000e+00,-4.000000000000000000e+00
6.972578880544726587e+01,1.000000000000000000e+00,-5.000000000000000000e+00
6.972578880544726587e+01,1.000000000000000000e+00,0.000000000000000000e+00
6.972578880544726587e+01,1.000000000000000000e+00,-3.000000000000000000e+00
6.972578880544726587e+01,1.000000000000000000e+00,-5.000000000000000000e+00
6.972578880544726587e+01,1.000000000000000000e+00,-7.000000000000000000e+00
6.972578880544726587e+01,1.000000000000000000e+00,-8.000000000000000000e+00
6.972578880544726587e+01,1.000000000000000000e+00,-6.000000000000000000e+00
6.972578880544726587e+01,1.000000000000000000e+00,-4.000000000000000000e+00
6.972578880544726587e+01,1.000000000000000000e+00,0.000000000000000000e+00
6.972578880544726587e+01,1.000000000000000000e+00,-7.000000000000000000e+00
6.972578880544726587e+01,1.000000000000000000e+00,-2.000000000000000000e+00
6.972578880544726587e+01,1.000000000000000000e+00,-6.000000000000000000e+00
6.972578880544726587e+01,1.000000000000000000e+00,-5.000000000000000000e+00
6.972578880544726587e+01,1.000000000000000000e+00,-2.000000000000000000e+00
6.972578880544726587e+01,1.000000000000000000e+00,-4.000000000000000000e+00
6.972578880544726587e+01,1.000000000000000000e+00,-4.000000000000000000e+00
6.972578880544726587e+01,1.000000000000000000e+00,-5.000000000000000000e+00
6.972578880544726587e+01,1.000000000000000000e+00,-8.000000000000000000e+00
6.972578880544726587e+01,1.000000000000000000e+00,-4.000000000000000000e+00
6.972578880544726587e+01,1.000000000000000000e+00,-3.000000000000000000e+00
6.972578880544726587e+01,1.000000000000000000e+00,-4.000000000000000000e+00
6.972578880544726587e+01,1.000000000000000000e+00,-7.000000000000000000e+00
6.972578880544726587e+01,1.000000000000000000e+00,-7.000000000000000000e+00
6.972578880544726587e+01,1.000000000000000000e+00,-4.000000000000000000e+00
6.972578880544726587e+01,1.000000000000000000e+00,-7.000000000000000000e+00
6.972578880544726587e+01,1.000000000000000000e+00,-4.000000000000000000e+00
6.972578880544726587e+01,1.000000000000000000e+00,-3.000000000000000000e+00
6.972578880544726587e+01,1.000000000000000000e+00,-4.000000000000000000e+00
6.972578880544726587e+01,1.000000000000000000e+00,-3.000000000000000000e+00
6.972578880544726587e+01,1.000000000000000000e+00,-6.000000000000000000e+00
6.972578880544726587e+01,1.000000000000000000e+00,-2.000000000000000000e+00
6.972578880544726587e+01,1.000000000000000000e+00,-6.000000000000000000e+00
6.972578880544726587e+01,1.000000000000000000e+00,-6.000000000000000000e+00
6.972578880544726587e+01,1.000000000000000000e+00,-5.000000000000000000e+00
6.972578880544726587e+01,1.000000000000000000e+00,-5.000000000000000000e+00
6.972578880544726587e+01,1.000000000000000000e+00,-8.000000000000000000e+00
6.972578880544726587e+01,1.000000000000000000e+00,-6.000000000000000000e+00
6.972578880544726587e+01,1.000000000000000000e+00,-6.000000000000000000e+00
6.972578880544726587e+01,1.000000000000000000e+00,-5.000000000000000000e+00
6.972578880544726587e+01,1.000000000000000000e+00,-6.000000000000000000e+00
6.972578880544726587e+01,1.000000000000000000e+00,-5.000000000000000000e+00
6.972578880544726587e+01,1.000000000000000000e+00,-6.000000000000000000e+00
6.972578880544726587e+01,1.000000000000000000e+00,-5.000000000000000000e+00
6.972578880544726587e+01,1.000000000000000000e+00,-8.000000000000000000e+00
6.972578880544726587e+01,1.000000000000000000e+00,-6.000000000000000000e+00
6.972578880544726587e+01,1.000000000000000000e+00,-4.000000000000000000e+00
6.972578880544726587e+01,1.000000000000000000e+00,-7.000000000000000000e+00
6.972578880544726587e+01,1.000000000000000000e+00,-5.000000000000000000e+00
6.972578880544726587e+01,1.000000000000000000e+00,-4.000000000000000000e+00
6.972578880544726587e+01,1.000000000000000000e+00,-3.000000000000000000e+00
6.972578880544726587e+01,1.000000000000000000e+00,-4.000000000000000000e+00
6.972578880544726587e+01,1.000000000000000000e+00,-5.000000000000000000e+00
6.972578880544726587e+01,1.000000000000000000e+00,-7.000000000000000000e+00
6.972578880544726587e+01,1.000000000000000000e+00,-9.000000000000000000e+00
6.972578880544726587e+01,1.000000000000000000e+00,-6.000000000000000000e+00
6.972578880544726587e+01,1.000000000000000000e+00,-9.000000000000000000e+00
6.972578880544726587e+01,1.000000000000000000e+00,-5.000000000000000000e+00
6.972578880544726587e+01,1.000000000000000000e+00,-5.000000000000000000e+00
6.972578880544726587e+01,1.000000000000000000e+00,-8.000000000000000000e+00
6.972578880544726587e+01,1.000000000000000000e+00,-5.000000000000000000e+00
6.972578880544726587e+01,1.000000000000000000e+00,-5.000000000000000000e+00
6.972578880544726587e+01,1.000000000000000000e+00,-1.100000000000000000e+01
6.972578880544726587e+01,1.000000000000000000e+00,-8.000000000000000000e+00
6.972578880544726587e+01,1.000000000000000000e+00,-7.000000000000000000e+00
6.972578880544726587e+01,1.000000000000000000e+00,-2.000000000000000000e+00
6.972578880544726587e+01,1.000000000000000000e+00,-9.000000000000000000e+00
6.972578880544726587e+01,1.000000000000000000e+00,-8.000000000000000000e+00
6.972578880544726587e+01,1.000000000000000000e+00,-8.000000000000000000e+00
6.972578880544726587e+01,1.000000000000000000e+00,-6.000000000000000000e+00
6.972578880544726587e+01,1.000000000000000000e+00,-7.000000000000000000e+00
6.972578880544726587e+01,1.000000000000000000e+00,-6.000000000000000000e+00
6.972578880544726587e+01,1.000000000000000000e+00,-4.000000000000000000e+00
6.972578880544726587e+01,1.000000000000000000e+00,-6.000000000000000000e+00
6.972578880544726587e+01,1.000000000000000000e+00,-8.000000000000000000e+00
6.972578880544726587e+01,1.000000000000000000e+00,-6.000000000000000000e+00
6.972578880544726587e+01,1.000000000000000000e+00,-7.000000000000000000e+00
6.972578880544726587e+01,1.000000000000000000e+00,-6.000000000000000000e+00
6.972578880544726587e+01,1.000000000000000000e+00,-6.000000000000000000e+00
6.972578880544726587e+01,1.000000000000000000e+00,-7.000000000000000000e+00
6.972578880544726587e+01,1.000000000000000000e+00,-6.000000000000000000e+00
6.972578880544726587e+01,1.000000000000000000e+00,-8.000000000000000000e+00
6.972578880544726587e+01,1.000000000000000000e+00,-1.000000000000000000e+01
6.972578880544726587e+01,1.000000000000000000e+00,-8.000000000000000000e+00
6.972578880544726587e+01,1.000000000000000000e+00,-9.000000000000000000e+00
6.972578880544726587e+01,1.000000000000000000e+00,-7.000000000000000000e+00
6.972578880544726587e+01,1.000000000000000000e+00,-5.000000000000000000e+00
6.972578880544726587e+01,1.000000000000000000e+00,-9.000000000000000000e+00
6.972578880544726587e+01,1.000000000000000000e+00,-8.000000000000000000e+00
6.972578880544726587e+01,1.000000000000000000e+00,-8.000000000000000000e+00
6.972578880544726587e+01,1.000000000000000000e+00,-9.000000000000000000e+00
6.972578880544726587e+01,1.000000000000000000e+00,-7.000000000000000000e+00
6.972578880544726587e+01,1.000000000000000000e+00,-6.000000000000000000e+00
6.972578880544726587e+01,1.000000000000000000e+00,-9.000000000000000000e+00
6.972578880544726587e+01,1.000000000000000000e+00,-6.000000000000000000e+00
6.972578880544726587e+01,1.000000000000000000e+00,-1.000000000000000000e+01
6.972578880544726587e+01,1.000000000000000000e+00,-7.000000000000000000e+00
6.972578880544726587e+01,1.000000000000000000e+00,-5.000000000000000000e+00
6.972578880544726587e+01,1.000000000000000000e+00,-6.000000000000000000e+00
6.972578880544726587e+01,1.000000000000000000e+00,-9.000000000000000000e+00
6.972578880544726587e+01,1.000000000000000000e+00,-8.000000000000000000e+00
6.972578880544726587e+01,1.000000000000000000e+00,-9.000000000000000000e+00
6.972578880544726587e+01,1.000000000000000000e+00,-9.000000000000000000e+00
6.972578880544726587e+01,1.000000000000000000e+00,-8.000000000000000000e+00
6.972578880544726587e+01,1.000000000000000000e+00,-9.000000000000000000e+00
6.972578880544726587e+01,1.000000000000000000e+00,-5.000000000000000000e+00
6.972578880544726587e+01,1.000000000000000000e+00,-7.000000000000000000e+00
6.972578880544726587e+01,1.000000000000000000e+00,-8.000000000000000000e+00
6.972578880544726587e+01,1.000000000000000000e+00,-8.000000000000000000e+00
6.972578880544726587e+01,1.000000000000000000e+00,-1.000000000000000000e+01
6.972578880544726587e+01,1.000000000000000000e+00,-7.000000000000000000e+00
6.972578880544726587e+01,1.000000000000000000e+00,-8.000000000000000000e+00
6.972578880544726587e+01,1.000000000000000000e+00,-8.000000000000000000e+00
6.972578880544726587e+01,1.000000000000000000e+00,-9.000000000000000000e+00
6.972578880544726587e+01,1.000000000000000000e+00,-7.000000000000000000e+00
6.972578880544726587e+01,1.000000000000000000e+00,-1.000000000000000000e+01
6.972578880544726587e+01,1.000000000000000000e+00,-8.000000000000000000e+00
6.972578880544726587e+01,1.000000000000000000e+00,-9.000000000000000000e+00
6.972578880544726587e+01,1.000000000000000000e+00,-9.000000000000000000e+00
6.972578880544726587e+01,1.000000000000000000e+00,-1.300000000000000000e+01
6.972578880544726587e+01,1.000000000000000000e+00,-7.000000000000000000e+00
6.972578880544726587e+01,1.000000000000000000e+00,-8.000000000000000000e+00
6.972578880544726587e+01,1.000000000000000000e+00,-1.100000000000000000e+01
6.972578880544726587e+01,1.000000000000000000e+00,-1.000000000000000000e+01
6.972578880544726587e+01,1.000000000000000000e+00,-9.000000000000000000e+00
6.972578880544726587e+01,1.000000000000000000e+00,-7.000000000000000000e+00
6.972578880544726587e+01,1.000000000000000000e+00,-9.000000000000000000e+00
6.972578880544726587e+01,1.000000000000000000e+00,-5.000000000000000000e+00
6.972578880544726587e+01,1.000000000000000000e+00,-7.000000000000000000e+00
6.972578880544726587e+01,1.000000000000000000e+00,-8.000000000000000000e+00
6.972578880544726587e+01,1.000000000000000000e+00,-8.000000000000000000e+00
6.972578880544726587e+01,1.000000000000000000e+00,-9.000000000000000000e+00
6.972578880544726587e+01,1.000000000000000000e+00,-1.000000000000000000e+01
6.972578880544726587e+01,1.000000000000000000e+00,-8.000000000000000000e+00
6.972578880544726587e+01,1.000000000000000000e+00,-8.000000000000000000e+00
6.972578880544726587e+01,1.000000000000000000e+00,-9.000000000000000000e+00
6.972578880544726587e+01,1.000000000000000000e+00,-1.000000000000000000e+01
6.972578880544726587e+01,1.000000000000000000e+00,-1.000000000000000000e+01
6.972578880544726587e+01,1.000000000000000000e+00,-7.000000000000000000e+00
6.972578880544726587e+01,1.000000000000000000e+00,-1.000000000000000000e+01
6.972578880544726587e+01,1.000000000000000000e+00,-6.000000000000000000e+00
6.972578880544726587e+01,1.000000000000000000e+00,-7.000000000000000000e+00
6.972578880544726587e+01,1.000000000000000000e+00,-4.000000000000000000e+00
6.972578880544726587e+01,1.000000000000000000e+00,-8.000000000000000000e+00
6.972578880544726587e+01,1.000000000000000000e+00,-5.000000000000000000e+00
6.972578880544726587e+01,1.000000000000000000e+00,-8.000000000000000000e+00
6.972578880544726587e+01,1.000000000000000000e+00,-7.000000000000000000e+00
6.972578880544726587e+01,1.000000000000000000e+00,-6.000000000000000000e+00
6.972578880544726587e+01,1.000000000000000000e+00,-8.000000000000000000e+00
6.972578880544726587e+01,1.000000000000000000e+00,-1.000000000000000000e+01
6.972578880544726587e+01,1.000000000000000000e+00,-1.200000000000000000e+01
6.972578880544726587e+01,1.000000000000000000e+00,-1.000000000000000000e+01
6.972578880544726587e+01,1.000000000000000000e+00,-6.000000000000000000e+00
6.972578880544726587e+01,1.000000000000000000e+00,-8.000000000000000000e+00
6.972578880544726587e+01,1.000000000000000000e+00,-7.000000000000000000e+00
6.972578880544726587e+01,1.000000000000000000e+00,-1.000000000000000000e+01
6.972578880544726587e+01,1.000000000000000000e+00,-9.000000000000000000e+00
6.972578880544726587e+01,1.000000000000000000e+00,-7.000000000000000000e+00
6.972578880544726587e+01,1.000000000000000000e+00,-1.300000000000000000e+01
6.972578880544726587e+01,1.000000000000000000e+00,-1.100000000000000000e+01
6.972578880544726587e+01,1.000000000000000000e+00,-1.000000000000000000e+01
6.972578880544726587e+01,1.000000000000000000e+00,-1.000000000000000000e+01
6.972578880544726587e+01,1.000000000000000000e+00,-9.000000000000000000e+00
6.972578880544726587e+01,1.000000000000000000e+00,-7.000000000000000000e+00
6.972578880544726587e+01,1.000000000000000000e+00,-9.000000000000000000e+00
6.972578880544726587e+01,1.000000000000000000e+00,-1.100000000000000000e+01
6.972578880544726587e+01,1.000000000000000000e+00,-1.200000000000000000e+01
6.972578880544726587e+01,1.000000000000000000e+00,-9.000000000000000000e+00
6.972578880544726587e+01,1.000000000000000000e+00,-1.200000000000000000e+01
6.972578880544726587e+01,1.000000000000000000e+00,-1.100000000000000000e+01
6.972578880544726587e+01,1.000000000000000000e+00,-1.100000000000000000e+01
6.972578880544726587e+01,1.000000000000000000e+00,-1.200000000000000000e+01
6.972578880544726587e+01,1.000000000000000000e+00,-1.300000000000000000e+01
6.972578880544726587e+01,1.000000000000000000e+00,-8.000000000000000000e+00
6.972578880544726587e+01,1.000000000000000000e+00,-1.000000000000000000e+01
6.972578880544726587e+01,1.000000000000000000e+00,-8.000000000000000000e+00
6.972578880544726587e+01,1.000000000000000000e+00,-1.000000000000000000e+01
6.972578880544726587e+01,1.000000000000000000e+00,-8.000000000000000000e+00
6.972578880544726587e+01,1.000000000000000000e+00,-1.200000000000000000e+01
6.972578880544726587e+01,1.000000000000000000e+00,-1.000000000000000000e+01
6.972578880544726587e+01,1.000000000000000000e+00,-9.000000000000000000e+00
6.972578880544726587e+01,1.000000000000000000e+00,-1.000000000000000000e+01
6.972578880544726587e+01,1.000000000000000000e+00,-6.000000000000000000e+00
6.972578880544726587e+01,1.000000000000000000e+00,-7.000000000000000000e+00
6.972578880544726587e+01,1.000000000000000000e+00,-8.000000000000000000e+00
6.972578880544726587e+01,1.000000000000000000e+00,-1.000000000000000000e+01
6.972578880544726587e+01,1.000000000000000000e+00,-8.000000000000000000e+00
6.972578880544726587e+01,1.000000000000000000e+00,-1.100000000000000000e+01
6.972578880544726587e+01,1.000000000000000000e+00,-1.300000000000000000e+01
6.972578880544726587e+01,1.000000000000000000e+00,-9.000000000000000000e+00
6.972578880544726587e+01,1.000000000000000000e+00,-9.000000000000000000e+00
6.972578880544726587e+01,1.000000000000000000e+00,-9.000000000000000000e+00
6.972578880544726587e+01,1.000000000000000000e+00,-9.000000000000000000e+00
6.972578880544726587e+01,1.000000000000000000e+00,-5.000000000000000000e+00
6.972578880544726587e+01,1.000000000000000000e+00,-1.100000000000000000e+01
6.972578880544726587e+01,1.000000000000000000e+00,-9.000000000000000000e+00
6.972578880544726587e+01,1.000000000000000000e+00,-1.100000000000000000e+01
6.972578880544726587e+01,1.000000000000000000e+00,-9.000000000000000000e+00
6.972578880544726587e+01,1.000000000000000000e+00,-6.000000000000000000e+00
6.972578880544726587e+01,1.000000000000000000e+00,-9.000000000000000000e+00
6.972578880544726587e+01,1.000000000000000000e+00,-7.000000000000000000e+00
6.972578880544726587e+01,1.000000000000000000e+00,-7.000000000000000000e+00
6.972578880544726587e+01,1.000000000000000000e+00,-1.000000000000000000e+01
6.972578880544726587e+01,1.000000000000000000e+00,-1.300000000000000000e+01
6.972578880544726587e+01,1.000000000000000000e+00,-7.000000000000000000e+00
6.972578880544726587e+01,1.000000000000000000e+00,-9.000000000000000000e+00
6.972578880544726587e+01,1.000000000000000000e+00,-8.000000000000000000e+00
6.972578880544726587e+01,1.000000000000000000e+00,-1.100000000000000000e+01
6.972578880544726587e+01,1.000000000000000000e+00,-9.000000000000000000e+00
6.972578880544726587e+01,1.000000000000000000e+00,-1.300000000000000000e+01
6.972578880544726587e+01,1.000000000000000000e+00,-7.000000000000000000e+00
6.972578880544726587e+01,1.000000000000000000e+00,-1.000000000000000000e+01
6.972578880544726587e+01,1.000000000000000000e+00,-1.100000000000000000e+01
6.972578880544726587e+01,1.000000000000000000e+00,-1.200000000000000000e+01
6.972578880544726587e+01,1.000000000000000000e+00,-8.000000000000000000e+00
6.972578880544726587e+01,1.000000000000000000e+00,-1.100000000000000000e+01
6.972578880544726587e+01,1.000000000000000000e+00,-9.000000000000000000e+00
6.972578880544726587e+01,1.000000000000000000e+00,-1.000000000000000000e+01
6.972578880544726587e+01,1.000000000000000000e+00,-8.000000000000000000e+00
6.972578880544726587e+01,1.000000000000000000e+00,-1.100000000000000000e+01
6.972578880544726587e+01,1.000000000000000000e+00,-8.000000000000000000e+00
6.972578880544726587e+01,1.000000000000000000e+00,-1.000000000000000000e+01
6.972578880544726587e+01,1.000000000000000000e+00,-9.000000000000000000e+00
6.972578880544726587e+01,1.000000000000000000e+00,-9.000000000000000000e+00
6.972578880544726587e+01,1.000000000000000000e+00,-9.000000000000000000e+00
6.972578880544726587e+01,1.000000000000000000e+00,-1.100000000000000000e+01
6.972578880544726587e+01,1.000000000000000000e+00,-1.200000000000000000e+01
6.972578880544726587e+01,1.000000000000000000e+00,-6.000000000000000000e+00
6.972578880544726587e+01,1.000000000000000000e+00,-1.100000000000000000e+01
6.972578880544726587e+01,1.000000000000000000e+00,-1.300000000000000000e+01
6.972578880544726587e+01,1.000000000000000000e+00,-1.400000000000000000e+01
6.972578880544726587e+01,1.000000000000000000e+00,-1.100000000000000000e+01
6.972578880544726587e+01,1.000000000000000000e+00,-1.000000000000000000e+01
6.972578880544726587e+01,1.000000000000000000e+00,-6.000000000000000000e+00
6.972578880544726587e+01,1.000000000000000000e+00,-1.100000000000000000e+01
6.972578880544726587e+01,1.000000000000000000e+00,-9.000000000000000000e+00
6.972578880544726587e+01,1.000000000000000000e+00,-9.000000000000000000e+00
6.972578880544726587e+01,1.000000000000000000e+00,-8.000000000000000000e+00
6.972578880544726587e+01,1.000000000000000000e+00,-9.000000000000000000e+00
6.972578880544726587e+01,1.000000000000000000e+00,-1.500000000000000000e+01
6.972578880544726587e+01,1.000000000000000000e+00,-8.000000000000000000e+00
6.972578880544726587e+01,1.000000000000000000e+00,-9.000000000000000000e+00
6.972578880544726587e+01,1.000000000000000000e+00,-1.000000000000000000e+01
6.972578880544726587e+01,1.000000000000000000e+00,-1.200000000000000000e+01
6.972578880544726587e+01,1.000000000000000000e+00,-7.000000000000000000e+00
6.972578880544726587e+01,1.000000000000000000e+00,-9.000000000000000000e+00
6.972578880544726587e+01,1.000000000000000000e+00,-1.100000000000000000e+01
6.972578880544726587e+01,1.000000000000000000e+00,-8.000000000000000000e+00
6.972578880544726587e+01,1.000000000000000000e+00,-1.100000000000000000e+01
6.972578880544726587e+01,1.000000000000000000e+00,-1.000000000000000000e+01
6.972578880544726587e+01,1.000000000000000000e+00,-1.000000000000000000e+01
6.972578880544726587e+01,1.000000000000000000e+00,-8.000000000000000000e+00
6.972578880544726587e+01,1.000000000000000000e+00,-1.100000000000000000e+01
6.972578880544726587e+01,1.000000000000000000e+00,-1.000000000000000000e+01
6.972578880544726587e+01,1.000000000000000000e+00,-7.000000000000000000e+00
6.972578880544726587e+01,1.000000000000000000e+00,-1.000000000000000000e+01
6.972578880544726587e+01,1.000000000000000000e+00,-7.000000000000000000e+00
6.972578880544726587e+01,1.000000000000000000e+00,-8.000000000000000000e+00
6.972578880544726587e+01,1.000000000000000000e+00,-1.400000000000000000e+01
6.972578880544726587e+01,1.000000000000000000e+00,-1.000000000000000000e+01
6.972578880544726587e+01,1.000000000000000000e+00,-9.000000000000000000e+00
6.972578880544726587e+01,1.000000000000000000e+00,-1.100000000000000000e+01
6.972578880544726587e+01,1.000000000000000000e+00,-1.000000000000000000e+01
6.972578880544726587e+01,1.000000000000000000e+00,-5.000000000000000000e+00
6.972578880544726587e+01,1.000000000000000000e+00,-8.000000000000000000e+00
6.972578880544726587e+01,1.000000000000000000e+00,-9.000000000000000000e+00
6.972578880544726587e+01,1.000000000000000000e+00,-1.400000000000000000e+01
6.972578880544726587e+01,1.000000000000000000e+00,-1.100000000000000000e+01
6.972578880544726587e+01,1.000000000000000000e+00,-6.000000000000000000e+00
6.972578880544726587e+01,1.000000000000000000e+00,-1.000000000000000000e+01
6.972578880544726587e+01,1.000000000000000000e+00,-1.100000000000000000e+01
6.972578880544726587e+01,1.000000000000000000e+00,-1.000000000000000000e+01
6.972578880544726587e+01,1.000000000000000000e+00,-9.000000000000000000e+00
6.972578880544726587e+01,1.000000000000000000e+00,-1.300000000000000000e+01
6.972578880544726587e+01,1.000000000000000000e+00,-1.100000000000000000e+01
6.972578880544726587e+01,1.000000000000000000e+00,-1.000000000000000000e+01
6.972578880544726587e+01,1.000000000000000000e+00,-1.200000000000000000e+01
6.972578880544726587e+01,1.000000000000000000e+00,-9.000000000000000000e+00
6.972578880544726587e+01,1.000000000000000000e+00,-6.000000000000000000e+00
6.972578880544726587e+01,1.000000000000000000e+00,-1.000000000000000000e+01
6.972578880544726587e+01,1.000000000000000000e+00,-1.100000000000000000e+01
6.972578880544726587e+01,1.000000000000000000e+00,-8.000000000000000000e+00
6.972578880544726587e+01,1.000000000000000000e+00,-1.100000000000000000e+01
6.972578880544726587e+01,1.000000000000000000e+00,-1.000000000000000000e+01
6.972578880544726587e+01,1.000000000000000000e+00,-1.000000000000000000e+01
6.972578880544726587e+01,1.000000000000000000e+00,-1.200000000000000000e+01
6.972578880544726587e+01,1.000000000000000000e+00,-1.000000000000000000e+01
6.972578880544726587e+01,1.000000000000000000e+00,-8.000000000000000000e+00
6.972578880544726587e+01,1.000000000000000000e+00,-9.000000000000000000e+00
6.972578880544726587e+01,1.000000000000000000e+00,-1.000000000000000000e+01
6.972578880544726587e+01,1.000000000000000000e+00,-6.000000000000000000e+00
6.972578880544726587e+01,1.000000000000000000e+00,-1.200000000000000000e+01
6.972578880544726587e+01,1.000000000000000000e+00,-9.000000000000000000e+00
6.972578880544726587e+01,1.000000000000000000e+00,-9.000000000000000000e+00
6.972578880544726587e+01,1.000000000000000000e+00,-1.000000000000000000e+01
6.972578880544726587e+01,1.000000000000000000e+00,-9.000000000000000000e+00
6.972578880544726587e+01,1.000000000000000000e+00,-9.000000000000000000e+00
6.972578880544726587e+01,1.000000000000000000e+00,-1.100000000000000000e+01
6.972578880544726587e+01,1.000000000000000000e+00,-6.000000000000000000e+00
6.972578880544726587e+01,1.000000000000000000e+00,-8.000000000000000000e+00
6.972578880544726587e+01,1.000000000000000000e+00,-7.000000000000000000e+00
6.972578880544726587e+01,1.000000000000000000e+00,-1.000000000000000000e+01
6.972578880544726587e+01,1.000000000000000000e+00,-9.000000000000000000e+00
6.972578880544726587e+01,1.000000000000000000e+00,-8.000000000000000000e+00
6.972578880544726587e+01,1.000000000000000000e+00,-8.000000000000000000e+00
6.972578880544726587e+01,1.000000000000000000e+00,-9.000000000000000000e+00
6.972578880544726587e+01,1.000000000000000000e+00,-6.000000000000000000e+00
6.972578880544726587e+01,1.000000000000000000e+00,-9.000000000000000000e+00
6.972578880544726587e+01,1.000000000000000000e+00,-7.000000000000000000e+00
6.972578880544726587e+01,1.000000000000000000e+00,-8.000000000000000000e+00
6.972578880544726587e+01,1.000000000000000000e+00,-9.000000000000000000e+00
6.972578880544726587e+01,1.000000000000000000e+00,-1.100000000000000000e+01
6.972578880544726587e+01,1.000000000000000000e+00,-7.000000000000000000e+00
6.972578880544726587e+01,1.000000000000000000e+00,-1.200000000000000000e+01
6.972578880544726587e+01,1.000000000000000000e+00,-1.000000000000000000e+01
6.972578880544726587e+01,1.000000000000000000e+00,-1.000000000000000000e+01
6.972578880544726587e+01,1.000000000000000000e+00,-1.000000000000000000e+01
6.972578880544726587e+01,1.000000000000000000e+00,-1.100000000000000000e+01
6.972578880544726587e+01,1.000000000000000000e+00,-5.000000000000000000e+00
6.972578880544726587e+01,1.000000000000000000e+00,-5.000000000000000000e+00
6.972578880544726587e+01,1.000000000000000000e+00,-1.000000000000000000e+01
6.972578880544726587e+01,1.000000000000000000e+00,-7.000000000000000000e+00
6.972578880544726587e+01,1.000000000000000000e+00,-9.000000000000000000e+00
6.972578880544726587e+01,1.000000000000000000e+00,-1.000000000000000000e+01
6.972578880544726587e+01,1.000000000000000000e+00,-8.000000000000000000e+00
6.972578880544726587e+01,1.000000000000000000e+00,-1.000000000000000000e+01
6.972578880544726587e+01,1.000000000000000000e+00,-8.000000000000000000e+00
6.972578880544726587e+01,1.000000000000000000e+00,-7.000000000000000000e+00
6.972578880544726587e+01,1.000000000000000000e+00,-9.000000000000000000e+00
6.972578880544726587e+01,1.000000000000000000e+00,-8.000000000000000000e+00
6.972578880544726587e+01,1.000000000000000000e+00,-7.000000000000000000e+00
6.972578880544726587e+01,1.000000000000000000e+00,-1.200000000000000000e+01
6.972578880544726587e+01,1.000000000000000000e+00,-7.000000000000000000e+00
6.972578880544726587e+01,1.000000000000000000e+00,-7.000000000000000000e+00
6.972578880544726587e+01,1.000000000000000000e+00,-9.000000000000000000e+00
6.972578880544726587e+01,1.000000000000000000e+00,-9.000000000000000000e+00
6.972578880544726587e+01,1.000000000000000000e+00,-1.100000000000000000e+01
6.972578880544726587e+01,1.000000000000000000e+00,-7.000000000000000000e+00
6.972578880544726587e+01,1.000000000000000000e+00,-8.000000000000000000e+00
6.972578880544726587e+01,1.000000000000000000e+00,-1.200000000000000000e+01
6.972578880544726587e+01,1.000000000000000000e+00,-1.100000000000000000e+01
6.972578880544726587e+01,1.000000000000000000e+00,-8.000000000000000000e+00
6.972578880544726587e+01,1.000000000000000000e+00,-1.400000000000000000e+01
6.972578880544726587e+01,1.000000000000000000e+00,-8.000000000000000000e+00
6.972578880544726587e+01,1.000000000000000000e+00,-7.000000000000000000e+00
6.972578880544726587e+01,1.000000000000000000e+00,-1.000000000000000000e+01
6.972578880544726587e+01,1.000000000000000000e+00,-7.000000000000000000e+00
6.972578880544726587e+01,1.000000000000000000e+00,-7.000000000000000000e+00
6.972578880544726587e+01,1.000000000000000000e+00,-5.000000000000000000e+00
6.972578880544726587e+01,1.000000000000000000e+00,-8.000000000000000000e+00
6.972578880544726587e+01,1.000000000000000000e+00,-7.000000000000000000e+00
6.972578880544726587e+01,1.000000000000000000e+00,-7.000000000000000000e+00
6.972578880544726587e+01,1.000000000000000000e+00,-1.100000000000000000e+01
6.972578880544726587e+01,1.000000000000000000e+00,-9.000000000000000000e+00
6.972578880544726587e+01,1.000000000000000000e+00,-7.000000000000000000e+00
6.972578880544726587e+01,1.000000000000000000e+00,-7.000000000000000000e+00
6.972578880544726587e+01,1.000000000000000000e+00,-3.000000000000000000e+00
6.972578880544726587e+01,1.000000000000000000e+00,-9.000000000000000000e+00
6.972578880544726587e+01,1.000000000000000000e+00,-9.000000000000000000e+00
6.972578880544726587e+01,1.000000000000000000e+00,-9.000000000000000000e+00
6.972578880544726587e+01,1.000000000000000000e+00,-9.000000000000000000e+00
6.972578880544726587e+01,1.000000000000000000e+00,-1.200000000000000000e+01
6.972578880544726587e+01,1.000000000000000000e+00,-7.000000000000000000e+00
6.972578880544726587e+01,1.000000000000000000e+00,-1.000000000000000000e+01
6.972578880544726587e+01,1.000000000000000000e+00,-9.000000000000000000e+00
6.972578880544726587e+01,1.000000000000000000e+00,-5.000000000000000000e+00
6.972578880544726587e+01,1.000000000000000000e+00,-7.000000000000000000e+00
6.972578880544726587e+01,1.000000000000000000e+00,-9.000000000000000000e+00
6.972578880544726587e+01,1.000000000000000000e+00,-1.200000000000000000e+01
6.972578880544726587e+01,1.000000000000000000e+00,-7.000000000000000000e+00
6.972578880544726587e+01,1.000000000000000000e+00,-9.000000000000000000e+00
6.972578880544726587e+01,1.000000000000000000e+00,-1.100000000000000000e+01
6.972578880544726587e+01,1.000000000000000000e+00,-8.000000000000000000e+00
6.972578880544726587e+01,1.000000000000000000e+00,-7.000000000000000000e+00
6.972578880544726587e+01,1.000000000000000000e+00,-6.000000000000000000e+00
6.972578880544726587e+01,1.000000000000000000e+00,-1.000000000000000000e+01
6.972578880544726587e+01,1.000000000000000000e+00,-2.000000000000000000e+00
6.972578880544726587e+01,1.000000000000000000e+00,-4.000000000000000000e+00
6.972578880544726587e+01,1.000000000000000000e+00,-1.100000000000000000e+01
6.972578880544726587e+01,1.000000000000000000e+00,-9.000000000000000000e+00
6.972578880544726587e+01,1.000000000000000000e+00,-7.000000000000000000e+00
6.972578880544726587e+01,1.000000000000000000e+00,-4.000000000000000000e+00
6.972578880544726587e+01,1.000000000000000000e+00,-7.000000000000000000e+00
6.972578880544726587e+01,1.000000000000000000e+00,-4.000000000000000000e+00
6.972578880544726587e+01,1.000000000000000000e+00,-5.000000000000000000e+00
6.972578880544726587e+01,1.000000000000000000e+00,-6.000000000000000000e+00
6.972578880544726587e+01,1.000000000000000000e+00,-7.000000000000000000e+00
6.972578880544726587e+01,1.000000000000000000e+00,-8.000000000000000000e+00
6.972578880544726587e+01,1.000000000000000000e+00,-8.000000000000000000e+00
6.972578880544726587e+01,1.000000000000000000e+00,-7.000000000000000000e+00
6.972578880544726587e+01,1.000000000000000000e+00,-1.200000000000000000e+01
6.972578880544726587e+01,1.000000000000000000e+00,-6.000000000000000000e+00
6.972578880544726587e+01,1.000000000000000000e+00,-6.000000000000000000e+00
6.972578880544726587e+01,1.000000000000000000e+00,-8.000000000000000000e+00
6.972578880544726587e+01,1.000000000000000000e+00,-7.000000000000000000e+00
6.972578880544726587e+01,1.000000000000000000e+00,-9.000000000000000000e+00
6.972578880544726587e+01,1.000000000000000000e+00,-5.000000000000000000e+00
6.972578880544726587e+01,1.000000000000000000e+00,-4.000000000000000000e+00
6.972578880544726587e+01,1.000000000000000000e+00,-7.000000000000000000e+00
6.972578880544726587e+01,1.000000000000000000e+00,-5.000000000000000000e+00
6.972578880544726587e+01,1.000000000000000000e+00,-6.000000000000000000e+00
6.972578880544726587e+01,1.000000000000000000e+00,-4.000000000000000000e+00
6.972578880544726587e+01,1.000000000000000000e+00,-6.000000000000000000e+00
6.972578880544726587e+01,1.000000000000000000e+00,-5.000000000000000000e+00
6.972578880544726587e+01,1.000000000000000000e+00,-7.000000000000000000e+00
6.972578880544726587e+01,1.000000000000000000e+00,-4.000000000000000000e+00
6.972578880544726587e+01,1.000000000000000000e+00,-4.000000000000000000e+00
6.972578880544726587e+01,1.000000000000000000e+00,-7.000000000000000000e+00
6.972578880544726587e+01,1.000000000000000000e+00,-5.000000000000000000e+00
6.972578880544726587e+01,1.000000000000000000e+00,-5.000000000000000000e+00
6.972578880544726587e+01,1.000000000000000000e+00,-5.000000000000000000e+00
6.972578880544726587e+01,1.000000000000000000e+00,0.000000000000000000e+00
6.972578880544726587e+01,1.000000000000000000e+00,-8.000000000000000000e+00
6.972578880544726587e+01,1.000000000000000000e+00,-8.000000000000000000e+00
6.972578880544726587e+01,1.000000000000000000e+00,-6.000000000000000000e+00
6.972578880544726587e+01,1.000000000000000000e+00,-2.000000000000000000e+00
6.972578880544726587e+01,1.000000000000000000e+00,-6.000000000000000000e+00
6.972578880544726587e+01,1.000000000000000000e+00,-6.000000000000000000e+00
6.972578880544726587e+01,1.000000000000000000e+00,-1.000000000000000000e+01
6.972578880544726587e+01,1.000000000000000000e+00,-3.000000000000000000e+00
6.972578880544726587e+01,1.000000000000000000e+00,-3.000000000000000000e+00
6.972578880544726587e+01,1.000000000000000000e+00,-7.000000000000000000e+00
6.972578880544726587e+01,1.000000000000000000e+00,-4.000000000000000000e+00
6.972578880544726587e+01,1.000000000000000000e+00,-5.000000000000000000e+00
6.972578880544726587e+01,1.000000000000000000e+00,-3.000000000000000000e+00
6.972578880544726587e+01,1.000000000000000000e+00,-7.000000000000000000e+00
6.972578880544726587e+01,1.000000000000000000e+00,-3.000000000000000000e+00
6.972578880544726587e+01,1.000000000000000000e+00,-4.000000000000000000e+00
6.972578880544726587e+01,1.000000000000000000e+00,-5.000000000000000000e+00
6.972578880544726587e+01,1.000000000000000000e+00,-6.000000000000000000e+00
6.972578880544726587e+01,1.000000000000000000e+00,-8.000000000000000000e+00
6.972578880544726587e+01,1.000000000000000000e+00,-9.000000000000000000e+00
6.972578880544726587e+01,1.000000000000000000e+00,-5.000000000000000000e+00
6.972578880544726587e+01,1.000000000000000000e+00,-3.000000000000000000e+00
6.972578880544726587e+01,1.000000000000000000e+00,-2.000000000000000000e+00
6.972578880544726587e+01,1.000000000000000000e+00,-9.000000000000000000e+00
6.972578880544726587e+01,1.000000000000000000e+00,-7.000000000000000000e+00
6.972578880544726587e+01,1.000000000000000000e+00,-7.000000000000000000e+00
6.972578880544726587e+01,1.000000000000000000e+00,-7.000000000000000000e+00
6.972578880544726587e+01,1.000000000000000000e+00,-7.000000000000000000e+00
6.972578880544726587e+01,1.000000000000000000e+00,-4.000000000000000000e+00
6.972578880544726587e+01,1.000000000000000000e+00,-6.000000000000000000e+00
6.972578880544726587e+01,1.000000000000000000e+00,-5.000000000000000000e+00
6.972578880544726587e+01,1.000000000000000000e+00,-5.000000000000000000e+00
6.972578880544726587e+01,1.000000000000000000e+00,-9.000000000000000000e+00
6.972578880544726587e+01,1.000000000000000000e+00,-5.000000000000000000e+00
6.972578880544726587e+01,1.000000000000000000e+00,-5.000000000000000000e+00
6.972578880544726587e+01,1.000000000000000000e+00,-6.000000000000000000e+00
6.972578880544726587e+01,1.000000000000000000e+00,-5.000000000000000000e+00
6.972578880544726587e+01,1.000000000000000000e+00,-5.000000000000000000e+00
6.972578880544726587e+01,1.000000000000000000e+00,-4.000000000000000000e+00
6.972578880544726587e+01,1.000000000000000000e+00,-7.000000000000000000e+00
6.972578880544726587e+01,1.000000000000000000e+00,-3.000000000000000000e+00
6.972578880544726587e+01,1.000000000000000000e+00,-5.000000000000000000e+00
6.972578880544726587e+01,1.000000000000000000e+00,-3.000000000000000000e+00
6.972578880544726587e+01,1.000000000000000000e+00,-6.000000000000000000e+00
6.972578880544726587e+01,1.000000000000000000e+00,-6.000000000000000000e+00
6.972578880544726587e+01,1.000000000000000000e+00,-7.000000000000000000e+00
6.972578880544726587e+01,1.000000000000000000e+00,-5.000000000000000000e+00
6.972578880544726587e+01,1.000000000000000000e+00,-5.000000000000000000e+00
6.972578880544726587e+01,1.000000000000000000e+00,-2.000000000000000000e+00
6.972578880544726587e+01,1.000000000000000000e+00,-2.000000000000000000e+00
6.972578880544726587e+01,1.000000000000000000e+00,-6.000000000000000000e+00
6.972578880544726587e+01,1.000000000000000000e+00,-5.000000000000000000e+00
6.972578880544726587e+01,1.000000000000000000e+00,-3.000000000000000000e+00
6.972578880544726587e+01,1.000000000000000000e+00,-5.000000000000000000e+00
6.972578880544726587e+01,1.000000000000000000e+00,-5.000000000000000000e+00
6.972578880544726587e+01,1.000000000000000000e+00,-5.000000000000000000e+00
6.972578880544726587e+01,1.000000000000000000e+00,-4.000000000000000000e+00
6.972578880544726587e+01,1.000000000000000000e+00,-4.000000000000000000e+00
6.972578880544726587e+01,1.000000000000000000e+00,-3.000000000000000000e+00
6.972578880544726587e+01,1.000000000000000000e+00,-2.000000000000000000e+00
6.972578880544726587e+01,1.000000000000000000e+00,-5.000000000000000000e+00
6.972578880544726587e+01,1.000000000000000000e+00,-2.000000000000000000e+00
6.972578880544726587e+01,1.000000000000000000e+00,-1.000000000000000000e+00
6.972578880544726587e+01,1.000000000000000000e+00,-3.000000000000000000e+00
6.972578880544726587e+01,1.000000000000000000e+00,-8.000000000000000000e+00
6.972578880544726587e+01,1.000000000000000000e+00,0.000000000000000000e+00
6.972578880544726587e+01,1.000000000000000000e+00,-6.000000000000000000e+00
6.972578880544726587e+01,1.000000000000000000e+00,-5.000000000000000000e+00
6.972578880544726587e+01,1.000000000000000000e+00,-3.000000000000000000e+00
6.972578880544726587e+01,1.000000000000000000e+00,-2.000000000000000000e+00
6.972578880544726587e+01,1.000000000000000000e+00,-1.000000000000000000e+00
6.972578880544726587e+01,1.000000000000000000e+00,-7.000000000000000000e+00
6.972578880544726587e+01,1.000000000000000000e+00,-3.000000000000000000e+00
6.972578880544726587e+01,1.000000000000000000e+00,-3.000000000000000000e+00
6.972578880544726587e+01,1.000000000000000000e+00,-1.000000000000000000e+00
6.972578880544726587e+01,1.000000000000000000e+00,0.000000000000000000e+00
6.972578880544726587e+01,1.000000000000000000e+00,-2.000000000000000000e+00
6.972578880544726587e+01,1.000000000000000000e+00,2.000000000000000000e+00
6.972578880544726587e+01,1.000000000000000000e+00,-2.000000000000000000e+00
6.972578880544726587e+01,1.000000000000000000e+00,-2.000000000000000000e+00
6.972578880544726587e+01,1.000000000000000000e+00,-1.000000000000000000e+00
6.972578880544726587e+01,1.000000000000000000e+00,-3.000000000000000000e+00
6.972578880544726587e+01,1.000000000000000000e+00,-3.000000000000000000e+00
6.972578880544726587e+01,1.000000000000000000e+00,-2.000000000000000000e+00
6.972578880544726587e+01,1.000000000000000000e+00,-3.000000000000000000e+00
6.972578880544726587e+01,1.000000000000000000e+00,0.000000000000000000e+00
6.972578880544726587e+01,1.000000000000000000e+00,-2.000000000000000000e+00
6.972578880544726587e+01,1.000000000000000000e+00,-3.000000000000000000e+00
6.972578880544726587e+01,1.000000000000000000e+00,0.000000000000000000e+00
6.972578880544726587e+01,1.000000000000000000e+00,-2.000000000000000000e+00
6.972578880544726587e+01,1.000000000000000000e+00,-3.000000000000000000e+00
6.972578880544726587e+01,1.000000000000000000e+00,0.000000000000000000e+00
6.972578880544726587e+01,1.000000000000000000e+00,-1.000000000000000000e+00
6.972578880544726587e+01,1.000000000000000000e+00,-2.000000000000000000e+00
6.972578880544726587e+01,1.000000000000000000e+00,-3.000000000000000000e+00
6.972578880544726587e+01,1.000000000000000000e+00,-5.000000000000000000e+00
6.972578880544726587e+01,1.000000000000000000e+00,-7.000000000000000000e+00
6.972578880544726587e+01,1.000000000000000000e+00,-2.000000000000000000e+00
6.972578880544726587e+01,1.000000000000000000e+00,-1.000000000000000000e+00
6.972578880544726587e+01,1.000000000000000000e+00,0.000000000000000000e+00
6.972578880544726587e+01,1.000000000000000000e+00,-2.000000000000000000e+00
6.972578880544726587e+01,1.000000000000000000e+00,-1.000000000000000000e+00
6.972578880544726587e+01,1.000000000000000000e+00,-2.000000000000000000e+00
6.972578880544726587e+01,1.000000000000000000e+00,-4.000000000000000000e+00
6.972578880544726587e+01,1.000000000000000000e+00,-4.000000000000000000e+00
6.972578880544726587e+01,1.000000000000000000e+00,-1.000000000000000000e+00
6.972578880544726587e+01,1.000000000000000000e+00,-3.000000000000000000e+00
6.972578880544726587e+01,1.000000000000000000e+00,-3.000000000000000000e+00
6.972578880544726587e+01,1.000000000000000000e+00,-2.000000000000000000e+00
6.972578880544726587e+01,1.000000000000000000e+00,0.000000000000000000e+00
6.972578880544726587e+01,1.000000000000000000e+00,-3.000000000000000000e+00
6.972578880544726587e+01,1.000000000000000000e+00,1.000000000000000000e+00
6.972578880544726587e+01,1.000000000000000000e+00,2.000000000000000000e+00
6.972578880544726587e+01,1.000000000000000000e+00,1.000000000000000000e+00
6.972578880544726587e+01,1.000000000000000000e+00,-1.000000000000000000e+00
6.972578880544726587e+01,1.000000000000000000e+00,0.000000000000000000e+00
6.972578880544726587e+01,1.000000000000000000e+00,-1.000000000000000000e+00
6.972578880544726587e+01,1.000000000000000000e+00,-4.000000000000000000e+00
6.972578880544726587e+01,1.000000000000000000e+00,-3.000000000000000000e+00
6.972578880544726587e+01,1.000000000000000000e+00,1.000000000000000000e+00
6.972578880544726587e+01,1.000000000000000000e+00,-1.000000000000000000e+00
6.972578880544726587e+01,1.000000000000000000e+00,-2.000000000000000000e+00
6.972578880544726587e+01,1.000000000000000000e+00,-1.000000000000000000e+00
6.972578880544726587e+01,1.000000000000000000e+00,4.000000000000000000e+00
6.972578880544726587e+01,1.000000000000000000e+00,-1.000000000000000000e+00
6.972578880544726587e+01,1.000000000000000000e+00,0.000000000000000000e+00
6.972578880544726587e+01,1.000000000000000000e+00,0.000000000000000000e+00
6.972578880544726587e+01,1.000000000000000000e+00,0.000000000000000000e+00
6.972578880544726587e+01,1.000000000000000000e+00,0.000000000000000000e+00
6.972578880544726587e+01,1.000000000000000000e+00,-1.000000000000000000e+00
6.972578880544726587e+01,1.000000000000000000e+00,0.000000000000000000e+00
6.972578880544726587e+01,1.000000000000000000e+00,-1.000000000000000000e+00
6.972578880544726587e+01,1.000000000000000000e+00,3.000000000000000000e+00
6.972578880544726587e+01,1.000000000000000000e+00,-1.000000000000000000e+00
6.972578880544726587e+01,1.000000000000000000e+00,-2.000000000000000000e+00
6.972578880544726587e+01,1.000000000000000000e+00,0.000000000000000000e+00
6.972578880544726587e+01,1.000000000000000000e+00,0.000000000000000000e+00
6.972578880544726587e+01,1.000000000000000000e+00,1.000000000000000000e+00
6.972578880544726587e+01,1.000000000000000000e+00,1.000000000000000000e+00
6.972578880544726587e+01,1.000000000000000000e+00,2.000000000000000000e+00
6.972578880544726587e+01,1.000000000000000000e+00,2.000000000000000000e+00
6.972578880544726587e+01,1.000000000000000000e+00,-1.000000000000000000e+00
6.972578880544726587e+01,1.000000000000000000e+00,0.000000000000000000e+00
6.972578880544726587e+01,1.000000000000000000e+00,-2.000000000000000000e+00
6.972578880544726587e+01,1.000000000000000000e+00,0.000000000000000000e+00
6.972578880544726587e+01,1.000000000000000000e+00,8.000000000000000000e+00
6.972578880544726587e+01,1.000000000000000000e+00,3.000000000000000000e+00
6.972578880544726587e+01,1.000000000000000000e+00,3.000000000000000000e+00
6.972578880544726587e+01,1.000000000000000000e+00,2.000000000000000000e+00
6.972578880544726587e+01,1.000000000000000000e+00,3.000000000000000000e+00
6.972578880544726587e+01,1.000000000000000000e+00,1.000000000000000000e+00
6.972578880544726587e+01,1.000000000000000000e+00,1.000000000000000000e+00
6.972578880544726587e+01,1.000000000000000000e+00,-1.000000000000000000e+00
6.972578880544726587e+01,1.000000000000000000e+00,0.000000000000000000e+00
6.972578880544726587e+01,1.000000000000000000e+00,0.000000000000000000e+00
6.972578880544726587e+01,1.000000000000000000e+00,0.000000000000000000e+00
6.972578880544726587e+01,1.000000000000000000e+00,0.000000000000000000e+00
6.972578880544726587e+01,1.000000000000000000e+00,1.000000000000000000e+00
6.972578880544726587e+01,1.000000000000000000e+00,3.000000000000000000e+00
6.972578880544726587e+01,1.000000000000000000e+00,3.000000000000000000e+00
6.972578880544726587e+01,1.000000000000000000e+00,4.000000000000000000e+00
6.972578880544726587e+01,1.000000000000000000e+00,2.000000000000000000e+00
6.972578880544726587e+01,1.000000000000000000e+00,2.000000000000000000e+00
6.972578880544726587e+01,1.000000000000000000e+00,0.000000000000000000e+00
6.972578880544726587e+01,1.000000000000000000e+00,2.000000000000000000e+00
6.972578880544726587e+01,1.000000000000000000e+00,2.000000000000000000e+00
6.972578880544726587e+01,1.000000000000000000e+00,2.000000000000000000e+00
6.972578880544726587e+01,1.000000000000000000e+00,2.000000000000000000e+00
6.972578880544726587e+01,1.000000000000000000e+00,1.000000000000000000e+00
6.972578880544726587e+01,1.000000000000000000e+00,1.000000000000000000e+00
6.972578880544726587e+01,1.000000000000000000e+00,2.000000000000000000e+00
6.972578880544726587e+01,1.000000000000000000e+00,1.000000000000000000e+00
6.972578880544726587e+01,1.000000000000000000e+00,0.000000000000000000e+00
6.972578880544726587e+01,1.000000000000000000e+00,1.000000000000000000e+00
6.972578880544726587e+01,1.000000000000000000e+00,4.000000000000000000e+00
6.972578880544726587e+01,1.000000000000000000e+00,3.000000000000000000e+00
6.972578880544726587e+01,1.000000000000000000e+00,0.000000000000000000e+00
6.972578880544726587e+01,1.000000000000000000e+00,2.000000000000000000e+00
6.972578880544726587e+01,1.000000000000000000e+00,2.000000000000000000e+00
6.972578880544726587e+01,1.000000000000000000e+00,4.000000000000000000e+00
6.972578880544726587e+01,1.000000000000000000e+00,0.000000000000000000e+00
6.972578880544726587e+01,1.000000000000000000e+00,1.000000000000000000e+00
6.972578880544726587e+01,1.000000000000000000e+00,5.000000000000000000e+00
6.972578880544726587e+01,1.000000000000000000e+00,6.000000000000000000e+00
6.972578880544726587e+01,1.000000000000000000e+00,4.000000000000000000e+00
6.972578880544726587e+01,1.000000000000000000e+00,3.000000000000000000e+00
6.972578880544726587e+01,1.000000000000000000e+00,2.000000000000000000e+00
6.972578880544726587e+01,1.000000000000000000e+00,4.000000000000000000e+00
6.972578880544726587e+01,1.000000000000000000e+00,3.000000000000000000e+00
6.972578880544726587e+01,1.000000000000000000e+00,8.000000000000000000e+00
6.972578880544726587e+01,1.000000000000000000e+00,3.000000000000000000e+00
6.972578880544726587e+01,1.000000000000000000e+00,3.000000000000000000e+00
6.972578880544726587e+01,1.000000000000000000e+00,0.000000000000000000e+00
6.972578880544726587e+01,1.000000000000000000e+00,2.000000000000000000e+00
6.972578880544726587e+01,1.000000000000000000e+00,5.000000000000000000e+00
6.972578880544726587e+01,1.000000000000000000e+00,4.000000000000000000e+00
6.972578880544726587e+01,1.000000000000000000e+00,5.000000000000000000e+00
6.972578880544726587e+01,1.000000000000000000e+00,6.000000000000000000e+00
6.972578880544726587e+01,1.000000000000000000e+00,5.000000000000000000e+00
6.972578880544726587e+01,1.000000000000000000e+00,3.000000000000000000e+00
6.972578880544726587e+01,1.000000000000000000e+00,3.000000000000000000e+00
6.972578880544726587e+01,1.000000000000000000e+00,5.000000000000000000e+00
6.972578880544726587e+01,1.000000000000000000e+00,4.000000000000000000e+00
6.972578880544726587e+01,1.000000000000000000e+00,0.000000000000000000e+00
6.972578880544726587e+01,1.000000000000000000e+00,6.000000000000000000e+00
6.972578880544726587e+01,1.000000000000000000e+00,6.000000000000000000e+00
6.972578880544726587e+01,1.000000000000000000e+00,6.000000000000000000e+00
6.972578880544726587e+01,1.000000000000000000e+00,5.000000000000000000e+00
6.972578880544726587e+01,1.000000000000000000e+00,4.000000000000000000e+00
6.972578880544726587e+01,1.000000000000000000e+00,5.000000000000000000e+00
6.972578880544726587e+01,1.000000000000000000e+00,3.000000000000000000e+00
6.972578880544726587e+01,1.000000000000000000e+00,5.000000000000000000e+00
6.972578880544726587e+01,1.000000000000000000e+00,9.000000000000000000e+00
6.972578880544726587e+01,1.000000000000000000e+00,4.000000000000000000e+00
6.972578880544726587e+01,1.000000000000000000e+00,4.000000000000000000e+00
6.972578880544726587e+01,1.000000000000000000e+00,3.000000000000000000e+00
6.972578880544726587e+01,1.000000000000000000e+00,3.000000000000000000e+00
6.972578880544726587e+01,1.000000000000000000e+00,8.000000000000000000e+00
6.972578880544726587e+01,1.000000000000000000e+00,7.000000000000000000e+00
6.972578880544726587e+01,1.000000000000000000e+00,6.000000000000000000e+00
6.972578880544726587e+01,1.000000000000000000e+00,5.000000000000000000e+00
6.972578880544726587e+01,1.000000000000000000e+00,6.000000000000000000e+00
6.972578880544726587e+01,1.000000000000000000e+00,5.000000000000000000e+00
6.972578880544726587e+01,1.000000000000000000e+00,8.000000000000000000e+00
6.972578880544726587e+01,1.000000000000000000e+00,9.000000000000000000e+00
6.972578880544726587e+01,1.000000000000000000e+00,2.000000000000000000e+00
6.972578880544726587e+01,1.000000000000000000e+00,7.000000000000000000e+00
6.972578880544726587e+01,1.000000000000000000e+00,5.000000000000000000e+00
6.972578880544726587e+01,1.000000000000000000e+00,9.000000000000000000e+00
6.972578880544726587e+01,1.000000000000000000e+00,4.000000000000000000e+00
6.972578880544726587e+01,1.000000000000000000e+00,6.000000000000000000e+00
6.972578880544726587e+01,1.000000000000000000e+00,5.000000000000000000e+00
6.972578880544726587e+01,1.000000000000000000e+00,7.000000000000000000e+00
6.972578880544726587e+01,1.000000000000000000e+00,7.000000000000000000e+00
6.972578880544726587e+01,1.000000000000000000e+00,4.000000000000000000e+00
6.972578880544726587e+01,1.000000000000000000e+00,7.000000000000000000e+00
6.972578880544726587e+01,1.000000000000000000e+00,6.000000000000000000e+00
6.972578880544726587e+01,1.000000000000000000e+00,8.000000000000000000e+00
6.972578880544726587e+01,1.000000000000000000e+00,7.000000000000000000e+00
6.972578880544726587e+01,1.000000000000000000e+00,7.000000000000000000e+00
6.972578880544726587e+01,1.000000000000000000e+00,6.000000000000000000e+00
6.972578880544726587e+01,1.000000000000000000e+00,9.000000000000000000e+00
6.972578880544726587e+01,1.000000000000000000e+00,3.000000000000000000e+00
6.972578880544726587e+01,1.000000000000000000e+00,5.000000000000000000e+00
6.972578880544726587e+01,1.000000000000000000e+00,7.000000000000000000e+00
6.972578880544726587e+01,1.000000000000000000e+00,6.000000000000000000e+00
6.972578880544726587e+01,1.000000000000000000e+00,8.000000000000000000e+00
6.972578880544726587e+01,1.000000000000000000e+00,1.100000000000000000e+01
6.972578880544726587e+01,1.000000000000000000e+00,7.000000000000000000e+00
6.972578880544726587e+01,1.000000000000000000e+00,1.100000000000000000e+01
6.972578880544726587e+01,1.000000000000000000e+00,8.000000000000000000e+00
6.972578880544726587e+01,1.000000000000000000e+00,1.200000000000000000e+01
6.972578880544726587e+01,1.000000000000000000e+00,1.300000000000000000e+01
6.972578880544726587e+01,1.000000000000000000e+00,9.000000000000000000e+00
6.972578880544726587e+01,1.000000000000000000e+00,1.000000000000000000e+01
6.972578880544726587e+01,1.000000000000000000e+00,8.000000000000000000e+00
6.972578880544726587e+01,1.000000000000000000e+00,1.000000000000000000e+01
6.972578880544726587e+01,1.000000000000000000e+00,1.100000000000000000e+01
6.972578880544726587e+01,1.000000000000000000e+00,8.000000000000000000e+00
6.972578880544726587e+01,1.000000000000000000e+00,7.000000000000000000e+00
6.972578880544726587e+01,1.000000000000000000e+00,1.100000000000000000e+01
6.972578880544726587e+01,1.000000000000000000e+00,8.000000000000000000e+00
6.972578880544726587e+01,1.000000000000000000e+00,8.000000000000000000e+00
6.972578880544726587e+01,1.000000000000000000e+00,6.000000000000000000e+00
6.972578880544726587e+01,1.000000000000000000e+00,1.100000000000000000e+01
6.972578880544726587e+01,1.000000000000000000e+00,1.000000000000000000e+01
6.972578880544726587e+01,1.000000000000000000e+00,9.000000000000000000e+00
6.972578880544726587e+01,1.000000000000000000e+00,8.000000000000000000e+00
6.972578880544726587e+01,1.000000000000000000e+00,8.000000000000000000e+00
6.972578880544726587e+01,1.000000000000000000e+00,1.100000000000000000e+01
6.972578880544726587e+01,1.000000000000000000e+00,1.000000000000000000e+01
6.972578880544726587e+01,1.000000000000000000e+00,8.000000000000000000e+00
6.972578880544726587e+01,1.000000000000000000e+00,1.300000000000000000e+01
6.972578880544726587e+01,1.000000000000000000e+00,9.000000000000000000e+00
6.972578880544726587e+01,1.000000000000000000e+00,8.000000000000000000e+00
6.972578880544726587e+01,1.000000000000000000e+00,9.000000000000000000e+00
6.972578880544726587e+01,1.000000000000000000e+00,1.300000000000000000e+01
6.972578880544726587e+01,1.000000000000000000e+00,8.000000000000000000e+00
6.972578880544726587e+01,1.000000000000000000e+00,1.200000000000000000e+01
6.972578880544726587e+01,1.000000000000000000e+00,1.100000000000000000e+01
6.972578880544726587e+01,1.000000000000000000e+00,8.000000000000000000e+00
6.972578880544726587e+01,1.000000000000000000e+00,1.000000000000000000e+01
6.972578880544726587e+01,1.000000000000000000e+00,1.000000000000000000e+01
6.972578880544726587e+01,1.000000000000000000e+00,1.000000000000000000e+01
6.972578880544726587e+01,1.000000000000000000e+00,8.000000000000000000e+00
6.972578880544726587e+01,1.000000000000000000e+00,9.000000000000000000e+00
6.972578880544726587e+01,1.000000000000000000e+00,8.000000000000000000e+00
6.972578880544726587e+01,1.000000000000000000e+00,8.000000000000000000e+00
6.972578880544726587e+01,1.000000000000000000e+00,5.000000000000000000e+00
6.972578880544726587e+01,1.000000000000000000e+00,1.100000000000000000e+01
6.972578880544726587e+01,1.000000000000000000e+00,1.000000000000000000e+01
6.972578880544726587e+01,1.000000000000000000e+00,1.100000000000000000e+01
6.972578880544726587e+01,1.000000000000000000e+00,7.000000000000000000e+00
6.972578880544726587e+01,1.000000000000000000e+00,1.000000000000000000e+01
6.972578880544726587e+01,1.000000000000000000e+00,1.000000000000000000e+01
6.972578880544726587e+01,1.000000000000000000e+00,1.300000000000000000e+01
6.972578880544726587e+01,1.000000000000000000e+00,1.400000000000000000e+01
6.972578880544726587e+01,1.000000000000000000e+00,1.200000000000000000e+01
6.972578880544726587e+01,1.000000000000000000e+00,1.200000000000000000e+01
6.972578880544726587e+01,1.000000000000000000e+00,1.100000000000000000e+01
6.972578880544726587e+01,1.000000000000000000e+00,1.400000000000000000e+01
6.972578880544726587e+01,1.000000000000000000e+00,1.300000000000000000e+01
6.972578880544726587e+01,1.000000000000000000e+00,1.100000000000000000e+01
6.972578880544726587e+01,1.000000000000000000e+00,1.000000000000000000e+01
6.972578880544726587e+01,1.000000000000000000e+00,1.000000000000000000e+01
6.972578880544726587e+01,1.000000000000000000e+00,1.300000000000000000e+01
6.972578880544726587e+01,1.000000000000000000e+00,1.200000000000000000e+01
6.972578880544726587e+01,1.000000000000000000e+00,1.300000000000000000e+01
6.972578880544726587e+01,1.000000000000000000e+00,1.000000000000000000e+01
6.972578880544726587e+01,1.000000000000000000e+00,1.200000000000000000e+01
6.972578880544726587e+01,1.000000000000000000e+00,9.000000000000000000e+00
6.972578880544726587e+01,1.000000000000000000e+00,9.000000000000000000e+00
6.972578880544726587e+01,1.000000000000000000e+00,1.400000000000000000e+01
6.972578880544726587e+01,1.000000000000000000e+00,1.100000000000000000e+01
6.972578880544726587e+01,1.000000000000000000e+00,1.300000000000000000e+01
6.972578880544726587e+01,1.000000000000000000e+00,1.600000000000000000e+01
6.972578880544726587e+01,1.000000000000000000e+00,1.100000000000000000e+01
6.972578880544726587e+01,1.000000000000000000e+00,1.100000000000000000e+01
6.972578880544726587e+01,1.000000000000000000e+00,1.400000000000000000e+01
6.972578880544726587e+01,1.000000000000000000e+00,1.400000000000000000e+01
6.972578880544726587e+01,1.000000000000000000e+00,1.200000000000000000e+01
6.972578880544726587e+01,1.000000000000000000e+00,1.200000000000000000e+01
6.972578880544726587e+01,1.000000000000000000e+00,1.500000000000000000e+01
6.972578880544726587e+01,1.000000000000000000e+00,1.400000000000000000e+01
6.972578880544726587e+01,1.000000000000000000e+00,1.100000000000000000e+01
6.972578880544726587e+01,1.000000000000000000e+00,1.600000000000000000e+01
6.972578880544726587e+01,1.000000000000000000e+00,1.400000000000000000e+01
6.972578880544726587e+01,1.000000000000000000e+00,1.400000000000000000e+01
6.972578880544726587e+01,1.000000000000000000e+00,1.400000000000000000e+01
6.972578880544726587e+01,1.000000000000000000e+00,1.300000000000000000e+01
6.972578880544726587e+01,1.000000000000000000e+00,1.400000000000000000e+01
6.972578880544726587e+01,1.000000000000000000e+00,1.400000000000000000e+01
6.972578880544726587e+01,1.000000000000000000e+00,1.300000000000000000e+01
6.972578880544726587e+01,1.000000000000000000e+00,1.200000000000000000e+01
6.972578880544726587e+01,1.000000000000000000e+00,1.500000000000000000e+01
6.972578880544726587e+01,1.000000000000000000e+00,1.200000000000000000e+01
6.972578880544726587e+01,1.000000000000000000e+00,1.500000000000000000e+01
6.972578880544726587e+01,1.000000000000000000e+00,1.300000000000000000e+01
6.972578880544726587e+01,1.000000000000000000e+00,1.700000000000000000e+01
6.972578880544726587e+01,1.000000000000000000e+00,1.200000000000000000e+01
6.972578880544726587e+01,1.000000000000000000e+00,1.000000000000000000e+01
6.972578880544726587e+01,1.000000000000000000e+00,1.400000000000000000e+01
6.972578880544726587e+01,1.000000000000000000e+00,1.700000000000000000e+01
6.972578880544726587e+01,1.000000000000000000e+00,1.400000000000000000e+01
6.972578880544726587e+01,1.000000000000000000e+00,1.700000000000000000e+01
6.972578880544726587e+01,1.000000000000000000e+00,1.800000000000000000e+01
6.972578880544726587e+01,1.000000000000000000e+00,1.600000000000000000e+01
6.972578880544726587e+01,1.000000000000000000e+00,1.700000000000000000e+01
6.972578880544726587e+01,1.000000000000000000e+00,1.600000000000000000e+01
6.972578880544726587e+01,1.000000000000000000e+00,1.300000000000000000e+01
6.972578880544726587e+01,1.000000000000000000e+00,1.500000000000000000e+01
6.972578880544726587e+01,1.000000000000000000e+00,1.700000000000000000e+01
6.972578880544726587e+01,1.000000000000000000e+00,1.300000000000000000e+01
6.972578880544726587e+01,1.000000000000000000e+00,1.800000000000000000e+01
6.972578880544726587e+01,1.000000000000000000e+00,1.600000000000000000e+01
6.972578880544726587e+01,1.000000000000000000e+00,1.700000000000000000e+01
6.972578880544726587e+01,1.000000000000000000e+00,1.900000000000000000e+01
6.972578880544726587e+01,1.000000000000000000e+00,2.000000000000000000e+01
6.972578880544726587e+01,1.000000000000000000e+00,1.500000000000000000e+01
6.972578880544726587e+01,1.000000000000000000e+00,1.700000000000000000e+01
6.972578880544726587e+01,1.000000000000000000e+00,1.400000000000000000e+01
6.972578880544726587e+01,1.000000000000000000e+00,1.500000000000000000e+01
6.972578880544726587e+01,1.000000000000000000e+00,1.800000000000000000e+01
6.972578880544726587e+01,1.000000000000000000e+00,1.900000000000000000e+01
6.972578880544726587e+01,1.000000000000000000e+00,1.600000000000000000e+01
6.972578880544726587e+01,1.000000000000000000e+00,1.800000000000000000e+01
6.972578880544726587e+01,1.000000000000000000e+00,1.500000000000000000e+01
6.972578880544726587e+01,1.000000000000000000e+00,1.400000000000000000e+01
6.972578880544726587e+01,1.000000000000000000e+00,1.700000000000000000e+01
6.972578880544726587e+01,1.000000000000000000e+00,1.700000000000000000e+01
6.972578880544726587e+01,1.000000000000000000e+00,1.400000000000000000e+01
6.972578880544726587e+01,1.000000000000000000e+00,2.000000000000000000e+01
6.972578880544726587e+01,1.000000000000000000e+00,2.100000000000000000e+01
6.972578880544726587e+01,1.000000000000000000e+00,1.800000000000000000e+01
6.972578880544726587e+01,1.000000000000000000e+00,1.700000000000000000e+01
6.972578880544726587e+01,1.000000000000000000e+00,1.500000000000000000e+01
6.972578880544726587e+01,1.000000000000000000e+00,1.600000000000000000e+01
6.972578880544726587e+01,1.000000000000000000e+00,1.700000000000000000e+01
6.972578880544726587e+01,1.000000000000000000e+00,1.900000000000000000e+01
6.972578880544726587e+01,1.000000000000000000e+00,1.800000000000000000e+01
6.972578880544726587e+01,1.000000000000000000e+00,1.600000000000000000e+01
6.972578880544726587e+01,1.000000000000000000e+00,2.000000000000000000e+01
6.972578880544726587e+01,1.000000000000000000e+00,1.800000000000000000e+01
6.972578880544726587e+01,1.000000000000000000e+00,1.900000000000000000e+01
6.972578880544726587e+01,1.000000000000000000e+00,1.900000000000000000e+01
6.972578880544726587e+01,1.000000000000000000e+00,1.700000000000000000e+01
6.972578880544726587e+01,1.000000000000000000e+00,1.700000000000000000e+01
6.972578880544726587e+01,1.000000000000000000e+00,1.700000000000000000e+01
6.972578880544726587e+01,1.000000000000000000e+00,1.900000000000000000e+01
6.972578880544726587e+01,1.000000000000000000e+00,1.600000000000000000e+01
6.972578880544726587e+01,1.000000000000000000e+00,1.900000000000000000e+01
6.972578880544726587e+01,1.000000000000000000e+00,1.600000000000000000e+01
6.972578880544726587e+01,1.000000000000000000e+00,1.700000000000000000e+01
6.972578880544726587e+01,1.000000000000000000e+00,1.600000000000000000e+01
6.972578880544726587e+01,1.000000000000000000e+00,1.700000000000000000e+01
6.972578880544726587e+01,1.000000000000000000e+00,1.600000000000000000e+01
6.972578880544726587e+01,1.000000000000000000e+00,1.800000000000000000e+01
6.972578880544726587e+01,1.000000000000000000e+00,2.100000000000000000e+01
6.972578880544726587e+01,1.000000000000000000e+00,2.000000000000000000e+01
6.972578880544726587e+01,1.000000000000000000e+00,1.700000000000000000e+01
6.972578880544726587e+01,1.000000000000000000e+00,1.900000000000000000e+01
6.972578880544726587e+01,1.000000000000000000e+00,2.300000000000000000e+01
6.972578880544726587e+01,1.000000000000000000e+00,1.600000000000000000e+01
6.972578880544726587e+01,1.000000000000000000e+00,1.600000000000000000e+01
6.972578880544726587e+01,1.000000000000000000e+00,2.000000000000000000e+01
6.972578880544726587e+01,1.000000000000000000e+00,1.800000000000000000e+01
6.972578880544726587e+01,1.000000000000000000e+00,2.100000000000000000e+01
6.972578880544726587e+01,1.000000000000000000e+00,1.800000000000000000e+01
6.972578880544726587e+01,1.000000000000000000e+00,2.000000000000000000e+01
6.972578880544726587e+01,1.000000000000000000e+00,2.000000000000000000e+01
6.972578880544726587e+01,1.000000000000000000e+00,1.400000000000000000e+01
6.972578880544726587e+01,1.000000000000000000e+00,1.700000000000000000e+01
6.972578880544726587e+01,1.000000000000000000e+00,2.200000000000000000e+01
6.972578880544726587e+01,1.000000000000000000e+00,2.300000000000000000e+01
6.972578880544726587e+01,1.000000000000000000e+00,1.800000000000000000e+01
6.972578880544726587e+01,1.000000000000000000e+00,1.700000000000000000e+01
6.972578880544726587e+01,1.000000000000000000e+00,2.500000000000000000e+01
6.972578880544726587e+01,1.000000000000000000e+00,2.200000000000000000e+01
6.972578880544726587e+01,1.000000000000000000e+00,2.500000000000000000e+01
6.972578880544726587e+01,1.000000000000000000e+00,2.100000000000000000e+01
6.972578880544726587e+01,1.000000000000000000e+00,2.200000000000000000e+01
6.972578880544726587e+01,1.000000000000000000e+00,2.100000000000000000e+01
6.972578880544726587e+01,1.000000000000000000e+00,2.100000000000000000e+01
6.972578880544726587e+01,1.000000000000000000e+00,2.200000000000000000e+01
6.972578880544726587e+01,1.000000000000000000e+00,1.900000000000000000e+01
6.972578880544726587e+01,1.000000000000000000e+00,2.400000000000000000e+01
6.972578880544726587e+01,1.000000000000000000e+00,2.400000000000000000e+01
6.972578880544726587e+01,1.000000000000000000e+00,2.200000000000000000e+01
6.972578880544726587e+01,1.000000000000000000e+00,1.800000000000000000e+01
6.972578880544726587e+01,1.000000000000000000e+00,2.200000000000000000e+01
6.972578880544726587e+01,1.000000000000000000e+00,2.200000000000000000e+01
6.972578880544726587e+01,1.000000000000000000e+00,2.000000000000000000e+01
6.972578880544726587e+01,1.000000000000000000e+00,2.100000000000000000e+01
6.972578880544726587e+01,1.000000000000000000e+00,2.200000000000000000e+01
6.972578880544726587e+01,1.000000000000000000e+00,2.300000000000000000e+01
6.972578880544726587e+01,1.000000000000000000e+00,2.400000000000000000e+01
6.972578880544726587e+01,1.000000000000000000e+00,2.300000000000000000e+01
6.972578880544726587e+01,1.000000000000000000e+00,2.400000000000000000e+01
6.972578880544726587e+01,1.000000000000000000e+00,2.000000000000000000e+01
6.972578880544726587e+01,1.000000000000000000e+00,2.500000000000000000e+01
6.972578880544726587e+01,1.000000000000000000e+00,2.200000000000000000e+01
6.972578880544726587e+01,1.000000000000000000e+00,2.200000000000000000e+01
6.972578880544726587e+01,1.000000000000000000e+00,1.800000000000000000e+01
6.972578880544726587e+01,1.000000000000000000e+00,1.900000000000000000e+01
6.972578880544726587e+01,1.000000000000000000e+00,2.200000000000000000e+01
6.972578880544726587e+01,1.000000000000000000e+00,2.100000000000000000e+01
6.972578880544726587e+01,1.000000000000000000e+00,2.400000000000000000e+01
6.972578880544726587e+01,1.000000000000000000e+00,2.300000000000000000e+01
6.972578880544726587e+01,1.000000000000000000e+00,2.000000000000000000e+01
6.972578880544726587e+01,1.000000000000000000e+00,2.400000000000000000e+01
6.972578880544726587e+01,1.000000000000000000e+00,2.500000000000000000e+01
6.972578880544726587e+01,1.000000000000000000e+00,2.300000000000000000e+01
6.972578880544726587e+01,1.000000000000000000e+00,2.700000000000000000e+01
6.972578880544726587e+01,1.000000000000000000e+00,2.400000000000000000e+01
6.972578880544726587e+01,1.000000000000000000e+00,1.700000000000000000e+01
6.972578880544726587e+01,1.000000000000000000e+00,2.600000000000000000e+01
6.972578880544726587e+01,1.000000000000000000e+00,2.500000000000000000e+01
6.972578880544726587e+01,1.000000000000000000e+00,2.200000000000000000e+01
6.972578880544726587e+01,1.000000000000000000e+00,2.100000000000000000e+01
6.972578880544726587e+01,1.000000000000000000e+00,2.800000000000000000e+01
6.972578880544726587e+01,1.000000000000000000e+00,2.500000000000000000e+01
6.972578880544726587e+01,1.000000000000000000e+00,2.000000000000000000e+01
6.972578880544726587e+01,1.000000000000000000e+00,2.700000000000000000e+01
6.972578880544726587e+01,1.000000000000000000e+00,2.800000000000000000e+01
6.972578880544726587e+01,1.000000000000000000e+00,2.400000000000000000e+01
6.972578880544726587e+01,1.000000000000000000e+00,2.100000000000000000e+01
6.972578880544726587e+01,1.000000000000000000e+00,2.600000000000000000e+01
6.972578880544726587e+01,1.000000000000000000e+00,2.400000000000000000e+01
6.972578880544726587e+01,1.000000000000000000e+00,2.600000000000000000e+01
6.972578880544726587e+01,1.000000000000000000e+00,2.400000000000000000e+01
6.972578880544726587e+01,1.000000000000000000e+00,2.500000000000000000e+01
6.972578880544726587e+01,1.000000000000000000e+00,2.500000000000000000e+01
6.972578880544726587e+01,1.000000000000000000e+00,2.300000000000000000e+01
6.972578880544726587e+01,1.000000000000000000e+00,2.500000000000000000e+01
6.972578880544726587e+01,1.000000000000000000e+00,3.000000000000000000e+01
6.972578880544726587e+01,1.000000000000000000e+00,2.400000000000000000e+01
6.972578880544726587e+01,1.000000000000000000e+00,2.800000000000000000e+01
6.972578880544726587e+01,1.000000000000000000e+00,2.200000000000000000e+01
6.972578880544726587e+01,1.000000000000000000e+00,2.600000000000000000e+01
6.972578880544726587e+01,1.000000000000000000e+00,2.400000000000000000e+01
6.972578880544726587e+01,1.000000000000000000e+00,2.900000000000000000e+01
6.972578880544726587e+01,1.000000000000000000e+00,2.900000000000000000e+01
6.972578880544726587e+01,1.000000000000000000e+00,2.500000000000000000e+01
6.972578880544726587e+01,1.000000000000000000e+00,3.000000000000000000e+01
6.972578880544726587e+01,1.000000000000000000e+00,3.000000000000000000e+01
6.972578880544726587e+01,1.000000000000000000e+00,2.500000000000000000e+01
6.972578880544726587e+01,1.000000000000000000e+00,2.700000000000000000e+01
6.972578880544726587e+01,1.000000000000000000e+00,2.700000000000000000e+01
6.972578880544726587e+01,1.000000000000000000e+00,3.000000000000000000e+01
6.972578880544726587e+01,1.000000000000000000e+00,2.600000000000000000e+01
6.972578880544726587e+01,1.000000000000000000e+00,2.900000000000000000e+01
6.972578880544726587e+01,1.000000000000000000e+00,2.600000000000000000e+01
6.972578880544726587e+01,1.000000000000000000e+00,2.500000000000000000e+01
6.972578880544726587e+01,1.000000000000000000e+00,2.700000000000000000e+01
6.972578880544726587e+01,1.000000000000000000e+00,2.700000000000000000e+01
6.972578880544726587e+01,1.000000000000000000e+00,2.700000000000000000e+01
6.972578880544726587e+01,1.000000000000000000e+00,2.900000000000000000e+01
6.972578880544726587e+01,1.000000000000000000e+00,2.700000000000000000e+01
6.972578880544726587e+01,1.000000000000000000e+00,2.800000000000000000e+01
6.972578880544726587e+01,1.000000000000000000e+00,2.600000000000000000e+01
6.972578880544726587e+01,1.000000000000000000e+00,2.700000000000000000e+01
6.972578880544726587e+01,1.000000000000000000e+00,2.500000000000000000e+01
6.972578880544726587e+01,1.000000000000000000e+00,2.900000000000000000e+01
6.972578880544726587e+01,1.000000000000000000e+00,3.200000000000000000e+01
6.972578880544726587e+01,1.000000000000000000e+00,2.800000000000000000e+01
6.972578880544726587e+01,1.000000000000000000e+00,2.900000000000000000e+01
6.972578880544726587e+01,1.000000000000000000e+00,2.600000000000000000e+01
6.972578880544726587e+01,1.000000000000000000e+00,2.500000000000000000e+01
6.972578880544726587e+01,1.000000000000000000e+00,3.000000000000000000e+01
6.972578880544726587e+01,1.000000000000000000e+00,2.900000000000000000e+01
6.972578880544726587e+01,1.000000000000000000e+00,2.900000000000000000e+01
6.972578880544726587e+01,1.000000000000000000e+00,2.800000000000000000e+01
6.972578880544726587e+01,1.000000000000000000e+00,3.000000000000000000e+01
6.972578880544726587e+01,1.000000000000000000e+00,2.500000000000000000e+01
6.972578880544726587e+01,1.000000000000000000e+00,3.300000000000000000e+01
6.972578880544726587e+01,1.000000000000000000e+00,2.600000000000000000e+01
6.972578880544726587e+01,1.000000000000000000e+00,2.600000000000000000e+01
6.972578880544726587e+01,1.000000000000000000e+00,2.900000000000000000e+01
6.972578880544726587e+01,1.000000000000000000e+00,2.900000000000000000e+01
6.972578880544726587e+01,1.000000000000000000e+00,2.600000000000000000e+01
6.972578880544726587e+01,1.000000000000000000e+00,2.900000000000000000e+01
6.972578880544726587e+01,1.000000000000000000e+00,3.500000000000000000e+01
6.972578880544726587e+01,1.000000000000000000e+00,3.200000000000000000e+01
6.972578880544726587e+01,1.000000000000000000e+00,2.800000000000000000e+01
6.972578880544726587e+01,1.000000000000000000e+00,2.900000000000000000e+01
6.972578880544726587e+01,1.000000000000000000e+00,2.900000000000000000e+01
6.972578880544726587e+01,1.000000000000000000e+00,3.000000000000000000e+01
6.972578880544726587e+01,1.000000000000000000e+00,3.100000000000000000e+01
6.972578880544726587e+01,1.000000000000000000e+00,2.700000000000000000e+01
6.972578880544726587e+01,1.000000000000000000e+00,3.400000000000000000e+01
6.972578880544726587e+01,1.000000000000000000e+00,3.300000000000000000e+01
6.972578880544726587e+01,1.000000000000000000e+00,2.600000000000000000e+01
6.972578880544726587e+01,1.000000000000000000e+00,2.700000000000000000e+01
6.972578880544726587e+01,1.000000000000000000e+00,2.900000000000000000e+01
6.972578880544726587e+01,1.000000000000000000e+00,2.900000000000000000e+01
6.972578880544726587e+01,1.000000000000000000e+00,2.900000000000000000e+01
6.972578880544726587e+01,1.000000000000000000e+00,2.800000000000000000e+01
6.972578880544726587e+01,1.000000000000000000e+00,2.700000000000000000e+01
6.972578880544726587e+01,1.000000000000000000e+00,3.200000000000000000e+01
6.972578880544726587e+01,1.000000000000000000e+00,2.800000000000000000e+01
6.972578880544726587e+01,1.000000000000000000e+00,3.300000000000000000e+01
6.972578880544726587e+01,1.000000000000000000e+00,3.000000000000000000e+01
6.972578880544726587e+01,1.000000000000000000e+00,2.800000000000000000e+01
6.972578880544726587e+01,1.000000000000000000e+00,3.000000000000000000e+01
6.972578880544726587e+01,1.000000000000000000e+00,3.000000000000000000e+01
6.972578880544726587e+01,1.000000000000000000e+00,3.000000000000000000e+01
6.972578880544726587e+01,1.000000000000000000e+00,2.800000000000000000e+01
6.972578880544726587e+01,1.000000000000000000e+00,3.300000000000000000e+01
6.972578880544726587e+01,1.000000000000000000e+00,3.400000000000000000e+01
6.972578880544726587e+01,1.000000000000000000e+00,3.500000000000000000e+01
6.972578880544726587e+01,1.000000000000000000e+00,3.000000000000000000e+01
6.972578880544726587e+01,1.000000000000000000e+00,3.300000000000000000e+01
6.972578880544726587e+01,1.000000000000000000e+00,2.900000000000000000e+01
6.972578880544726587e+01,1.000000000000000000e+00,3.600000000000000000e+01
6.972578880544726587e+01,1.000000000000000000e+00,2.700000000000000000e+01
6.972578880544726587e+01,1.000000000000000000e+00,3.500000000000000000e+01
6.972578880544726587e+01,1.000000000000000000e+00,3.200000000000000000e+01
6.972578880544726587e+01,1.000000000000000000e+00,2.800000000000000000e+01
6.972578880544726587e+01,1.000000000000000000e+00,3.100000000000000000e+01
6.972578880544726587e+01,1.000000000000000000e+00,3.200000000000000000e+01
6.972578880544726587e+01,1.000000000000000000e+00,3.500000000000000000e+01
6.972578880544726587e+01,1.000000000000000000e+00,3.000000000000000000e+01
6.972578880544726587e+01,1.000000000000000000e+00,3.200000000000000000e+01
6.972578880544726587e+01,1.000000000000000000e+00,3.200000000000000000e+01
6.972578880544726587e+01,1.000000000000000000e+00,3.500000000000000000e+01
6.972578880544726587e+01,1.000000000000000000e+00,3.200000000000000000e+01
6.972578880544726587e+01,1.000000000000000000e+00,3.500000000000000000e+01
6.972578880544726587e+01,1.000000000000000000e+00,3.500000000000000000e+01
6.972578880544726587e+01,1.000000000000000000e+00,3.100000000000000000e+01
6.972578880544726587e+01,1.000000000000000000e+00,3.300000000000000000e+01
6.972578880544726587e+01,1.000000000000000000e+00,3.100000000000000000e+01
6.972578880544726587e+01,1.000000000000000000e+00,3.200000000000000000e+01
6.972578880544726587e+01,1.000000000000000000e+00,3.100000000000000000e+01
6.972578880544726587e+01,1.000000000000000000e+00,3.100000000000000000e+01
6.972578880544726587e+01,1.000000000000000000e+00,3.100000000000000000e+01
6.972578880544726587e+01,1.000000000000000000e+00,3.600000000000000000e+01
6.972578880544726587e+01,1.000000000000000000e+00,3.200000000000000000e+01
6.972578880544726587e+01,1.000000000000000000e+00,3.400000000000000000e+01
6.972578880544726587e+01,1.000000000000000000e+00,3.400000000000000000e+01
6.972578880544726587e+01,1.000000000000000000e+00,3.300000000000000000e+01
6.972578880544726587e+01,1.000000000000000000e+00,3.300000000000000000e+01
6.972578880544726587e+01,1.000000000000000000e+00,3.000000000000000000e+01
6.972578880544726587e+01,1.000000000000000000e+00,3.400000000000000000e+01
6.972578880544726587e+01,1.000000000000000000e+00,3.400000000000000000e+01
6.972578880544726587e+01,1.000000000000000000e+00,3.500000000000000000e+01
6.972578880544726587e+01,1.000000000000000000e+00,3.200000000000000000e+01
6.972578880544726587e+01,1.000000000000000000e+00,3.400000000000000000e+01
6.972578880544726587e+01,1.000000000000000000e+00,3.200000000000000000e+01
6.972578880544726587e+01,1.000000000000000000e+00,3.400000000000000000e+01
6.972578880544726587e+01,1.000000000000000000e+00,3.600000000000000000e+01
6.972578880544726587e+01,1.000000000000000000e+00,3.200000000000000000e+01
6.972578880544726587e+01,1.000000000000000000e+00,3.700000000000000000e+01
6.972578880544726587e+01,1.000000000000000000e+00,3.300000000000000000e+01
6.972578880544726587e+01,1.000000000000000000e+00,3.500000000000000000e+01
6.972578880544726587e+01,1.000000000000000000e+00,3.300000000000000000e+01
6.972578880544726587e+01,1.000000000000000000e+00,3.600000000000000000e+01
6.972578880544726587e+01,1.000000000000000000e+00,3.000000000000000000e+01
6.972578880544726587e+01,1.000000000000000000e+00,3.400000000000000000e+01
6.972578880544726587e+01,1.000000000000000000e+00,3.800000000000000000e+01
6.972578880544726587e+01,1.000000000000000000e+00,3.400000000000000000e+01
6.972578880544726587e+01,1.000000000000000000e+00,3.200000000000000000e+01
6.972578880544726587e+01,1.000000000000000000e+00,3.700000000000000000e+01
6.972578880544726587e+01,1.000000000000000000e+00,3.500000000000000000e+01
6.972578880544726587e+01,1.000000000000000000e+00,3.700000000000000000e+01
6.972578880544726587e+01,1.000000000000000000e+00,3.700000000000000000e+01
6.972578880544726587e+01,1.000000000000000000e+00,3.500000000000000000e+01
6.972578880544726587e+01,1.000000000000000000e+00,3.600000000000000000e+01
6.972578880544726587e+01,1.000000000000000000e+00,3.500000000000000000e+01
6.972578880544726587e+01,1.000000000000000000e+00,3.500000000000000000e+01
6.972578880544726587e+01,1.000000000000000000e+00,3.200000000000000000e+01
6.972578880544726587e+01,1.000000000000000000e+00,3.300000000000000000e+01
6.972578880544726587e+01,1.000000000000000000e+00,4.000000000000000000e+01
6.972578880544726587e+01,1.000000000000000000e+00,3.700000000000000000e+01
6.972578880544726587e+01,1.000000000000000000e+00,3.800000000000000000e+01
6.972578880544726587e+01,1.000000000000000000e+00,3.200000000000000000e+01
6.972578880544726587e+01,1.000000000000000000e+00,3.200000000000000000e+01
6.972578880544726587e+01,1.000000000000000000e+00,3.400000000000000000e+01
6.972578880544726587e+01,1.000000000000000000e+00,3.500000000000000000e+01
6.972578880544726587e+01,1.000000000000000000e+00,3.700000000000000000e+01
6.972578880544726587e+01,1.000000000000000000e+00,3.900000000000000000e+01
6.972578880544726587e+01,1.000000000000000000e+00,3.600000000000000000e+01
6.972578880544726587e+01,1.000000000000000000e+00,3.700000000000000000e+01
6.972578880544726587e+01,1.000000000000000000e+00,3.500000000000000000e+01
6.972578880544726587e+01,1.000000000000000000e+00,3.700000000000000000e+01
6.972578880544726587e+01,1.000000000000000000e+00,3.600000000000000000e+01
6.972578880544726587e+01,1.000000000000000000e+00,4.400000000000000000e+01
6.972578880544726587e+01,1.000000000000000000e+00,3.600000000000000000e+01
6.972578880544726587e+01,1.000000000000000000e+00,3.700000000000000000e+01
6.972578880544726587e+01,1.000000000000000000e+00,3.900000000000000000e+01
6.972578880544726587e+01,1.000000000000000000e+00,3.500000000000000000e+01
6.972578880544726587e+01,1.000000000000000000e+00,3.600000000000000000e+01
6.972578880544726587e+01,1.000000000000000000e+00,3.600000000000000000e+01
6.972578880544726587e+01,1.000000000000000000e+00,3.800000000000000000e+01
6.972578880544726587e+01,1.000000000000000000e+00,3.700000000000000000e+01
6.972578880544726587e+01,1.000000000000000000e+00,3.700000000000000000e+01
6.972578880544726587e+01,1.000000000000000000e+00,3.600000000000000000e+01
6.972578880544726587e+01,1.000000000000000000e+00,3.900000000000000000e+01
6.972578880544726587e+01,1.000000000000000000e+00,3.600000000000000000e+01
6.972578880544726587e+01,1.000000000000000000e+00,3.700000000000000000e+01
6.972578880544726587e+01,1.000000000000000000e+00,3.500000000000000000e+01
6.972578880544726587e+01,1.000000000000000000e+00,4.100000000000000000e+01
6.972578880544726587e+01,1.000000000000000000e+00,3.400000000000000000e+01
6.972578880544726587e+01,1.000000000000000000e+00,3.600000000000000000e+01
6.972578880544726587e+01,1.000000000000000000e+00,3.900000000000000000e+01
6.972578880544726587e+01,1.000000000000000000e+00,3.900000000000000000e+01
6.972578880544726587e+01,1.000000000000000000e+00,3.700000000000000000e+01
6.972578880544726587e+01,1.000000000000000000e+00,3.500000000000000000e+01
6.972578880544726587e+01,1.000000000000000000e+00,3.600000000000000000e+01
6.972578880544726587e+01,1.000000000000000000e+00,4.100000000000000000e+01
6.972578880544726587e+01,1.000000000000000000e+00,4.200000000000000000e+01
6.972578880544726587e+01,1.000000000000000000e+00,3.900000000000000000e+01
6.972578880544726587e+01,1.000000000000000000e+00,3.600000000000000000e+01
6.972578880544726587e+01,1.000000000000000000e+00,4.100000000000000000e+01
6.972578880544726587e+01,1.000000000000000000e+00,4.100000000000000000e+01
6.972578880544726587e+01,1.000000000000000000e+00,4.000000000000000000e+01
6.972578880544726587e+01,1.000000000000000000e+00,3.700000000000000000e+01
6.972578880544726587e+01,1.000000000000000000e+00,3.800000000000000000e+01
6.972578880544726587e+01,1.000000000000000000e+00,4.100000000000000000e+01
6.972578880544726587e+01,1.000000000000000000e+00,4.200000000000000000e+01
6.972578880544726587e+01,1.000000000000000000e+00,4.000000000000000000e+01
6.972578880544726587e+01,1.000000000000000000e+00,3.800000000000000000e+01
6.972578880544726587e+01,1.000000000000000000e+00,3.500000000000000000e+01
6.972578880544726587e+01,1.000000000000000000e+00,3.900000000000000000e+01
6.972578880544726587e+01,1.000000000000000000e+00,4.200000000000000000e+01
6.972578880544726587e+01,1.000000000000000000e+00,4.000000000000000000e+01
6.972578880544726587e+01,1.000000000000000000e+00,4.000000000000000000e+01
6.972578880544726587e+01,1.000000000000000000e+00,4.200000000000000000e+01
6.972578880544726587e+01,1.000000000000000000e+00,3.800000000000000000e+01
6.972578880544726587e+01,1.000000000000000000e+00,3.800000000000000000e+01
6.972578880544726587e+01,1.000000000000000000e+00,4.200000000000000000e+01
6.972578880544726587e+01,1.000000000000000000e+00,4.100000000000000000e+01
6.972578880544726587e+01,1.000000000000000000e+00,4.000000000000000000e+01
6.972578880544726587e+01,1.000000000000000000e+00,3.700000000000000000e+01
6.972578880544726587e+01,1.000000000000000000e+00,4.300000000000000000e+01
6.972578880544726587e+01,1.000000000000000000e+00,3.800000000000000000e+01
6.972578880544726587e+01,1.000000000000000000e+00,4.500000000000000000e+01
6.972578880544726587e+01,1.000000000000000000e+00,4.200000000000000000e+01
6.972578880544726587e+01,1.000000000000000000e+00,3.500000000000000000e+01
6.972578880544726587e+01,1.000000000000000000e+00,3.900000000000000000e+01
6.972578880544726587e+01,1.000000000000000000e+00,4.200000000000000000e+01
6.972578880544726587e+01,1.000000000000000000e+00,3.700000000000000000e+01
6.972578880544726587e+01,1.000000000000000000e+00,4.200000000000000000e+01
6.972578880544726587e+01,1.000000000000000000e+00,3.900000000000000000e+01
6.972578880544726587e+01,1.000000000000000000e+00,4.100000000000000000e+01
6.972578880544726587e+01,1.000000000000000000e+00,3.600000000000000000e+01
6.972578880544726587e+01,1.000000000000000000e+00,3.900000000000000000e+01
6.972578880544726587e+01,1.000000000000000000e+00,4.300000000000000000e+01
6.972578880544726587e+01,1.000000000000000000e+00,4.000000000000000000e+01
6.972578880544726587e+01,1.000000000000000000e+00,4.200000000000000000e+01
6.972578880544726587e+01,1.000000000000000000e+00,4.000000000000000000e+01
6.972578880544726587e+01,1.000000000000000000e+00,4.300000000000000000e+01
6.972578880544726587e+01,1.000000000000000000e+00,4.300000000000000000e+01
6.972578880544726587e+01,1.000000000000000000e+00,4.600000000000000000e+01
6.972578880544726587e+01,1.000000000000000000e+00,4.300000000000000000e+01
6.972578880544726587e+01,1.000000000000000000e+00,3.900000000000000000e+01
6.972578880544726587e+01,1.000000000000000000e+00,4.200000000000000000e+01
6.972578880544726587e+01,1.000000000000000000e+00,4.300000000000000000e+01
6.972578880544726587e+01,1.000000000000000000e+00,4.300000000000000000e+01
6.972578880544726587e+01,1.000000000000000000e+00,4.800000000000000000e+01
6.972578880544726587e+01,1.000000000000000000e+00,3.800000000000000000e+01
6.972578880544726587e+01,1.000000000000000000e+00,4.300000000000000000e+01
6.972578880544726587e+01,1.000000000000000000e+00,3.900000000000000000e+01
6.972578880544726587e+01,1.000000000000000000e+00,4.400000000000000000e+01
6.972578880544726587e+01,1.000000000000000000e+00,4.000000000000000000e+01
6.972578880544726587e+01,1.000000000000000000e+00,4.000000000000000000e+01
6.972578880544726587e+01,1.000000000000000000e+00,4.300000000000000000e+01
6.972578880544726587e+01,1.000000000000000000e+00,4.400000000000000000e+01
6.972578880544726587e+01,1.000000000000000000e+00,4.000000000000000000e+01
6.972578880544726587e+01,1.000000000000000000e+00,4.400000000000000000e+01
6.972578880544726587e+01,1.000000000000000000e+00,4.200000000000000000e+01
6.972578880544726587e+01,1.000000000000000000e+00,4.200000000000000000e+01
6.972578880544726587e+01,1.000000000000000000e+00,4.000000000000000000e+01
6.972578880544726587e+01,1.000000000000000000e+00,4.300000000000000000e+01
6.972578880544726587e+01,1.000000000000000000e+00,4.700000000000000000e+01
6.972578880544726587e+01,1.000000000000000000e+00,4.200000000000000000e+01
6.972578880544726587e+01,1.000000000000000000e+00,3.800000000000000000e+01
6.972578880544726587e+01,1.000000000000000000e+00,4.000000000000000000e+01
6.972578880544726587e+01,1.000000000000000000e+00,3.900000000000000000e+01
6.972578880544726587e+01,1.000000000000000000e+00,4.400000000000000000e+01
6.972578880544726587e+01,1.000000000000000000e+00,4.600000000000000000e+01
6.972578880544726587e+01,1.000000000000000000e+00,4.100000000000000000e+01
6.972578880544726587e+01,1.000000000000000000e+00,3.900000000000000000e+01
6.972578880544726587e+01,1.000000000000000000e+00,3.800000000000000000e+01
6.972578880544726587e+01,1.000000000000000000e+00,4.300000000000000000e+01
6.972578880544726587e+01,1.000000000000000000e+00,4.200000000000000000e+01
6.972578880544726587e+01,1.000000000000000000e+00,4.100000000000000000e+01
6.972578880544726587e+01,1.000000000000000000e+00,4.100000000000000000e+01
6.972578880544726587e+01,1.000000000000000000e+00,4.000000000000000000e+01
6.972578880544726587e+01,1.000000000000000000e+00,4.100000000000000000e+01
6.972578880544726587e+01,1.000000000000000000e+00,4.500000000000000000e+01
6.972578880544726587e+01,1.000000000000000000e+00,4.000000000000000000e+01
6.972578880544726587e+01,1.000000000000000000e+00,4.500000000000000000e+01
6.972578880544726587e+01,1.000000000000000000e+00,4.300000000000000000e+01
6.972578880544726587e+01,1.000000000000000000e+00,4.100000000000000000e+01
6.972578880544726587e+01,1.000000000000000000e+00,4.300000000000000000e+01
6.972578880544726587e+01,1.000000000000000000e+00,4.500000000000000000e+01
6.972578880544726587e+01,1.000000000000000000e+00,4.300000000000000000e+01
6.972578880544726587e+01,1.000000000000000000e+00,4.200000000000000000e+01
6.972578880544726587e+01,1.000000000000000000e+00,4.600000000000000000e+01
6.972578880544726587e+01,1.000000000000000000e+00,4.200000000000000000e+01
6.972578880544726587e+01,1.000000000000000000e+00,4.200000000000000000e+01
6.972578880544726587e+01,1.000000000000000000e+00,4.000000000000000000e+01
6.972578880544726587e+01,1.000000000000000000e+00,4.200000000000000000e+01
6.972578880544726587e+01,1.000000000000000000e+00,4.400000000000000000e+01
6.972578880544726587e+01,1.000000000000000000e+00,4.400000000000000000e+01
6.972578880544726587e+01,1.000000000000000000e+00,4.300000000000000000e+01
6.972578880544726587e+01,1.000000000000000000e+00,4.300000000000000000e+01
6.972578880544726587e+01,1.000000000000000000e+00,4.500000000000000000e+01
6.972578880544726587e+01,1.000000000000000000e+00,4.700000000000000000e+01
6.972578880544726587e+01,1.000000000000000000e+00,4.300000000000000000e+01
6.972578880544726587e+01,1.000000000000000000e+00,4.600000000000000000e+01
6.972578880544726587e+01,1.000000000000000000e+00,4.600000000000000000e+01
6.972578880544726587e+01,1.000000000000000000e+00,4.300000000000000000e+01
6.972578880544726587e+01,1.000000000000000000e+00,4.300000000000000000e+01
6.972578880544726587e+01,1.000000000000000000e+00,4.400000000000000000e+01
6.972578880544726587e+01,1.000000000000000000e+00,4.400000000000000000e+01
6.972578880544726587e+01,1.000000000000000000e+00,4.400000000000000000e+01
6.972578880544726587e+01,1.000000000000000000e+00,4.700000000000000000e+01
6.972578880544726587e+01,1.000000000000000000e+00,4.300000000000000000e+01
6.972578880544726587e+01,1.000000000000000000e+00,4.600000000000000000e+01
6.972578880544726587e+01,1.000000000000000000e+00,4.500000000000000000e+01
6.972578880544726587e+01,1.000000000000000000e+00,4.700000000000000000e+01
6.972578880544726587e+01,1.000000000000000000e+00,4.700000000000000000e+01
6.972578880544726587e+01,1.000000000000000000e+00,4.300000000000000000e+01
6.972578880544726587e+01,1.000000000000000000e+00,4.500000000000000000e+01
6.972578880544726587e+01,1.000000000000000000e+00,4.400000000000000000e+01
6.972578880544726587e+01,1.000000000000000000e+00,4.600000000000000000e+01
6.972578880544726587e+01,1.000000000000000000e+00,4.600000000000000000e+01
6.972578880544726587e+01,1.000000000000000000e+00,4.200000000000000000e+01
6.972578880544726587e+01,1.000000000000000000e+00,4.400000000000000000e+01
6.972578880544726587e+01,1.000000000000000000e+00,4.800000000000000000e+01
6.972578880544726587e+01,1.000000000000000000e+00,4.600000000000000000e+01
6.972578880544726587e+01,1.000000000000000000e+00,4.900000000000000000e+01
6.972578880544726587e+01,1.000000000000000000e+00,4.400000000000000000e+01
6.972578880544726587e+01,1.000000000000000000e+00,4.500000000000000000e+01
6.972578880544726587e+01,1.000000000000000000e+00,4.400000000000000000e+01
6.972578880544726587e+01,1.000000000000000000e+00,4.500000000000000000e+01
6.972578880544726587e+01,1.000000000000000000e+00,4.700000000000000000e+01
6.972578880544726587e+01,1.000000000000000000e+00,4.100000000000000000e+01
6.972578880544726587e+01,1.000000000000000000e+00,4.700000000000000000e+01
6.972578880544726587e+01,1.000000000000000000e+00,4.800000000000000000e+01
6.972578880544726587e+01,1.000000000000000000e+00,4.800000000000000000e+01
6.972578880544726587e+01,1.000000000000000000e+00,4.600000000000000000e+01
6.972578880544726587e+01,1.000000000000000000e+00,4.400000000000000000e+01
6.972578880544726587e+01,1.000000000000000000e+00,4.700000000000000000e+01
6.972578880544726587e+01,1.000000000000000000e+00,4.600000000000000000e+01
6.972578880544726587e+01,1.000000000000000000e+00,4.600000000000000000e+01
6.972578880544726587e+01,1.000000000000000000e+00,4.800000000000000000e+01
6.972578880544726587e+01,1.000000000000000000e+00,4.600000000000000000e+01
6.972578880544726587e+01,1.000000000000000000e+00,4.700000000000000000e+01
6.972578880544726587e+01,1.000000000000000000e+00,4.400000000000000000e+01
6.972578880544726587e+01,1.000000000000000000e+00,4.400000000000000000e+01
6.972578880544726587e+01,1.000000000000000000e+00,4.600000000000000000e+01
6.972578880544726587e+01,1.000000000000000000e+00,4.600000000000000000e+01
6.972578880544726587e+01,1.000000000000000000e+00,4.400000000000000000e+01
6.972578880544726587e+01,1.000000000000000000e+00,4.500000000000000000e+01
6.972578880544726587e+01,1.000000000000000000e+00,4.500000000000000000e+01
6.972578880544726587e+01,1.000000000000000000e+00,4.500000000000000000e+01
6.972578880544726587e+01,1.000000000000000000e+00,4.500000000000000000e+01
6.972578880544726587e+01,1.000000000000000000e+00,4.700000000000000000e+01
6.972578880544726587e+01,1.000000000000000000e+00,4.300000000000000000e+01
6.972578880544726587e+01,1.000000000000000000e+00,4.600000000000000000e+01
6.972578880544726587e+01,1.000000000000000000e+00,4.400000000000000000e+01
6.972578880544726587e+01,1.000000000000000000e+00,4.200000000000000000e+01
6.972578880544726587e+01,1.000000000000000000e+00,4.600000000000000000e+01
6.972578880544726587e+01,1.000000000000000000e+00,4.200000000000000000e+01
6.972578880544726587e+01,1.000000000000000000e+00,4.400000000000000000e+01
6.972578880544726587e+01,1.000000000000000000e+00,4.500000000000000000e+01
6.972578880544726587e+01,1.000000000000000000e+00,4.900000000000000000e+01
6.972578880544726587e+01,1.000000000000000000e+00,4.300000000000000000e+01
6.972578880544726587e+01,1.000000000000000000e+00,4.500000000000000000e+01
6.972578880544726587e+01,1.000000000000000000e+00,4.800000000000000000e+01
6.972578880544726587e+01,1.000000000000000000e+00,4.300000000000000000e+01
6.972578880544726587e+01,1.000000000000000000e+00,4.800000000000000000e+01
6.972578880544726587e+01,1.000000000000000000e+00,4.400000000000000000e+01
6.972578880544726587e+01,1.000000000000000000e+00,4.200000000000000000e+01
6.972578880544726587e+01,1.000000000000000000e+00,4.800000000000000000e+01
6.972578880544726587e+01,1.000000000000000000e+00,4.700000000000000000e+01
6.972578880544726587e+01,1.000000000000000000e+00,4.600000000000000000e+01
6.972578880544726587e+01,1.000000000000000000e+00,4.700000000000000000e+01
6.972578880544726587e+01,1.000000000000000000e+00,5.400000000000000000e+01
6.972578880544726587e+01,1.000000000000000000e+00,5.000000000000000000e+01
6.972578880544726587e+01,1.000000000000000000e+00,4.300000000000000000e+01
6.972578880544726587e+01,1.000000000000000000e+00,4.600000000000000000e+01
6.972578880544726587e+01,1.000000000000000000e+00,4.400000000000000000e+01
6.972578880544726587e+01,1.000000000000000000e+00,4.400000000000000000e+01
6.972578880544726587e+01,1.000000000000000000e+00,4.700000000000000000e+01
6.972578880544726587e+01,1.000000000000000000e+00,4.600000000000000000e+01
6.972578880544726587e+01,1.000000000000000000e+00,4.600000000000000000e+01
6.972578880544726587e+01,1.000000000000000000e+00,4.400000000000000000e+01
6.972578880544726587e+01,1.000000000000000000e+00,4.600000000000000000e+01
6.972578880544726587e+01,1.000000000000000000e+00,4.600000000000000000e+01
6.972578880544726587e+01,1.000000000000000000e+00,4.600000000000000000e+01
6.972578880544726587e+01,1.000000000000000000e+00,4.700000000000000000e+01
6.972578880544726587e+01,1.000000000000000000e+00,4.600000000000000000e+01
6.972578880544726587e+01,1.000000000000000000e+00,4.600000000000000000e+01
6.972578880544726587e+01,1.000000000000000000e+00,4.800000000000000000e+01
6.972578880544726587e+01,1.000000000000000000e+00,4.600000000000000000e+01
6.972578880544726587e+01,1.000000000000000000e+00,4.800000000000000000e+01
6.972578880544726587e+01,1.000000000000000000e+00,4.800000000000000000e+01
6.972578880544726587e+01,1.000000000000000000e+00,4.800000000000000000e+01
6.972578880544726587e+01,1.000000000000000000e+00,4.800000000000000000e+01
6.972578880544726587e+01,1.000000000000000000e+00,5.200000000000000000e+01
6.972578880544726587e+01,1.000000000000000000e+00,4.700000000000000000e+01
6.972578880544726587e+01,1.000000000000000000e+00,4.400000000000000000e+01
6.972578880544726587e+01,1.000000000000000000e+00,4.600000000000000000e+01
6.972578880544726587e+01,1.000000000000000000e+00,4.900000000000000000e+01
6.972578880544726587e+01,1.000000000000000000e+00,4.500000000000000000e+01
6.972578880544726587e+01,1.000000000000000000e+00,4.900000000000000000e+01
6.972578880544726587e+01,1.000000000000000000e+00,4.600000000000000000e+01
6.972578880544726587e+01,1.000000000000000000e+00,4.700000000000000000e+01
6.972578880544726587e+01,1.000000000000000000e+00,5.000000000000000000e+01
6.972578880544726587e+01,1.000000000000000000e+00,4.500000000000000000e+01
6.972578880544726587e+01,1.000000000000000000e+00,4.700000000000000000e+01
6.972578880544726587e+01,1.000000000000000000e+00,4.900000000000000000e+01
6.972578880544726587e+01,1.000000000000000000e+00,4.700000000000000000e+01
6.972578880544726587e+01,1.000000000000000000e+00,4.600000000000000000e+01
6.972578880544726587e+01,1.000000000000000000e+00,4.500000000000000000e+01
6.972578880544726587e+01,1.000000000000000000e+00,5.100000000000000000e+01
6.972578880544726587e+01,1.000000000000000000e+00,4.600000000000000000e+01
6.972578880544726587e+01,1.000000000000000000e+00,4.700000000000000000e+01
6.972578880544726587e+01,1.000000000000000000e+00,4.700000000000000000e+01
6.972578880544726587e+01,1.000000000000000000e+00,4.700000000000000000e+01
6.972578880544726587e+01,1.000000000000000000e+00,5.200000000000000000e+01
6.972578880544726587e+01,1.000000000000000000e+00,4.700000000000000000e+01
6.972578880544726587e+01,1.000000000000000000e+00,4.800000000000000000e+01
6.972578880544726587e+01,1.000000000000000000e+00,4.600000000000000000e+01
6.972578880544726587e+01,1.000000000000000000e+00,4.600000000000000000e+01
6.972578880544726587e+01,1.000000000000000000e+00,4.800000000000000000e+01
6.972578880544726587e+01,1.000000000000000000e+00,4.700000000000000000e+01
6.972578880544726587e+01,1.000000000000000000e+00,4.800000000000000000e+01
6.972578880544726587e+01,1.000000000000000000e+00,4.700000000000000000e+01
6.972578880544726587e+01,1.000000000000000000e+00,4.600000000000000000e+01
6.972578880544726587e+01,1.000000000000000000e+00,4.400000000000000000e+01
6.972578880544726587e+01,1.000000000000000000e+00,5.000000000000000000e+01
6.972578880544726587e+01,1.000000000000000000e+00,5.100000000000000000e+01
6.972578880544726587e+01,1.000000000000000000e+00,4.600000000000000000e+01
6.972578880544726587e+01,1.000000000000000000e+00,4.500000000000000000e+01
6.972578880544726587e+01,1.000000000000000000e+00,4.800000000000000000e+01
6.972578880544726587e+01,1.000000000000000000e+00,4.800000000000000000e+01
6.972578880544726587e+01,1.000000000000000000e+00,4.800000000000000000e+01
6.972578880544726587e+01,1.000000000000000000e+00,4.800000000000000000e+01
6.972578880544726587e+01,1.000000000000000000e+00,4.800000000000000000e+01
6.972578880544726587e+01,1.000000000000000000e+00,4.900000000000000000e+01
6.972578880544726587e+01,1.000000000000000000e+00,4.600000000000000000e+01
6.972578880544726587e+01,1.000000000000000000e+00,5.000000000000000000e+01
6.972578880544726587e+01,1.000000000000000000e+00,5.000000000000000000e+01
6.972578880544726587e+01,1.000000000000000000e+00,5.400000000000000000e+01
6.972578880544726587e+01,1.000000000000000000e+00,4.800000000000000000e+01
6.972578880544726587e+01,1.000000000000000000e+00,4.500000000000000000e+01
6.972578880544726587e+01,1.000000000000000000e+00,5.300000000000000000e+01
6.972578880544726587e+01,1.000000000000000000e+00,4.900000000000000000e+01
6.972578880544726587e+01,1.000000000000000000e+00,4.800000000000000000e+01
6.972578880544726587e+01,1.000000000000000000e+00,4.800000000000000000e+01
6.972578880544726587e+01,1.000000000000000000e+00,5.200000000000000000e+01
6.972578880544726587e+01,1.000000000000000000e+00,4.800000000000000000e+01
6.972578880544726587e+01,1.000000000000000000e+00,4.800000000000000000e+01
6.972578880544726587e+01,1.000000000000000000e+00,4.800000000000000000e+01
6.972578880544726587e+01,1.000000000000000000e+00,4.500000000000000000e+01
6.972578880544726587e+01,1.000000000000000000e+00,4.600000000000000000e+01
6.972578880544726587e+01,1.000000000000000000e+00,4.700000000000000000e+01
6.972578880544726587e+01,1.000000000000000000e+00,4.600000000000000000e+01
6.972578880544726587e+01,1.000000000000000000e+00,4.700000000000000000e+01
6.972578880544726587e+01,1.000000000000000000e+00,4.900000000000000000e+01
6.972578880544726587e+01,1.000000000000000000e+00,5.100000000000000000e+01
6.972578880544726587e+01,1.000000000000000000e+00,4.900000000000000000e+01
6.972578880544726587e+01,1.000000000000000000e+00,5.100000000000000000e+01
6.972578880544726587e+01,1.000000000000000000e+00,4.800000000000000000e+01
6.972578880544726587e+01,1.000000000000000000e+00,4.600000000000000000e+01
6.972578880544726587e+01,1.000000000000000000e+00,4.800000000000000000e+01
6.972578880544726587e+01,1.000000000000000000e+00,5.000000000000000000e+01
6.972578880544726587e+01,1.000000000000000000e+00,5.100000000000000000e+01
6.972578880544726587e+01,1.000000000000000000e+00,4.700000000000000000e+01
6.972578880544726587e+01,1.000000000000000000e+00,5.200000000000000000e+01
6.972578880544726587e+01,1.000000000000000000e+00,5.400000000000000000e+01
6.972578880544726587e+01,1.000000000000000000e+00,4.900000000000000000e+01
6.972578880544726587e+01,1.000000000000000000e+00,4.900000000000000000e+01
6.972578880544726587e+01,1.000000000000000000e+00,4.900000000000000000e+01
6.972578880544726587e+01,1.000000000000000000e+00,4.900000000000000000e+01
6.972578880544726587e+01,1.000000000000000000e+00,4.900000000000000000e+01
6.972578880544726587e+01,1.000000000000000000e+00,5.200000000000000000e+01
6.972578880544726587e+01,1.000000000000000000e+00,4.800000000000000000e+01
6.972578880544726587e+01,1.000000000000000000e+00,4.900000000000000000e+01
6.972578880544726587e+01,1.000000000000000000e+00,4.900000000000000000e+01
6.972578880544726587e+01,1.000000000000000000e+00,4.700000000000000000e+01
6.972578880544726587e+01,1.000000000000000000e+00,4.900000000000000000e+01
6.972578880544726587e+01,1.000000000000000000e+00,5.000000000000000000e+01
6.972578880544726587e+01,1.000000000000000000e+00,5.100000000000000000e+01
6.972578880544726587e+01,1.000000000000000000e+00,4.900000000000000000e+01
6.972578880544726587e+01,1.000000000000000000e+00,4.700000000000000000e+01
6.972578880544726587e+01,1.000000000000000000e+00,5.200000000000000000e+01
6.972578880544726587e+01,1.000000000000000000e+00,5.100000000000000000e+01
6.972578880544726587e+01,1.000000000000000000e+00,5.200000000000000000e+01
6.972578880544726587e+01,1.000000000000000000e+00,4.900000000000000000e+01
6.972578880544726587e+01,1.000000000000000000e+00,4.700000000000000000e+01
6.972578880544726587e+01,1.000000000000000000e+00,4.800000000000000000e+01
6.972578880544726587e+01,1.000000000000000000e+00,4.900000000000000000e+01
6.972578880544726587e+01,1.000000000000000000e+00,5.100000000000000000e+01
6.972578880544726587e+01,1.000000000000000000e+00,4.600000000000000000e+01
6.972578880544726587e+01,1.000000000000000000e+00,5.000000000000000000e+01
6.972578880544726587e+01,1.000000000000000000e+00,4.900000000000000000e+01
6.972578880544726587e+01,1.000000000000000000e+00,4.900000000000000000e+01
6.972578880544726587e+01,1.000000000000000000e+00,5.000000000000000000e+01
6.972578880544726587e+01,1.000000000000000000e+00,5.000000000000000000e+01
6.972578880544726587e+01,1.000000000000000000e+00,4.800000000000000000e+01
6.972578880544726587e+01,1.000000000000000000e+00,4.800000000000000000e+01
6.972578880544726587e+01,1.000000000000000000e+00,5.000000000000000000e+01
6.972578880544726587e+01,1.000000000000000000e+00,5.000000000000000000e+01
6.972578880544726587e+01,1.000000000000000000e+00,5.100000000000000000e+01
6.972578880544726587e+01,1.000000000000000000e+00,4.800000000000000000e+01
6.972578880544726587e+01,1.000000000000000000e+00,5.200000000000000000e+01
6.972578880544726587e+01,1.000000000000000000e+00,4.900000000000000000e+01
6.972578880544726587e+01,1.000000000000000000e+00,4.800000000000000000e+01
6.972578880544726587e+01,1.000000000000000000e+00,5.000000000000000000e+01
6.972578880544726587e+01,1.000000000000000000e+00,5.000000000000000000e+01
6.972578880544726587e+01,1.000000000000000000e+00,4.900000000000000000e+01
6.972578880544726587e+01,1.000000000000000000e+00,5.400000000000000000e+01
6.972578880544726587e+01,1.000000000000000000e+00,5.100000000000000000e+01
6.972578880544726587e+01,1.000000000000000000e+00,4.700000000000000000e+01
6.972578880544726587e+01,1.000000000000000000e+00,4.600000000000000000e+01
6.972578880544726587e+01,1.000000000000000000e+00,4.800000000000000000e+01
6.972578880544726587e+01,1.000000000000000000e+00,4.700000000000000000e+01
6.972578880544726587e+01,1.000000000000000000e+00,5.000000000000000000e+01
6.972578880544726587e+01,1.000000000000000000e+00,4.900000000000000000e+01
6.972578880544726587e+01,1.000000000000000000e+00,4.800000000000000000e+01
6.972578880544726587e+01,1.000000000000000000e+00,5.200000000000000000e+01
6.972578880544726587e+01,1.000000000000000000e+00,4.800000000000000000e+01
6.972578880544726587e+01,1.000000000000000000e+00,4.900000000000000000e+01
6.972578880544726587e+01,1.000000000000000000e+00,4.300000000000000000e+01
6.972578880544726587e+01,1.000000000000000000e+00,4.800000000000000000e+01
6.972578880544726587e+01,1.000000000000000000e+00,4.200000000000000000e+01
6.972578880544726587e+01,1.000000000000000000e+00,5.000000000000000000e+01
6.972578880544726587e+01,1.000000000000000000e+00,4.900000000000000000e+01
6.972578880544726587e+01,1.000000000000000000e+00,4.700000000000000000e+01
6.972578880544726587e+01,1.000000000000000000e+00,5.000000000000000000e+01
6.972578880544726587e+01,1.000000000000000000e+00,4.600000000000000000e+01
6.972578880544726587e+01,1.000000000000000000e+00,4.900000000000000000e+01
6.972578880544726587e+01,1.000000000000000000e+00,4.900000000000000000e+01
6.972578880544726587e+01,1.000000000000000000e+00,4.900000000000000000e+01
6.972578880544726587e+01,1.000000000000000000e+00,4.900000000000000000e+01
6.972578880544726587e+01,1.000000000000000000e+00,4.600000000000000000e+01
6.972578880544726587e+01,1.000000000000000000e+00,5.100000000000000000e+01
6.972578880544726587e+01,1.000000000000000000e+00,5.200000000000000000e+01
6.972578880544726587e+01,1.000000000000000000e+00,4.800000000000000000e+01
6.972578880544726587e+01,1.000000000000000000e+00,5.000000000000000000e+01
6.972578880544726587e+01,1.000000000000000000e+00,4.900000000000000000e+01
6.972578880544726587e+01,1.000000000000000000e+00,4.600000000000000000e+01
6.972578880544726587e+01,1.000000000000000000e+00,4.500000000000000000e+01
6.972578880544726587e+01,1.000000000000000000e+00,4.600000000000000000e+01
6.972578880544726587e+01,1.000000000000000000e+00,5.200000000000000000e+01
6.972578880544726587e+01,1.000000000000000000e+00,4.900000000000000000e+01
6.972578880544726587e+01,1.000000000000000000e+00,4.600000000000000000e+01
6.972578880544726587e+01,1.000000000000000000e+00,5.400000000000000000e+01
6.972578880544726587e+01,1.000000000000000000e+00,5.100000000000000000e+01
6.972578880544726587e+01,1.000000000000000000e+00,4.700000000000000000e+01
6.972578880544726587e+01,1.000000000000000000e+00,4.600000000000000000e+01
6.972578880544726587e+01,1.000000000000000000e+00,4.800000000000000000e+01
6.972578880544726587e+01,1.000000000000000000e+00,4.800000000000000000e+01
6.972578880544726587e+01,1.000000000000000000e+00,4.700000000000000000e+01
6.972578880544726587e+01,1.000000000000000000e+00,4.700000000000000000e+01
6.972578880544726587e+01,1.000000000000000000e+00,5.200000000000000000e+01
6.972578880544726587e+01,1.000000000000000000e+00,5.200000000000000000e+01
6.972578880544726587e+01,1.000000000000000000e+00,5.300000000000000000e+01
6.972578880544726587e+01,1.000000000000000000e+00,4.900000000000000000e+01
6.972578880544726587e+01,1.000000000000000000e+00,5.200000000000000000e+01
6.972578880544726587e+01,1.000000000000000000e+00,4.500000000000000000e+01
6.972578880544726587e+01,1.000000000000000000e+00,4.800000000000000000e+01
6.972578880544726587e+01,1.000000000000000000e+00,4.700000000000000000e+01
6.972578880544726587e+01,1.000000000000000000e+00,5.100000000000000000e+01
6.972578880544726587e+01,1.000000000000000000e+00,5.300000000000000000e+01
6.972578880544726587e+01,1.000000000000000000e+00,4.700000000000000000e+01
6.972578880544726587e+01,1.000000000000000000e+00,4.800000000000000000e+01
6.972578880544726587e+01,1.000000000000000000e+00,4.500000000000000000e+01
6.972578880544726587e+01,1.000000000000000000e+00,4.500000000000000000e+01
6.972578880544726587e+01,1.000000000000000000e+00,4.900000000000000000e+01
6.972578880544726587e+01,1.000000000000000000e+00,4.900000000000000000e+01
6.972578880544726587e+01,1.000000000000000000e+00,5.200000000000000000e+01
6.972578880544726587e+01,1.000000000000000000e+00,4.700000000000000000e+01
6.972578880544726587e+01,1.000000000000000000e+00,4.400000000000000000e+01
6.972578880544726587e+01,1.000000000000000000e+00,4.800000000000000000e+01
6.972578880544726587e+01,1.000000000000000000e+00,5.100000000000000000e+01
6.972578880544726587e+01,1.000000000000000000e+00,4.700000000000000000e+01
6.972578880544726587e+01,1.000000000000000000e+00,5.100000000000000000e+01
6.972578880544726587e+01,1.000000000000000000e+00,4.800000000000000000e+01
6.972578880544726587e+01,1.000000000000000000e+00,4.800000000000000000e+01
6.972578880544726587e+01,1.000000000000000000e+00,4.900000000000000000e+01
6.972578880544726587e+01,1.000000000000000000e+00,5.200000000000000000e+01
6.972578880544726587e+01,1.000000000000000000e+00,4.900000000000000000e+01
6.972578880544726587e+01,1.000000000000000000e+00,4.600000000000000000e+01
6.972578880544726587e+01,1.000000000000000000e+00,4.800000000000000000e+01
6.972578880544726587e+01,1.000000000000000000e+00,5.100000000000000000e+01
6.972578880544726587e+01,1.000000000000000000e+00,4.700000000000000000e+01
6.972578880544726587e+01,1.000000000000000000e+00,5.000000000000000000e+01
6.972578880544726587e+01,1.000000000000000000e+00,4.700000000000000000e+01
6.972578880544726587e+01,1.000000000000000000e+00,5.000000000000000000e+01
6.972578880544726587e+01,1.000000000000000000e+00,4.600000000000000000e+01
6.972578880544726587e+01,1.000000000000000000e+00,4.900000000000000000e+01
6.972578880544726587e+01,1.000000000000000000e+00,4.400000000000000000e+01
6.972578880544726587e+01,1.000000000000000000e+00,4.900000000000000000e+01
6.972578880544726587e+01,1.000000000000000000e+00,5.000000000000000000e+01
6.972578880544726587e+01,1.000000000000000000e+00,4.900000000000000000e+01
6.972578880544726587e+01,1.000000000000000000e+00,4.700000000000000000e+01
6.972578880544726587e+01,1.000000000000000000e+00,4.600000000000000000e+01
6.972578880544726587e+01,1.000000000000000000e+00,4.900000000000000000e+01
6.972578880544726587e+01,1.000000000000000000e+00,4.900000000000000000e+01
6.972578880544726587e+01,1.000000000000000000e+00,4.800000000000000000e+01
6.972578880544726587e+01,1.000000000000000000e+00,4.600000000000000000e+01
6.972578880544726587e+01,1.000000000000000000e+00,5.200000000000000000e+01
6.972578880544726587e+01,1.000000000000000000e+00,4.800000000000000000e+01
6.972578880544726587e+01,1.000000000000000000e+00,4.900000000000000000e+01
6.972578880544726587e+01,1.000000000000000000e+00,4.800000000000000000e+01
6.972578880544726587e+01,1.000000000000000000e+00,4.800000000000000000e+01
6.972578880544726587e+01,1.000000000000000000e+00,4.900000000000000000e+01
6.972578880544726587e+01,1.000000000000000000e+00,4.700000000000000000e+01
6.972578880544726587e+01,1.000000000000000000e+00,4.600000000000000000e+01
6.972578880544726587e+01,1.000000000000000000e+00,4.900000000000000000e+01
6.972578880544726587e+01,1.000000000000000000e+00,4.600000000000000000e+01
6.972578880544726587e+01,1.000000000000000000e+00,5.000000000000000000e+01
6.972578880544726587e+01,1.000000000000000000e+00,5.100000000000000000e+01
6.972578880544726587e+01,1.000000000000000000e+00,5.100000000000000000e+01
6.972578880544726587e+01,1.000000000000000000e+00,4.800000000000000000e+01
6.972578880544726587e+01,1.000000000000000000e+00,4.900000000000000000e+01
6.972578880544726587e+01,1.000000000000000000e+00,4.800000000000000000e+01
6.972578880544726587e+01,1.000000000000000000e+00,4.700000000000000000e+01
6.972578880544726587e+01,1.000000000000000000e+00,4.900000000000000000e+01
6.972578880544726587e+01,1.000000000000000000e+00,4.600000000000000000e+01
6.972578880544726587e+01,1.000000000000000000e+00,4.800000000000000000e+01
6.972578880544726587e+01,1.000000000000000000e+00,4.300000000000000000e+01
6.972578880544726587e+01,1.000000000000000000e+00,4.800000000000000000e+01
6.972578880544726587e+01,1.000000000000000000e+00,4.600000000000000000e+01
6.972578880544726587e+01,1.000000000000000000e+00,4.600000000000000000e+01
6.972578880544726587e+01,1.000000000000000000e+00,5.000000000000000000e+01
6.972578880544726587e+01,1.000000000000000000e+00,4.900000000000000000e+01
6.972578880544726587e+01,1.000000000000000000e+00,5.100000000000000000e+01
6.972578880544726587e+01,1.000000000000000000e+00,4.900000000000000000e+01
6.972578880544726587e+01,1.000000000000000000e+00,4.800000000000000000e+01
6.972578880544726587e+01,1.000000000000000000e+00,4.600000000000000000e+01
6.972578880544726587e+01,1.000000000000000000e+00,4.600000000000000000e+01
6.972578880544726587e+01,1.000000000000000000e+00,5.200000000000000000e+01
6.972578880544726587e+01,1.000000000000000000e+00,4.700000000000000000e+01
6.972578880544726587e+01,1.000000000000000000e+00,4.800000000000000000e+01
6.972578880544726587e+01,1.000000000000000000e+00,4.700000000000000000e+01
6.972578880544726587e+01,1.000000000000000000e+00,4.700000000000000000e+01
6.972578880544726587e+01,1.000000000000000000e+00,4.700000000000000000e+01
6.972578880544726587e+01,1.000000000000000000e+00,4.800000000000000000e+01
6.972578880544726587e+01,1.000000000000000000e+00,4.900000000000000000e+01
6.972578880544726587e+01,1.000000000000000000e+00,4.500000000000000000e+01
6.972578880544726587e+01,1.000000000000000000e+00,4.800000000000000000e+01
6.972578880544726587e+01,1.000000000000000000e+00,4.600000000000000000e+01
6.972578880544726587e+01,1.000000000000000000e+00,4.700000000000000000e+01
6.972578880544726587e+01,1.000000000000000000e+00,4.800000000000000000e+01
6.972578880544726587e+01,1.000000000000000000e+00,4.700000000000000000e+01
6.972578880544726587e+01,1.000000000000000000e+00,5.000000000000000000e+01
6.972578880544726587e+01,1.000000000000000000e+00,4.600000000000000000e+01
6.972578880544726587e+01,1.000000000000000000e+00,4.600000000000000000e+01
6.972578880544726587e+01,1.000000000000000000e+00,4.400000000000000000e+01
6.972578880544726587e+01,1.000000000000000000e+00,4.700000000000000000e+01
6.972578880544726587e+01,1.000000000000000000e+00,4.400000000000000000e+01
6.972578880544726587e+01,1.000000000000000000e+00,4.800000000000000000e+01
6.972578880544726587e+01,1.000000000000000000e+00,4.900000000000000000e+01
6.972578880544726587e+01,1.000000000000000000e+00,4.600000000000000000e+01
6.972578880544726587e+01,1.000000000000000000e+00,4.600000000000000000e+01
6.972578880544726587e+01,1.000000000000000000e+00,4.700000000000000000e+01
6.972578880544726587e+01,1.000000000000000000e+00,4.500000000000000000e+01
6.972578880544726587e+01,1.000000000000000000e+00,5.000000000000000000e+01
6.972578880544726587e+01,1.000000000000000000e+00,4.500000000000000000e+01
6.972578880544726587e+01,1.000000000000000000e+00,4.900000000000000000e+01
6.972578880544726587e+01,1.000000000000000000e+00,4.700000000000000000e+01
6.972578880544726587e+01,1.000000000000000000e+00,4.700000000000000000e+01
6.972578880544726587e+01,1.000000000000000000e+00,4.800000000000000000e+01
6.972578880544726587e+01,1.000000000000000000e+00,4.900000000000000000e+01
6.972578880544726587e+01,1.000000000000000000e+00,4.300000000000000000e+01
6.972578880544726587e+01,1.000000000000000000e+00,4.600000000000000000e+01
6.972578880544726587e+01,1.000000000000000000e+00,4.700000000000000000e+01
6.972578880544726587e+01,1.000000000000000000e+00,4.900000000000000000e+01
6.972578880544726587e+01,1.000000000000000000e+00,4.600000000000000000e+01
6.972578880544726587e+01,1.000000000000000000e+00,4.900000000000000000e+01
6.972578880544726587e+01,1.000000000000000000e+00,4.700000000000000000e+01
6.972578880544726587e+01,1.000000000000000000e+00,4.700000000000000000e+01
6.972578880544726587e+01,1.000000000000000000e+00,5.000000000000000000e+01
6.972578880544726587e+01,1.000000000000000000e+00,4.500000000000000000e+01
6.972578880544726587e+01,1.000000000000000000e+00,4.400000000000000000e+01
6.972578880544726587e+01,1.000000000000000000e+00,4.500000000000000000e+01
6.972578880544726587e+01,1.000000000000000000e+00,4.900000000000000000e+01
6.972578880544726587e+01,1.000000000000000000e+00,4.900000000000000000e+01
6.972578880544726587e+01,1.000000000000000000e+00,4.600000000000000000e+01
6.972578880544726587e+01,1.000000000000000000e+00,4.500000000000000000e+01
6.972578880544726587e+01,1.000000000000000000e+00,4.600000000000000000e+01
6.972578880544726587e+01,1.000000000000000000e+00,4.800000000000000000e+01
6.972578880544726587e+01,1.000000000000000000e+00,4.600000000000000000e+01
6.972578880544726587e+01,1.000000000000000000e+00,4.900000000000000000e+01
6.972578880544726587e+01,1.000000000000000000e+00,4.600000000000000000e+01
6.972578880544726587e+01,1.000000000000000000e+00,4.900000000000000000e+01
6.972578880544726587e+01,1.000000000000000000e+00,4.600000000000000000e+01
6.972578880544726587e+01,1.000000000000000000e+00,4.900000000000000000e+01
6.972578880544726587e+01,1.000000000000000000e+00,4.400000000000000000e+01
6.972578880544726587e+01,1.000000000000000000e+00,4.500000000000000000e+01
6.972578880544726587e+01,1.000000000000000000e+00,4.400000000000000000e+01
6.972578880544726587e+01,1.000000000000000000e+00,4.300000000000000000e+01
6.972578880544726587e+01,1.000000000000000000e+00,4.700000000000000000e+01
6.972578880544726587e+01,1.000000000000000000e+00,4.700000000000000000e+01
6.972578880544726587e+01,1.000000000000000000e+00,5.000000000000000000e+01
6.972578880544726587e+01,1.000000000000000000e+00,4.900000000000000000e+01
6.972578880544726587e+01,1.000000000000000000e+00,4.400000000000000000e+01
6.972578880544726587e+01,1.000000000000000000e+00,4.600000000000000000e+01
6.972578880544726587e+01,1.000000000000000000e+00,4.400000000000000000e+01
6.972578880544726587e+01,1.000000000000000000e+00,4.600000000000000000e+01
6.972578880544726587e+01,1.000000000000000000e+00,4.600000000000000000e+01
6.972578880544726587e+01,1.000000000000000000e+00,4.500000000000000000e+01
6.972578880544726587e+01,1.000000000000000000e+00,4.500000000000000000e+01
6.972578880544726587e+01,1.000000000000000000e+00,4.500000000000000000e+01
6.972578880544726587e+01,1.000000000000000000e+00,4.400000000000000000e+01
6.972578880544726587e+01,1.000000000000000000e+00,4.500000000000000000e+01
6.972578880544726587e+01,1.000000000000000000e+00,4.400000000000000000e+01
6.972578880544726587e+01,1.000000000000000000e+00,5.100000000000000000e+01
6.972578880544726587e+01,1.000000000000000000e+00,4.600000000000000000e+01
6.972578880544726587e+01,1.000000000000000000e+00,4.600000000000000000e+01
6.972578880544726587e+01,1.000000000000000000e+00,4.300000000000000000e+01
6.972578880544726587e+01,1.000000000000000000e+00,4.700000000000000000e+01
6.972578880544726587e+01,1.000000000000000000e+00,4.700000000000000000e+01
6.972578880544726587e+01,1.000000000000000000e+00,4.700000000000000000e+01
6.972578880544726587e+01,1.000000000000000000e+00,4.700000000000000000e+01
6.972578880544726587e+01,1.000000000000000000e+00,4.500000000000000000e+01
6.972578880544726587e+01,1.000000000000000000e+00,4.500000000000000000e+01
6.972578880544726587e+01,1.000000000000000000e+00,4.200000000000000000e+01
6.972578880544726587e+01,1.000000000000000000e+00,4.700000000000000000e+01
6.972578880544726587e+01,1.000000000000000000e+00,4.700000000000000000e+01
6.972578880544726587e+01,1.000000000000000000e+00,4.600000000000000000e+01
6.972578880544726587e+01,1.000000000000000000e+00,4.300000000000000000e+01
6.972578880544726587e+01,1.000000000000000000e+00,4.300000000000000000e+01
6.972578880544726587e+01,1.000000000000000000e+00,4.400000000000000000e+01
6.972578880544726587e+01,1.000000000000000000e+00,4.600000000000000000e+01
6.972578880544726587e+01,1.000000000000000000e+00,4.900000000000000000e+01
6.972578880544726587e+01,1.000000000000000000e+00,4.500000000000000000e+01
6.972578880544726587e+01,1.000000000000000000e+00,4.500000000000000000e+01
6.972578880544726587e+01,1.000000000000000000e+00,4.500000000000000000e+01
6.972578880544726587e+01,1.000000000000000000e+00,4.700000000000000000e+01
6.972578880544726587e+01,1.000000000000000000e+00,4.300000000000000000e+01
6.972578880544726587e+01,1.000000000000000000e+00,4.600000000000000000e+01
6.972578880544726587e+01,1.000000000000000000e+00,4.300000000000000000e+01
6.972578880544726587e+01,1.000000000000000000e+00,4.500000000000000000e+01
6.972578880544726587e+01,1.000000000000000000e+00,4.600000000000000000e+01
6.972578880544726587e+01,1.000000000000000000e+00,4.300000000000000000e+01
6.972578880544726587e+01,1.000000000000000000e+00,4.500000000000000000e+01
6.972578880544726587e+01,1.000000000000000000e+00,4.300000000000000000e+01
6.972578880544726587e+01,1.000000000000000000e+00,4.200000000000000000e+01
6.972578880544726587e+01,1.000000000000000000e+00,4.300000000000000000e+01
6.972578880544726587e+01,1.000000000000000000e+00,4.400000000000000000e+01
6.972578880544726587e+01,1.000000000000000000e+00,4.700000000000000000e+01
6.972578880544726587e+01,1.000000000000000000e+00,4.100000000000000000e+01
6.972578880544726587e+01,1.000000000000000000e+00,4.600000000000000000e+01
6.972578880544726587e+01,1.000000000000000000e+00,4.500000000000000000e+01
6.972578880544726587e+01,1.000000000000000000e+00,4.300000000000000000e+01
6.972578880544726587e+01,1.000000000000000000e+00,4.300000000000000000e+01
6.972578880544726587e+01,1.000000000000000000e+00,4.300000000000000000e+01
6.972578880544726587e+01,1.000000000000000000e+00,4.500000000000000000e+01
6.972578880544726587e+01,1.000000000000000000e+00,4.100000000000000000e+01
6.972578880544726587e+01,1.000000000000000000e+00,4.300000000000000000e+01
6.972578880544726587e+01,1.000000000000000000e+00,4.500000000000000000e+01
6.972578880544726587e+01,1.000000000000000000e+00,4.600000000000000000e+01
6.972578880544726587e+01,1.000000000000000000e+00,4.300000000000000000e+01
6.972578880544726587e+01,1.000000000000000000e+00,4.200000000000000000e+01
6.972578880544726587e+01,1.000000000000000000e+00,4.300000000000000000e+01
6.972578880544726587e+01,1.000000000000000000e+00,4.400000000000000000e+01
6.972578880544726587e+01,1.000000000000000000e+00,4.500000000000000000e+01
6.972578880544726587e+01,1.000000000000000000e+00,4.200000000000000000e+01
6.972578880544726587e+01,1.000000000000000000e+00,4.400000000000000000e+01
6.972578880544726587e+01,1.000000000000000000e+00,4.500000000000000000e+01
6.972578880544726587e+01,1.000000000000000000e+00,4.100000000000000000e+01
6.972578880544726587e+01,1.000000000000000000e+00,4.300000000000000000e+01
6.972578880544726587e+01,1.000000000000000000e+00,4.300000000000000000e+01
6.972578880544726587e+01,1.000000000000000000e+00,4.400000000000000000e+01
6.972578880544726587e+01,1.000000000000000000e+00,4.200000000000000000e+01
6.972578880544726587e+01,1.000000000000000000e+00,4.400000000000000000e+01
6.972578880544726587e+01,1.000000000000000000e+00,4.400000000000000000e+01
6.972578880544726587e+01,1.000000000000000000e+00,4.300000000000000000e+01
6.972578880544726587e+01,1.000000000000000000e+00,4.000000000000000000e+01
6.972578880544726587e+01,1.000000000000000000e+00,4.200000000000000000e+01
6.972578880544726587e+01,1.000000000000000000e+00,4.500000000000000000e+01
6.972578880544726587e+01,1.000000000000000000e+00,3.900000000000000000e+01
6.972578880544726587e+01,1.000000000000000000e+00,4.300000000000000000e+01
6.972578880544726587e+01,1.000000000000000000e+00,4.300000000000000000e+01
6.972578880544726587e+01,1.000000000000000000e+00,4.600000000000000000e+01
6.972578880544726587e+01,1.000000000000000000e+00,4.500000000000000000e+01
6.972578880544726587e+01,1.000000000000000000e+00,4.400000000000000000e+01
6.972578880544726587e+01,1.000000000000000000e+00,4.300000000000000000e+01
6.972578880544726587e+01,1.000000000000000000e+00,4.000000000000000000e+01
6.972578880544726587e+01,1.000000000000000000e+00,4.200000000000000000e+01
6.972578880544726587e+01,1.000000000000000000e+00,4.200000000000000000e+01
6.972578880544726587e+01,1.000000000000000000e+00,4.500000000000000000e+01
6.972578880544726587e+01,1.000000000000000000e+00,4.200000000000000000e+01
6.972578880544726587e+01,1.000000000000000000e+00,4.100000000000000000e+01
6.972578880544726587e+01,1.000000000000000000e+00,4.400000000000000000e+01
6.972578880544726587e+01,1.000000000000000000e+00,4.300000000000000000e+01
6.972578880544726587e+01,1.000000000000000000e+00,4.400000000000000000e+01
6.972578880544726587e+01,1.000000000000000000e+00,4.200000000000000000e+01
6.972578880544726587e+01,1.000000000000000000e+00,4.000000000000000000e+01
6.972578880544726587e+01,1.000000000000000000e+00,4.400000000000000000e+01
6.972578880544726587e+01,1.000000000000000000e+00,4.200000000000000000e+01
6.972578880544726587e+01,1.000000000000000000e+00,4.100000000000000000e+01
6.972578880544726587e+01,1.000000000000000000e+00,4.300000000000000000e+01
6.972578880544726587e+01,1.000000000000000000e+00,4.300000000000000000e+01
6.972578880544726587e+01,1.000000000000000000e+00,4.300000000000000000e+01
6.972578880544726587e+01,1.000000000000000000e+00,3.900000000000000000e+01
6.972578880544726587e+01,1.000000000000000000e+00,4.100000000000000000e+01
6.972578880544726587e+01,1.000000000000000000e+00,4.200000000000000000e+01
6.972578880544726587e+01,1.000000000000000000e+00,4.000000000000000000e+01
6.972578880544726587e+01,1.000000000000000000e+00,4.300000000000000000e+01
6.972578880544726587e+01,1.000000000000000000e+00,4.100000000000000000e+01
6.972578880544726587e+01,1.000000000000000000e+00,3.900000000000000000e+01
6.972578880544726587e+01,1.000000000000000000e+00,4.000000000000000000e+01
6.972578880544726587e+01,1.000000000000000000e+00,4.100000000000000000e+01
6.972578880544726587e+01,1.000000000000000000e+00,3.800000000000000000e+01
6.972578880544726587e+01,1.000000000000000000e+00,3.900000000000000000e+01
6.972578880544726587e+01,1.000000000000000000e+00,3.600000000000000000e+01
6.972578880544726587e+01,1.000000000000000000e+00,4.000000000000000000e+01
6.972578880544726587e+01,1.000000000000000000e+00,4.000000000000000000e+01
6.972578880544726587e+01,1.000000000000000000e+00,4.300000000000000000e+01
6.972578880544726587e+01,1.000000000000000000e+00,4.100000000000000000e+01
6.972578880544726587e+01,1.000000000000000000e+00,4.200000000000000000e+01
6.972578880544726587e+01,1.000000000000000000e+00,4.500000000000000000e+01
6.972578880544726587e+01,1.000000000000000000e+00,4.100000000000000000e+01
6.972578880544726587e+01,1.000000000000000000e+00,3.900000000000000000e+01
6.972578880544726587e+01,1.000000000000000000e+00,4.200000000000000000e+01
6.972578880544726587e+01,1.000000000000000000e+00,4.100000000000000000e+01
6.972578880544726587e+01,1.000000000000000000e+00,3.800000000000000000e+01
6.972578880544726587e+01,1.000000000000000000e+00,4.300000000000000000e+01
6.972578880544726587e+01,1.000000000000000000e+00,3.700000000000000000e+01
6.972578880544726587e+01,1.000000000000000000e+00,4.000000000000000000e+01
6.972578880544726587e+01,1.000000000000000000e+00,3.900000000000000000e+01
6.972578880544726587e+01,1.000000000000000000e+00,4.200000000000000000e+01
6.972578880544726587e+01,1.000000000000000000e+00,3.900000000000000000e+01
6.972578880544726587e+01,1.000000000000000000e+00,3.900000000000000000e+01
6.972578880544726587e+01,1.000000000000000000e+00,4.100000000000000000e+01
6.972578880544726587e+01,1.000000000000000000e+00,4.000000000000000000e+01
6.972578880544726587e+01,1.000000000000000000e+00,4.200000000000000000e+01
6.972578880544726587e+01,1.000000000000000000e+00,3.800000000000000000e+01
6.972578880544726587e+01,1.000000000000000000e+00,4.000000000000000000e+01
6.972578880544726587e+01,1.000000000000000000e+00,3.800000000000000000e+01
6.972578880544726587e+01,1.000000000000000000e+00,3.900000000000000000e+01
6.972578880544726587e+01,1.000000000000000000e+00,3.900000000000000000e+01
6.972578880544726587e+01,1.000000000000000000e+00,4.000000000000000000e+01
6.972578880544726587e+01,1.000000000000000000e+00,3.600000000000000000e+01
6.972578880544726587e+01,1.000000000000000000e+00,3.900000000000000000e+01
6.972578880544726587e+01,1.000000000000000000e+00,3.900000000000000000e+01
6.972578880544726587e+01,1.000000000000000000e+00,4.100000000000000000e+01
6.972578880544726587e+01,1.000000000000000000e+00,4.000000000000000000e+01
6.972578880544726587e+01,1.000000000000000000e+00,3.500000000000000000e+01
6.972578880544726587e+01,1.000000000000000000e+00,3.800000000000000000e+01
6.972578880544726587e+01,1.000000000000000000e+00,4.000000000000000000e+01
6.972578880544726587e+01,1.000000000000000000e+00,4.300000000000000000e+01
6.972578880544726587e+01,1.000000000000000000e+00,4.200000000000000000e+01
6.972578880544726587e+01,1.000000000000000000e+00,4.200000000000000000e+01
6.972578880544726587e+01,1.000000000000000000e+00,3.900000000000000000e+01
6.972578880544726587e+01,1.000000000000000000e+00,3.800000000000000000e+01
6.972578880544726587e+01,1.000000000000000000e+00,4.000000000000000000e+01
6.972578880544726587e+01,1.000000000000000000e+00,3.900000000000000000e+01
6.972578880544726587e+01,1.000000000000000000e+00,3.400000000000000000e+01
6.972578880544726587e+01,1.000000000000000000e+00,3.600000000000000000e+01
6.972578880544726587e+01,1.000000000000000000e+00,3.700000000000000000e+01
6.972578880544726587e+01,1.000000000000000000e+00,3.900000000000000000e+01
6.972578880544726587e+01,1.000000000000000000e+00,3.900000000000000000e+01
6.972578880544726587e+01,1.000000000000000000e+00,3.700000000000000000e+01
6.972578880544726587e+01,1.000000000000000000e+00,3.800000000000000000e+01
6.972578880544726587e+01,1.000000000000000000e+00,3.900000000000000000e+01
6.972578880544726587e+01,1.000000000000000000e+00,3.900000000000000000e+01
6.972578880544726587e+01,1.000000000000000000e+00,3.500000000000000000e+01
6.972578880544726587e+01,1.000000000000000000e+00,4.000000000000000000e+01
6.972578880544726587e+01,1.000000000000000000e+00,3.500000000000000000e+01
6.972578880544726587e+01,1.000000000000000000e+00,3.300000000000000000e+01
6.972578880544726587e+01,1.000000000000000000e+00,3.700000000000000000e+01
6.972578880544726587e+01,1.000000000000000000e+00,3.700000000000000000e+01
6.972578880544726587e+01,1.000000000000000000e+00,3.700000000000000000e+01
6.972578880544726587e+01,1.000000000000000000e+00,3.300000000000000000e+01
6.972578880544726587e+01,1.000000000000000000e+00,3.700000000000000000e+01
6.972578880544726587e+01,1.000000000000000000e+00,3.700000000000000000e+01
6.972578880544726587e+01,1.000000000000000000e+00,3.400000000000000000e+01
6.972578880544726587e+01,1.000000000000000000e+00,3.400000000000000000e+01
6.972578880544726587e+01,1.000000000000000000e+00,3.800000000000000000e+01
6.972578880544726587e+01,1.000000000000000000e+00,3.900000000000000000e+01
6.972578880544726587e+01,1.000000000000000000e+00,3.400000000000000000e+01
6.972578880544726587e+01,1.000000000000000000e+00,3.300000000000000000e+01
6.972578880544726587e+01,1.000000000000000000e+00,3.500000000000000000e+01
6.972578880544726587e+01,1.000000000000000000e+00,4.000000000000000000e+01
6.972578880544726587e+01,1.000000000000000000e+00,3.600000000000000000e+01
6.972578880544726587e+01,1.000000000000000000e+00,3.500000000000000000e+01
6.972578880544726587e+01,1.000000000000000000e+00,3.300000000000000000e+01
6.972578880544726587e+01,1.000000000000000000e+00,3.800000000000000000e+01
6.972578880544726587e+01,1.000000000000000000e+00,3.800000000000000000e+01
6.972578880544726587e+01,1.000000000000000000e+00,3.500000000000000000e+01
6.972578880544726587e+01,1.000000000000000000e+00,3.600000000000000000e+01
6.972578880544726587e+01,1.000000000000000000e+00,3.300000000000000000e+01
6.972578880544726587e+01,1.000000000000000000e+00,3.700000000000000000e+01
6.972578880544726587e+01,1.000000000000000000e+00,4.000000000000000000e+01
6.972578880544726587e+01,1.000000000000000000e+00,3.300000000000000000e+01
6.972578880544726587e+01,1.000000000000000000e+00,3.700000000000000000e+01
6.972578880544726587e+01,1.000000000000000000e+00,3.600000000000000000e+01
6.972578880544726587e+01,1.000000000000000000e+00,3.700000000000000000e+01
6.972578880544726587e+01,1.000000000000000000e+00,3.200000000000000000e+01
6.972578880544726587e+01,1.000000000000000000e+00,3.100000000000000000e+01
6.972578880544726587e+01,1.000000000000000000e+00,3.500000000000000000e+01
6.972578880544726587e+01,1.000000000000000000e+00,3.600000000000000000e+01
6.972578880544726587e+01,1.000000000000000000e+00,3.500000000000000000e+01
6.972578880544726587e+01,1.000000000000000000e+00,3.300000000000000000e+01
6.972578880544726587e+01,1.000000000000000000e+00,3.800000000000000000e+01
6.972578880544726587e+01,1.000000000000000000e+00,3.500000000000000000e+01
6.972578880544726587e+01,1.000000000000000000e+00,3.500000000000000000e+01
6.972578880544726587e+01,1.000000000000000000e+00,3.600000000000000000e+01
6.972578880544726587e+01,1.000000000000000000e+00,3.500000000000000000e+01
6.972578880544726587e+01,1.000000000000000000e+00,3.400000000000000000e+01
6.972578880544726587e+01,1.000000000000000000e+00,3.700000000000000000e+01
6.972578880544726587e+01,1.000000000000000000e+00,3.400000000000000000e+01
6.972578880544726587e+01,1.000000000000000000e+00,3.600000000000000000e+01
6.972578880544726587e+01,1.000000000000000000e+00,3.700000000000000000e+01
6.972578880544726587e+01,1.000000000000000000e+00,3.300000000000000000e+01
6.972578880544726587e+01,1.000000000000000000e+00,3.800000000000000000e+01
6.972578880544726587e+01,1.000000000000000000e+00,3.300000000000000000e+01
6.972578880544726587e+01,1.000000000000000000e+00,3.400000000000000000e+01
6.972578880544726587e+01,1.000000000000000000e+00,4.000000000000000000e+01
6.972578880544726587e+01,1.000000000000000000e+00,3.200000000000000000e+01
6.972578880544726587e+01,1.000000000000000000e+00,3.200000000000000000e+01
6.972578880544726587e+01,1.000000000000000000e+00,3.800000000000000000e+01
6.972578880544726587e+01,1.000000000000000000e+00,3.300000000000000000e+01
6.972578880544726587e+01,1.000000000000000000e+00,3.600000000000000000e+01
6.972578880544726587e+01,1.000000000000000000e+00,3.300000000000000000e+01
6.972578880544726587e+01,1.000000000000000000e+00,3.400000000000000000e+01
6.972578880544726587e+01,1.000000000000000000e+00,3.100000000000000000e+01
6.972578880544726587e+01,1.000000000000000000e+00,3.200000000000000000e+01
6.972578880544726587e+01,1.000000000000000000e+00,3.100000000000000000e+01
6.972578880544726587e+01,1.000000000000000000e+00,3.200000000000000000e+01
6.972578880544726587e+01,1.000000000000000000e+00,3.200000000000000000e+01
6.972578880544726587e+01,1.000000000000000000e+00,3.600000000000000000e+01
6.972578880544726587e+01,1.000000000000000000e+00,3.300000000000000000e+01
6.972578880544726587e+01,1.000000000000000000e+00,3.000000000000000000e+01
6.972578880544726587e+01,1.000000000000000000e+00,3.000000000000000000e+01
6.972578880544726587e+01,1.000000000000000000e+00,3.100000000000000000e+01
6.972578880544726587e+01,1.000000000000000000e+00,3.100000000000000000e+01
6.972578880544726587e+01,1.000000000000000000e+00,3.200000000000000000e+01
6.972578880544726587e+01,1.000000000000000000e+00,3.400000000000000000e+01
6.972578880544726587e+01,1.000000000000000000e+00,3.100000000000000000e+01
6.972578880544726587e+01,1.000000000000000000e+00,3.200000000000000000e+01
6.972578880544726587e+01,1.000000000000000000e+00,3.200000000000000000e+01
6.972578880544726587e+01,1.000000000000000000e+00,3.200000000000000000e+01
6.972578880544726587e+01,1.000000000000000000e+00,3.200000000000000000e+01
6.972578880544726587e+01,1.000000000000000000e+00,3.400000000000000000e+01
6.972578880544726587e+01,1.000000000000000000e+00,3.200000000000000000e+01
6.972578880544726587e+01,1.000000000000000000e+00,3.400000000000000000e+01
6.972578880544726587e+01,1.000000000000000000e+00,3.300000000000000000e+01
6.972578880544726587e+01,1.000000000000000000e+00,3.100000000000000000e+01
6.972578880544726587e+01,1.000000000000000000e+00,2.900000000000000000e+01
6.972578880544726587e+01,1.000000000000000000e+00,3.200000000000000000e+01
6.972578880544726587e+01,1.000000000000000000e+00,3.200000000000000000e+01
6.972578880544726587e+01,1.000000000000000000e+00,3.100000000000000000e+01
6.972578880544726587e+01,1.000000000000000000e+00,3.100000000000000000e+01
6.972578880544726587e+01,1.000000000000000000e+00,3.300000000000000000e+01
6.972578880544726587e+01,1.000000000000000000e+00,3.400000000000000000e+01
6.972578880544726587e+01,1.000000000000000000e+00,3.200000000000000000e+01
6.972578880544726587e+01,1.000000000000000000e+00,3.200000000000000000e+01
6.972578880544726587e+01,1.000000000000000000e+00,2.900000000000000000e+01
6.972578880544726587e+01,1.000000000000000000e+00,3.100000000000000000e+01
6.972578880544726587e+01,1.000000000000000000e+00,2.700000000000000000e+01
6.972578880544726587e+01,1.000000000000000000e+00,2.800000000000000000e+01
6.972578880544726587e+01,1.000000000000000000e+00,3.500000000000000000e+01
6.972578880544726587e+01,1.000000000000000000e+00,3.200000000000000000e+01
6.972578880544726587e+01,1.000000000000000000e+00,2.900000000000000000e+01
6.972578880544726587e+01,1.000000000000000000e+00,2.900000000000000000e+01
6.972578880544726587e+01,1.000000000000000000e+00,3.000000000000000000e+01
6.972578880544726587e+01,1.000000000000000000e+00,2.900000000000000000e+01
6.972578880544726587e+01,1.000000000000000000e+00,3.300000000000000000e+01
6.972578880544726587e+01,1.000000000000000000e+00,3.300000000000000000e+01
6.972578880544726587e+01,1.000000000000000000e+00,3.200000000000000000e+01
6.972578880544726587e+01,1.000000000000000000e+00,3.200000000000000000e+01
6.972578880544726587e+01,1.000000000000000000e+00,3.200000000000000000e+01
6.972578880544726587e+01,1.000000000000000000e+00,2.700000000000000000e+01
6.972578880544726587e+01,1.000000000000000000e+00,2.900000000000000000e+01
6.972578880544726587e+01,1.000000000000000000e+00,2.900000000000000000e+01
6.972578880544726587e+01,1.000000000000000000e+00,2.900000000000000000e+01
6.972578880544726587e+01,1.000000000000000000e+00,2.900000000000000000e+01
6.972578880544726587e+01,1.000000000000000000e+00,2.700000000000000000e+01
6.972578880544726587e+01,1.000000000000000000e+00,2.600000000000000000e+01
6.972578880544726587e+01,1.000000000000000000e+00,3.100000000000000000e+01
6.972578880544726587e+01,1.000000000000000000e+00,2.700000000000000000e+01
6.972578880544726587e+01,1.000000000000000000e+00,3.300000000000000000e+01
6.972578880544726587e+01,1.000000000000000000e+00,3.200000000000000000e+01
6.972578880544726587e+01,1.000000000000000000e+00,3.000000000000000000e+01
6.972578880544726587e+01,1.000000000000000000e+00,3.100000000000000000e+01
6.972578880544726587e+01,1.000000000000000000e+00,2.700000000000000000e+01
6.972578880544726587e+01,1.000000000000000000e+00,2.900000000000000000e+01
6.972578880544726587e+01,1.000000000000000000e+00,3.000000000000000000e+01
6.972578880544726587e+01,1.000000000000000000e+00,2.800000000000000000e+01
6.972578880544726587e+01,1.000000000000000000e+00,2.800000000000000000e+01
6.972578880544726587e+01,1.000000000000000000e+00,2.800000000000000000e+01
6.972578880544726587e+01,1.000000000000000000e+00,3.000000000000000000e+01
6.972578880544726587e+01,1.000000000000000000e+00,2.900000000000000000e+01
6.972578880544726587e+01,1.000000000000000000e+00,2.900000000000000000e+01
6.972578880544726587e+01,1.000000000000000000e+00,2.700000000000000000e+01
6.972578880544726587e+01,1.000000000000000000e+00,2.400000000000000000e+01
6.972578880544726587e+01,1.000000000000000000e+00,2.900000000000000000e+01
6.972578880544726587e+01,1.000000000000000000e+00,2.900000000000000000e+01
6.972578880544726587e+01,1.000000000000000000e+00,2.500000000000000000e+01
6.972578880544726587e+01,1.000000000000000000e+00,3.200000000000000000e+01
6.972578880544726587e+01,1.000000000000000000e+00,2.700000000000000000e+01
6.972578880544726587e+01,1.000000000000000000e+00,2.700000000000000000e+01
6.972578880544726587e+01,1.000000000000000000e+00,2.800000000000000000e+01
6.972578880544726587e+01,1.000000000000000000e+00,2.500000000000000000e+01
6.972578880544726587e+01,1.000000000000000000e+00,2.900000000000000000e+01
6.972578880544726587e+01,1.000000000000000000e+00,2.700000000000000000e+01
6.972578880544726587e+01,1.000000000000000000e+00,3.100000000000000000e+01
6.972578880544726587e+01,1.000000000000000000e+00,2.900000000000000000e+01
6.972578880544726587e+01,1.000000000000000000e+00,2.700000000000000000e+01
6.972578880544726587e+01,1.000000000000000000e+00,2.500000000000000000e+01
6.972578880544726587e+01,1.000000000000000000e+00,2.600000000000000000e+01
6.972578880544726587e+01,1.000000000000000000e+00,2.700000000000000000e+01
6.972578880544726587e+01,1.000000000000000000e+00,2.600000000000000000e+01
6.972578880544726587e+01,1.000000000000000000e+00,2.800000000000000000e+01
6.972578880544726587e+01,1.000000000000000000e+00,2.800000000000000000e+01
6.972578880544726587e+01,1.000000000000000000e+00,2.700000000000000000e+01
6.972578880544726587e+01,1.000000000000000000e+00,2.500000000000000000e+01
6.972578880544726587e+01,1.000000000000000000e+00,3.000000000000000000e+01
6.972578880544726587e+01,1.000000000000000000e+00,2.900000000000000000e+01
6.972578880544726587e+01,1.000000000000000000e+00,3.000000000000000000e+01
6.972578880544726587e+01,1.000000000000000000e+00,2.700000000000000000e+01
6.972578880544726587e+01,1.000000000000000000e+00,3.000000000000000000e+01
6.972578880544726587e+01,1.000000000000000000e+00,3.000000000000000000e+01
6.972578880544726587e+01,1.000000000000000000e+00,2.700000000000000000e+01
6.972578880544726587e+01,1.000000000000000000e+00,2.300000000000000000e+01
6.972578880544726587e+01,1.000000000000000000e+00,2.200000000000000000e+01
6.972578880544726587e+01,1.000000000000000000e+00,2.700000000000000000e+01
6.972578880544726587e+01,1.000000000000000000e+00,2.500000000000000000e+01
6.972578880544726587e+01,1.000000000000000000e+00,2.200000000000000000e+01
6.972578880544726587e+01,1.000000000000000000e+00,2.200000000000000000e+01
6.972578880544726587e+01,1.000000000000000000e+00,2.500000000000000000e+01
6.972578880544726587e+01,1.000000000000000000e+00,2.400000000000000000e+01
6.972578880544726587e+01,1.000000000000000000e+00,2.600000000000000000e+01
6.972578880544726587e+01,1.000000000000000000e+00,2.500000000000000000e+01
6.972578880544726587e+01,1.000000000000000000e+00,2.700000000000000000e+01
6.972578880544726587e+01,1.000000000000000000e+00,2.400000000000000000e+01
6.972578880544726587e+01,1.000000000000000000e+00,2.400000000000000000e+01
6.972578880544726587e+01,1.000000000000000000e+00,2.200000000000000000e+01
6.972578880544726587e+01,1.000000000000000000e+00,2.400000000000000000e+01
6.972578880544726587e+01,1.000000000000000000e+00,2.300000000000000000e+01
6.972578880544726587e+01,1.000000000000000000e+00,2.500000000000000000e+01
6.972578880544726587e+01,1.000000000000000000e+00,2.700000000000000000e+01
6.972578880544726587e+01,1.000000000000000000e+00,1.800000000000000000e+01
6.972578880544726587e+01,1.000000000000000000e+00,2.200000000000000000e+01
6.972578880544726587e+01,1.000000000000000000e+00,2.300000000000000000e+01
6.972578880544726587e+01,1.000000000000000000e+00,2.400000000000000000e+01
6.972578880544726587e+01,1.000000000000000000e+00,2.200000000000000000e+01
6.972578880544726587e+01,1.000000000000000000e+00,2.200000000000000000e+01
6.972578880544726587e+01,1.000000000000000000e+00,2.600000000000000000e+01
6.972578880544726587e+01,1.000000000000000000e+00,2.100000000000000000e+01
6.972578880544726587e+01,1.000000000000000000e+00,2.700000000000000000e+01
6.972578880544726587e+01,1.000000000000000000e+00,2.100000000000000000e+01
6.972578880544726587e+01,1.000000000000000000e+00,2.400000000000000000e+01
6.972578880544726587e+01,1.000000000000000000e+00,2.300000000000000000e+01
6.972578880544726587e+01,1.000000000000000000e+00,2.300000000000000000e+01
6.972578880544726587e+01,1.000000000000000000e+00,2.200000000000000000e+01
6.972578880544726587e+01,1.000000000000000000e+00,2.200000000000000000e+01
6.972578880544726587e+01,1.000000000000000000e+00,2.300000000000000000e+01
6.972578880544726587e+01,1.000000000000000000e+00,2.300000000000000000e+01
6.972578880544726587e+01,1.000000000000000000e+00,1.800000000000000000e+01
6.972578880544726587e+01,1.000000000000000000e+00,2.700000000000000000e+01
6.972578880544726587e+01,1.000000000000000000e+00,2.500000000000000000e+01
6.972578880544726587e+01,1.000000000000000000e+00,2.200000000000000000e+01
6.972578880544726587e+01,1.000000000000000000e+00,2.400000000000000000e+01
6.972578880544726587e+01,1.000000000000000000e+00,2.200000000000000000e+01
6.972578880544726587e+01,1.000000000000000000e+00,1.900000000000000000e+01
6.972578880544726587e+01,1.000000000000000000e+00,2.300000000000000000e+01
6.972578880544726587e+01,1.000000000000000000e+00,2.600000000000000000e+01
6.972578880544726587e+01,1.000000000000000000e+00,2.600000000000000000e+01
6.972578880544726587e+01,1.000000000000000000e+00,2.400000000000000000e+01
6.972578880544726587e+01,1.000000000000000000e+00,2.500000000000000000e+01
6.972578880544726587e+01,1.000000000000000000e+00,2.100000000000000000e+01
6.972578880544726587e+01,1.000000000000000000e+00,2.300000000000000000e+01
6.972578880544726587e+01,1.000000000000000000e+00,2.000000000000000000e+01
6.972578880544726587e+01,1.000000000000000000e+00,2.200000000000000000e+01
6.972578880544726587e+01,1.000000000000000000e+00,1.800000000000000000e+01
6.972578880544726587e+01,1.000000000000000000e+00,2.100000000000000000e+01
6.972578880544726587e+01,1.000000000000000000e+00,2.300000000000000000e+01
6.972578880544726587e+01,1.000000000000000000e+00,2.500000000000000000e+01
6.972578880544726587e+01,1.000000000000000000e+00,2.000000000000000000e+01
6.972578880544726587e+01,1.000000000000000000e+00,2.100000000000000000e+01
6.972578880544726587e+01,1.000000000000000000e+00,2.700000000000000000e+01
6.972578880544726587e+01,1.000000000000000000e+00,2.200000000000000000e+01
6.972578880544726587e+01,1.000000000000000000e+00,2.300000000000000000e+01
6.972578880544726587e+01,1.000000000000000000e+00,2.200000000000000000e+01
6.972578880544726587e+01,1.000000000000000000e+00,2.000000000000000000e+01
6.972578880544726587e+01,1.000000000000000000e+00,2.100000000000000000e+01
6.972578880544726587e+01,1.000000000000000000e+00,1.800000000000000000e+01
6.972578880544726587e+01,1.000000000000000000e+00,2.200000000000000000e+01
6.972578880544726587e+01,1.000000000000000000e+00,2.000000000000000000e+01
6.972578880544726587e+01,1.000000000000000000e+00,2.100000000000000000e+01
6.972578880544726587e+01,1.000000000000000000e+00,2.300000000000000000e+01
6.972578880544726587e+01,1.000000000000000000e+00,1.800000000000000000e+01
6.972578880544726587e+01,1.000000000000000000e+00,1.800000000000000000e+01
6.972578880544726587e+01,1.000000000000000000e+00,2.100000000000000000e+01
6.972578880544726587e+01,1.000000000000000000e+00,2.000000000000000000e+01
6.972578880544726587e+01,1.000000000000000000e+00,2.000000000000000000e+01
6.972578880544726587e+01,1.000000000000000000e+00,2.200000000000000000e+01
6.972578880544726587e+01,1.000000000000000000e+00,1.800000000000000000e+01
6.972578880544726587e+01,1.000000000000000000e+00,2.200000000000000000e+01
6.972578880544726587e+01,1.000000000000000000e+00,1.800000000000000000e+01
6.972578880544726587e+01,1.000000000000000000e+00,2.000000000000000000e+01
6.972578880544726587e+01,1.000000000000000000e+00,2.100000000000000000e+01
6.972578880544726587e+01,1.000000000000000000e+00,1.900000000000000000e+01
6.972578880544726587e+01,1.000000000000000000e+00,1.700000000000000000e+01
6.972578880544726587e+01,1.000000000000000000e+00,1.800000000000000000e+01
6.972578880544726587e+01,1.000000000000000000e+00,2.000000000000000000e+01
6.972578880544726587e+01,1.000000000000000000e+00,1.900000000000000000e+01
6.972578880544726587e+01,1.000000000000000000e+00,2.400000000000000000e+01
6.972578880544726587e+01,1.000000000000000000e+00,1.900000000000000000e+01
6.972578880544726587e+01,1.000000000000000000e+00,1.900000000000000000e+01
6.972578880544726587e+01,1.000000000000000000e+00,1.800000000000000000e+01
6.972578880544726587e+01,1.000000000000000000e+00,2.100000000000000000e+01
6.972578880544726587e+01,1.000000000000000000e+00,1.800000000000000000e+01
6.972578880544726587e+01,1.000000000000000000e+00,2.000000000000000000e+01
6.972578880544726587e+01,1.000000000000000000e+00,1.900000000000000000e+01
6.972578880544726587e+01,1.000000000000000000e+00,1.700000000000000000e+01
6.972578880544726587e+01,1.000000000000000000e+00,1.600000000000000000e+01
6.972578880544726587e+01,1.000000000000000000e+00,1.800000000000000000e+01
6.972578880544726587e+01,1.000000000000000000e+00,1.900000000000000000e+01
6.972578880544726587e+01,1.000000000000000000e+00,1.700000000000000000e+01
6.972578880544726587e+01,1.000000000000000000e+00,1.400000000000000000e+01
6.972578880544726587e+01,1.000000000000000000e+00,1.700000000000000000e+01
6.972578880544726587e+01,1.000000000000000000e+00,1.600000000000000000e+01
6.972578880544726587e+01,1.000000000000000000e+00,1.400000000000000000e+01
6.972578880544726587e+01,1.000000000000000000e+00,2.000000000000000000e+01
6.972578880544726587e+01,1.000000000000000000e+00,1.700000000000000000e+01
6.972578880544726587e+01,1.000000000000000000e+00,1.700000000000000000e+01
6.972578880544726587e+01,1.000000000000000000e+00,1.300000000000000000e+01
6.972578880544726587e+01,1.000000000000000000e+00,2.000000000000000000e+01
6.972578880544726587e+01,1.000000000000000000e+00,1.600000000000000000e+01
6.972578880544726587e+01,1.000000000000000000e+00,1.500000000000000000e+01
6.972578880544726587e+01,1.000000000000000000e+00,1.900000000000000000e+01
6.972578880544726587e+01,1.000000000000000000e+00,1.500000000000000000e+01
6.972578880544726587e+01,1.000000000000000000e+00,1.900000000000000000e+01
6.972578880544726587e+01,1.000000000000000000e+00,1.600000000000000000e+01
6.972578880544726587e+01,1.000000000000000000e+00,1.400000000000000000e+01
6.972578880544726587e+01,1.000000000000000000e+00,1.800000000000000000e+01
6.972578880544726587e+01,1.000000000000000000e+00,1.600000000000000000e+01
6.972578880544726587e+01,1.000000000000000000e+00,1.600000000000000000e+01
6.972578880544726587e+01,1.000000000000000000e+00,1.700000000000000000e+01
6.972578880544726587e+01,1.000000000000000000e+00,1.500000000000000000e+01
6.972578880544726587e+01,1.000000000000000000e+00,1.800000000000000000e+01
6.972578880544726587e+01,1.000000000000000000e+00,1.600000000000000000e+01
6.972578880544726587e+01,1.000000000000000000e+00,1.500000000000000000e+01
6.972578880544726587e+01,1.000000000000000000e+00,1.400000000000000000e+01
6.972578880544726587e+01,1.000000000000000000e+00,1.600000000000000000e+01
6.972578880544726587e+01,1.000000000000000000e+00,1.500000000000000000e+01
6.972578880544726587e+01,1.000000000000000000e+00,1.600000000000000000e+01
6.972578880544726587e+01,1.000000000000000000e+00,1.700000000000000000e+01
6.972578880544726587e+01,1.000000000000000000e+00,1.800000000000000000e+01
6.972578880544726587e+01,1.000000000000000000e+00,1.400000000000000000e+01
6.972578880544726587e+01,1.000000000000000000e+00,1.700000000000000000e+01
6.972578880544726587e+01,1.000000000000000000e+00,1.600000000000000000e+01
6.972578880544726587e+01,1.000000000000000000e+00,1.200000000000000000e+01
6.972578880544726587e+01,1.000000000000000000e+00,1.100000000000000000e+01
6.972578880544726587e+01,1.000000000000000000e+00,1.600000000000000000e+01
6.972578880544726587e+01,1.000000000000000000e+00,1.400000000000000000e+01
6.972578880544726587e+01,1.000000000000000000e+00,1.600000000000000000e+01
6.972578880544726587e+01,1.000000000000000000e+00,1.300000000000000000e+01
6.972578880544726587e+01,1.000000000000000000e+00,1.200000000000000000e+01
6.972578880544726587e+01,1.000000000000000000e+00,1.500000000000000000e+01
6.972578880544726587e+01,1.000000000000000000e+00,1.500000000000000000e+01
6.972578880544726587e+01,1.000000000000000000e+00,1.500000000000000000e+01
6.972578880544726587e+01,1.000000000000000000e+00,1.600000000000000000e+01
6.972578880544726587e+01,1.000000000000000000e+00,1.400000000000000000e+01
6.972578880544726587e+01,1.000000000000000000e+00,1.700000000000000000e+01
6.972578880544726587e+01,1.000000000000000000e+00,1.600000000000000000e+01
6.972578880544726587e+01,1.000000000000000000e+00,1.200000000000000000e+01
6.972578880544726587e+01,1.000000000000000000e+00,1.700000000000000000e+01
6.972578880544726587e+01,1.000000000000000000e+00,1.400000000000000000e+01
6.972578880544726587e+01,1.000000000000000000e+00,1.400000000000000000e+01
6.972578880544726587e+01,1.000000000000000000e+00,1.000000000000000000e+01
6.972578880544726587e+01,1.000000000000000000e+00,9.000000000000000000e+00
6.972578880544726587e+01,1.000000000000000000e+00,1.700000000000000000e+01
6.972578880544726587e+01,1.000000000000000000e+00,1.300000000000000000e+01
6.972578880544726587e+01,1.000000000000000000e+00,1.500000000000000000e+01
6.972578880544726587e+01,1.000000000000000000e+00,1.200000000000000000e+01
6.972578880544726587e+01,1.000000000000000000e+00,1.200000000000000000e+01
6.972578880544726587e+01,1.000000000000000000e+00,1.400000000000000000e+01
6.972578880544726587e+01,1.000000000000000000e+00,1.100000000000000000e+01
6.972578880544726587e+01,1.000000000000000000e+00,1.200000000000000000e+01
6.972578880544726587e+01,1.000000000000000000e+00,1.400000000000000000e+01
6.972578880544726587e+01,1.000000000000000000e+00,1.100000000000000000e+01
6.972578880544726587e+01,1.000000000000000000e+00,1.100000000000000000e+01
6.972578880544726587e+01,1.000000000000000000e+00,1.500000000000000000e+01
6.972578880544726587e+01,1.000000000000000000e+00,1.400000000000000000e+01
6.972578880544726587e+01,1.000000000000000000e+00,1.300000000000000000e+01
6.972578880544726587e+01,1.000000000000000000e+00,1.300000000000000000e+01
6.972578880544726587e+01,1.000000000000000000e+00,1.200000000000000000e+01
6.972578880544726587e+01,1.000000000000000000e+00,1.000000000000000000e+01
6.972578880544726587e+01,1.000000000000000000e+00,1.200000000000000000e+01
6.972578880544726587e+01,1.000000000000000000e+00,8.000000000000000000e+00
6.972578880544726587e+01,1.000000000000000000e+00,1.400000000000000000e+01
6.972578880544726587e+01,1.000000000000000000e+00,1.400000000000000000e+01
6.972578880544726587e+01,1.000000000000000000e+00,1.300000000000000000e+01
6.972578880544726587e+01,1.000000000000000000e+00,1.400000000000000000e+01
6.972578880544726587e+01,1.000000000000000000e+00,1.400000000000000000e+01
6.972578880544726587e+01,1.000000000000000000e+00,1.100000000000000000e+01
6.972578880544726587e+01,1.000000000000000000e+00,1.200000000000000000e+01
6.972578880544726587e+01,1.000000000000000000e+00,1.000000000000000000e+01
6.972578880544726587e+01,1.000000000000000000e+00,1.200000000000000000e+01
6.972578880544726587e+01,1.000000000000000000e+00,1.200000000000000000e+01
6.972578880544726587e+01,1.000000000000000000e+00,1.000000000000000000e+01
6.972578880544726587e+01,1.000000000000000000e+00,1.100000000000000000e+01
6.972578880544726587e+01,1.000000000000000000e+00,9.000000000000000000e+00
6.972578880544726587e+01,1.000000000000000000e+00,1.000000000000000000e+01
6.972578880544726587e+01,1.000000000000000000e+00,1.000000000000000000e+01
6.972578880544726587e+01,1.000000000000000000e+00,1.400000000000000000e+01
6.972578880544726587e+01,1.000000000000000000e+00,1.000000000000000000e+01
6.972578880544726587e+01,1.000000000000000000e+00,1.000000000000000000e+01
6.972578880544726587e+01,1.000000000000000000e+00,7.000000000000000000e+00
6.972578880544726587e+01,1.000000000000000000e+00,8.000000000000000000e+00
6.972578880544726587e+01,1.000000000000000000e+00,1.200000000000000000e+01
6.972578880544726587e+01,1.000000000000000000e+00,8.000000000000000000e+00
6.972578880544726587e+01,1.000000000000000000e+00,9.000000000000000000e+00
6.972578880544726587e+01,1.000000000000000000e+00,1.000000000000000000e+01
6.972578880544726587e+01,1.000000000000000000e+00,8.000000000000000000e+00
6.972578880544726587e+01,1.000000000000000000e+00,8.000000000000000000e+00
6.972578880544726587e+01,1.000000000000000000e+00,1.100000000000000000e+01
6.972578880544726587e+01,1.000000000000000000e+00,1.200000000000000000e+01
6.972578880544726587e+01,1.000000000000000000e+00,9.000000000000000000e+00
6.972578880544726587e+01,1.000000000000000000e+00,1.300000000000000000e+01
6.972578880544726587e+01,1.000000000000000000e+00,1.300000000000000000e+01
6.972578880544726587e+01,1.000000000000000000e+00,1.200000000000000000e+01
6.972578880544726587e+01,1.000000000000000000e+00,1.100000000000000000e+01
6.972578880544726587e+01,1.000000000000000000e+00,1.100000000000000000e+01
6.972578880544726587e+01,1.000000000000000000e+00,1.200000000000000000e+01
6.972578880544726587e+01,1.000000000000000000e+00,1.000000000000000000e+01
6.972578880544726587e+01,1.000000000000000000e+00,1.300000000000000000e+01
6.972578880544726587e+01,1.000000000000000000e+00,1.400000000000000000e+01
6.972578880544726587e+01,1.000000000000000000e+00,9.000000000000000000e+00
6.972578880544726587e+01,1.000000000000000000e+00,1.100000000000000000e+01
6.972578880544726587e+01,1.000000000000000000e+00,1.300000000000000000e+01
6.972578880544726587e+01,1.000000000000000000e+00,6.000000000000000000e+00
6.972578880544726587e+01,1.000000000000000000e+00,8.000000000000000000e+00
6.972578880544726587e+01,1.000000000000000000e+00,8.000000000000000000e+00
6.972578880544726587e+01,1.000000000000000000e+00,9.000000000000000000e+00
6.972578880544726587e+01,1.000000000000000000e+00,1.000000000000000000e+01
6.972578880544726587e+01,1.000000000000000000e+00,9.000000000000000000e+00
6.972578880544726587e+01,1.000000000000000000e+00,9.000000000000000000e+00
6.972578880544726587e+01,1.000000000000000000e+00,4.000000000000000000e+00
6.972578880544726587e+01,1.000000000000000000e+00,1.000000000000000000e+01
6.972578880544726587e+01,1.000000000000000000e+00,8.000000000000000000e+00
6.972578880544726587e+01,1.000000000000000000e+00,6.000000000000000000e+00
6.972578880544726587e+01,1.000000000000000000e+00,1.100000000000000000e+01
6.972578880544726587e+01,1.000000000000000000e+00,5.000000000000000000e+00
6.972578880544726587e+01,1.000000000000000000e+00,1.300000000000000000e+01
6.972578880544726587e+01,1.000000000000000000e+00,1.000000000000000000e+01
6.972578880544726587e+01,1.000000000000000000e+00,3.000000000000000000e+00
6.972578880544726587e+01,1.000000000000000000e+00,8.000000000000000000e+00
6.972578880544726587e+01,1.000000000000000000e+00,1.100000000000000000e+01
6.972578880544726587e+01,1.000000000000000000e+00,1.000000000000000000e+01
6.972578880544726587e+01,1.000000000000000000e+00,1.000000000000000000e+01
6.972578880544726587e+01,1.000000000000000000e+00,9.000000000000000000e+00
6.972578880544726587e+01,1.000000000000000000e+00,1.200000000000000000e+01
6.972578880544726587e+01,1.000000000000000000e+00,9.000000000000000000e+00
6.972578880544726587e+01,1.000000000000000000e+00,6.000000000000000000e+00
6.972578880544726587e+01,1.000000000000000000e+00,7.000000000000000000e+00
6.972578880544726587e+01,1.000000000000000000e+00,6.000000000000000000e+00
6.972578880544726587e+01,1.000000000000000000e+00,9.000000000000000000e+00
6.972578880544726587e+01,1.000000000000000000e+00,8.000000000000000000e+00
6.972578880544726587e+01,1.000000000000000000e+00,8.000000000000000000e+00
6.972578880544726587e+01,1.000000000000000000e+00,8.000000000000000000e+00
6.972578880544726587e+01,1.000000000000000000e+00,7.000000000000000000e+00
6.972578880544726587e+01,1.000000000000000000e+00,8.000000000000000000e+00
6.972578880544726587e+01,1.000000000000000000e+00,9.000000000000000000e+00
6.972578880544726587e+01,1.000000000000000000e+00,5.000000000000000000e+00
6.972578880544726587e+01,1.000000000000000000e+00,6.000000000000000000e+00
6.972578880544726587e+01,1.000000000000000000e+00,8.000000000000000000e+00
6.972578880544726587e+01,1.000000000000000000e+00,9.000000000000000000e+00
6.972578880544726587e+01,1.000000000000000000e+00,7.000000000000000000e+00
6.972578880544726587e+01,1.000000000000000000e+00,3.000000000000000000e+00
6.972578880544726587e+01,1.000000000000000000e+00,5.000000000000000000e+00
6.972578880544726587e+01,1.000000000000000000e+00,7.000000000000000000e+00
6.972578880544726587e+01,1.000000000000000000e+00,5.000000000000000000e+00
6.972578880544726587e+01,1.000000000000000000e+00,9.000000000000000000e+00
6.972578880544726587e+01,1.000000000000000000e+00,5.000000000000000000e+00
6.972578880544726587e+01,1.000000000000000000e+00,6.000000000000000000e+00
6.972578880544726587e+01,1.000000000000000000e+00,7.000000000000000000e+00
6.972578880544726587e+01,1.000000000000000000e+00,4.000000000000000000e+00
6.972578880544726587e+01,1.000000000000000000e+00,8.000000000000000000e+00
6.972578880544726587e+01,1.000000000000000000e+00,8.000000000000000000e+00
6.972578880544726587e+01,1.000000000000000000e+00,6.000000000000000000e+00
6.972578880544726587e+01,1.000000000000000000e+00,2.000000000000000000e+00
6.972578880544726587e+01,1.000000000000000000e+00,4.000000000000000000e+00
6.972578880544726587e+01,1.000000000000000000e+00,5.000000000000000000e+00
6.972578880544726587e+01,1.000000000000000000e+00,6.000000000000000000e+00
6.972578880544726587e+01,1.000000000000000000e+00,1.000000000000000000e+00
6.972578880544726587e+01,1.000000000000000000e+00,4.000000000000000000e+00
6.972578880544726587e+01,1.000000000000000000e+00,8.000000000000000000e+00
6.972578880544726587e+01,1.000000000000000000e+00,6.000000000000000000e+00
6.972578880544726587e+01,1.000000000000000000e+00,1.000000000000000000e+01
6.972578880544726587e+01,1.000000000000000000e+00,1.000000000000000000e+00
6.972578880544726587e+01,1.000000000000000000e+00,5.000000000000000000e+00
6.972578880544726587e+01,1.000000000000000000e+00,1.000000000000000000e+00
6.972578880544726587e+01,1.000000000000000000e+00,9.000000000000000000e+00
6.972578880544726587e+01,1.000000000000000000e+00,5.000000000000000000e+00
6.972578880544726587e+01,1.000000000000000000e+00,4.000000000000000000e+00
6.972578880544726587e+01,1.000000000000000000e+00,7.000000000000000000e+00
6.972578880544726587e+01,1.000000000000000000e+00,6.000000000000000000e+00
6.972578880544726587e+01,1.000000000000000000e+00,5.000000000000000000e+00
6.972578880544726587e+01,1.000000000000000000e+00,3.000000000000000000e+00
6.972578880544726587e+01,1.000000000000000000e+00,4.000000000000000000e+00
6.972578880544726587e+01,1.000000000000000000e+00,3.000000000000000000e+00
6.972578880544726587e+01,1.000000000000000000e+00,3.000000000000000000e+00
6.972578880544726587e+01,1.000000000000000000e+00,4.000000000000000000e+00
6.972578880544726587e+01,1.000000000000000000e+00,6.000000000000000000e+00
6.972578880544726587e+01,1.000000000000000000e+00,4.000000000000000000e+00
6.972578880544726587e+01,1.000000000000000000e+00,2.000000000000000000e+00
6.972578880544726587e+01,1.000000000000000000e+00,3.000000000000000000e+00
6.972578880544726587e+01,1.000000000000000000e+00,1.000000000000000000e+00
6.972578880544726587e+01,1.000000000000000000e+00,0.000000000000000000e+00
6.972578880544726587e+01,1.000000000000000000e+00,2.000000000000000000e+00
6.972578880544726587e+01,1.000000000000000000e+00,6.000000000000000000e+00
6.972578880544726587e+01,1.000000000000000000e+00,6.000000000000000000e+00
6.972578880544726587e+01,1.000000000000000000e+00,3.000000000000000000e+00
6.972578880544726587e+01,1.000000000000000000e+00,6.000000000000000000e+00
6.972578880544726587e+01,1.000000000000000000e+00,5.000000000000000000e+00
6.972578880544726587e+01,1.000000000000000000e+00,3.000000000000000000e+00
6.972578880544726587e+01,1.000000000000000000e+00,4.000000000000000000e+00
6.972578880544726587e+01,1.000000000000000000e+00,1.000000000000000000e+00
6.972578880544726587e+01,1.000000000000000000e+00,1.000000000000000000e+00
6.972578880544726587e+01,1.000000000000000000e+00,6.000000000000000000e+00
6.972578880544726587e+01,1.000000000000000000e+00,2.000000000000000000e+00
6.972578880544726587e+01,1.000000000000000000e+00,5.000000000000000000e+00
6.972578880544726587e+01,1.000000000000000000e+00,2.000000000000000000e+00
6.972578880544726587e+01,1.000000000000000000e+00,-1.000000000000000000e+00
6.972578880544726587e+01,1.000000000000000000e+00,2.000000000000000000e+00
6.972578880544726587e+01,1.000000000000000000e+00,0.000000000000000000e+00
6.972578880544726587e+01,1.000000000000000000e+00,0.000000000000000000e+00
6.972578880544726587e+01,1.000000000000000000e+00,4.000000000000000000e+00
6.972578880544726587e+01,1.000000000000000000e+00,4.000000000000000000e+00
6.972578880544726587e+01,1.000000000000000000e+00,0.000000000000000000e+00
6.972578880544726587e+01,1.000000000000000000e+00,4.000000000000000000e+00
6.972578880544726587e+01,1.000000000000000000e+00,5.000000000000000000e+00
6.972578880544726587e+01,1.000000000000000000e+00,5.000000000000000000e+00
6.972578880544726587e+01,1.000000000000000000e+00,1.000000000000000000e+00
6.972578880544726587e+01,1.000000000000000000e+00,2.000000000000000000e+00
6.972578880544726587e+01,1.000000000000000000e+00,-1.000000000000000000e+00
6.972578880544726587e+01,1.000000000000000000e+00,4.000000000000000000e+00
6.972578880544726587e+01,1.000000000000000000e+00,0.000000000000000000e+00
6.972578880544726587e+01,1.000000000000000000e+00,4.000000000000000000e+00
6.972578880544726587e+01,1.000000000000000000e+00,1.000000000000000000e+00
6.972578880544726587e+01,1.000000000000000000e+00,2.000000000000000000e+00
6.972578880544726587e+01,1.000000000000000000e+00,0.000000000000000000e+00
6.972578880544726587e+01,1.000000000000000000e+00,0.000000000000000000e+00
6.972578880544726587e+01,1.000000000000000000e+00,0.000000000000000000e+00
6.972578880544726587e+01,1.000000000000000000e+00,1.000000000000000000e+00
6.972578880544726587e+01,1.000000000000000000e+00,0.000000000000000000e+00
6.972578880544726587e+01,1.000000000000000000e+00,3.000000000000000000e+00
6.972578880544726587e+01,1.000000000000000000e+00,2.000000000000000000e+00
6.972578880544726587e+01,1.000000000000000000e+00,0.000000000000000000e+00
6.972578880544726587e+01,1.000000000000000000e+00,3.000000000000000000e+00
6.972578880544726587e+01,1.000000000000000000e+00,-1.000000000000000000e+00
6.972578880544726587e+01,1.000000000000000000e+00,2.000000000000000000e+00
6.972578880544726587e+01,1.000000000000000000e+00,0.000000000000000000e+00
6.972578880544726587e+01,1.000000000000000000e+00,-1.000000000000000000e+00
6.972578880544726587e+01,1.000000000000000000e+00,-3.000000000000000000e+00
6.972578880544726587e+01,1.000000000000000000e+00,1.000000000000000000e+00
6.972578880544726587e+01,1.000000000000000000e+00,1.000000000000000000e+00
6.972578880544726587e+01,1.000000000000000000e+00,-3.000000000000000000e+00
6.972578880544726587e+01,1.000000000000000000e+00,1.000000000000000000e+00
6.972578880544726587e+01,1.000000000000000000e+00,-1.000000000000000000e+00
6.972578880544726587e+01,1.000000000000000000e+00,0.000000000000000000e+00
6.972578880544726587e+01,1.000000000000000000e+00,2.000000000000000000e+00
6.972578880544726587e+01,1.000000000000000000e+00,0.000000000000000000e+00
6.972578880544726587e+01,1.000000000000000000e+00,0.000000000000000000e+00
6.972578880544726587e+01,1.000000000000000000e+00,-3.000000000000000000e+00
6.972578880544726587e+01,1.000000000000000000e+00,0.000000000000000000e+00
6.972578880544726587e+01,1.000000000000000000e+00,0.000000000000000000e+00
6.972578880544726587e+01,1.000000000000000000e+00,-3.000000000000000000e+00
6.972578880544726587e+01,1.000000000000000000e+00,2.000000000000000000e+00
6.972578880544726587e+01,1.000000000000000000e+00,3.000000000000000000e+00
6.972578880544726587e+01,1.000000000000000000e+00,0.000000000000000000e+00
6.972578880544726587e+01,1.000000000000000000e+00,2.000000000000000000e+00
6.972578880544726587e+01,1.000000000000000000e+00,0.000000000000000000e+00
6.972578880544726587e+01,1.000000000000000000e+00,-1.000000000000000000e+00
6.972578880544726587e+01,1.000000000000000000e+00,0.000000000000000000e+00
6.972578880544726587e+01,1.000000000000000000e+00,-3.000000000000000000e+00
6.972578880544726587e+01,1.000000000000000000e+00,0.000000000000000000e+00
6.972578880544726587e+01,1.000000000000000000e+00,0.000000000000000000e+00
6.972578880544726587e+01,1.000000000000000000e+00,0.000000000000000000e+00
6.972578880544726587e+01,1.000000000000000000e+00,-2.000000000000000000e+00
6.972578880544726587e+01,1.000000000000000000e+00,0.000000000000000000e+00
6.972578880544726587e+01,1.000000000000000000e+00,-1.000000000000000000e+00
6.972578880544726587e+01,1.000000000000000000e+00,0.000000000000000000e+00
6.972578880544726587e+01,1.000000000000000000e+00,0.000000000000000000e+00
6.972578880544726587e+01,1.000000000000000000e+00,-1.000000000000000000e+00
6.972578880544726587e+01,1.000000000000000000e+00,0.000000000000000000e+00
6.972578880544726587e+01,1.000000000000000000e+00,-1.000000000000000000e+00
6.972578880544726587e+01,1.000000000000000000e+00,3.000000000000000000e+00
6.972578880544726587e+01,1.000000000000000000e+00,-1.000000000000000000e+00
6.972578880544726587e+01,1.000000000000000000e+00,1.000000000000000000e+00
6.972578880544726587e+01,1.000000000000000000e+00,0.000000000000000000e+00
6.972578880544726587e+01,1.000000000000000000e+00,-3.000000000000000000e+00
6.972578880544726587e+01,1.000000000000000000e+00,-1.000000000000000000e+00
6.972578880544726587e+01,1.000000000000000000e+00,0.000000000000000000e+00
6.972578880544726587e+01,1.000000000000000000e+00,-1.000000000000000000e+00
6.972578880544726587e+01,1.000000000000000000e+00,-1.000000000000000000e+00
6.972578880544726587e+01,1.000000000000000000e+00,-1.000000000000000000e+00
6.972578880544726587e+01,1.000000000000000000e+00,-3.000000000000000000e+00
6.972578880544726587e+01,1.000000000000000000e+00,-1.000000000000000000e+00
6.972578880544726587e+01,1.000000000000000000e+00,-3.000000000000000000e+00
6.972578880544726587e+01,1.000000000000000000e+00,-2.000000000000000000e+00
6.972578880544726587e+01,1.000000000000000000e+00,2.000000000000000000e+00
6.972578880544726587e+01,1.000000000000000000e+00,0.000000000000000000e+00
6.972578880544726587e+01,1.000000000000000000e+00,0.000000000000000000e+00
6.972578880544726587e+01,1.000000000000000000e+00,0.000000000000000000e+00
6.972578880544726587e+01,1.000000000000000000e+00,-2.000000000000000000e+00
6.972578880544726587e+01,1.000000000000000000e+00,0.000000000000000000e+00
6.972578880544726587e+01,1.000000000000000000e+00,-2.000000000000000000e+00
6.972578880544726587e+01,1.000000000000000000e+00,0.000000000000000000e+00
6.972578880544726587e+01,1.000000000000000000e+00,-1.000000000000000000e+00
6.972578880544726587e+01,1.000000000000000000e+00,-3.000000000000000000e+00
6.972578880544726587e+01,1.000000000000000000e+00,-3.000000000000000000e+00
6.972578880544726587e+01,1.000000000000000000e+00,-1.000000000000000000e+00
6.972578880544726587e+01,1.000000000000000000e+00,-2.000000000000000000e+00
6.972578880544726587e+01,1.000000000000000000e+00,-2.000000000000000000e+00
6.972578880544726587e+01,1.000000000000000000e+00,-2.000000000000000000e+00
6.972578880544726587e+01,1.000000000000000000e+00,-5.000000000000000000e+00
6.972578880544726587e+01,1.000000000000000000e+00,-5.000000000000000000e+00
6.972578880544726587e+01,1.000000000000000000e+00,-2.000000000000000000e+00
6.972578880544726587e+01,1.000000000000000000e+00,-5.000000000000000000e+00
6.972578880544726587e+01,1.000000000000000000e+00,-3.000000000000000000e+00
6.972578880544726587e+01,1.000000000000000000e+00,-4.000000000000000000e+00
6.972578880544726587e+01,1.000000000000000000e+00,-2.000000000000000000e+00
6.972578880544726587e+01,1.000000000000000000e+00,-1.000000000000000000e+00
6.972578880544726587e+01,1.000000000000000000e+00,-1.000000000000000000e+00
6.972578880544726587e+01,1.000000000000000000e+00,-1.000000000000000000e+00
6.972578880544726587e+01,1.000000000000000000e+00,-2.000000000000000000e+00
6.972578880544726587e+01,1.000000000000000000e+00,-4.000000000000000000e+00
6.972578880544726587e+01,1.000000000000000000e+00,-4.000000000000000000e+00
6.972578880544726587e+01,1.000000000000000000e+00,-2.000000000000000000e+00
6.972578880544726587e+01,1.000000000000000000e+00,-3.000000000000000000e+00
6.972578880544726587e+01,1.000000000000000000e+00,-6.000000000000000000e+00
6.972578880544726587e+01,1.000000000000000000e+00,-4.000000000000000000e+00
6.972578880544726587e+01,1.000000000000000000e+00,2.000000000000000000e+00
6.972578880544726587e+01,1.000000000000000000e+00,-3.000000000000000000e+00
6.972578880544726587e+01,1.000000000000000000e+00,-5.000000000000000000e+00
6.972578880544726587e+01,1.000000000000000000e+00,0.000000000000000000e+00
6.972578880544726587e+01,1.000000000000000000e+00,-3.000000000000000000e+00
6.972578880544726587e+01,1.000000000000000000e+00,-1.000000000000000000e+00
6.972578880544726587e+01,1.000000000000000000e+00,-6.000000000000000000e+00
6.972578880544726587e+01,1.000000000000000000e+00,-7.000000000000000000e+00
6.972578880544726587e+01,1.000000000000000000e+00,-5.000000000000000000e+00
6.972578880544726587e+01,1.000000000000000000e+00,-5.000000000000000000e+00
6.972578880544726587e+01,1.000000000000000000e+00,-4.000000000000000000e+00
6.972578880544726587e+01,1.000000000000000000e+00,-5.000000000000000000e+00
6.972578880544726587e+01,1.000000000000000000e+00,-3.000000000000000000e+00
6.972578880544726587e+01,1.000000000000000000e+00,-4.000000000000000000e+00
6.972578880544726587e+01,1.000000000000000000e+00,-7.000000000000000000e+00
6.972578880544726587e+01,1.000000000000000000e+00,-4.000000000000000000e+00
6.972578880544726587e+01,1.000000000000000000e+00,-9.000000000000000000e+00
6.972578880544726587e+01,1.000000000000000000e+00,-4.000000000000000000e+00
6.972578880544726587e+01,1.000000000000000000e+00,-3.000000000000000000e+00
6.972578880544726587e+01,1.000000000000000000e+00,-6.000000000000000000e+00
6.972578880544726587e+01,1.000000000000000000e+00,-4.000000000000000000e+00
6.972578880544726587e+01,1.000000000000000000e+00,-6.000000000000000000e+00
6.972578880544726587e+01,1.000000000000000000e+00,-4.000000000000000000e+00
6.972578880544726587e+01,1.000000000000000000e+00,-4.000000000000000000e+00
6.972578880544726587e+01,1.000000000000000000e+00,-5.000000000000000000e+00
6.972578880544726587e+01,1.000000000000000000e+00,-6.000000000000000000e+00
6.972578880544726587e+01,1.000000000000000000e+00,-7.000000000000000000e+00
6.972578880544726587e+01,1.000000000000000000e+00,-3.000000000000000000e+00
6.972578880544726587e+01,1.000000000000000000e+00,-4.000000000000000000e+00
6.972578880544726587e+01,1.000000000000000000e+00,-1.000000000000000000e+00
6.972578880544726587e+01,1.000000000000000000e+00,-7.000000000000000000e+00
6.972578880544726587e+01,1.000000000000000000e+00,-3.000000000000000000e+00
6.972578880544726587e+01,1.000000000000000000e+00,-3.000000000000000000e+00
6.972578880544726587e+01,1.000000000000000000e+00,-5.000000000000000000e+00
6.972578880544726587e+01,1.000000000000000000e+00,-3.000000000000000000e+00
6.972578880544726587e+01,1.000000000000000000e+00,-5.000000000000000000e+00
6.972578880544726587e+01,1.000000000000000000e+00,-7.000000000000000000e+00
6.972578880544726587e+01,1.000000000000000000e+00,-9.000000000000000000e+00
6.972578880544726587e+01,1.000000000000000000e+00,-5.000000000000000000e+00
6.972578880544726587e+01,1.000000000000000000e+00,-4.000000000000000000e+00
6.972578880544726587e+01,1.000000000000000000e+00,-9.000000000000000000e+00
6.972578880544726587e+01,1.000000000000000000e+00,-4.000000000000000000e+00
6.972578880544726587e+01,1.000000000000000000e+00,-5.000000000000000000e+00
6.972578880544726587e+01,1.000000000000000000e+00,-7.000000000000000000e+00
6.972578880544726587e+01,1.000000000000000000e+00,-4.000000000000000000e+00
6.972578880544726587e+01,1.000000000000000000e+00,-5.000000000000000000e+00
6.972578880544726587e+01,1.000000000000000000e+00,-3.000000000000000000e+00
6.972578880544726587e+01,1.000000000000000000e+00,-7.000000000000000000e+00
6.972578880544726587e+01,1.000000000000000000e+00,-7.000000000000000000e+00
6.972578880544726587e+01,1.000000000000000000e+00,-7.000000000000000000e+00
6.972578880544726587e+01,1.000000000000000000e+00,-5.000000000000000000e+00
6.972578880544726587e+01,1.000000000000000000e+00,-5.000000000000000000e+00
6.972578880544726587e+01,1.000000000000000000e+00,-7.000000000000000000e+00
6.972578880544726587e+01,1.000000000000000000e+00,-7.000000000000000000e+00
6.972578880544726587e+01,1.000000000000000000e+00,-6.000000000000000000e+00
6.972578880544726587e+01,1.000000000000000000e+00,-6.000000000000000000e+00
6.972578880544726587e+01,1.000000000000000000e+00,-5.000000000000000000e+00
6.972578880544726587e+01,1.000000000000000000e+00,-6.000000000000000000e+00
6.972578880544726587e+01,1.000000000000000000e+00,-7.000000000000000000e+00
6.972578880544726587e+01,1.000000000000000000e+00,-8.000000000000000000e+00
6.972578880544726587e+01,1.000000000000000000e+00,-9.000000000000000000e+00
6.972578880544726587e+01,1.000000000000000000e+00,-5.000000000000000000e+00
6.972578880544726587e+01,1.000000000000000000e+00,-7.000000000000000000e+00
6.972578880544726587e+01,1.000000000000000000e+00,-8.000000000000000000e+00
6.972578880544726587e+01,1.000000000000000000e+00,-8.000000000000000000e+00
6.972578880544726587e+01,1.000000000000000000e+00,-2.000000000000000000e+00
6.972578880544726587e+01,1.000000000000000000e+00,-5.000000000000000000e+00
6.972578880544726587e+01,1.000000000000000000e+00,-8.000000000000000000e+00
6.972578880544726587e+01,1.000000000000000000e+00,-2.000000000000000000e+00
6.972578880544726587e+01,1.000000000000000000e+00,-1.100000000000000000e+01
6.972578880544726587e+01,1.000000000000000000e+00,-8.000000000000000000e+00
6.972578880544726587e+01,1.000000000000000000e+00,-4.000000000000000000e+00
6.972578880544726587e+01,1.000000000000000000e+00,-4.000000000000000000e+00
6.972578880544726587e+01,1.000000000000000000e+00,-7.000000000000000000e+00
6.972578880544726587e+01,1.000000000000000000e+00,-1.000000000000000000e+01
6.972578880544726587e+01,1.000000000000000000e+00,-1.100000000000000000e+01
6.972578880544726587e+01,1.000000000000000000e+00,-3.000000000000000000e+00
6.972578880544726587e+01,1.000000000000000000e+00,-8.000000000000000000e+00
6.972578880544726587e+01,1.000000000000000000e+00,-3.000000000000000000e+00
6.972578880544726587e+01,1.000000000000000000e+00,-7.000000000000000000e+00
6.972578880544726587e+01,1.000000000000000000e+00,-6.000000000000000000e+00
6.972578880544726587e+01,1.000000000000000000e+00,-1.000000000000000000e+01
6.972578880544726587e+01,1.000000000000000000e+00,-6.000000000000000000e+00
6.972578880544726587e+01,1.000000000000000000e+00,-7.000000000000000000e+00
6.972578880544726587e+01,1.000000000000000000e+00,-5.000000000000000000e+00
6.972578880544726587e+01,1.000000000000000000e+00,-6.000000000000000000e+00
6.972578880544726587e+01,1.000000000000000000e+00,-4.000000000000000000e+00
6.972578880544726587e+01,1.000000000000000000e+00,-8.000000000000000000e+00
6.972578880544726587e+01,1.000000000000000000e+00,-9.000000000000000000e+00
6.972578880544726587e+01,1.000000000000000000e+00,-1.100000000000000000e+01
6.972578880544726587e+01,1.000000000000000000e+00,-6.000000000000000000e+00
6.972578880544726587e+01,1.000000000000000000e+00,-4.000000000000000000e+00
6.972578880544726587e+01,1.000000000000000000e+00,-7.000000000000000000e+00
6.972578880544726587e+01,1.000000000000000000e+00,-7.000000000000000000e+00
6.972578880544726587e+01,1.000000000000000000e+00,-8.000000000000000000e+00
6.972578880544726587e+01,1.000000000000000000e+00,-8.000000000000000000e+00
6.972578880544726587e+01,1.000000000000000000e+00,-5.000000000000000000e+00
6.972578880544726587e+01,1.000000000000000000e+00,-7.000000000000000000e+00
6.972578880544726587e+01,1.000000000000000000e+00,-9.000000000000000000e+00
6.972578880544726587e+01,1.000000000000000000e+00,-3.000000000000000000e+00
6.972578880544726587e+01,1.000000000000000000e+00,-9.000000000000000000e+00
6.972578880544726587e+01,1.000000000000000000e+00,-8.000000000000000000e+00
6.972578880544726587e+01,1.000000000000000000e+00,-4.000000000000000000e+00
6.972578880544726587e+01,1.000000000000000000e+00,-1.000000000000000000e+01
6.972578880544726587e+01,1.000000000000000000e+00,-7.000000000000000000e+00
6.972578880544726587e+01,1.000000000000000000e+00,-5.000000000000000000e+00
6.972578880544726587e+01,1.000000000000000000e+00,-1.000000000000000000e+01
6.972578880544726587e+01,1.000000000000000000e+00,-1.000000000000000000e+01
6.972578880544726587e+01,1.000000000000000000e+00,-9.000000000000000000e+00
6.972578880544726587e+01,1.000000000000000000e+00,-5.000000000000000000e+00
6.972578880544726587e+01,1.000000000000000000e+00,-4.000000000000000000e+00
6.972578880544726587e+01,1.000000000000000000e+00,-7.000000000000000000e+00
6.972578880544726587e+01,1.000000000000000000e+00,-1.200000000000000000e+01
6.972578880544726587e+01,1.000000000000000000e+00,-1.100000000000000000e+01
6.972578880544726587e+01,1.000000000000000000e+00,-8.000000000000000000e+00
6.972578880544726587e+01,1.000000000000000000e+00,-8.000000000000000000e+00
6.972578880544726587e+01,1.000000000000000000e+00,-6.000000000000000000e+00
6.972578880544726587e+01,1.000000000000000000e+00,-1.200000000000000000e+01
6.972578880544726587e+01,1.000000000000000000e+00,-1.000000000000000000e+01
6.972578880544726587e+01,1.000000000000000000e+00,-7.000000000000000000e+00
6.972578880544726587e+01,1.000000000000000000e+00,-8.000000000000000000e+00
6.972578880544726587e+01,1.000000000000000000e+00,-8.000000000000000000e+00
6.972578880544726587e+01,1.000000000000000000e+00,-8.000000000000000000e+00
6.972578880544726587e+01,1.000000000000000000e+00,-1.000000000000000000e+01
6.972578880544726587e+01,1.000000000000000000e+00,-6.000000000000000000e+00
6.972578880544726587e+01,1.000000000000000000e+00,-6.000000000000000000e+00
6.972578880544726587e+01,1.000000000000000000e+00,-6.000000000000000000e+00
6.972578880544726587e+01,1.000000000000000000e+00,-8.000000000000000000e+00
6.972578880544726587e+01,1.000000000000000000e+00,-8.000000000000000000e+00
6.972578880544726587e+01,1.000000000000000000e+00,-8.000000000000000000e+00
6.972578880544726587e+01,1.000000000000000000e+00,-9.000000000000000000e+00
6.972578880544726587e+01,1.000000000000000000e+00,-1.200000000000000000e+01
6.972578880544726587e+01,1.000000000000000000e+00,-7.000000000000000000e+00
6.972578880544726587e+01,1.000000000000000000e+00,-1.000000000000000000e+01
6.972578880544726587e+01,1.000000000000000000e+00,-1.100000000000000000e+01
6.972578880544726587e+01,1.000000000000000000e+00,-2.000000000000000000e+00
6.972578880544726587e+01,1.000000000000000000e+00,-8.000000000000000000e+00
6.972578880544726587e+01,1.000000000000000000e+00,-8.000000000000000000e+00
6.972578880544726587e+01,1.000000000000000000e+00,-8.000000000000000000e+00
6.972578880544726587e+01,1.000000000000000000e+00,-6.000000000000000000e+00
6.972578880544726587e+01,1.000000000000000000e+00,-8.000000000000000000e+00
6.972578880544726587e+01,1.000000000000000000e+00,-4.000000000000000000e+00
6.972578880544726587e+01,1.000000000000000000e+00,-9.000000000000000000e+00
6.972578880544726587e+01,1.000000000000000000e+00,-7.000000000000000000e+00
6.972578880544726587e+01,1.000000000000000000e+00,-9.000000000000000000e+00
6.972578880544726587e+01,1.000000000000000000e+00,-1.000000000000000000e+01
6.972578880544726587e+01,1.000000000000000000e+00,-7.000000000000000000e+00
6.972578880544726587e+01,1.000000000000000000e+00,-9.000000000000000000e+00
6.972578880544726587e+01,1.000000000000000000e+00,-1.300000000000000000e+01
6.972578880544726587e+01,1.000000000000000000e+00,-6.000000000000000000e+00
6.972578880544726587e+01,1.000000000000000000e+00,-6.000000000000000000e+00
6.972578880544726587e+01,1.000000000000000000e+00,-8.000000000000000000e+00
6.972578880544726587e+01,1.000000000000000000e+00,-9.000000000000000000e+00
6.972578880544726587e+01,1.000000000000000000e+00,-9.000000000000000000e+00
6.972578880544726587e+01,1.000000000000000000e+00,-1.000000000000000000e+01
6.972578880544726587e+01,1.000000000000000000e+00,-1.000000000000000000e+01
6.972578880544726587e+01,1.000000000000000000e+00,-7.000000000000000000e+00
6.972578880544726587e+01,1.000000000000000000e+00,-9.000000000000000000e+00
6.972578880544726587e+01,1.000000000000000000e+00,-9.000000000000000000e+00
6.972578880544726587e+01,1.000000000000000000e+00,-8.000000000000000000e+00
6.972578880544726587e+01,1.000000000000000000e+00,-7.000000000000000000e+00
6.972578880544726587e+01,1.000000000000000000e+00,-9.000000000000000000e+00
6.972578880544726587e+01,1.000000000000000000e+00,-9.000000000000000000e+00
6.972578880544726587e+01,1.000000000000000000e+00,-1.300000000000000000e+01
6.972578880544726587e+01,1.000000000000000000e+00,-9.000000000000000000e+00
6.972578880544726587e+01,1.000000000000000000e+00,-1.000000000000000000e+01
6.972578880544726587e+01,1.000000000000000000e+00,-6.000000000000000000e+00
6.972578880544726587e+01,1.000000000000000000e+00,-9.000000000000000000e+00
6.972578880544726587e+01,1.000000000000000000e+00,-9.000000000000000000e+00
6.972578880544726587e+01,1.000000000000000000e+00,-1.000000000000000000e+01
6.972578880544726587e+01,1.000000000000000000e+00,-1.200000000000000000e+01
6.972578880544726587e+01,1.000000000000000000e+00,-9.000000000000000000e+00
6.972578880544726587e+01,1.000000000000000000e+00,-1.300000000000000000e+01
6.972578880544726587e+01,1.000000000000000000e+00,-8.000000000000000000e+00
6.972578880544726587e+01,1.000000000000000000e+00,-1.000000000000000000e+01
6.972578880544726587e+01,1.000000000000000000e+00,-9.000000000000000000e+00
6.972578880544726587e+01,1.000000000000000000e+00,-7.000000000000000000e+00
6.972578880544726587e+01,1.000000000000000000e+00,-5.000000000000000000e+00
6.972578880544726587e+01,1.000000000000000000e+00,-1.100000000000000000e+01
6.972578880544726587e+01,1.000000000000000000e+00,-9.000000000000000000e+00
6.972578880544726587e+01,1.000000000000000000e+00,-8.000000000000000000e+00
6.972578880544726587e+01,1.000000000000000000e+00,-1.000000000000000000e+01
6.972578880544726587e+01,1.000000000000000000e+00,-9.000000000000000000e+00
6.972578880544726587e+01,1.000000000000000000e+00,-1.200000000000000000e+01
6.972578880544726587e+01,1.000000000000000000e+00,-8.000000000000000000e+00
6.972578880544726587e+01,1.000000000000000000e+00,-9.000000000000000000e+00
6.972578880544726587e+01,1.000000000000000000e+00,-9.000000000000000000e+00
6.972578880544726587e+01,1.000000000000000000e+00,-8.000000000000000000e+00
6.972578880544726587e+01,1.000000000000000000e+00,-1.300000000000000000e+01
6.972578880544726587e+01,1.000000000000000000e+00,-7.000000000000000000e+00
6.972578880544726587e+01,1.000000000000000000e+00,-9.000000000000000000e+00
6.972578880544726587e+01,1.000000000000000000e+00,-1.000000000000000000e+01
6.972578880544726587e+01,1.000000000000000000e+00,-1.100000000000000000e+01
6.972578880544726587e+01,1.000000000000000000e+00,-1.300000000000000000e+01
6.972578880544726587e+01,1.000000000000000000e+00,-1.000000000000000000e+01
6.972578880544726587e+01,1.000000000000000000e+00,-7.000000000000000000e+00
6.972578880544726587e+01,1.000000000000000000e+00,-1.200000000000000000e+01
6.972578880544726587e+01,1.000000000000000000e+00,-1.000000000000000000e+01
6.972578880544726587e+01,1.000000000000000000e+00,-9.000000000000000000e+00
6.972578880544726587e+01,1.000000000000000000e+00,-1.000000000000000000e+01
6.972578880544726587e+01,1.000000000000000000e+00,-1.100000000000000000e+01
6.972578880544726587e+01,1.000000000000000000e+00,-5.000000000000000000e+00
6.972578880544726587e+01,1.000000000000000000e+00,-1.100000000000000000e+01
6.972578880544726587e+01,1.000000000000000000e+00,-9.000000000000000000e+00
6.972578880544726587e+01,1.000000000000000000e+00,-9.000000000000000000e+00
6.972578880544726587e+01,1.000000000000000000e+00,-1.100000000000000000e+01
6.972578880544726587e+01,1.000000000000000000e+00,-8.000000000000000000e+00
6.972578880544726587e+01,1.000000000000000000e+00,-8.000000000000000000e+00
6.972578880544726587e+01,1.000000000000000000e+00,-1.200000000000000000e+01
6.972578880544726587e+01,1.000000000000000000e+00,-9.000000000000000000e+00
6.972578880544726587e+01,1.000000000000000000e+00,-7.000000000000000000e+00
6.972578880544726587e+01,1.000000000000000000e+00,-1.100000000000000000e+01
6.972578880544726587e+01,1.000000000000000000e+00,-1.000000000000000000e+01
6.972578880544726587e+01,1.000000000000000000e+00,-1.100000000000000000e+01
6.972578880544726587e+01,1.000000000000000000e+00,-1.100000000000000000e+01
6.972578880544726587e+01,1.000000000000000000e+00,-8.000000000000000000e+00
6.972578880544726587e+01,1.000000000000000000e+00,-1.000000000000000000e+01
6.972578880544726587e+01,1.000000000000000000e+00,-1.200000000000000000e+01
6.972578880544726587e+01,1.000000000000000000e+00,-1.200000000000000000e+01
6.972578880544726587e+01,1.000000000000000000e+00,-1.000000000000000000e+01
6.972578880544726587e+01,1.000000000000000000e+00,-1.300000000000000000e+01
6.972578880544726587e+01,1.000000000000000000e+00,-1.000000000000000000e+01
6.972578880544726587e+01,1.000000000000000000e+00,-1.200000000000000000e+01
6.972578880544726587e+01,1.000000000000000000e+00,-1.100000000000000000e+01
6.972578880544726587e+01,1.000000000000000000e+00,-1.000000000000000000e+01
6.972578880544726587e+01,1.000000000000000000e+00,-9.000000000000000000e+00
6.972578880544726587e+01,1.000000000000000000e+00,-1.200000000000000000e+01
6.972578880544726587e+01,1.000000000000000000e+00,-1.000000000000000000e+01
6.972578880544726587e+01,1.000000000000000000e+00,-1.100000000000000000e+01
6.972578880544726587e+01,1.000000000000000000e+00,-1.100000000000000000e+01
6.972578880544726587e+01,1.000000000000000000e+00,-1.000000000000000000e+01
6.972578880544726587e+01,1.000000000000000000e+00,-1.300000000000000000e+01
6.972578880544726587e+01,1.000000000000000000e+00,-1.100000000000000000e+01
6.972578880544726587e+01,1.000000000000000000e+00,-1.200000000000000000e+01
6.972578880544726587e+01,1.000000000000000000e+00,-1.100000000000000000e+01
6.972578880544726587e+01,1.000000000000000000e+00,-8.000000000000000000e+00
6.972578880544726587e+01,1.000000000000000000e+00,-1.000000000000000000e+01
6.972578880544726587e+01,1.000000000000000000e+00,-8.000000000000000000e+00
6.972578880544726587e+01,1.000000000000000000e+00,-8.000000000000000000e+00
6.972578880544726587e+01,1.000000000000000000e+00,-7.000000000000000000e+00
6.972578880544726587e+01,1.000000000000000000e+00,-1.000000000000000000e+01
6.972578880544726587e+01,1.000000000000000000e+00,-1.100000000000000000e+01
6.972578880544726587e+01,1.000000000000000000e+00,-1.000000000000000000e+01
6.972578880544726587e+01,1.000000000000000000e+00,-1.300000000000000000e+01
6.972578880544726587e+01,1.000000000000000000e+00,-8.000000000000000000e+00
6.972578880544726587e+01,1.000000000000000000e+00,-1.100000000000000000e+01
6.972578880544726587e+01,1.000000000000000000e+00,-9.000000000000000000e+00
6.972578880544726587e+01,1.000000000000000000e+00,-1.100000000000000000e+01
6.972578880544726587e+01,1.000000000000000000e+00,-6.000000000000000000e+00
6.972578880544726587e+01,1.000000000000000000e+00,-6.000000000000000000e+00
6.972578880544726587e+01,1.000000000000000000e+00,-9.000000000000000000e+00
6.972578880544726587e+01,1.000000000000000000e+00,-6.000000000000000000e+00
6.972578880544726587e+01,1.000000000000000000e+00,-1.200000000000000000e+01
6.972578880544726587e+01,1.000000000000000000e+00,-1.100000000000000000e+01
6.972578880544726587e+01,1.000000000000000000e+00,-1.200000000000000000e+01
6.972578880544726587e+01,1.000000000000000000e+00,-9.000000000000000000e+00
6.972578880544726587e+01,1.000000000000000000e+00,-1.100000000000000000e+01
6.972578880544726587e+01,1.000000000000000000e+00,-1.200000000000000000e+01
6.972578880544726587e+01,1.000000000000000000e+00,-8.000000000000000000e+00
6.972578880544726587e+01,1.000000000000000000e+00,-1.000000000000000000e+01
6.972578880544726587e+01,1.000000000000000000e+00,-7.000000000000000000e+00
6.972578880544726587e+01,1.000000000000000000e+00,-9.000000000000000000e+00
6.972578880544726587e+01,1.000000000000000000e+00,-9.000000000000000000e+00
6.972578880544726587e+01,1.000000000000000000e+00,-9.000000000000000000e+00
6.972578880544726587e+01,1.000000000000000000e+00,-9.000000000000000000e+00
6.972578880544726587e+01,1.000000000000000000e+00,-8.000000000000000000e+00
6.972578880544726587e+01,1.000000000000000000e+00,-6.000000000000000000e+00
6.972578880544726587e+01,1.000000000000000000e+00,-1.000000000000000000e+01
6.972578880544726587e+01,1.000000000000000000e+00,-1.000000000000000000e+01
6.972578880544726587e+01,1.000000000000000000e+00,-8.000000000000000000e+00
6.972578880544726587e+01,1.000000000000000000e+00,-1.300000000000000000e+01
6.972578880544726587e+01,1.000000000000000000e+00,-8.000000000000000000e+00
6.972578880544726587e+01,1.000000000000000000e+00,-9.000000000000000000e+00
6.972578880544726587e+01,1.000000000000000000e+00,-1.200000000000000000e+01
6.972578880544726587e+01,1.000000000000000000e+00,-9.000000000000000000e+00
6.972578880544726587e+01,1.000000000000000000e+00,-9.000000000000000000e+00
6.972578880544726587e+01,1.000000000000000000e+00,-8.000000000000000000e+00
6.972578880544726587e+01,1.000000000000000000e+00,-1.100000000000000000e+01
6.972578880544726587e+01,1.000000000000000000e+00,-8.000000000000000000e+00
6.972578880544726587e+01,1.000000000000000000e+00,-8.000000000000000000e+00
6.972578880544726587e+01,1.000000000000000000e+00,-6.000000000000000000e+00
6.972578880544726587e+01,1.000000000000000000e+00,-1.400000000000000000e+01
6.972578880544726587e+01,1.000000000000000000e+00,-7.000000000000000000e+00
6.972578880544726587e+01,1.000000000000000000e+00,-6.000000000000000000e+00
6.972578880544726587e+01,1.000000000000000000e+00,-1.100000000000000000e+01
6.972578880544726587e+01,1.000000000000000000e+00,-9.000000000000000000e+00
6.972578880544726587e+01,1.000000000000000000e+00,-7.000000000000000000e+00
6.972578880544726587e+01,1.000000000000000000e+00,-1.100000000000000000e+01
6.972578880544726587e+01,1.000000000000000000e+00,-9.000000000000000000e+00
6.972578880544726587e+01,1.000000000000000000e+00,-1.100000000000000000e+01
6.972578880544726587e+01,1.000000000000000000e+00,-8.000000000000000000e+00
6.972578880544726587e+01,1.000000000000000000e+00,-7.000000000000000000e+00
6.972578880544726587e+01,1.000000000000000000e+00,-3.000000000000000000e+00
6.972578880544726587e+01,1.000000000000000000e+00,-9.000000000000000000e+00
6.972578880544726587e+01,1.000000000000000000e+00,-6.000000000000000000e+00
6.972578880544726587e+01,1.000000000000000000e+00,-9.000000000000000000e+00
6.972578880544726587e+01,1.000000000000000000e+00,-7.000000000000000000e+00
6.972578880544726587e+01,1.000000000000000000e+00,-1.300000000000000000e+01
6.972578880544726587e+01,1.000000000000000000e+00,-1.200000000000000000e+01
6.972578880544726587e+01,1.000000000000000000e+00,-9.000000000000000000e+00
6.972578880544726587e+01,1.000000000000000000e+00,-1.100000000000000000e+01
6.972578880544726587e+01,1.000000000000000000e+00,-1.100000000000000000e+01
6.972578880544726587e+01,1.000000000000000000e+00,-1.300000000000000000e+01
6.972578880544726587e+01,1.000000000000000000e+00,-8.000000000000000000e+00
6.972578880544726587e+01,1.000000000000000000e+00,-1.000000000000000000e+01
6.972578880544726587e+01,1.000000000000000000e+00,-8.000000000000000000e+00
6.972578880544726587e+01,1.000000000000000000e+00,-1.000000000000000000e+01
6.972578880544726587e+01,1.000000000000000000e+00,-9.000000000000000000e+00
6.972578880544726587e+01,1.000000000000000000e+00,-1.000000000000000000e+01
6.972578880544726587e+01,1.000000000000000000e+00,-8.000000000000000000e+00
6.972578880544726587e+01,1.000000000000000000e+00,-7.000000000000000000e+00
6.972578880544726587e+01,1.000000000000000000e+00,-1.200000000000000000e+01
6.972578880544726587e+01,1.000000000000000000e+00,-1.000000000000000000e+01
6.972578880544726587e+01,1.000000000000000000e+00,-6.000000000000000000e+00
6.972578880544726587e+01,1.000000000000000000e+00,-8.000000000000000000e+00
6.972578880544726587e+01,1.000000000000000000e+00,-7.000000000000000000e+00
6.972578880544726587e+01,1.000000000000000000e+00,-8.000000000000000000e+00
6.972578880544726587e+01,1.000000000000000000e+00,-9.000000000000000000e+00
6.972578880544726587e+01,1.000000000000000000e+00,-7.000000000000000000e+00
6.972578880544726587e+01,1.000000000000000000e+00,-1.200000000000000000e+01
6.972578880544726587e+01,1.000000000000000000e+00,-1.100000000000000000e+01
6.972578880544726587e+01,1.000000000000000000e+00,-8.000000000000000000e+00
6.972578880544726587e+01,1.000000000000000000e+00,-1.200000000000000000e+01
6.972578880544726587e+01,1.000000000000000000e+00,-7.000000000000000000e+00
6.972578880544726587e+01,1.000000000000000000e+00,-1.200000000000000000e+01
6.972578880544726587e+01,1.000000000000000000e+00,-7.000000000000000000e+00
6.972578880544726587e+01,1.000000000000000000e+00,-7.000000000000000000e+00
6.972578880544726587e+01,1.000000000000000000e+00,-7.000000000000000000e+00
6.972578880544726587e+01,1.000000000000000000e+00,-1.200000000000000000e+01
6.972578880544726587e+01,1.000000000000000000e+00,-9.000000000000000000e+00
6.972578880544726587e+01,1.000000000000000000e+00,-9.000000000000000000e+00
6.972578880544726587e+01,1.000000000000000000e+00,-1.300000000000000000e+01
6.972578880544726587e+01,1.000000000000000000e+00,-1.200000000000000000e+01
6.972578880544726587e+01,1.000000000000000000e+00,-6.000000000000000000e+00
6.972578880544726587e+01,1.000000000000000000e+00,-1.100000000000000000e+01
6.972578880544726587e+01,1.000000000000000000e+00,-9.000000000000000000e+00
6.972578880544726587e+01,1.000000000000000000e+00,-9.000000000000000000e+00
6.972578880544726587e+01,1.000000000000000000e+00,-6.000000000000000000e+00
6.972578880544726587e+01,1.000000000000000000e+00,-6.000000000000000000e+00
6.972578880544726587e+01,1.000000000000000000e+00,-9.000000000000000000e+00
6.972578880544726587e+01,1.000000000000000000e+00,-7.000000000000000000e+00
6.972578880544726587e+01,1.000000000000000000e+00,-9.000000000000000000e+00
6.972578880544726587e+01,1.000000000000000000e+00,-9.000000000000000000e+00
6.972578880544726587e+01,1.000000000000000000e+00,-9.000000000000000000e+00
6.972578880544726587e+01,1.000000000000000000e+00,-8.000000000000000000e+00
6.972578880544726587e+01,1.000000000000000000e+00,-9.000000000000000000e+00
6.972578880544726587e+01,1.000000000000000000e+00,-3.000000000000000000e+00
6.972578880544726587e+01,1.000000000000000000e+00,-8.000000000000000000e+00
6.972578880544726587e+01,1.000000000000000000e+00,-8.000000000000000000e+00
6.972578880544726587e+01,1.000000000000000000e+00,-1.200000000000000000e+01
6.972578880544726587e+01,1.000000000000000000e+00,-1.000000000000000000e+01
6.972578880544726587e+01,1.000000000000000000e+00,-1.000000000000000000e+01
6.972578880544726587e+01,1.000000000000000000e+00,-8.000000000000000000e+00
6.972578880544726587e+01,1.000000000000000000e+00,-8.000000000000000000e+00
6.972578880544726587e+01,1.000000000000000000e+00,-7.000000000000000000e+00
6.972578880544726587e+01,1.000000000000000000e+00,-6.000000000000000000e+00
6.972578880544726587e+01,1.000000000000000000e+00,-9.000000000000000000e+00
6.972578880544726587e+01,1.000000000000000000e+00,-9.000000000000000000e+00
6.972578880544726587e+01,1.000000000000000000e+00,-9.000000000000000000e+00
6.972578880544726587e+01,1.000000000000000000e+00,-3.000000000000000000e+00
6.972578880544726587e+01,1.000000000000000000e+00,-6.000000000000000000e+00
6.972578880544726587e+01,1.000000000000000000e+00,-9.000000000000000000e+00
6.972578880544726587e+01,1.000000000000000000e+00,-1.000000000000000000e+01
6.972578880544726587e+01,1.000000000000000000e+00,-1.000000000000000000e+01
6.972578880544726587e+01,1.000000000000000000e+00,-1.000000000000000000e+01
6.972578880544726587e+01,1.000000000000000000e+00,-5.000000000000000000e+00
6.972578880544726587e+01,1.000000000000000000e+00,-1.100000000000000000e+01
6.972578880544726587e+01,1.000000000000000000e+00,-8.000000000000000000e+00
6.972578880544726587e+01,1.000000000000000000e+00,-1.300000000000000000e+01
6.972578880544726587e+01,1.000000000000000000e+00,-7.000000000000000000e+00
6.972578880544726587e+01,1.000000000000000000e+00,-7.000000000000000000e+00
6.972578880544726587e+01,1.000000000000000000e+00,-6.000000000000000000e+00
6.972578880544726587e+01,1.000000000000000000e+00,-1.100000000000000000e+01
6.972578880544726587e+01,1.000000000000000000e+00,-8.000000000000000000e+00
6.972578880544726587e+01,1.000000000000000000e+00,-7.000000000000000000e+00
6.972578880544726587e+01,1.000000000000000000e+00,-8.000000000000000000e+00
6.972578880544726587e+01,1.000000000000000000e+00,-1.000000000000000000e+01
6.972578880544726587e+01,1.000000000000000000e+00,-7.000000000000000000e+00
6.972578880544726587e+01,1.000000000000000000e+00,-9.000000000000000000e+00
6.972578880544726587e+01,1.000000000000000000e+00,-6.000000000000000000e+00
6.972578880544726587e+01,1.000000000000000000e+00,-6.000000000000000000e+00
6.972578880544726587e+01,1.000000000000000000e+00,-8.000000000000000000e+00
6.972578880544726587e+01,1.000000000000000000e+00,-8.000000000000000000e+00
6.972578880544726587e+01,1.000000000000000000e+00,-9.000000000000000000e+00
6.972578880544726587e+01,1.000000000000000000e+00,-6.000000000000000000e+00
6.972578880544726587e+01,1.000000000000000000e+00,-1.100000000000000000e+01
6.972578880544726587e+01,1.000000000000000000e+00,-7.000000000000000000e+00
6.972578880544726587e+01,1.000000000000000000e+00,-1.100000000000000000e+01
6.972578880544726587e+01,1.000000000000000000e+00,-7.000000000000000000e+00
6.972578880544726587e+01,1.000000000000000000e+00,-1.100000000000000000e+01
6.972578880544726587e+01,1.000000000000000000e+00,-1.100000000000000000e+01
6.972578880544726587e+01,1.000000000000000000e+00,-1.100000000000000000e+01
6.972578880544726587e+01,1.000000000000000000e+00,-7.000000000000000000e+00
6.972578880544726587e+01,1.000000000000000000e+00,-1.000000000000000000e+01
6.972578880544726587e+01,1.000000000000000000e+00,-6.000000000000000000e+00
6.972578880544726587e+01,1.000000000000000000e+00,-9.000000000000000000e+00
6.972578880544726587e+01,1.000000000000000000e+00,-8.000000000000000000e+00
6.972578880544726587e+01,1.000000000000000000e+00,-8.000000000000000000e+00
6.972578880544726587e+01,1.000000000000000000e+00,-9.000000000000000000e+00
6.972578880544726587e+01,1.000000000000000000e+00,-4.000000000000000000e+00
6.972578880544726587e+01,1.000000000000000000e+00,-5.000000000000000000e+00
6.972578880544726587e+01,1.000000000000000000e+00,-7.000000000000000000e+00
6.972578880544726587e+01,1.000000000000000000e+00,-1.000000000000000000e+01
6.972578880544726587e+01,1.000000000000000000e+00,-4.000000000000000000e+00
6.972578880544726587e+01,1.000000000000000000e+00,-1.100000000000000000e+01
6.972578880544726587e+01,1.000000000000000000e+00,-6.000000000000000000e+00
6.972578880544726587e+01,1.000000000000000000e+00,-1.200000000000000000e+01
6.972578880544726587e+01,1.000000000000000000e+00,-8.000000000000000000e+00
6.972578880544726587e+01,1.000000000000000000e+00,-1.000000000000000000e+01
6.972578880544726587e+01,1.000000000000000000e+00,-8.000000000000000000e+00
6.972578880544726587e+01,1.000000000000000000e+00,-1.000000000000000000e+01
6.972578880544726587e+01,1.000000000000000000e+00,-7.000000000000000000e+00
6.972578880544726587e+01,1.000000000000000000e+00,-8.000000000000000000e+00
6.972578880544726587e+01,1.000000000000000000e+00,-6.000000000000000000e+00
6.972578880544726587e+01,1.000000000000000000e+00,-8.000000000000000000e+00
6.972578880544726587e+01,1.000000000000000000e+00,-6.000000000000000000e+00
6.972578880544726587e+01,1.000000000000000000e+00,-1.000000000000000000e+01
6.972578880544726587e+01,1.000000000000000000e+00,-4.000000000000000000e+00
6.972578880544726587e+01,1.000000000000000000e+00,-6.000000000000000000e+00
6.972578880544726587e+01,1.000000000000000000e+00,-8.000000000000000000e+00
6.972578880544726587e+01,1.000000000000000000e+00,-7.000000000000000000e+00
6.972578880544726587e+01,1.000000000000000000e+00,-7.000000000000000000e+00
6.972578880544726587e+01,1.000000000000000000e+00,-4.000000000000000000e+00
6.972578880544726587e+01,1.000000000000000000e+00,-5.000000000000000000e+00
6.972578880544726587e+01,1.000000000000000000e+00,-2.000000000000000000e+00
6.972578880544726587e+01,1.000000000000000000e+00,-7.000000000000000000e+00
6.972578880544726587e+01,1.000000000000000000e+00,-5.000000000000000000e+00
6.972578880544726587e+01,1.000000000000000000e+00,-8.000000000000000000e+00
6.972578880544726587e+01,1.000000000000000000e+00,-3.000000000000000000e+00
6.972578880544726587e+01,1.000000000000000000e+00,-6.000000000000000000e+00
6.972578880544726587e+01,1.000000000000000000e+00,-5.000000000000000000e+00
6.972578880544726587e+01,1.000000000000000000e+00,-8.000000000000000000e+00
6.972578880544726587e+01,1.000000000000000000e+00,-3.000000000000000000e+00
6.972578880544726587e+01,1.000000000000000000e+00,-1.000000000000000000e+01
6.972578880544726587e+01,1.000000000000000000e+00,-6.000000000000000000e+00
6.972578880544726587e+01,1.000000000000000000e+00,-7.000000000000000000e+00
6.972578880544726587e+01,1.000000000000000000e+00,-6.000000000000000000e+00
6.972578880544726587e+01,1.000000000000000000e+00,-5.000000000000000000e+00
6.972578880544726587e+01,1.000000000000000000e+00,-3.000000000000000000e+00
6.972578880544726587e+01,1.000000000000000000e+00,-5.000000000000000000e+00
6.972578880544726587e+01,1.000000000000000000e+00,-5.000000000000000000e+00
6.972578880544726587e+01,1.000000000000000000e+00,-5.000000000000000000e+00
6.972578880544726587e+01,1.000000000000000000e+00,-5.000000000000000000e+00
6.972578880544726587e+01,1.000000000000000000e+00,-9.000000000000000000e+00
6.972578880544726587e+01,1.000000000000000000e+00,-3.000000000000000000e+00
6.972578880544726587e+01,1.000000000000000000e+00,-1.000000000000000000e+00
6.972578880544726587e+01,1.000000000000000000e+00,-4.000000000000000000e+00
6.972578880544726587e+01,1.000000000000000000e+00,-9.000000000000000000e+00
6.972578880544726587e+01,1.000000000000000000e+00,-5.000000000000000000e+00
6.972578880544726587e+01,1.000000000000000000e+00,-4.000000000000000000e+00
6.972578880544726587e+01,1.000000000000000000e+00,-7.000000000000000000e+00
6.972578880544726587e+01,1.000000000000000000e+00,-4.000000000000000000e+00
6.972578880544726587e+01,1.000000000000000000e+00,-6.000000000000000000e+00
6.972578880544726587e+01,1.000000000000000000e+00,-6.000000000000000000e+00
6.972578880544726587e+01,1.000000000000000000e+00,-2.000000000000000000e+00
6.972578880544726587e+01,1.000000000000000000e+00,-8.000000000000000000e+00
6.972578880544726587e+01,1.000000000000000000e+00,-3.000000000000000000e+00
6.972578880544726587e+01,1.000000000000000000e+00,-6.000000000000000000e+00
6.972578880544726587e+01,1.000000000000000000e+00,-4.000000000000000000e+00
6.972578880544726587e+01,1.000000000000000000e+00,-2.000000000000000000e+00
6.972578880544726587e+01,1.000000000000000000e+00,-6.000000000000000000e+00
6.972578880544726587e+01,1.000000000000000000e+00,-3.000000000000000000e+00
6.972578880544726587e+01,1.000000000000000000e+00,-7.000000000000000000e+00
6.972578880544726587e+01,1.000000000000000000e+00,-4.000000000000000000e+00
6.972578880544726587e+01,1.000000000000000000e+00,-6.000000000000000000e+00
6.972578880544726587e+01,1.000000000000000000e+00,-2.000000000000000000e+00
6.972578880544726587e+01,1.000000000000000000e+00,-5.000000000000000000e+00
6.972578880544726587e+01,1.000000000000000000e+00,-6.000000000000000000e+00
6.972578880544726587e+01,1.000000000000000000e+00,-4.000000000000000000e+00
6.972578880544726587e+01,1.000000000000000000e+00,-6.000000000000000000e+00
6.972578880544726587e+01,1.000000000000000000e+00,-5.000000000000000000e+00
6.972578880544726587e+01,1.000000000000000000e+00,-3.000000000000000000e+00
6.972578880544726587e+01,1.000000000000000000e+00,-6.000000000000000000e+00
6.972578880544726587e+01,1.000000000000000000e+00,-6.000000000000000000e+00
6.972578880544726587e+01,1.000000000000000000e+00,-4.000000000000000000e+00
6.972578880544726587e+01,1.000000000000000000e+00,-3.000000000000000000e+00
6.972578880544726587e+01,1.000000000000000000e+00,-5.000000000000000000e+00
6.972578880544726587e+01,1.000000000000000000e+00,-3.000000000000000000e+00
6.972578880544726587e+01,1.000000000000000000e+00,-8.000000000000000000e+00
6.972578880544726587e+01,1.000000000000000000e+00,-2.000000000000000000e+00
6.972578880544726587e+01,1.000000000000000000e+00,-5.000000000000000000e+00
6.972578880544726587e+01,1.000000000000000000e+00,-2.000000000000000000e+00
6.972578880544726587e+01,1.000000000000000000e+00,-6.000000000000000000e+00
6.972578880544726587e+01,1.000000000000000000e+00,-3.000000000000000000e+00
6.972578880544726587e+01,1.000000000000000000e+00,0.000000000000000000e+00
6.972578880544726587e+01,1.000000000000000000e+00,-4.000000000000000000e+00
6.972578880544726587e+01,1.000000000000000000e+00,-5.000000000000000000e+00
6.972578880544726587e+01,1.000000000000000000e+00,-3.000000000000000000e+00
6.972578880544726587e+01,1.000000000000000000e+00,-5.000000000000000000e+00
6.972578880544726587e+01,1.000000000000000000e+00,-6.000000000000000000e+00
6.972578880544726587e+01,1.000000000000000000e+00,-1.000000000000000000e+00
6.972578880544726587e+01,1.000000000000000000e+00,-2.000000000000000000e+00
6.972578880544726587e+01,1.000000000000000000e+00,-2.000000000000000000e+00
6.972578880544726587e+01,1.000000000000000000e+00,-1.000000000000000000e+00
6.972578880544726587e+01,1.000000000000000000e+00,-5.000000000000000000e+00
6.972578880544726587e+01,1.000000000000000000e+00,-3.000000000000000000e+00
6.972578880544726587e+01,1.000000000000000000e+00,-3.000000000000000000e+00
6.972578880544726587e+01,1.000000000000000000e+00,-4.000000000000000000e+00
6.972578880544726587e+01,1.000000000000000000e+00,-2.000000000000000000e+00
6.972578880544726587e+01,1.000000000000000000e+00,-1.000000000000000000e+00
6.972578880544726587e+01,1.000000000000000000e+00,-4.000000000000000000e+00
6.972578880544726587e+01,1.000000000000000000e+00,-1.000000000000000000e+00
6.972578880544726587e+01,1.000000000000000000e+00,-2.000000000000000000e+00
6.972578880544726587e+01,1.000000000000000000e+00,-4.000000000000000000e+00
6.972578880544726587e+01,1.000000000000000000e+00,-8.000000000000000000e+00
6.972578880544726587e+01,1.000000000000000000e+00,0.000000000000000000e+00
6.972578880544726587e+01,1.000000000000000000e+00,-4.000000000000000000e+00
6.972578880544726587e+01,1.000000000000000000e+00,-5.000000000000000000e+00
6.972578880544726587e+01,1.000000000000000000e+00,-2.000000000000000000e+00
6.972578880544726587e+01,1.000000000000000000e+00,0.000000000000000000e+00
6.972578880544726587e+01,1.000000000000000000e+00,0.000000000000000000e+00
6.972578880544726587e+01,1.000000000000000000e+00,-7.000000000000000000e+00
6.972578880544726587e+01,1.000000000000000000e+00,-1.000000000000000000e+00
6.972578880544726587e+01,1.000000000000000000e+00,-5.000000000000000000e+00
6.972578880544726587e+01,1.000000000000000000e+00,-2.000000000000000000e+00
6.972578880544726587e+01,1.000000000000000000e+00,-3.000000000000000000e+00
6.972578880544726587e+01,1.000000000000000000e+00,-3.000000000000000000e+00
6.972578880544726587e+01,1.000000000000000000e+00,-2.000000000000000000e+00
6.972578880544726587e+01,1.000000000000000000e+00,-4.000000000000000000e+00
6.972578880544726587e+01,1.000000000000000000e+00,-2.000000000000000000e+00
6.972578880544726587e+01,1.000000000000000000e+00,-4.000000000000000000e+00
6.972578880544726587e+01,1.000000000000000000e+00,-1.000000000000000000e+00
6.972578880544726587e+01,1.000000000000000000e+00,-4.000000000000000000e+00
6.972578880544726587e+01,1.000000000000000000e+00,-3.000000000000000000e+00
6.972578880544726587e+01,1.000000000000000000e+00,0.000000000000000000e+00
6.972578880544726587e+01,1.000000000000000000e+00,0.000000000000000000e+00
6.972578880544726587e+01,1.000000000000000000e+00,-2.000000000000000000e+00
6.972578880544726587e+01,1.000000000000000000e+00,-3.000000000000000000e+00
6.972578880544726587e+01,1.000000000000000000e+00,-2.000000000000000000e+00
6.972578880544726587e+01,1.000000000000000000e+00,-2.000000000000000000e+00
6.972578880544726587e+01,1.000000000000000000e+00,-3.000000000000000000e+00
6.972578880544726587e+01,1.000000000000000000e+00,-3.000000000000000000e+00
6.972578880544726587e+01,1.000000000000000000e+00,-2.000000000000000000e+00
6.972578880544726587e+01,1.000000000000000000e+00,2.000000000000000000e+00
6.972578880544726587e+01,1.000000000000000000e+00,1.000000000000000000e+00
6.972578880544726587e+01,1.000000000000000000e+00,-1.000000000000000000e+00
6.972578880544726587e+01,1.000000000000000000e+00,3.000000000000000000e+00
6.972578880544726587e+01,1.000000000000000000e+00,-6.000000000000000000e+00
6.972578880544726587e+01,1.000000000000000000e+00,0.000000000000000000e+00
6.972578880544726587e+01,1.000000000000000000e+00,-3.000000000000000000e+00
6.972578880544726587e+01,1.000000000000000000e+00,0.000000000000000000e+00
6.972578880544726587e+01,1.000000000000000000e+00,-6.000000000000000000e+00
6.972578880544726587e+01,1.000000000000000000e+00,0.000000000000000000e+00
6.972578880544726587e+01,1.000000000000000000e+00,-3.000000000000000000e+00
6.972578880544726587e+01,1.000000000000000000e+00,-2.000000000000000000e+00
6.972578880544726587e+01,1.000000000000000000e+00,0.000000000000000000e+00
6.972578880544726587e+01,1.000000000000000000e+00,-2.000000000000000000e+00
6.972578880544726587e+01,1.000000000000000000e+00,-1.000000000000000000e+00
6.972578880544726587e+01,1.000000000000000000e+00,-1.000000000000000000e+00
6.972578880544726587e+01,1.000000000000000000e+00,-1.000000000000000000e+00
6.972578880544726587e+01,1.000000000000000000e+00,0.000000000000000000e+00
6.972578880544726587e+01,1.000000000000000000e+00,-2.000000000000000000e+00
6.972578880544726587e+01,1.000000000000000000e+00,2.000000000000000000e+00
6.972578880544726587e+01,1.000000000000000000e+00,0.000000000000000000e+00
6.972578880544726587e+01,1.000000000000000000e+00,2.000000000000000000e+00
6.972578880544726587e+01,1.000000000000000000e+00,-1.000000000000000000e+00
6.972578880544726587e+01,1.000000000000000000e+00,-2.000000000000000000e+00
6.972578880544726587e+01,1.000000000000000000e+00,0.000000000000000000e+00
6.972578880544726587e+01,1.000000000000000000e+00,2.000000000000000000e+00
6.972578880544726587e+01,1.000000000000000000e+00,0.000000000000000000e+00
6.972578880544726587e+01,1.000000000000000000e+00,1.000000000000000000e+00
6.972578880544726587e+01,1.000000000000000000e+00,0.000000000000000000e+00
6.972578880544726587e+01,1.000000000000000000e+00,3.000000000000000000e+00
6.972578880544726587e+01,1.000000000000000000e+00,-3.000000000000000000e+00
6.972578880544726587e+01,1.000000000000000000e+00,3.000000000000000000e+00
6.972578880544726587e+01,1.000000000000000000e+00,-1.000000000000000000e+00
6.972578880544726587e+01,1.000000000000000000e+00,0.000000000000000000e+00
6.972578880544726587e+01,1.000000000000000000e+00,-3.000000000000000000e+00
6.972578880544726587e+01,1.000000000000000000e+00,1.000000000000000000e+00
6.972578880544726587e+01,1.000000000000000000e+00,-2.000000000000000000e+00
6.972578880544726587e+01,1.000000000000000000e+00,0.000000000000000000e+00
6.972578880544726587e+01,1.000000000000000000e+00,1.000000000000000000e+00
6.972578880544726587e+01,1.000000000000000000e+00,1.000000000000000000e+00
6.972578880544726587e+01,1.000000000000000000e+00,3.000000000000000000e+00
6.972578880544726587e+01,1.000000000000000000e+00,3.000000000000000000e+00
6.972578880544726587e+01,1.000000000000000000e+00,-1.000000000000000000e+00
6.972578880544726587e+01,1.000000000000000000e+00,4.000000000000000000e+00
6.972578880544726587e+01,1.000000000000000000e+00,0.000000000000000000e+00
6.972578880544726587e+01,1.000000000000000000e+00,0.000000000000000000e+00
6.972578880544726587e+01,1.000000000000000000e+00,2.000000000000000000e+00
6.972578880544726587e+01,1.000000000000000000e+00,2.000000000000000000e+00
6.972578880544726587e+01,1.000000000000000000e+00,1.000000000000000000e+00
6.972578880544726587e+01,1.000000000000000000e+00,0.000000000000000000e+00
6.972578880544726587e+01,1.000000000000000000e+00,2.000000000000000000e+00
6.972578880544726587e+01,1.000000000000000000e+00,2.000000000000000000e+00
6.972578880544726587e+01,1.000000000000000000e+00,5.000000000000000000e+00
6.972578880544726587e+01,1.000000000000000000e+00,0.000000000000000000e+00
6.972578880544726587e+01,1.000000000000000000e+00,3.000000000000000000e+00
6.972578880544726587e+01,1.000000000000000000e+00,3.000000000000000000e+00
6.972578880544726587e+01,1.000000000000000000e+00,2.000000000000000000e+00
6.972578880544726587e+01,1.000000000000000000e+00,0.000000000000000000e+00
6.972578880544726587e+01,1.000000000000000000e+00,2.000000000000000000e+00
6.972578880544726587e+01,1.000000000000000000e+00,6.000000000000000000e+00
6.972578880544726587e+01,1.000000000000000000e+00,2.000000000000000000e+00
6.972578880544726587e+01,1.000000000000000000e+00,3.000000000000000000e+00
6.972578880544726587e+01,1.000000000000000000e+00,3.000000000000000000e+00
6.972578880544726587e+01,1.000000000000000000e+00,0.000000000000000000e+00
6.972578880544726587e+01,1.000000000000000000e+00,1.000000000000000000e+00
6.972578880544726587e+01,1.000000000000000000e+00,2.000000000000000000e+00
6.972578880544726587e+01,1.000000000000000000e+00,2.000000000000000000e+00
6.972578880544726587e+01,1.000000000000000000e+00,1.000000000000000000e+00
6.972578880544726587e+01,1.000000000000000000e+00,5.000000000000000000e+00
6.972578880544726587e+01,1.000000000000000000e+00,3.000000000000000000e+00
6.972578880544726587e+01,1.000000000000000000e+00,-1.000000000000000000e+00
6.972578880544726587e+01,1.000000000000000000e+00,3.000000000000000000e+00
6.972578880544726587e+01,1.000000000000000000e+00,1.000000000000000000e+00
6.972578880544726587e+01,1.000000000000000000e+00,2.000000000000000000e+00
6.972578880544726587e+01,1.000000000000000000e+00,2.000000000000000000e+00
6.972578880544726587e+01,1.000000000000000000e+00,3.000000000000000000e+00
6.972578880544726587e+01,1.000000000000000000e+00,1.000000000000000000e+00
6.972578880544726587e+01,1.000000000000000000e+00,2.000000000000000000e+00
6.972578880544726587e+01,1.000000000000000000e+00,2.000000000000000000e+00
6.972578880544726587e+01,1.000000000000000000e+00,3.000000000000000000e+00
6.972578880544726587e+01,1.000000000000000000e+00,2.000000000000000000e+00
6.972578880544726587e+01,1.000000000000000000e+00,4.000000000000000000e+00
6.972578880544726587e+01,1.000000000000000000e+00,4.000000000000000000e+00
6.972578880544726587e+01,1.000000000000000000e+00,4.000000000000000000e+00
6.972578880544726587e+01,1.000000000000000000e+00,1.000000000000000000e+00
6.972578880544726587e+01,1.000000000000000000e+00,4.000000000000000000e+00
6.972578880544726587e+01,1.000000000000000000e+00,8.000000000000000000e+00
6.972578880544726587e+01,1.000000000000000000e+00,4.000000000000000000e+00
6.972578880544726587e+01,1.000000000000000000e+00,1.000000000000000000e+00
6.972578880544726587e+01,1.000000000000000000e+00,4.000000000000000000e+00
6.972578880544726587e+01,1.000000000000000000e+00,3.000000000000000000e+00
6.972578880544726587e+01,1.000000000000000000e+00,2.000000000000000000e+00
6.972578880544726587e+01,1.000000000000000000e+00,9.000000000000000000e+00
6.972578880544726587e+01,1.000000000000000000e+00,3.000000000000000000e+00
6.972578880544726587e+01,1.000000000000000000e+00,7.000000000000000000e+00
6.972578880544726587e+01,1.000000000000000000e+00,5.000000000000000000e+00
6.972578880544726587e+01,1.000000000000000000e+00,3.000000000000000000e+00
6.972578880544726587e+01,1.000000000000000000e+00,3.000000000000000000e+00
6.972578880544726587e+01,1.000000000000000000e+00,6.000000000000000000e+00
6.972578880544726587e+01,1.000000000000000000e+00,4.000000000000000000e+00
6.972578880544726587e+01,1.000000000000000000e+00,8.000000000000000000e+00
6.972578880544726587e+01,1.000000000000000000e+00,4.000000000000000000e+00
6.972578880544726587e+01,1.000000000000000000e+00,4.000000000000000000e+00
6.972578880544726587e+01,1.000000000000000000e+00,1.000000000000000000e+00
6.972578880544726587e+01,1.000000000000000000e+00,5.000000000000000000e+00
6.972578880544726587e+01,1.000000000000000000e+00,4.000000000000000000e+00
6.972578880544726587e+01,1.000000000000000000e+00,3.000000000000000000e+00
6.972578880544726587e+01,1.000000000000000000e+00,6.000000000000000000e+00
6.972578880544726587e+01,1.000000000000000000e+00,1.000000000000000000e+00
6.972578880544726587e+01,1.000000000000000000e+00,4.000000000000000000e+00
6.972578880544726587e+01,1.000000000000000000e+00,6.000000000000000000e+00
6.972578880544726587e+01,1.000000000000000000e+00,1.100000000000000000e+01
6.972578880544726587e+01,1.000000000000000000e+00,4.000000000000000000e+00
6.972578880544726587e+01,1.000000000000000000e+00,6.000000000000000000e+00
6.972578880544726587e+01,1.000000000000000000e+00,7.000000000000000000e+00
6.972578880544726587e+01,1.000000000000000000e+00,7.000000000000000000e+00
6.972578880544726587e+01,1.000000000000000000e+00,9.000000000000000000e+00
6.972578880544726587e+01,1.000000000000000000e+00,9.000000000000000000e+00
6.972578880544726587e+01,1.000000000000000000e+00,2.000000000000000000e+00
6.972578880544726587e+01,1.000000000000000000e+00,7.000000000000000000e+00
6.972578880544726587e+01,1.000000000000000000e+00,7.000000000000000000e+00
6.972578880544726587e+01,1.000000000000000000e+00,5.000000000000000000e+00
6.972578880544726587e+01,1.000000000000000000e+00,3.000000000000000000e+00
6.972578880544726587e+01,1.000000000000000000e+00,8.000000000000000000e+00
6.972578880544726587e+01,1.000000000000000000e+00,5.000000000000000000e+00
6.972578880544726587e+01,1.000000000000000000e+00,7.000000000000000000e+00
6.972578880544726587e+01,1.000000000000000000e+00,8.000000000000000000e+00
6.972578880544726587e+01,1.000000000000000000e+00,2.000000000000000000e+00
6.972578880544726587e+01,1.000000000000000000e+00,6.000000000000000000e+00
6.972578880544726587e+01,1.000000000000000000e+00,4.000000000000000000e+00
6.972578880544726587e+01,1.000000000000000000e+00,6.000000000000000000e+00
6.972578880544726587e+01,1.000000000000000000e+00,4.000000000000000000e+00
6.972578880544726587e+01,1.000000000000000000e+00,8.000000000000000000e+00
6.972578880544726587e+01,1.000000000000000000e+00,9.000000000000000000e+00
6.972578880544726587e+01,1.000000000000000000e+00,8.000000000000000000e+00
6.972578880544726587e+01,1.000000000000000000e+00,3.000000000000000000e+00
6.972578880544726587e+01,1.000000000000000000e+00,5.000000000000000000e+00
6.972578880544726587e+01,1.000000000000000000e+00,1.000000000000000000e+01
6.972578880544726587e+01,1.000000000000000000e+00,8.000000000000000000e+00
6.972578880544726587e+01,1.000000000000000000e+00,1.000000000000000000e+01
6.972578880544726587e+01,1.000000000000000000e+00,6.000000000000000000e+00
6.972578880544726587e+01,1.000000000000000000e+00,8.000000000000000000e+00
6.972578880544726587e+01,1.000000000000000000e+00,1.000000000000000000e+01
6.972578880544726587e+01,1.000000000000000000e+00,6.000000000000000000e+00
6.972578880544726587e+01,1.000000000000000000e+00,6.000000000000000000e+00
6.972578880544726587e+01,1.000000000000000000e+00,8.000000000000000000e+00
6.972578880544726587e+01,1.000000000000000000e+00,9.000000000000000000e+00
6.972578880544726587e+01,1.000000000000000000e+00,7.000000000000000000e+00
6.972578880544726587e+01,1.000000000000000000e+00,7.000000000000000000e+00
6.972578880544726587e+01,1.000000000000000000e+00,1.000000000000000000e+01
6.972578880544726587e+01,1.000000000000000000e+00,1.100000000000000000e+01
6.972578880544726587e+01,1.000000000000000000e+00,7.000000000000000000e+00
6.972578880544726587e+01,1.000000000000000000e+00,4.000000000000000000e+00
6.972578880544726587e+01,1.000000000000000000e+00,8.000000000000000000e+00
6.972578880544726587e+01,1.000000000000000000e+00,4.000000000000000000e+00
6.972578880544726587e+01,1.000000000000000000e+00,1.000000000000000000e+01
6.972578880544726587e+01,1.000000000000000000e+00,7.000000000000000000e+00
6.972578880544726587e+01,1.000000000000000000e+00,6.000000000000000000e+00
6.972578880544726587e+01,1.000000000000000000e+00,9.000000000000000000e+00
6.972578880544726587e+01,1.000000000000000000e+00,7.000000000000000000e+00
6.972578880544726587e+01,1.000000000000000000e+00,9.000000000000000000e+00
6.972578880544726587e+01,1.000000000000000000e+00,9.000000000000000000e+00
6.972578880544726587e+01,1.000000000000000000e+00,8.000000000000000000e+00
6.972578880544726587e+01,1.000000000000000000e+00,6.000000000000000000e+00
6.972578880544726587e+01,1.000000000000000000e+00,9.000000000000000000e+00
6.972578880544726587e+01,1.000000000000000000e+00,8.000000000000000000e+00
6.972578880544726587e+01,1.000000000000000000e+00,9.000000000000000000e+00
6.972578880544726587e+01,1.000000000000000000e+00,8.000000000000000000e+00
6.972578880544726587e+01,1.000000000000000000e+00,1.300000000000000000e+01
6.972578880544726587e+01,1.000000000000000000e+00,1.100000000000000000e+01
6.972578880544726587e+01,1.000000000000000000e+00,7.000000000000000000e+00
6.972578880544726587e+01,1.000000000000000000e+00,8.000000000000000000e+00
6.972578880544726587e+01,1.000000000000000000e+00,1.200000000000000000e+01
6.972578880544726587e+01,1.000000000000000000e+00,7.000000000000000000e+00
6.972578880544726587e+01,1.000000000000000000e+00,1.100000000000000000e+01
6.972578880544726587e+01,1.000000000000000000e+00,1.200000000000000000e+01
6.972578880544726587e+01,1.000000000000000000e+00,1.000000000000000000e+01
6.972578880544726587e+01,1.000000000000000000e+00,1.200000000000000000e+01
6.972578880544726587e+01,1.000000000000000000e+00,9.000000000000000000e+00
6.972578880544726587e+01,1.000000000000000000e+00,1.300000000000000000e+01
6.972578880544726587e+01,1.000000000000000000e+00,1.100000000000000000e+01
6.972578880544726587e+01,1.000000000000000000e+00,1.300000000000000000e+01
6.972578880544726587e+01,1.000000000000000000e+00,6.000000000000000000e+00
6.972578880544726587e+01,1.000000000000000000e+00,1.200000000000000000e+01
6.972578880544726587e+01,1.000000000000000000e+00,1.000000000000000000e+01
6.972578880544726587e+01,1.000000000000000000e+00,9.000000000000000000e+00
6.972578880544726587e+01,1.000000000000000000e+00,1.000000000000000000e+01
6.972578880544726587e+01,1.000000000000000000e+00,1.100000000000000000e+01
6.972578880544726587e+01,1.000000000000000000e+00,1.400000000000000000e+01
6.972578880544726587e+01,1.000000000000000000e+00,1.600000000000000000e+01
6.972578880544726587e+01,1.000000000000000000e+00,8.000000000000000000e+00
6.972578880544726587e+01,1.000000000000000000e+00,1.100000000000000000e+01
6.972578880544726587e+01,1.000000000000000000e+00,1.000000000000000000e+01
6.972578880544726587e+01,1.000000000000000000e+00,1.300000000000000000e+01
6.972578880544726587e+01,1.000000000000000000e+00,1.200000000000000000e+01
6.972578880544726587e+01,1.000000000000000000e+00,1.300000000000000000e+01
6.972578880544726587e+01,1.000000000000000000e+00,1.100000000000000000e+01
6.972578880544726587e+01,1.000000000000000000e+00,1.300000000000000000e+01
6.972578880544726587e+01,1.000000000000000000e+00,1.200000000000000000e+01
6.972578880544726587e+01,1.000000000000000000e+00,1.100000000000000000e+01
6.972578880544726587e+01,1.000000000000000000e+00,1.100000000000000000e+01
6.972578880544726587e+01,1.000000000000000000e+00,9.000000000000000000e+00
6.972578880544726587e+01,1.000000000000000000e+00,1.600000000000000000e+01
6.972578880544726587e+01,1.000000000000000000e+00,1.500000000000000000e+01
6.972578880544726587e+01,1.000000000000000000e+00,1.400000000000000000e+01
6.972578880544726587e+01,1.000000000000000000e+00,1.400000000000000000e+01
6.972578880544726587e+01,1.000000000000000000e+00,1.000000000000000000e+01
6.972578880544726587e+01,1.000000000000000000e+00,1.300000000000000000e+01
6.972578880544726587e+01,1.000000000000000000e+00,1.200000000000000000e+01
6.972578880544726587e+01,1.000000000000000000e+00,1.200000000000000000e+01
6.972578880544726587e+01,1.000000000000000000e+00,1.300000000000000000e+01
6.972578880544726587e+01,1.000000000000000000e+00,1.500000000000000000e+01
6.972578880544726587e+01,1.000000000000000000e+00,1.500000000000000000e+01
6.972578880544726587e+01,1.000000000000000000e+00,1.100000000000000000e+01
6.972578880544726587e+01,1.000000000000000000e+00,1.300000000000000000e+01
6.972578880544726587e+01,1.000000000000000000e+00,1.300000000000000000e+01
6.972578880544726587e+01,1.000000000000000000e+00,2.000000000000000000e+01
6.972578880544726587e+01,1.000000000000000000e+00,1.200000000000000000e+01
6.972578880544726587e+01,1.000000000000000000e+00,1.300000000000000000e+01
6.972578880544726587e+01,1.000000000000000000e+00,1.300000000000000000e+01
6.972578880544726587e+01,1.000000000000000000e+00,1.700000000000000000e+01
6.972578880544726587e+01,1.000000000000000000e+00,1.200000000000000000e+01
6.972578880544726587e+01,1.000000000000000000e+00,1.000000000000000000e+01
6.972578880544726587e+01,1.000000000000000000e+00,1.600000000000000000e+01
6.972578880544726587e+01,1.000000000000000000e+00,1.200000000000000000e+01
6.972578880544726587e+01,1.000000000000000000e+00,1.400000000000000000e+01
6.972578880544726587e+01,1.000000000000000000e+00,1.400000000000000000e+01
6.972578880544726587e+01,1.000000000000000000e+00,1.400000000000000000e+01
6.972578880544726587e+01,1.000000000000000000e+00,1.400000000000000000e+01
6.972578880544726587e+01,1.000000000000000000e+00,1.600000000000000000e+01
6.972578880544726587e+01,1.000000000000000000e+00,1.200000000000000000e+01
6.972578880544726587e+01,1.000000000000000000e+00,1.600000000000000000e+01
6.972578880544726587e+01,1.000000000000000000e+00,1.200000000000000000e+01
6.972578880544726587e+01,1.000000000000000000e+00,1.400000000000000000e+01
6.972578880544726587e+01,1.000000000000000000e+00,1.300000000000000000e+01
6.972578880544726587e+01,1.000000000000000000e+00,1.600000000000000000e+01
6.972578880544726587e+01,1.000000000000000000e+00,1.500000000000000000e+01
6.972578880544726587e+01,1.000000000000000000e+00,1.300000000000000000e+01
6.972578880544726587e+01,1.000000000000000000e+00,1.700000000000000000e+01
6.972578880544726587e+01,1.000000000000000000e+00,1.400000000000000000e+01
6.972578880544726587e+01,1.000000000000000000e+00,1.400000000000000000e+01
6.972578880544726587e+01,1.000000000000000000e+00,1.300000000000000000e+01
6.972578880544726587e+01,1.000000000000000000e+00,1.500000000000000000e+01
6.972578880544726587e+01,1.000000000000000000e+00,1.300000000000000000e+01
6.972578880544726587e+01,1.000000000000000000e+00,1.400000000000000000e+01
6.972578880544726587e+01,1.000000000000000000e+00,1.600000000000000000e+01
6.972578880544726587e+01,1.000000000000000000e+00,1.500000000000000000e+01
6.972578880544726587e+01,1.000000000000000000e+00,1.700000000000000000e+01
6.972578880544726587e+01,1.000000000000000000e+00,1.700000000000000000e+01
6.972578880544726587e+01,1.000000000000000000e+00,1.400000000000000000e+01
6.972578880544726587e+01,1.000000000000000000e+00,1.400000000000000000e+01
6.972578880544726587e+01,1.000000000000000000e+00,1.800000000000000000e+01
6.972578880544726587e+01,1.000000000000000000e+00,1.400000000000000000e+01
6.972578880544726587e+01,1.000000000000000000e+00,1.600000000000000000e+01
6.972578880544726587e+01,1.000000000000000000e+00,1.500000000000000000e+01
6.972578880544726587e+01,1.000000000000000000e+00,1.800000000000000000e+01
6.972578880544726587e+01,1.000000000000000000e+00,1.400000000000000000e+01
6.972578880544726587e+01,1.000000000000000000e+00,1.400000000000000000e+01
6.972578880544726587e+01,1.000000000000000000e+00,1.900000000000000000e+01
6.972578880544726587e+01,1.000000000000000000e+00,1.700000000000000000e+01
6.972578880544726587e+01,1.000000000000000000e+00,1.700000000000000000e+01
6.972578880544726587e+01,1.000000000000000000e+00,1.700000000000000000e+01
6.972578880544726587e+01,1.000000000000000000e+00,1.900000000000000000e+01
6.972578880544726587e+01,1.000000000000000000e+00,1.600000000000000000e+01
6.972578880544726587e+01,1.000000000000000000e+00,1.800000000000000000e+01
6.972578880544726587e+01,1.000000000000000000e+00,2.000000000000000000e+01
6.972578880544726587e+01,1.000000000000000000e+00,1.900000000000000000e+01
6.972578880544726587e+01,1.000000000000000000e+00,1.800000000000000000e+01
6.972578880544726587e+01,1.000000000000000000e+00,1.700000000000000000e+01
6.972578880544726587e+01,1.000000000000000000e+00,1.800000000000000000e+01
6.972578880544726587e+01,1.000000000000000000e+00,1.800000000000000000e+01
6.972578880544726587e+01,1.000000000000000000e+00,1.500000000000000000e+01
6.972578880544726587e+01,1.000000000000000000e+00,1.500000000000000000e+01
6.972578880544726587e+01,1.000000000000000000e+00,1.800000000000000000e+01
6.972578880544726587e+01,1.000000000000000000e+00,1.500000000000000000e+01
6.972578880544726587e+01,1.000000000000000000e+00,1.800000000000000000e+01
6.972578880544726587e+01,1.000000000000000000e+00,2.100000000000000000e+01
6.972578880544726587e+01,1.000000000000000000e+00,1.600000000000000000e+01
6.972578880544726587e+01,1.000000000000000000e+00,1.700000000000000000e+01
6.972578880544726587e+01,1.000000000000000000e+00,2.000000000000000000e+01
6.972578880544726587e+01,1.000000000000000000e+00,1.800000000000000000e+01
6.972578880544726587e+01,1.000000000000000000e+00,1.700000000000000000e+01
6.972578880544726587e+01,1.000000000000000000e+00,1.800000000000000000e+01
6.972578880544726587e+01,1.000000000000000000e+00,2.000000000000000000e+01
6.972578880544726587e+01,1.000000000000000000e+00,1.600000000000000000e+01
6.972578880544726587e+01,1.000000000000000000e+00,2.200000000000000000e+01
6.972578880544726587e+01,1.000000000000000000e+00,2.000000000000000000e+01
6.972578880544726587e+01,1.000000000000000000e+00,2.100000000000000000e+01
6.972578880544726587e+01,1.000000000000000000e+00,1.800000000000000000e+01
6.972578880544726587e+01,1.000000000000000000e+00,1.900000000000000000e+01
6.972578880544726587e+01,1.000000000000000000e+00,2.100000000000000000e+01
6.972578880544726587e+01,1.000000000000000000e+00,1.800000000000000000e+01
6.972578880544726587e+01,1.000000000000000000e+00,2.100000000000000000e+01
6.972578880544726587e+01,1.000000000000000000e+00,1.800000000000000000e+01
6.972578880544726587e+01,1.000000000000000000e+00,1.400000000000000000e+01
6.972578880544726587e+01,1.000000000000000000e+00,2.200000000000000000e+01
6.972578880544726587e+01,1.000000000000000000e+00,2.000000000000000000e+01
6.972578880544726587e+01,1.000000000000000000e+00,2.000000000000000000e+01
6.972578880544726587e+01,1.000000000000000000e+00,2.000000000000000000e+01
6.972578880544726587e+01,1.000000000000000000e+00,1.800000000000000000e+01
6.972578880544726587e+01,1.000000000000000000e+00,2.000000000000000000e+01
6.972578880544726587e+01,1.000000000000000000e+00,2.000000000000000000e+01
6.972578880544726587e+01,1.000000000000000000e+00,2.200000000000000000e+01
6.972578880544726587e+01,1.000000000000000000e+00,2.100000000000000000e+01
6.972578880544726587e+01,1.000000000000000000e+00,1.800000000000000000e+01
6.972578880544726587e+01,1.000000000000000000e+00,1.900000000000000000e+01
6.972578880544726587e+01,1.000000000000000000e+00,2.300000000000000000e+01
6.972578880544726587e+01,1.000000000000000000e+00,2.400000000000000000e+01
6.972578880544726587e+01,1.000000000000000000e+00,2.300000000000000000e+01
6.972578880544726587e+01,1.000000000000000000e+00,2.200000000000000000e+01
6.972578880544726587e+01,1.000000000000000000e+00,2.200000000000000000e+01
6.972578880544726587e+01,1.000000000000000000e+00,2.200000000000000000e+01
6.972578880544726587e+01,1.000000000000000000e+00,2.000000000000000000e+01
6.972578880544726587e+01,1.000000000000000000e+00,2.300000000000000000e+01
6.972578880544726587e+01,1.000000000000000000e+00,2.500000000000000000e+01
6.972578880544726587e+01,1.000000000000000000e+00,1.900000000000000000e+01
6.972578880544726587e+01,1.000000000000000000e+00,2.000000000000000000e+01
6.972578880544726587e+01,1.000000000000000000e+00,2.000000000000000000e+01
6.972578880544726587e+01,1.000000000000000000e+00,2.300000000000000000e+01
6.972578880544726587e+01,1.000000000000000000e+00,2.100000000000000000e+01
6.972578880544726587e+01,1.000000000000000000e+00,2.000000000000000000e+01
6.972578880544726587e+01,1.000000000000000000e+00,2.000000000000000000e+01
6.972578880544726587e+01,1.000000000000000000e+00,2.400000000000000000e+01
6.972578880544726587e+01,1.000000000000000000e+00,2.100000000000000000e+01
6.972578880544726587e+01,1.000000000000000000e+00,2.400000000000000000e+01
6.972578880544726587e+01,1.000000000000000000e+00,1.700000000000000000e+01
6.972578880544726587e+01,1.000000000000000000e+00,2.300000000000000000e+01
6.972578880544726587e+01,1.000000000000000000e+00,2.200000000000000000e+01
6.972578880544726587e+01,1.000000000000000000e+00,2.200000000000000000e+01
6.972578880544726587e+01,1.000000000000000000e+00,2.400000000000000000e+01
6.972578880544726587e+01,1.000000000000000000e+00,2.100000000000000000e+01
6.972578880544726587e+01,1.000000000000000000e+00,2.000000000000000000e+01
6.972578880544726587e+01,1.000000000000000000e+00,1.700000000000000000e+01
6.972578880544726587e+01,1.000000000000000000e+00,2.500000000000000000e+01
6.972578880544726587e+01,1.000000000000000000e+00,2.500000000000000000e+01
6.972578880544726587e+01,1.000000000000000000e+00,2.300000000000000000e+01
6.972578880544726587e+01,1.000000000000000000e+00,2.100000000000000000e+01
6.972578880544726587e+01,1.000000000000000000e+00,2.500000000000000000e+01
6.972578880544726587e+01,1.000000000000000000e+00,2.500000000000000000e+01
6.972578880544726587e+01,1.000000000000000000e+00,2.300000000000000000e+01
6.972578880544726587e+01,1.000000000000000000e+00,2.200000000000000000e+01
6.972578880544726587e+01,1.000000000000000000e+00,2.400000000000000000e+01
6.972578880544726587e+01,1.000000000000000000e+00,2.300000000000000000e+01
6.972578880544726587e+01,1.000000000000000000e+00,2.400000000000000000e+01
6.972578880544726587e+01,1.000000000000000000e+00,2.100000000000000000e+01
6.972578880544726587e+01,1.000000000000000000e+00,2.500000000000000000e+01
6.972578880544726587e+01,1.000000000000000000e+00,2.400000000000000000e+01
6.972578880544726587e+01,1.000000000000000000e+00,2.700000000000000000e+01
6.972578880544726587e+01,1.000000000000000000e+00,2.200000000000000000e+01
6.972578880544726587e+01,1.000000000000000000e+00,2.300000000000000000e+01
6.972578880544726587e+01,1.000000000000000000e+00,2.400000000000000000e+01
6.972578880544726587e+01,1.000000000000000000e+00,2.700000000000000000e+01
6.972578880544726587e+01,1.000000000000000000e+00,2.800000000000000000e+01
6.972578880544726587e+01,1.000000000000000000e+00,2.500000000000000000e+01
6.972578880544726587e+01,1.000000000000000000e+00,2.400000000000000000e+01
6.972578880544726587e+01,1.000000000000000000e+00,2.500000000000000000e+01
6.972578880544726587e+01,1.000000000000000000e+00,2.300000000000000000e+01
6.972578880544726587e+01,1.000000000000000000e+00,2.700000000000000000e+01
6.972578880544726587e+01,1.000000000000000000e+00,2.700000000000000000e+01
6.972578880544726587e+01,1.000000000000000000e+00,2.700000000000000000e+01
6.972578880544726587e+01,1.000000000000000000e+00,2.100000000000000000e+01
6.972578880544726587e+01,1.000000000000000000e+00,2.400000000000000000e+01
6.972578880544726587e+01,1.000000000000000000e+00,2.700000000000000000e+01
6.972578880544726587e+01,1.000000000000000000e+00,2.700000000000000000e+01
6.972578880544726587e+01,1.000000000000000000e+00,2.400000000000000000e+01
6.972578880544726587e+01,1.000000000000000000e+00,2.300000000000000000e+01
6.972578880544726587e+01,1.000000000000000000e+00,2.700000000000000000e+01
6.972578880544726587e+01,1.000000000000000000e+00,2.700000000000000000e+01
6.972578880544726587e+01,1.000000000000000000e+00,2.900000000000000000e+01
6.972578880544726587e+01,1.000000000000000000e+00,2.600000000000000000e+01
6.972578880544726587e+01,1.000000000000000000e+00,2.700000000000000000e+01
6.972578880544726587e+01,1.000000000000000000e+00,2.300000000000000000e+01
6.972578880544726587e+01,1.000000000000000000e+00,2.500000000000000000e+01
6.972578880544726587e+01,1.000000000000000000e+00,2.300000000000000000e+01
6.972578880544726587e+01,1.000000000000000000e+00,2.300000000000000000e+01
6.972578880544726587e+01,1.000000000000000000e+00,2.700000000000000000e+01
6.972578880544726587e+01,1.000000000000000000e+00,2.500000000000000000e+01
6.972578880544726587e+01,1.000000000000000000e+00,2.500000000000000000e+01
6.972578880544726587e+01,1.000000000000000000e+00,2.800000000000000000e+01
6.972578880544726587e+01,1.000000000000000000e+00,2.900000000000000000e+01
6.972578880544726587e+01,1.000000000000000000e+00,2.800000000000000000e+01
6.972578880544726587e+01,1.000000000000000000e+00,2.900000000000000000e+01
6.972578880544726587e+01,1.000000000000000000e+00,2.800000000000000000e+01
6.972578880544726587e+01,1.000000000000000000e+00,3.000000000000000000e+01
6.972578880544726587e+01,1.000000000000000000e+00,2.800000000000000000e+01
6.972578880544726587e+01,1.000000000000000000e+00,2.300000000000000000e+01
6.972578880544726587e+01,1.000000000000000000e+00,2.500000000000000000e+01
6.972578880544726587e+01,1.000000000000000000e+00,2.900000000000000000e+01
6.972578880544726587e+01,1.000000000000000000e+00,3.200000000000000000e+01
6.972578880544726587e+01,1.000000000000000000e+00,2.900000000000000000e+01
6.972578880544726587e+01,1.000000000000000000e+00,3.000000000000000000e+01
6.972578880544726587e+01,1.000000000000000000e+00,2.500000000000000000e+01
6.972578880544726587e+01,1.000000000000000000e+00,2.600000000000000000e+01
6.972578880544726587e+01,1.000000000000000000e+00,2.700000000000000000e+01
6.972578880544726587e+01,1.000000000000000000e+00,2.700000000000000000e+01
6.972578880544726587e+01,1.000000000000000000e+00,3.000000000000000000e+01
6.972578880544726587e+01,1.000000000000000000e+00,2.700000000000000000e+01
6.972578880544726587e+01,1.000000000000000000e+00,2.400000000000000000e+01
6.972578880544726587e+01,1.000000000000000000e+00,2.700000000000000000e+01
6.972578880544726587e+01,1.000000000000000000e+00,2.700000000000000000e+01
6.972578880544726587e+01,1.000000000000000000e+00,2.600000000000000000e+01
6.972578880544726587e+01,1.000000000000000000e+00,2.800000000000000000e+01
6.972578880544726587e+01,1.000000000000000000e+00,2.800000000000000000e+01
6.972578880544726587e+01,1.000000000000000000e+00,2.800000000000000000e+01
6.972578880544726587e+01,1.000000000000000000e+00,2.700000000000000000e+01
6.972578880544726587e+01,1.000000000000000000e+00,2.800000000000000000e+01
6.972578880544726587e+01,1.000000000000000000e+00,2.800000000000000000e+01
6.972578880544726587e+01,1.000000000000000000e+00,2.600000000000000000e+01
6.972578880544726587e+01,1.000000000000000000e+00,3.100000000000000000e+01
6.972578880544726587e+01,1.000000000000000000e+00,2.600000000000000000e+01
6.972578880544726587e+01,1.000000000000000000e+00,2.600000000000000000e+01
6.972578880544726587e+01,1.000000000000000000e+00,2.900000000000000000e+01
6.972578880544726587e+01,1.000000000000000000e+00,2.900000000000000000e+01
6.972578880544726587e+01,1.000000000000000000e+00,2.800000000000000000e+01
6.972578880544726587e+01,1.000000000000000000e+00,3.100000000000000000e+01
6.972578880544726587e+01,1.000000000000000000e+00,3.200000000000000000e+01
6.972578880544726587e+01,1.000000000000000000e+00,3.200000000000000000e+01
6.972578880544726587e+01,1.000000000000000000e+00,2.900000000000000000e+01
6.972578880544726587e+01,1.000000000000000000e+00,2.800000000000000000e+01
6.972578880544726587e+01,1.000000000000000000e+00,3.200000000000000000e+01
6.972578880544726587e+01,1.000000000000000000e+00,3.100000000000000000e+01
6.972578880544726587e+01,1.000000000000000000e+00,3.000000000000000000e+01
6.972578880544726587e+01,1.000000000000000000e+00,2.500000000000000000e+01
6.972578880544726587e+01,1.000000000000000000e+00,3.300000000000000000e+01
6.972578880544726587e+01,1.000000000000000000e+00,3.200000000000000000e+01
6.972578880544726587e+01,1.000000000000000000e+00,2.900000000000000000e+01
6.972578880544726587e+01,1.000000000000000000e+00,3.200000000000000000e+01
6.972578880544726587e+01,1.000000000000000000e+00,3.000000000000000000e+01
6.972578880544726587e+01,1.000000000000000000e+00,2.600000000000000000e+01
6.972578880544726587e+01,1.000000000000000000e+00,3.200000000000000000e+01
6.972578880544726587e+01,1.000000000000000000e+00,2.700000000000000000e+01
6.972578880544726587e+01,1.000000000000000000e+00,2.900000000000000000e+01
6.972578880544726587e+01,1.000000000000000000e+00,3.000000000000000000e+01
6.972578880544726587e+01,1.000000000000000000e+00,2.800000000000000000e+01
6.972578880544726587e+01,1.000000000000000000e+00,3.400000000000000000e+01
6.972578880544726587e+01,1.000000000000000000e+00,3.300000000000000000e+01
6.972578880544726587e+01,1.000000000000000000e+00,3.100000000000000000e+01
6.972578880544726587e+01,1.000000000000000000e+00,2.700000000000000000e+01
6.972578880544726587e+01,1.000000000000000000e+00,3.000000000000000000e+01
6.972578880544726587e+01,1.000000000000000000e+00,3.200000000000000000e+01
6.972578880544726587e+01,1.000000000000000000e+00,3.200000000000000000e+01
6.972578880544726587e+01,1.000000000000000000e+00,3.300000000000000000e+01
6.972578880544726587e+01,1.000000000000000000e+00,3.200000000000000000e+01
6.972578880544726587e+01,1.000000000000000000e+00,3.400000000000000000e+01
6.972578880544726587e+01,1.000000000000000000e+00,2.900000000000000000e+01
6.972578880544726587e+01,1.000000000000000000e+00,3.000000000000000000e+01
6.972578880544726587e+01,1.000000000000000000e+00,3.400000000000000000e+01
6.972578880544726587e+01,1.000000000000000000e+00,2.900000000000000000e+01
6.972578880544726587e+01,1.000000000000000000e+00,3.100000000000000000e+01
6.972578880544726587e+01,1.000000000000000000e+00,3.400000000000000000e+01
6.972578880544726587e+01,1.000000000000000000e+00,3.400000000000000000e+01
6.972578880544726587e+01,1.000000000000000000e+00,2.900000000000000000e+01
6.972578880544726587e+01,1.000000000000000000e+00,3.000000000000000000e+01
6.972578880544726587e+01,1.000000000000000000e+00,3.100000000000000000e+01
6.972578880544726587e+01,1.000000000000000000e+00,3.400000000000000000e+01
6.972578880544726587e+01,1.000000000000000000e+00,3.100000000000000000e+01
6.972578880544726587e+01,1.000000000000000000e+00,3.100000000000000000e+01
6.972578880544726587e+01,1.000000000000000000e+00,3.300000000000000000e+01
6.972578880544726587e+01,1.000000000000000000e+00,3.400000000000000000e+01
6.972578880544726587e+01,1.000000000000000000e+00,3.300000000000000000e+01
6.972578880544726587e+01,1.000000000000000000e+00,3.100000000000000000e+01
6.972578880544726587e+01,1.000000000000000000e+00,2.700000000000000000e+01
6.972578880544726587e+01,1.000000000000000000e+00,3.100000000000000000e+01
6.972578880544726587e+01,1.000000000000000000e+00,3.200000000000000000e+01
6.972578880544726587e+01,1.000000000000000000e+00,3.600000000000000000e+01
6.972578880544726587e+01,1.000000000000000000e+00,3.200000000000000000e+01
6.972578880544726587e+01,1.000000000000000000e+00,3.300000000000000000e+01
6.972578880544726587e+01,1.000000000000000000e+00,3.300000000000000000e+01
6.972578880544726587e+01,1.000000000000000000e+00,3.100000000000000000e+01
6.972578880544726587e+01,1.000000000000000000e+00,3.400000000000000000e+01
6.972578880544726587e+01,1.000000000000000000e+00,3.100000000000000000e+01
6.972578880544726587e+01,1.000000000000000000e+00,3.300000000000000000e+01
6.972578880544726587e+01,1.000000000000000000e+00,3.200000000000000000e+01
6.972578880544726587e+01,1.000000000000000000e+00,3.300000000000000000e+01
6.972578880544726587e+01,1.000000000000000000e+00,3.300000000000000000e+01
6.972578880544726587e+01,1.000000000000000000e+00,3.200000000000000000e+01
6.972578880544726587e+01,1.000000000000000000e+00,3.400000000000000000e+01
6.972578880544726587e+01,1.000000000000000000e+00,3.300000000000000000e+01
6.972578880544726587e+01,1.000000000000000000e+00,3.700000000000000000e+01
6.972578880544726587e+01,1.000000000000000000e+00,3.600000000000000000e+01
6.972578880544726587e+01,1.000000000000000000e+00,3.100000000000000000e+01
6.972578880544726587e+01,1.000000000000000000e+00,3.300000000000000000e+01
6.972578880544726587e+01,1.000000000000000000e+00,3.400000000000000000e+01
6.972578880544726587e+01,1.000000000000000000e+00,3.600000000000000000e+01
6.972578880544726587e+01,1.000000000000000000e+00,3.500000000000000000e+01
6.972578880544726587e+01,1.000000000000000000e+00,3.400000000000000000e+01
6.972578880544726587e+01,1.000000000000000000e+00,3.400000000000000000e+01
6.972578880544726587e+01,1.000000000000000000e+00,3.600000000000000000e+01
6.972578880544726587e+01,1.000000000000000000e+00,3.500000000000000000e+01
6.972578880544726587e+01,1.000000000000000000e+00,3.100000000000000000e+01
6.972578880544726587e+01,1.000000000000000000e+00,3.300000000000000000e+01
6.972578880544726587e+01,1.000000000000000000e+00,3.200000000000000000e+01
6.972578880544726587e+01,1.000000000000000000e+00,3.800000000000000000e+01
6.972578880544726587e+01,1.000000000000000000e+00,3.200000000000000000e+01
6.972578880544726587e+01,1.000000000000000000e+00,3.700000000000000000e+01
6.972578880544726587e+01,1.000000000000000000e+00,3.400000000000000000e+01
6.972578880544726587e+01,1.000000000000000000e+00,3.400000000000000000e+01
6.972578880544726587e+01,1.000000000000000000e+00,3.300000000000000000e+01
6.972578880544726587e+01,1.000000000000000000e+00,3.500000000000000000e+01
6.972578880544726587e+01,1.000000000000000000e+00,3.500000000000000000e+01
6.972578880544726587e+01,1.000000000000000000e+00,4.000000000000000000e+01
6.972578880544726587e+01,1.000000000000000000e+00,3.600000000000000000e+01
6.972578880544726587e+01,1.000000000000000000e+00,3.500000000000000000e+01
6.972578880544726587e+01,1.000000000000000000e+00,3.600000000000000000e+01
6.972578880544726587e+01,1.000000000000000000e+00,3.600000000000000000e+01
6.972578880544726587e+01,1.000000000000000000e+00,3.600000000000000000e+01
6.972578880544726587e+01,1.000000000000000000e+00,3.700000000000000000e+01
6.972578880544726587e+01,1.000000000000000000e+00,3.400000000000000000e+01
6.972578880544726587e+01,1.000000000000000000e+00,4.000000000000000000e+01
6.972578880544726587e+01,1.000000000000000000e+00,3.500000000000000000e+01
6.972578880544726587e+01,1.000000000000000000e+00,3.500000000000000000e+01
6.972578880544726587e+01,1.000000000000000000e+00,3.700000000000000000e+01
6.972578880544726587e+01,1.000000000000000000e+00,3.300000000000000000e+01
6.972578880544726587e+01,1.000000000000000000e+00,3.500000000000000000e+01
6.972578880544726587e+01,1.000000000000000000e+00,3.700000000000000000e+01
6.972578880544726587e+01,1.000000000000000000e+00,3.700000000000000000e+01
6.972578880544726587e+01,1.000000000000000000e+00,3.300000000000000000e+01
6.972578880544726587e+01,1.000000000000000000e+00,3.800000000000000000e+01
6.972578880544726587e+01,1.000000000000000000e+00,3.700000000000000000e+01
6.972578880544726587e+01,1.000000000000000000e+00,3.600000000000000000e+01
6.972578880544726587e+01,1.000000000000000000e+00,3.500000000000000000e+01
6.972578880544726587e+01,1.000000000000000000e+00,3.500000000000000000e+01
6.972578880544726587e+01,1.000000000000000000e+00,4.000000000000000000e+01
6.972578880544726587e+01,1.000000000000000000e+00,4.000000000000000000e+01
6.972578880544726587e+01,1.000000000000000000e+00,3.600000000000000000e+01
6.972578880544726587e+01,1.000000000000000000e+00,3.800000000000000000e+01
6.972578880544726587e+01,1.000000000000000000e+00,3.800000000000000000e+01
6.972578880544726587e+01,1.000000000000000000e+00,4.200000000000000000e+01
6.972578880544726587e+01,1.000000000000000000e+00,3.900000000000000000e+01
6.972578880544726587e+01,1.000000000000000000e+00,3.600000000000000000e+01
6.972578880544726587e+01,1.000000000000000000e+00,4.000000000000000000e+01
6.972578880544726587e+01,1.000000000000000000e+00,3.800000000000000000e+01
6.972578880544726587e+01,1.000000000000000000e+00,4.100000000000000000e+01
6.972578880544726587e+01,1.000000000000000000e+00,4.100000000000000000e+01
6.972578880544726587e+01,1.000000000000000000e+00,3.700000000000000000e+01
6.972578880544726587e+01,1.000000000000000000e+00,3.600000000000000000e+01
6.972578880544726587e+01,1.000000000000000000e+00,3.500000000000000000e+01
6.972578880544726587e+01,1.000000000000000000e+00,4.100000000000000000e+01
6.972578880544726587e+01,1.000000000000000000e+00,3.800000000000000000e+01
6.972578880544726587e+01,1.000000000000000000e+00,3.700000000000000000e+01
6.972578880544726587e+01,1.000000000000000000e+00,3.900000000000000000e+01
6.972578880544726587e+01,1.000000000000000000e+00,3.900000000000000000e+01
6.972578880544726587e+01,1.000000000000000000e+00,4.100000000000000000e+01
6.972578880544726587e+01,1.000000000000000000e+00,4.000000000000000000e+01
6.972578880544726587e+01,1.000000000000000000e+00,4.300000000000000000e+01
6.972578880544726587e+01,1.000000000000000000e+00,3.600000000000000000e+01
6.972578880544726587e+01,1.000000000000000000e+00,3.800000000000000000e+01
6.972578880544726587e+01,1.000000000000000000e+00,3.800000000000000000e+01
6.972578880544726587e+01,1.000000000000000000e+00,3.900000000000000000e+01
6.972578880544726587e+01,1.000000000000000000e+00,4.000000000000000000e+01
6.972578880544726587e+01,1.000000000000000000e+00,4.000000000000000000e+01
6.972578880544726587e+01,1.000000000000000000e+00,3.900000000000000000e+01
6.972578880544726587e+01,1.000000000000000000e+00,3.800000000000000000e+01
6.972578880544726587e+01,1.000000000000000000e+00,4.000000000000000000e+01
6.972578880544726587e+01,1.000000000000000000e+00,4.300000000000000000e+01
6.972578880544726587e+01,1.000000000000000000e+00,3.900000000000000000e+01
6.972578880544726587e+01,1.000000000000000000e+00,3.800000000000000000e+01
6.972578880544726587e+01,1.000000000000000000e+00,4.000000000000000000e+01
6.972578880544726587e+01,1.000000000000000000e+00,4.000000000000000000e+01
6.972578880544726587e+01,1.000000000000000000e+00,3.400000000000000000e+01
6.972578880544726587e+01,1.000000000000000000e+00,3.900000000000000000e+01
6.972578880544726587e+01,1.000000000000000000e+00,3.700000000000000000e+01
6.972578880544726587e+01,1.000000000000000000e+00,4.100000000000000000e+01
6.972578880544726587e+01,1.000000000000000000e+00,4.300000000000000000e+01
6.972578880544726587e+01,1.000000000000000000e+00,3.900000000000000000e+01
6.972578880544726587e+01,1.000000000000000000e+00,3.700000000000000000e+01
6.972578880544726587e+01,1.000000000000000000e+00,3.600000000000000000e+01
6.972578880544726587e+01,1.000000000000000000e+00,4.200000000000000000e+01
6.972578880544726587e+01,1.000000000000000000e+00,4.100000000000000000e+01
6.972578880544726587e+01,1.000000000000000000e+00,4.000000000000000000e+01
6.972578880544726587e+01,1.000000000000000000e+00,4.200000000000000000e+01
6.972578880544726587e+01,1.000000000000000000e+00,4.100000000000000000e+01
6.972578880544726587e+01,1.000000000000000000e+00,3.900000000000000000e+01
6.972578880544726587e+01,1.000000000000000000e+00,4.100000000000000000e+01
6.972578880544726587e+01,1.000000000000000000e+00,4.200000000000000000e+01
6.972578880544726587e+01,1.000000000000000000e+00,3.900000000000000000e+01
6.972578880544726587e+01,1.000000000000000000e+00,3.900000000000000000e+01
6.972578880544726587e+01,1.000000000000000000e+00,3.900000000000000000e+01
6.972578880544726587e+01,1.000000000000000000e+00,3.900000000000000000e+01
6.972578880544726587e+01,1.000000000000000000e+00,4.000000000000000000e+01
6.972578880544726587e+01,1.000000000000000000e+00,3.700000000000000000e+01
6.972578880544726587e+01,1.000000000000000000e+00,4.000000000000000000e+01
6.972578880544726587e+01,1.000000000000000000e+00,3.500000000000000000e+01
6.972578880544726587e+01,1.000000000000000000e+00,4.000000000000000000e+01
6.972578880544726587e+01,1.000000000000000000e+00,3.900000000000000000e+01
6.972578880544726587e+01,1.000000000000000000e+00,4.200000000000000000e+01
6.972578880544726587e+01,1.000000000000000000e+00,3.800000000000000000e+01
6.972578880544726587e+01,1.000000000000000000e+00,4.000000000000000000e+01
6.972578880544726587e+01,1.000000000000000000e+00,4.100000000000000000e+01
6.972578880544726587e+01,1.000000000000000000e+00,3.900000000000000000e+01
6.972578880544726587e+01,1.000000000000000000e+00,3.800000000000000000e+01
6.972578880544726587e+01,1.000000000000000000e+00,3.900000000000000000e+01
6.972578880544726587e+01,1.000000000000000000e+00,4.100000000000000000e+01
6.972578880544726587e+01,1.000000000000000000e+00,4.100000000000000000e+01
6.972578880544726587e+01,1.000000000000000000e+00,4.500000000000000000e+01
6.972578880544726587e+01,1.000000000000000000e+00,4.400000000000000000e+01
6.972578880544726587e+01,1.000000000000000000e+00,4.400000000000000000e+01
6.972578880544726587e+01,1.000000000000000000e+00,4.000000000000000000e+01
6.972578880544726587e+01,1.000000000000000000e+00,4.000000000000000000e+01
6.972578880544726587e+01,1.000000000000000000e+00,4.200000000000000000e+01
6.972578880544726587e+01,1.000000000000000000e+00,4.200000000000000000e+01
6.972578880544726587e+01,1.000000000000000000e+00,4.000000000000000000e+01
6.972578880544726587e+01,1.000000000000000000e+00,4.100000000000000000e+01
6.972578880544726587e+01,1.000000000000000000e+00,4.100000000000000000e+01
6.972578880544726587e+01,1.000000000000000000e+00,4.300000000000000000e+01
6.972578880544726587e+01,1.000000000000000000e+00,4.300000000000000000e+01
6.972578880544726587e+01,1.000000000000000000e+00,4.300000000000000000e+01
6.972578880544726587e+01,1.000000000000000000e+00,4.500000000000000000e+01
6.972578880544726587e+01,1.000000000000000000e+00,4.200000000000000000e+01
6.972578880544726587e+01,1.000000000000000000e+00,4.100000000000000000e+01
6.972578880544726587e+01,1.000000000000000000e+00,3.800000000000000000e+01
6.972578880544726587e+01,1.000000000000000000e+00,4.700000000000000000e+01
6.972578880544726587e+01,1.000000000000000000e+00,4.500000000000000000e+01
6.972578880544726587e+01,1.000000000000000000e+00,4.200000000000000000e+01
6.972578880544726587e+01,1.000000000000000000e+00,4.400000000000000000e+01
6.972578880544726587e+01,1.000000000000000000e+00,4.300000000000000000e+01
6.972578880544726587e+01,1.000000000000000000e+00,4.600000000000000000e+01
6.972578880544726587e+01,1.000000000000000000e+00,4.300000000000000000e+01
6.972578880544726587e+01,1.000000000000000000e+00,4.100000000000000000e+01
6.972578880544726587e+01,1.000000000000000000e+00,4.600000000000000000e+01
6.972578880544726587e+01,1.000000000000000000e+00,4.300000000000000000e+01
6.972578880544726587e+01,1.000000000000000000e+00,4.200000000000000000e+01
6.972578880544726587e+01,1.000000000000000000e+00,4.100000000000000000e+01
6.972578880544726587e+01,1.000000000000000000e+00,4.500000000000000000e+01
6.972578880544726587e+01,1.000000000000000000e+00,4.100000000000000000e+01
6.972578880544726587e+01,1.000000000000000000e+00,4.600000000000000000e+01
6.972578880544726587e+01,1.000000000000000000e+00,4.300000000000000000e+01
6.972578880544726587e+01,1.000000000000000000e+00,4.100000000000000000e+01
6.972578880544726587e+01,1.000000000000000000e+00,4.300000000000000000e+01
6.972578880544726587e+01,1.000000000000000000e+00,4.500000000000000000e+01
6.972578880544726587e+01,1.000000000000000000e+00,4.300000000000000000e+01
6.972578880544726587e+01,1.000000000000000000e+00,3.900000000000000000e+01
6.972578880544726587e+01,1.000000000000000000e+00,4.400000000000000000e+01
6.972578880544726587e+01,1.000000000000000000e+00,4.500000000000000000e+01
6.972578880544726587e+01,1.000000000000000000e+00,4.300000000000000000e+01
6.972578880544726587e+01,1.000000000000000000e+00,4.300000000000000000e+01
6.972578880544726587e+01,1.000000000000000000e+00,4.200000000000000000e+01
6.972578880544726587e+01,1.000000000000000000e+00,4.100000000000000000e+01
6.972578880544726587e+01,1.000000000000000000e+00,4.200000000000000000e+01
6.972578880544726587e+01,1.000000000000000000e+00,4.500000000000000000e+01
6.972578880544726587e+01,1.000000000000000000e+00,4.000000000000000000e+01
6.972578880544726587e+01,1.000000000000000000e+00,4.000000000000000000e+01
6.972578880544726587e+01,1.000000000000000000e+00,4.300000000000000000e+01
6.972578880544726587e+01,1.000000000000000000e+00,4.000000000000000000e+01
6.972578880544726587e+01,1.000000000000000000e+00,4.400000000000000000e+01
6.972578880544726587e+01,1.000000000000000000e+00,4.000000000000000000e+01
6.972578880544726587e+01,1.000000000000000000e+00,4.200000000000000000e+01
6.972578880544726587e+01,1.000000000000000000e+00,4.800000000000000000e+01
6.972578880544726587e+01,1.000000000000000000e+00,4.400000000000000000e+01
6.972578880544726587e+01,1.000000000000000000e+00,4.200000000000000000e+01
6.972578880544726587e+01,1.000000000000000000e+00,4.400000000000000000e+01
6.972578880544726587e+01,1.000000000000000000e+00,4.400000000000000000e+01
6.972578880544726587e+01,1.000000000000000000e+00,4.100000000000000000e+01
6.972578880544726587e+01,1.000000000000000000e+00,4.500000000000000000e+01
6.972578880544726587e+01,1.000000000000000000e+00,4.700000000000000000e+01
6.972578880544726587e+01,1.000000000000000000e+00,4.100000000000000000e+01
6.972578880544726587e+01,1.000000000000000000e+00,4.500000000000000000e+01
6.972578880544726587e+01,1.000000000000000000e+00,4.800000000000000000e+01
6.972578880544726587e+01,1.000000000000000000e+00,4.800000000000000000e+01
6.972578880544726587e+01,1.000000000000000000e+00,4.700000000000000000e+01
6.972578880544726587e+01,1.000000000000000000e+00,3.900000000000000000e+01
6.972578880544726587e+01,1.000000000000000000e+00,4.500000000000000000e+01
6.972578880544726587e+01,1.000000000000000000e+00,4.200000000000000000e+01
6.972578880544726587e+01,1.000000000000000000e+00,4.400000000000000000e+01
6.972578880544726587e+01,1.000000000000000000e+00,4.200000000000000000e+01
6.972578880544726587e+01,1.000000000000000000e+00,4.700000000000000000e+01
6.972578880544726587e+01,1.000000000000000000e+00,4.300000000000000000e+01
6.972578880544726587e+01,1.000000000000000000e+00,4.600000000000000000e+01
6.972578880544726587e+01,1.000000000000000000e+00,4.300000000000000000e+01
6.972578880544726587e+01,1.000000000000000000e+00,4.600000000000000000e+01
6.972578880544726587e+01,1.000000000000000000e+00,4.500000000000000000e+01
6.972578880544726587e+01,1.000000000000000000e+00,4.300000000000000000e+01
6.972578880544726587e+01,1.000000000000000000e+00,4.600000000000000000e+01
6.972578880544726587e+01,1.000000000000000000e+00,4.300000000000000000e+01
6.972578880544726587e+01,1.000000000000000000e+00,4.700000000000000000e+01
6.972578880544726587e+01,1.000000000000000000e+00,4.600000000000000000e+01
6.972578880544726587e+01,1.000000000000000000e+00,4.800000000000000000e+01
6.972578880544726587e+01,1.000000000000000000e+00,4.800000000000000000e+01
6.972578880544726587e+01,1.000000000000000000e+00,4.300000000000000000e+01
6.972578880544726587e+01,1.000000000000000000e+00,5.000000000000000000e+01
6.972578880544726587e+01,1.000000000000000000e+00,4.600000000000000000e+01
6.972578880544726587e+01,1.000000000000000000e+00,4.300000000000000000e+01
6.972578880544726587e+01,1.000000000000000000e+00,4.500000000000000000e+01
6.972578880544726587e+01,1.000000000000000000e+00,4.900000000000000000e+01
6.972578880544726587e+01,1.000000000000000000e+00,4.400000000000000000e+01
6.972578880544726587e+01,1.000000000000000000e+00,4.500000000000000000e+01
6.972578880544726587e+01,1.000000000000000000e+00,4.600000000000000000e+01
6.972578880544726587e+01,1.000000000000000000e+00,5.000000000000000000e+01
6.972578880544726587e+01,1.000000000000000000e+00,4.600000000000000000e+01
6.972578880544726587e+01,1.000000000000000000e+00,4.700000000000000000e+01
6.972578880544726587e+01,1.000000000000000000e+00,4.500000000000000000e+01
6.972578880544726587e+01,1.000000000000000000e+00,4.300000000000000000e+01
6.972578880544726587e+01,1.000000000000000000e+00,4.400000000000000000e+01
6.972578880544726587e+01,1.000000000000000000e+00,4.700000000000000000e+01
6.972578880544726587e+01,1.000000000000000000e+00,4.600000000000000000e+01
6.972578880544726587e+01,1.000000000000000000e+00,4.700000000000000000e+01
6.972578880544726587e+01,1.000000000000000000e+00,4.800000000000000000e+01
6.972578880544726587e+01,1.000000000000000000e+00,4.600000000000000000e+01
6.972578880544726587e+01,1.000000000000000000e+00,4.600000000000000000e+01
6.972578880544726587e+01,1.000000000000000000e+00,4.300000000000000000e+01
6.972578880544726587e+01,1.000000000000000000e+00,4.600000000000000000e+01
6.972578880544726587e+01,1.000000000000000000e+00,5.200000000000000000e+01
6.972578880544726587e+01,1.000000000000000000e+00,4.700000000000000000e+01
6.972578880544726587e+01,1.000000000000000000e+00,4.500000000000000000e+01
6.972578880544726587e+01,1.000000000000000000e+00,4.600000000000000000e+01
6.972578880544726587e+01,1.000000000000000000e+00,4.500000000000000000e+01
6.972578880544726587e+01,1.000000000000000000e+00,4.000000000000000000e+01
6.972578880544726587e+01,1.000000000000000000e+00,4.500000000000000000e+01
6.972578880544726587e+01,1.000000000000000000e+00,4.600000000000000000e+01
6.972578880544726587e+01,1.000000000000000000e+00,4.600000000000000000e+01
6.972578880544726587e+01,1.000000000000000000e+00,4.700000000000000000e+01
6.972578880544726587e+01,1.000000000000000000e+00,4.800000000000000000e+01
6.972578880544726587e+01,1.000000000000000000e+00,4.700000000000000000e+01
6.972578880544726587e+01,1.000000000000000000e+00,5.000000000000000000e+01
6.972578880544726587e+01,1.000000000000000000e+00,4.700000000000000000e+01
6.972578880544726587e+01,1.000000000000000000e+00,4.700000000000000000e+01
6.972578880544726587e+01,1.000000000000000000e+00,4.600000000000000000e+01
6.972578880544726587e+01,1.000000000000000000e+00,4.600000000000000000e+01
6.972578880544726587e+01,1.000000000000000000e+00,4.400000000000000000e+01
6.972578880544726587e+01,1.000000000000000000e+00,4.700000000000000000e+01
6.972578880544726587e+01,1.000000000000000000e+00,4.800000000000000000e+01
6.972578880544726587e+01,1.000000000000000000e+00,5.000000000000000000e+01
6.972578880544726587e+01,1.000000000000000000e+00,4.300000000000000000e+01
6.972578880544726587e+01,1.000000000000000000e+00,4.800000000000000000e+01
6.972578880544726587e+01,1.000000000000000000e+00,4.600000000000000000e+01
6.972578880544726587e+01,1.000000000000000000e+00,4.900000000000000000e+01
6.972578880544726587e+01,1.000000000000000000e+00,4.400000000000000000e+01
6.972578880544726587e+01,1.000000000000000000e+00,4.700000000000000000e+01
6.972578880544726587e+01,1.000000000000000000e+00,4.900000000000000000e+01
6.972578880544726587e+01,1.000000000000000000e+00,4.700000000000000000e+01
6.972578880544726587e+01,1.000000000000000000e+00,4.700000000000000000e+01
6.972578880544726587e+01,1.000000000000000000e+00,4.600000000000000000e+01
6.972578880544726587e+01,1.000000000000000000e+00,4.600000000000000000e+01
6.972578880544726587e+01,1.000000000000000000e+00,4.700000000000000000e+01
6.972578880544726587e+01,1.000000000000000000e+00,4.900000000000000000e+01
6.972578880544726587e+01,1.000000000000000000e+00,4.500000000000000000e+01
6.972578880544726587e+01,1.000000000000000000e+00,4.700000000000000000e+01
6.972578880544726587e+01,1.000000000000000000e+00,4.500000000000000000e+01
6.972578880544726587e+01,1.000000000000000000e+00,4.600000000000000000e+01
6.972578880544726587e+01,1.000000000000000000e+00,4.800000000000000000e+01
6.972578880544726587e+01,1.000000000000000000e+00,4.800000000000000000e+01
6.972578880544726587e+01,1.000000000000000000e+00,5.000000000000000000e+01
6.972578880544726587e+01,1.000000000000000000e+00,4.500000000000000000e+01
6.972578880544726587e+01,1.000000000000000000e+00,4.500000000000000000e+01
6.972578880544726587e+01,1.000000000000000000e+00,4.800000000000000000e+01
6.972578880544726587e+01,1.000000000000000000e+00,4.700000000000000000e+01
6.972578880544726587e+01,1.000000000000000000e+00,4.500000000000000000e+01
6.972578880544726587e+01,1.000000000000000000e+00,4.800000000000000000e+01
6.972578880544726587e+01,1.000000000000000000e+00,5.200000000000000000e+01
6.972578880544726587e+01,1.000000000000000000e+00,4.600000000000000000e+01
6.972578880544726587e+01,1.000000000000000000e+00,4.500000000000000000e+01
6.972578880544726587e+01,1.000000000000000000e+00,4.900000000000000000e+01
6.972578880544726587e+01,1.000000000000000000e+00,4.500000000000000000e+01
6.972578880544726587e+01,1.000000000000000000e+00,5.200000000000000000e+01
6.972578880544726587e+01,1.000000000000000000e+00,5.000000000000000000e+01
6.972578880544726587e+01,1.000000000000000000e+00,4.700000000000000000e+01
6.972578880544726587e+01,1.000000000000000000e+00,4.600000000000000000e+01
6.972578880544726587e+01,1.000000000000000000e+00,4.600000000000000000e+01
6.972578880544726587e+01,1.000000000000000000e+00,4.900000000000000000e+01
6.972578880544726587e+01,1.000000000000000000e+00,4.700000000000000000e+01
6.972578880544726587e+01,1.000000000000000000e+00,5.300000000000000000e+01
6.972578880544726587e+01,1.000000000000000000e+00,5.000000000000000000e+01
6.972578880544726587e+01,1.000000000000000000e+00,5.100000000000000000e+01
6.972578880544726587e+01,1.000000000000000000e+00,4.600000000000000000e+01
6.972578880544726587e+01,1.000000000000000000e+00,4.600000000000000000e+01
6.972578880544726587e+01,1.000000000000000000e+00,4.700000000000000000e+01
6.972578880544726587e+01,1.000000000000000000e+00,4.900000000000000000e+01
6.972578880544726587e+01,1.000000000000000000e+00,5.400000000000000000e+01
6.972578880544726587e+01,1.000000000000000000e+00,4.900000000000000000e+01
6.972578880544726587e+01,1.000000000000000000e+00,4.800000000000000000e+01
6.972578880544726587e+01,1.000000000000000000e+00,5.000000000000000000e+01
6.972578880544726587e+01,1.000000000000000000e+00,4.900000000000000000e+01
6.972578880544726587e+01,1.000000000000000000e+00,4.600000000000000000e+01
6.972578880544726587e+01,1.000000000000000000e+00,5.000000000000000000e+01
6.972578880544726587e+01,1.000000000000000000e+00,5.000000000000000000e+01
6.972578880544726587e+01,1.000000000000000000e+00,4.800000000000000000e+01
6.972578880544726587e+01,1.000000000000000000e+00,5.100000000000000000e+01
6.972578880544726587e+01,1.000000000000000000e+00,4.800000000000000000e+01
6.972578880544726587e+01,1.000000000000000000e+00,5.000000000000000000e+01
6.972578880544726587e+01,1.000000000000000000e+00,4.700000000000000000e+01
6.972578880544726587e+01,1.000000000000000000e+00,4.600000000000000000e+01
6.972578880544726587e+01,1.000000000000000000e+00,5.100000000000000000e+01
6.972578880544726587e+01,1.000000000000000000e+00,4.700000000000000000e+01
6.972578880544726587e+01,1.000000000000000000e+00,5.000000000000000000e+01
6.972578880544726587e+01,1.000000000000000000e+00,4.800000000000000000e+01
6.972578880544726587e+01,1.000000000000000000e+00,4.400000000000000000e+01
6.972578880544726587e+01,1.000000000000000000e+00,5.100000000000000000e+01
6.972578880544726587e+01,1.000000000000000000e+00,4.800000000000000000e+01
6.972578880544726587e+01,1.000000000000000000e+00,4.900000000000000000e+01
6.972578880544726587e+01,1.000000000000000000e+00,4.800000000000000000e+01
6.972578880544726587e+01,1.000000000000000000e+00,5.100000000000000000e+01
6.972578880544726587e+01,1.000000000000000000e+00,5.000000000000000000e+01
6.972578880544726587e+01,1.000000000000000000e+00,4.500000000000000000e+01
6.972578880544726587e+01,1.000000000000000000e+00,4.800000000000000000e+01
6.972578880544726587e+01,1.000000000000000000e+00,4.700000000000000000e+01
6.972578880544726587e+01,1.000000000000000000e+00,4.800000000000000000e+01
6.972578880544726587e+01,1.000000000000000000e+00,5.000000000000000000e+01
6.972578880544726587e+01,1.000000000000000000e+00,5.000000000000000000e+01
6.972578880544726587e+01,1.000000000000000000e+00,5.100000000000000000e+01
6.972578880544726587e+01,1.000000000000000000e+00,5.200000000000000000e+01
6.972578880544726587e+01,1.000000000000000000e+00,4.700000000000000000e+01
6.972578880544726587e+01,1.000000000000000000e+00,4.700000000000000000e+01
6.972578880544726587e+01,1.000000000000000000e+00,4.600000000000000000e+01
6.972578880544726587e+01,1.000000000000000000e+00,5.000000000000000000e+01
6.972578880544726587e+01,1.000000000000000000e+00,4.300000000000000000e+01
6.972578880544726587e+01,1.000000000000000000e+00,4.800000000000000000e+01
6.972578880544726587e+01,1.000000000000000000e+00,5.000000000000000000e+01
6.972578880544726587e+01,1.000000000000000000e+00,4.900000000000000000e+01
6.972578880544726587e+01,1.000000000000000000e+00,4.700000000000000000e+01
6.972578880544726587e+01,1.000000000000000000e+00,4.900000000000000000e+01
6.972578880544726587e+01,1.000000000000000000e+00,5.000000000000000000e+01
6.972578880544726587e+01,1.000000000000000000e+00,5.000000000000000000e+01
6.972578880544726587e+01,1.000000000000000000e+00,5.000000000000000000e+01
6.972578880544726587e+01,1.000000000000000000e+00,4.500000000000000000e+01
6.972578880544726587e+01,1.000000000000000000e+00,4.900000000000000000e+01
6.972578880544726587e+01,1.000000000000000000e+00,5.000000000000000000e+01
6.972578880544726587e+01,1.000000000000000000e+00,4.900000000000000000e+01
6.972578880544726587e+01,1.000000000000000000e+00,4.800000000000000000e+01
6.972578880544726587e+01,1.000000000000000000e+00,5.200000000000000000e+01
6.972578880544726587e+01,1.000000000000000000e+00,4.800000000000000000e+01
6.972578880544726587e+01,1.000000000000000000e+00,4.900000000000000000e+01
6.972578880544726587e+01,1.000000000000000000e+00,4.900000000000000000e+01
6.972578880544726587e+01,1.000000000000000000e+00,4.500000000000000000e+01
6.972578880544726587e+01,1.000000000000000000e+00,5.200000000000000000e+01
6.972578880544726587e+01,1.000000000000000000e+00,4.800000000000000000e+01
6.972578880544726587e+01,1.000000000000000000e+00,4.800000000000000000e+01
6.972578880544726587e+01,1.000000000000000000e+00,4.800000000000000000e+01
6.972578880544726587e+01,1.000000000000000000e+00,4.900000000000000000e+01
6.972578880544726587e+01,1.000000000000000000e+00,4.600000000000000000e+01
6.972578880544726587e+01,1.000000000000000000e+00,4.900000000000000000e+01
6.972578880544726587e+01,1.000000000000000000e+00,4.800000000000000000e+01
6.972578880544726587e+01,1.000000000000000000e+00,5.100000000000000000e+01
6.972578880544726587e+01,1.000000000000000000e+00,5.100000000000000000e+01
6.972578880544726587e+01,1.000000000000000000e+00,4.800000000000000000e+01
6.972578880544726587e+01,1.000000000000000000e+00,4.700000000000000000e+01
6.972578880544726587e+01,1.000000000000000000e+00,5.100000000000000000e+01
6.972578880544726587e+01,1.000000000000000000e+00,5.000000000000000000e+01
6.972578880544726587e+01,1.000000000000000000e+00,5.000000000000000000e+01
6.972578880544726587e+01,1.000000000000000000e+00,4.900000000000000000e+01
6.972578880544726587e+01,1.000000000000000000e+00,4.800000000000000000e+01
6.972578880544726587e+01,1.000000000000000000e+00,5.000000000000000000e+01
6.972578880544726587e+01,1.000000000000000000e+00,4.800000000000000000e+01
6.972578880544726587e+01,1.000000000000000000e+00,4.800000000000000000e+01
6.972578880544726587e+01,1.000000000000000000e+00,4.900000000000000000e+01
6.972578880544726587e+01,1.000000000000000000e+00,4.800000000000000000e+01
6.972578880544726587e+01,1.000000000000000000e+00,5.100000000000000000e+01
6.972578880544726587e+01,1.000000000000000000e+00,5.000000000000000000e+01
6.972578880544726587e+01,1.000000000000000000e+00,5.100000000000000000e+01
6.972578880544726587e+01,1.000000000000000000e+00,4.500000000000000000e+01
6.972578880544726587e+01,1.000000000000000000e+00,4.900000000000000000e+01
6.972578880544726587e+01,1.000000000000000000e+00,4.700000000000000000e+01
6.972578880544726587e+01,1.000000000000000000e+00,5.300000000000000000e+01
6.972578880544726587e+01,1.000000000000000000e+00,4.800000000000000000e+01
6.972578880544726587e+01,1.000000000000000000e+00,4.600000000000000000e+01
6.972578880544726587e+01,1.000000000000000000e+00,4.800000000000000000e+01
6.972578880544726587e+01,1.000000000000000000e+00,5.100000000000000000e+01
6.972578880544726587e+01,1.000000000000000000e+00,5.100000000000000000e+01
6.972578880544726587e+01,1.000000000000000000e+00,4.800000000000000000e+01
6.972578880544726587e+01,1.000000000000000000e+00,5.000000000000000000e+01
6.972578880544726587e+01,1.000000000000000000e+00,5.000000000000000000e+01
6.972578880544726587e+01,1.000000000000000000e+00,4.900000000000000000e+01
6.972578880544726587e+01,1.000000000000000000e+00,5.000000000000000000e+01
6.972578880544726587e+01,1.000000000000000000e+00,5.100000000000000000e+01
6.972578880544726587e+01,1.000000000000000000e+00,4.800000000000000000e+01
6.972578880544726587e+01,1.000000000000000000e+00,4.500000000000000000e+01
6.972578880544726587e+01,1.000000000000000000e+00,4.600000000000000000e+01
6.972578880544726587e+01,1.000000000000000000e+00,5.000000000000000000e+01
6.972578880544726587e+01,1.000000000000000000e+00,4.900000000000000000e+01
6.972578880544726587e+01,1.000000000000000000e+00,4.800000000000000000e+01
6.972578880544726587e+01,1.000000000000000000e+00,4.700000000000000000e+01
6.972578880544726587e+01,1.000000000000000000e+00,5.000000000000000000e+01
6.972578880544726587e+01,1.000000000000000000e+00,5.200000000000000000e+01
6.972578880544726587e+01,1.000000000000000000e+00,4.700000000000000000e+01
6.972578880544726587e+01,1.000000000000000000e+00,4.700000000000000000e+01
6.972578880544726587e+01,1.000000000000000000e+00,4.700000000000000000e+01
6.972578880544726587e+01,1.000000000000000000e+00,4.600000000000000000e+01
6.972578880544726587e+01,1.000000000000000000e+00,5.000000000000000000e+01
6.972578880544726587e+01,1.000000000000000000e+00,5.100000000000000000e+01
6.972578880544726587e+01,1.000000000000000000e+00,4.900000000000000000e+01
6.972578880544726587e+01,1.000000000000000000e+00,4.900000000000000000e+01
6.972578880544726587e+01,1.000000000000000000e+00,4.700000000000000000e+01
6.972578880544726587e+01,1.000000000000000000e+00,4.700000000000000000e+01
6.972578880544726587e+01,1.000000000000000000e+00,4.900000000000000000e+01
6.972578880544726587e+01,1.000000000000000000e+00,5.000000000000000000e+01
6.972578880544726587e+01,1.000000000000000000e+00,4.800000000000000000e+01
6.972578880544726587e+01,1.000000000000000000e+00,4.800000000000000000e+01
6.972578880544726587e+01,1.000000000000000000e+00,4.800000000000000000e+01
6.972578880544726587e+01,1.000000000000000000e+00,4.800000000000000000e+01
6.972578880544726587e+01,1.000000000000000000e+00,5.000000000000000000e+01
6.972578880544726587e+01,1.000000000000000000e+00,5.200000000000000000e+01
6.972578880544726587e+01,1.000000000000000000e+00,5.300000000000000000e+01
6.972578880544726587e+01,1.000000000000000000e+00,5.000000000000000000e+01
6.972578880544726587e+01,1.000000000000000000e+00,4.800000000000000000e+01
6.972578880544726587e+01,1.000000000000000000e+00,5.200000000000000000e+01
6.972578880544726587e+01,1.000000000000000000e+00,4.800000000000000000e+01
6.972578880544726587e+01,1.000000000000000000e+00,4.900000000000000000e+01
6.972578880544726587e+01,1.000000000000000000e+00,5.200000000000000000e+01
6.972578880544726587e+01,1.000000000000000000e+00,4.900000000000000000e+01
6.972578880544726587e+01,1.000000000000000000e+00,4.900000000000000000e+01
6.972578880544726587e+01,1.000000000000000000e+00,4.800000000000000000e+01
6.972578880544726587e+01,1.000000000000000000e+00,5.100000000000000000e+01
6.972578880544726587e+01,1.000000000000000000e+00,4.700000000000000000e+01
6.972578880544726587e+01,1.000000000000000000e+00,5.000000000000000000e+01
6.972578880544726587e+01,1.000000000000000000e+00,4.800000000000000000e+01
6.972578880544726587e+01,1.000000000000000000e+00,4.900000000000000000e+01
6.972578880544726587e+01,1.000000000000000000e+00,4.900000000000000000e+01
6.972578880544726587e+01,1.000000000000000000e+00,4.800000000000000000e+01
6.972578880544726587e+01,1.000000000000000000e+00,4.700000000000000000e+01
6.972578880544726587e+01,1.000000000000000000e+00,5.000000000000000000e+01
6.972578880544726587e+01,1.000000000000000000e+00,5.000000000000000000e+01
6.972578880544726587e+01,1.000000000000000000e+00,4.900000000000000000e+01
6.972578880544726587e+01,1.000000000000000000e+00,4.600000000000000000e+01
6.972578880544726587e+01,1.000000000000000000e+00,4.900000000000000000e+01
6.972578880544726587e+01,1.000000000000000000e+00,5.200000000000000000e+01
6.972578880544726587e+01,1.000000000000000000e+00,4.800000000000000000e+01
6.972578880544726587e+01,1.000000000000000000e+00,5.200000000000000000e+01
6.972578880544726587e+01,1.000000000000000000e+00,4.800000000000000000e+01
6.972578880544726587e+01,1.000000000000000000e+00,4.900000000000000000e+01
6.972578880544726587e+01,1.000000000000000000e+00,4.800000000000000000e+01
6.972578880544726587e+01,1.000000000000000000e+00,5.100000000000000000e+01
6.972578880544726587e+01,1.000000000000000000e+00,4.700000000000000000e+01
6.972578880544726587e+01,1.000000000000000000e+00,4.800000000000000000e+01
6.972578880544726587e+01,1.000000000000000000e+00,4.900000000000000000e+01
6.972578880544726587e+01,1.000000000000000000e+00,4.900000000000000000e+01
6.972578880544726587e+01,1.000000000000000000e+00,4.800000000000000000e+01
6.972578880544726587e+01,1.000000000000000000e+00,5.100000000000000000e+01
6.972578880544726587e+01,1.000000000000000000e+00,5.000000000000000000e+01
6.972578880544726587e+01,1.000000000000000000e+00,5.000000000000000000e+01
6.972578880544726587e+01,1.000000000000000000e+00,4.900000000000000000e+01
6.972578880544726587e+01,1.000000000000000000e+00,4.700000000000000000e+01
6.972578880544726587e+01,1.000000000000000000e+00,4.700000000000000000e+01
6.972578880544726587e+01,1.000000000000000000e+00,4.800000000000000000e+01
6.972578880544726587e+01,1.000000000000000000e+00,5.100000000000000000e+01
6.972578880544726587e+01,1.000000000000000000e+00,5.000000000000000000e+01
6.972578880544726587e+01,1.000000000000000000e+00,4.600000000000000000e+01
6.972578880544726587e+01,1.000000000000000000e+00,5.200000000000000000e+01
6.972578880544726587e+01,1.000000000000000000e+00,4.700000000000000000e+01
6.972578880544726587e+01,1.000000000000000000e+00,5.100000000000000000e+01
6.972578880544726587e+01,1.000000000000000000e+00,4.900000000000000000e+01
6.972578880544726587e+01,1.000000000000000000e+00,4.900000000000000000e+01
6.972578880544726587e+01,1.000000000000000000e+00,4.900000000000000000e+01
6.972578880544726587e+01,1.000000000000000000e+00,4.600000000000000000e+01
6.972578880544726587e+01,1.000000000000000000e+00,4.700000000000000000e+01
6.972578880544726587e+01,1.000000000000000000e+00,4.600000000000000000e+01
6.972578880544726587e+01,1.000000000000000000e+00,4.700000000000000000e+01
6.972578880544726587e+01,1.000000000000000000e+00,5.000000000000000000e+01
6.972578880544726587e+01,1.000000000000000000e+00,4.900000000000000000e+01
6.972578880544726587e+01,1.000000000000000000e+00,4.700000000000000000e+01
6.972578880544726587e+01,1.000000000000000000e+00,4.900000000000000000e+01
6.972578880544726587e+01,1.000000000000000000e+00,4.700000000000000000e+01
6.972578880544726587e+01,1.000000000000000000e+00,4.600000000000000000e+01
6.972578880544726587e+01,1.000000000000000000e+00,4.800000000000000000e+01
6.972578880544726587e+01,1.000000000000000000e+00,5.000000000000000000e+01
6.972578880544726587e+01,1.000000000000000000e+00,4.500000000000000000e+01
6.972578880544726587e+01,1.000000000000000000e+00,4.900000000000000000e+01
6.972578880544726587e+01,1.000000000000000000e+00,4.900000000000000000e+01
6.972578880544726587e+01,1.000000000000000000e+00,4.600000000000000000e+01
6.972578880544726587e+01,1.000000000000000000e+00,4.900000000000000000e+01
6.972578880544726587e+01,1.000000000000000000e+00,4.600000000000000000e+01
6.972578880544726587e+01,1.000000000000000000e+00,5.400000000000000000e+01
6.972578880544726587e+01,1.000000000000000000e+00,4.800000000000000000e+01
6.972578880544726587e+01,1.000000000000000000e+00,5.000000000000000000e+01
6.972578880544726587e+01,1.000000000000000000e+00,4.800000000000000000e+01
6.972578880544726587e+01,1.000000000000000000e+00,5.100000000000000000e+01
6.972578880544726587e+01,1.000000000000000000e+00,4.700000000000000000e+01
6.972578880544726587e+01,1.000000000000000000e+00,4.400000000000000000e+01
6.972578880544726587e+01,1.000000000000000000e+00,4.900000000000000000e+01
6.972578880544726587e+01,1.000000000000000000e+00,4.500000000000000000e+01
6.972578880544726587e+01,1.000000000000000000e+00,5.000000000000000000e+01
6.972578880544726587e+01,1.000000000000000000e+00,4.600000000000000000e+01
6.972578880544726587e+01,1.000000000000000000e+00,5.000000000000000000e+01
6.972578880544726587e+01,1.000000000000000000e+00,4.700000000000000000e+01
6.972578880544726587e+01,1.000000000000000000e+00,4.900000000000000000e+01
6.972578880544726587e+01,1.000000000000000000e+00,4.500000000000000000e+01
6.972578880544726587e+01,1.000000000000000000e+00,5.000000000000000000e+01
6.972578880544726587e+01,1.000000000000000000e+00,4.700000000000000000e+01
6.972578880544726587e+01,1.000000000000000000e+00,4.500000000000000000e+01
6.972578880544726587e+01,1.000000000000000000e+00,5.100000000000000000e+01
6.972578880544726587e+01,1.000000000000000000e+00,4.500000000000000000e+01
6.972578880544726587e+01,1.000000000000000000e+00,4.900000000000000000e+01
6.972578880544726587e+01,1.000000000000000000e+00,4.400000000000000000e+01
6.972578880544726587e+01,1.000000000000000000e+00,5.000000000000000000e+01
6.972578880544726587e+01,1.000000000000000000e+00,4.400000000000000000e+01
6.972578880544726587e+01,1.000000000000000000e+00,4.500000000000000000e+01
6.972578880544726587e+01,1.000000000000000000e+00,4.800000000000000000e+01
6.972578880544726587e+01,1.000000000000000000e+00,5.100000000000000000e+01
6.972578880544726587e+01,1.000000000000000000e+00,4.900000000000000000e+01
6.972578880544726587e+01,1.000000000000000000e+00,5.300000000000000000e+01
6.972578880544726587e+01,1.000000000000000000e+00,4.600000000000000000e+01
6.972578880544726587e+01,1.000000000000000000e+00,4.900000000000000000e+01
6.972578880544726587e+01,1.000000000000000000e+00,4.900000000000000000e+01
6.972578880544726587e+01,1.000000000000000000e+00,4.200000000000000000e+01
6.972578880544726587e+01,1.000000000000000000e+00,4.900000000000000000e+01
6.972578880544726587e+01,1.000000000000000000e+00,4.800000000000000000e+01
6.972578880544726587e+01,1.000000000000000000e+00,4.500000000000000000e+01
6.972578880544726587e+01,1.000000000000000000e+00,4.400000000000000000e+01
6.972578880544726587e+01,1.000000000000000000e+00,4.700000000000000000e+01
6.972578880544726587e+01,1.000000000000000000e+00,4.600000000000000000e+01
6.972578880544726587e+01,1.000000000000000000e+00,4.800000000000000000e+01
6.972578880544726587e+01,1.000000000000000000e+00,4.400000000000000000e+01
6.972578880544726587e+01,1.000000000000000000e+00,5.000000000000000000e+01
6.972578880544726587e+01,1.000000000000000000e+00,5.100000000000000000e+01
6.972578880544726587e+01,1.000000000000000000e+00,4.800000000000000000e+01
6.972578880544726587e+01,1.000000000000000000e+00,4.700000000000000000e+01
6.972578880544726587e+01,1.000000000000000000e+00,4.500000000000000000e+01
6.972578880544726587e+01,1.000000000000000000e+00,4.500000000000000000e+01
6.972578880544726587e+01,1.000000000000000000e+00,4.500000000000000000e+01
6.972578880544726587e+01,1.000000000000000000e+00,4.900000000000000000e+01
6.972578880544726587e+01,1.000000000000000000e+00,4.700000000000000000e+01
6.972578880544726587e+01,1.000000000000000000e+00,4.700000000000000000e+01
6.972578880544726587e+01,1.000000000000000000e+00,4.900000000000000000e+01
6.972578880544726587e+01,1.000000000000000000e+00,4.600000000000000000e+01
6.972578880544726587e+01,1.000000000000000000e+00,4.600000000000000000e+01
6.972578880544726587e+01,1.000000000000000000e+00,4.900000000000000000e+01
6.972578880544726587e+01,1.000000000000000000e+00,4.600000000000000000e+01
6.972578880544726587e+01,1.000000000000000000e+00,4.900000000000000000e+01
6.972578880544726587e+01,1.000000000000000000e+00,4.600000000000000000e+01
6.972578880544726587e+01,1.000000000000000000e+00,4.600000000000000000e+01
6.972578880544726587e+01,1.000000000000000000e+00,4.700000000000000000e+01
6.972578880544726587e+01,1.000000000000000000e+00,4.700000000000000000e+01
6.972578880544726587e+01,1.000000000000000000e+00,4.300000000000000000e+01
6.972578880544726587e+01,1.000000000000000000e+00,4.700000000000000000e+01
6.972578880544726587e+01,1.000000000000000000e+00,4.800000000000000000e+01
6.972578880544726587e+01,1.000000000000000000e+00,4.800000000000000000e+01
6.972578880544726587e+01,1.000000000000000000e+00,4.700000000000000000e+01
6.972578880544726587e+01,1.000000000000000000e+00,4.500000000000000000e+01
6.972578880544726587e+01,1.000000000000000000e+00,4.500000000000000000e+01
6.972578880544726587e+01,1.000000000000000000e+00,4.600000000000000000e+01
6.972578880544726587e+01,1.000000000000000000e+00,4.900000000000000000e+01
6.972578880544726587e+01,1.000000000000000000e+00,4.600000000000000000e+01
6.972578880544726587e+01,1.000000000000000000e+00,4.500000000000000000e+01
6.972578880544726587e+01,1.000000000000000000e+00,4.200000000000000000e+01
6.972578880544726587e+01,1.000000000000000000e+00,4.600000000000000000e+01
6.972578880544726587e+01,1.000000000000000000e+00,4.300000000000000000e+01
6.972578880544726587e+01,1.000000000000000000e+00,4.700000000000000000e+01
6.972578880544726587e+01,1.000000000000000000e+00,4.500000000000000000e+01
6.972578880544726587e+01,1.000000000000000000e+00,4.500000000000000000e+01
6.972578880544726587e+01,1.000000000000000000e+00,5.000000000000000000e+01
6.972578880544726587e+01,1.000000000000000000e+00,4.500000000000000000e+01
6.972578880544726587e+01,1.000000000000000000e+00,4.200000000000000000e+01
6.972578880544726587e+01,1.000000000000000000e+00,4.600000000000000000e+01
6.972578880544726587e+01,1.000000000000000000e+00,4.500000000000000000e+01
6.972578880544726587e+01,1.000000000000000000e+00,4.900000000000000000e+01
6.972578880544726587e+01,1.000000000000000000e+00,4.400000000000000000e+01
6.972578880544726587e+01,1.000000000000000000e+00,4.200000000000000000e+01
6.972578880544726587e+01,1.000000000000000000e+00,4.500000000000000000e+01
6.972578880544726587e+01,1.000000000000000000e+00,4.600000000000000000e+01
6.972578880544726587e+01,1.000000000000000000e+00,4.800000000000000000e+01
6.972578880544726587e+01,1.000000000000000000e+00,4.800000000000000000e+01
6.972578880544726587e+01,1.000000000000000000e+00,4.500000000000000000e+01
6.972578880544726587e+01,1.000000000000000000e+00,4.600000000000000000e+01
6.972578880544726587e+01,1.000000000000000000e+00,4.700000000000000000e+01
6.972578880544726587e+01,1.000000000000000000e+00,4.900000000000000000e+01
6.972578880544726587e+01,1.000000000000000000e+00,4.900000000000000000e+01
6.972578880544726587e+01,1.000000000000000000e+00,4.400000000000000000e+01
6.972578880544726587e+01,1.000000000000000000e+00,4.700000000000000000e+01
6.972578880544726587e+01,1.000000000000000000e+00,4.600000000000000000e+01
6.972578880544726587e+01,1.000000000000000000e+00,4.600000000000000000e+01
6.972578880544726587e+01,1.000000000000000000e+00,4.500000000000000000e+01
6.972578880544726587e+01,1.000000000000000000e+00,4.400000000000000000e+01
6.972578880544726587e+01,1.000000000000000000e+00,4.400000000000000000e+01
6.972578880544726587e+01,1.000000000000000000e+00,4.500000000000000000e+01
6.972578880544726587e+01,1.000000000000000000e+00,4.600000000000000000e+01
6.972578880544726587e+01,1.000000000000000000e+00,4.800000000000000000e+01
6.972578880544726587e+01,1.000000000000000000e+00,4.700000000000000000e+01
6.972578880544726587e+01,1.000000000000000000e+00,4.200000000000000000e+01
6.972578880544726587e+01,1.000000000000000000e+00,4.700000000000000000e+01
6.972578880544726587e+01,1.000000000000000000e+00,4.600000000000000000e+01
6.972578880544726587e+01,1.000000000000000000e+00,4.500000000000000000e+01
6.972578880544726587e+01,1.000000000000000000e+00,4.900000000000000000e+01
6.972578880544726587e+01,1.000000000000000000e+00,4.400000000000000000e+01
6.972578880544726587e+01,1.000000000000000000e+00,4.300000000000000000e+01
6.972578880544726587e+01,1.000000000000000000e+00,4.400000000000000000e+01
6.972578880544726587e+01,1.000000000000000000e+00,4.800000000000000000e+01
6.972578880544726587e+01,1.000000000000000000e+00,4.400000000000000000e+01
6.972578880544726587e+01,1.000000000000000000e+00,4.800000000000000000e+01
6.972578880544726587e+01,1.000000000000000000e+00,4.300000000000000000e+01
6.972578880544726587e+01,1.000000000000000000e+00,4.400000000000000000e+01
6.972578880544726587e+01,1.000000000000000000e+00,4.500000000000000000e+01
6.972578880544726587e+01,1.000000000000000000e+00,4.300000000000000000e+01
6.972578880544726587e+01,1.000000000000000000e+00,4.600000000000000000e+01
6.972578880544726587e+01,1.000000000000000000e+00,4.500000000000000000e+01
6.972578880544726587e+01,1.000000000000000000e+00,4.100000000000000000e+01
6.972578880544726587e+01,1.000000000000000000e+00,4.400000000000000000e+01
6.972578880544726587e+01,1.000000000000000000e+00,4.400000000000000000e+01
6.972578880544726587e+01,1.000000000000000000e+00,4.600000000000000000e+01
6.972578880544726587e+01,1.000000000000000000e+00,4.400000000000000000e+01
6.972578880544726587e+01,1.000000000000000000e+00,4.300000000000000000e+01
6.972578880544726587e+01,1.000000000000000000e+00,4.200000000000000000e+01
6.972578880544726587e+01,1.000000000000000000e+00,4.700000000000000000e+01
6.972578880544726587e+01,1.000000000000000000e+00,4.600000000000000000e+01
6.972578880544726587e+01,1.000000000000000000e+00,4.500000000000000000e+01
6.972578880544726587e+01,1.000000000000000000e+00,4.300000000000000000e+01
6.972578880544726587e+01,1.000000000000000000e+00,4.100000000000000000e+01
6.972578880544726587e+01,1.000000000000000000e+00,4.800000000000000000e+01
6.972578880544726587e+01,1.000000000000000000e+00,4.300000000000000000e+01
6.972578880544726587e+01,1.000000000000000000e+00,4.400000000000000000e+01
6.972578880544726587e+01,1.000000000000000000e+00,4.800000000000000000e+01
6.972578880544726587e+01,1.000000000000000000e+00,4.400000000000000000e+01
6.972578880544726587e+01,1.000000000000000000e+00,4.500000000000000000e+01
6.972578880544726587e+01,1.000000000000000000e+00,4.200000000000000000e+01
6.972578880544726587e+01,1.000000000000000000e+00,4.500000000000000000e+01
6.972578880544726587e+01,1.000000000000000000e+00,4.000000000000000000e+01
6.972578880544726587e+01,1.000000000000000000e+00,4.300000000000000000e+01
6.972578880544726587e+01,1.000000000000000000e+00,4.200000000000000000e+01
6.972578880544726587e+01,1.000000000000000000e+00,4.300000000000000000e+01
6.972578880544726587e+01,1.000000000000000000e+00,4.300000000000000000e+01
6.972578880544726587e+01,1.000000000000000000e+00,4.500000000000000000e+01
6.972578880544726587e+01,1.000000000000000000e+00,4.300000000000000000e+01
6.972578880544726587e+01,1.000000000000000000e+00,4.300000000000000000e+01
6.972578880544726587e+01,1.000000000000000000e+00,4.300000000000000000e+01
6.972578880544726587e+01,1.000000000000000000e+00,4.200000000000000000e+01
6.972578880544726587e+01,1.000000000000000000e+00,4.300000000000000000e+01
6.972578880544726587e+01,1.000000000000000000e+00,4.200000000000000000e+01
6.972578880544726587e+01,1.000000000000000000e+00,4.100000000000000000e+01
6.972578880544726587e+01,1.000000000000000000e+00,4.000000000000000000e+01
6.972578880544726587e+01,1.000000000000000000e+00,4.300000000000000000e+01
6.972578880544726587e+01,1.000000000000000000e+00,4.300000000000000000e+01
6.972578880544726587e+01,1.000000000000000000e+00,4.000000000000000000e+01
6.972578880544726587e+01,1.000000000000000000e+00,4.500000000000000000e+01
6.972578880544726587e+01,1.000000000000000000e+00,4.400000000000000000e+01
6.972578880544726587e+01,1.000000000000000000e+00,4.100000000000000000e+01
6.972578880544726587e+01,1.000000000000000000e+00,4.200000000000000000e+01
6.972578880544726587e+01,1.000000000000000000e+00,4.000000000000000000e+01
6.972578880544726587e+01,1.000000000000000000e+00,4.800000000000000000e+01
6.972578880544726587e+01,1.000000000000000000e+00,4.100000000000000000e+01
6.972578880544726587e+01,1.000000000000000000e+00,3.800000000000000000e+01
6.972578880544726587e+01,1.000000000000000000e+00,3.700000000000000000e+01
6.972578880544726587e+01,1.000000000000000000e+00,4.000000000000000000e+01
6.972578880544726587e+01,1.000000000000000000e+00,4.200000000000000000e+01
6.972578880544726587e+01,1.000000000000000000e+00,4.500000000000000000e+01
6.972578880544726587e+01,1.000000000000000000e+00,4.300000000000000000e+01
6.972578880544726587e+01,1.000000000000000000e+00,4.100000000000000000e+01
6.972578880544726587e+01,1.000000000000000000e+00,4.300000000000000000e+01
6.972578880544726587e+01,1.000000000000000000e+00,4.200000000000000000e+01
6.972578880544726587e+01,1.000000000000000000e+00,4.000000000000000000e+01
6.972578880544726587e+01,1.000000000000000000e+00,4.000000000000000000e+01
6.972578880544726587e+01,1.000000000000000000e+00,4.000000000000000000e+01
6.972578880544726587e+01,1.000000000000000000e+00,4.400000000000000000e+01
6.972578880544726587e+01,1.000000000000000000e+00,4.400000000000000000e+01
6.972578880544726587e+01,1.000000000000000000e+00,3.900000000000000000e+01
6.972578880544726587e+01,1.000000000000000000e+00,3.900000000000000000e+01
6.972578880544726587e+01,1.000000000000000000e+00,4.000000000000000000e+01
6.972578880544726587e+01,1.000000000000000000e+00,3.800000000000000000e+01
6.972578880544726587e+01,1.000000000000000000e+00,3.900000000000000000e+01
6.972578880544726587e+01,1.000000000000000000e+00,4.200000000000000000e+01
6.972578880544726587e+01,1.000000000000000000e+00,4.000000000000000000e+01
6.972578880544726587e+01,1.000000000000000000e+00,4.000000000000000000e+01
6.972578880544726587e+01,1.000000000000000000e+00,4.000000000000000000e+01
6.972578880544726587e+01,1.000000000000000000e+00,4.000000000000000000e+01
6.972578880544726587e+01,1.000000000000000000e+00,4.200000000000000000e+01
6.972578880544726587e+01,1.000000000000000000e+00,3.900000000000000000e+01
6.972578880544726587e+01,1.000000000000000000e+00,4.100000000000000000e+01
6.972578880544726587e+01,1.000000000000000000e+00,4.100000000000000000e+01
6.972578880544726587e+01,1.000000000000000000e+00,3.800000000000000000e+01
6.972578880544726587e+01,1.000000000000000000e+00,4.000000000000000000e+01
6.972578880544726587e+01,1.000000000000000000e+00,3.800000000000000000e+01
6.972578880544726587e+01,1.000000000000000000e+00,4.100000000000000000e+01
6.972578880544726587e+01,1.000000000000000000e+00,4.300000000000000000e+01
6.972578880544726587e+01,1.000000000000000000e+00,4.100000000000000000e+01
6.972578880544726587e+01,1.000000000000000000e+00,3.900000000000000000e+01
6.972578880544726587e+01,1.000000000000000000e+00,3.700000000000000000e+01
6.972578880544726587e+01,1.000000000000000000e+00,4.300000000000000000e+01
6.972578880544726587e+01,1.000000000000000000e+00,4.100000000000000000e+01
6.972578880544726587e+01,1.000000000000000000e+00,4.100000000000000000e+01
6.972578880544726587e+01,1.000000000000000000e+00,4.100000000000000000e+01
6.972578880544726587e+01,1.000000000000000000e+00,4.300000000000000000e+01
6.972578880544726587e+01,1.000000000000000000e+00,4.200000000000000000e+01
6.972578880544726587e+01,1.000000000000000000e+00,3.800000000000000000e+01
6.972578880544726587e+01,1.000000000000000000e+00,3.900000000000000000e+01
6.972578880544726587e+01,1.000000000000000000e+00,4.000000000000000000e+01
6.972578880544726587e+01,1.000000000000000000e+00,3.900000000000000000e+01
6.972578880544726587e+01,1.000000000000000000e+00,3.900000000000000000e+01
6.972578880544726587e+01,1.000000000000000000e+00,3.800000000000000000e+01
6.972578880544726587e+01,1.000000000000000000e+00,4.200000000000000000e+01
6.972578880544726587e+01,1.000000000000000000e+00,4.100000000000000000e+01
6.972578880544726587e+01,1.000000000000000000e+00,3.800000000000000000e+01
6.972578880544726587e+01,1.000000000000000000e+00,3.700000000000000000e+01
6.972578880544726587e+01,1.000000000000000000e+00,3.700000000000000000e+01
6.972578880544726587e+01,1.000000000000000000e+00,3.900000000000000000e+01
6.972578880544726587e+01,1.000000000000000000e+00,3.600000000000000000e+01
6.972578880544726587e+01,1.000000000000000000e+00,3.700000000000000000e+01
6.972578880544726587e+01,1.000000000000000000e+00,3.900000000000000000e+01
6.972578880544726587e+01,1.000000000000000000e+00,3.800000000000000000e+01
6.972578880544726587e+01,1.000000000000000000e+00,4.000000000000000000e+01
6.972578880544726587e+01,1.000000000000000000e+00,3.600000000000000000e+01
6.972578880544726587e+01,1.000000000000000000e+00,3.900000000000000000e+01
6.972578880544726587e+01,1.000000000000000000e+00,3.500000000000000000e+01
6.972578880544726587e+01,1.000000000000000000e+00,4.000000000000000000e+01
6.972578880544726587e+01,1.000000000000000000e+00,4.000000000000000000e+01
6.972578880544726587e+01,1.000000000000000000e+00,3.700000000000000000e+01
6.972578880544726587e+01,1.000000000000000000e+00,3.700000000000000000e+01
6.972578880544726587e+01,1.000000000000000000e+00,3.700000000000000000e+01
6.972578880544726587e+01,1.000000000000000000e+00,3.900000000000000000e+01
6.972578880544726587e+01,1.000000000000000000e+00,3.800000000000000000e+01
6.972578880544726587e+01,1.000000000000000000e+00,3.600000000000000000e+01
6.972578880544726587e+01,1.000000000000000000e+00,3.500000000000000000e+01
6.972578880544726587e+01,1.000000000000000000e+00,3.600000000000000000e+01
6.972578880544726587e+01,1.000000000000000000e+00,3.500000000000000000e+01
6.972578880544726587e+01,1.000000000000000000e+00,3.800000000000000000e+01
6.972578880544726587e+01,1.000000000000000000e+00,4.000000000000000000e+01
6.972578880544726587e+01,1.000000000000000000e+00,3.600000000000000000e+01
6.972578880544726587e+01,1.000000000000000000e+00,3.700000000000000000e+01
6.972578880544726587e+01,1.000000000000000000e+00,3.900000000000000000e+01
6.972578880544726587e+01,1.000000000000000000e+00,3.800000000000000000e+01
6.972578880544726587e+01,1.000000000000000000e+00,4.100000000000000000e+01
6.972578880544726587e+01,1.000000000000000000e+00,3.800000000000000000e+01
6.972578880544726587e+01,1.000000000000000000e+00,3.800000000000000000e+01
6.972578880544726587e+01,1.000000000000000000e+00,3.800000000000000000e+01
6.972578880544726587e+01,1.000000000000000000e+00,3.600000000000000000e+01
6.972578880544726587e+01,1.000000000000000000e+00,3.700000000000000000e+01
6.972578880544726587e+01,1.000000000000000000e+00,3.700000000000000000e+01
6.972578880544726587e+01,1.000000000000000000e+00,3.800000000000000000e+01
6.972578880544726587e+01,1.000000000000000000e+00,3.800000000000000000e+01
6.972578880544726587e+01,1.000000000000000000e+00,3.700000000000000000e+01
6.972578880544726587e+01,1.000000000000000000e+00,3.700000000000000000e+01
6.972578880544726587e+01,1.000000000000000000e+00,3.800000000000000000e+01
6.972578880544726587e+01,1.000000000000000000e+00,3.600000000000000000e+01
6.972578880544726587e+01,1.000000000000000000e+00,3.800000000000000000e+01
6.972578880544726587e+01,1.000000000000000000e+00,3.600000000000000000e+01
6.972578880544726587e+01,1.000000000000000000e+00,3.700000000000000000e+01
6.972578880544726587e+01,1.000000000000000000e+00,3.300000000000000000e+01
6.972578880544726587e+01,1.000000000000000000e+00,4.000000000000000000e+01
6.972578880544726587e+01,1.000000000000000000e+00,3.300000000000000000e+01
6.972578880544726587e+01,1.000000000000000000e+00,3.400000000000000000e+01
6.972578880544726587e+01,1.000000000000000000e+00,3.400000000000000000e+01
6.972578880544726587e+01,1.000000000000000000e+00,3.600000000000000000e+01
6.972578880544726587e+01,1.000000000000000000e+00,3.800000000000000000e+01
6.972578880544726587e+01,1.000000000000000000e+00,3.500000000000000000e+01
6.972578880544726587e+01,1.000000000000000000e+00,3.800000000000000000e+01
6.972578880544726587e+01,1.000000000000000000e+00,3.400000000000000000e+01
6.972578880544726587e+01,1.000000000000000000e+00,3.500000000000000000e+01
6.972578880544726587e+01,1.000000000000000000e+00,3.600000000000000000e+01
6.972578880544726587e+01,1.000000000000000000e+00,3.600000000000000000e+01
6.972578880544726587e+01,1.000000000000000000e+00,3.600000000000000000e+01
6.972578880544726587e+01,1.000000000000000000e+00,3.700000000000000000e+01
6.972578880544726587e+01,1.000000000000000000e+00,3.000000000000000000e+01
6.972578880544726587e+01,1.000000000000000000e+00,3.100000000000000000e+01
6.972578880544726587e+01,1.000000000000000000e+00,3.100000000000000000e+01
6.972578880544726587e+01,1.000000000000000000e+00,3.700000000000000000e+01
6.972578880544726587e+01,1.000000000000000000e+00,3.400000000000000000e+01
6.972578880544726587e+01,1.000000000000000000e+00,3.900000000000000000e+01
6.972578880544726587e+01,1.000000000000000000e+00,3.400000000000000000e+01
6.972578880544726587e+01,1.000000000000000000e+00,3.400000000000000000e+01
6.972578880544726587e+01,1.000000000000000000e+00,3.600000000000000000e+01
6.972578880544726587e+01,1.000000000000000000e+00,3.400000000000000000e+01
6.972578880544726587e+01,1.000000000000000000e+00,3.200000000000000000e+01
6.972578880544726587e+01,1.000000000000000000e+00,3.500000000000000000e+01
6.972578880544726587e+01,1.000000000000000000e+00,3.500000000000000000e+01
6.972578880544726587e+01,1.000000000000000000e+00,3.500000000000000000e+01
6.972578880544726587e+01,1.000000000000000000e+00,3.400000000000000000e+01
6.972578880544726587e+01,1.000000000000000000e+00,3.400000000000000000e+01
6.972578880544726587e+01,1.000000000000000000e+00,3.200000000000000000e+01
6.972578880544726587e+01,1.000000000000000000e+00,3.200000000000000000e+01
6.972578880544726587e+01,1.000000000000000000e+00,3.200000000000000000e+01
6.972578880544726587e+01,1.000000000000000000e+00,3.600000000000000000e+01
6.972578880544726587e+01,1.000000000000000000e+00,3.100000000000000000e+01
6.972578880544726587e+01,1.000000000000000000e+00,2.900000000000000000e+01
6.972578880544726587e+01,1.000000000000000000e+00,3.300000000000000000e+01
6.972578880544726587e+01,1.000000000000000000e+00,3.400000000000000000e+01
6.972578880544726587e+01,1.000000000000000000e+00,3.400000000000000000e+01
6.972578880544726587e+01,1.000000000000000000e+00,3.200000000000000000e+01
6.972578880544726587e+01,1.000000000000000000e+00,3.400000000000000000e+01
6.972578880544726587e+01,1.000000000000000000e+00,2.900000000000000000e+01
6.972578880544726587e+01,1.000000000000000000e+00,3.100000000000000000e+01
6.972578880544726587e+01,1.000000000000000000e+00,3.800000000000000000e+01
6.972578880544726587e+01,1.000000000000000000e+00,3.100000000000000000e+01
6.972578880544726587e+01,1.000000000000000000e+00,3.300000000000000000e+01
6.972578880544726587e+01,1.000000000000000000e+00,3.300000000000000000e+01
6.972578880544726587e+01,1.000000000000000000e+00,3.600000000000000000e+01
6.972578880544726587e+01,1.000000000000000000e+00,3.400000000000000000e+01
6.972578880544726587e+01,1.000000000000000000e+00,3.100000000000000000e+01
6.972578880544726587e+01,1.000000000000000000e+00,3.200000000000000000e+01
6.972578880544726587e+01,1.000000000000000000e+00,3.500000000000000000e+01
6.972578880544726587e+01,1.000000000000000000e+00,3.000000000000000000e+01
6.972578880544726587e+01,1.000000000000000000e+00,3.400000000000000000e+01
6.972578880544726587e+01,1.000000000000000000e+00,3.000000000000000000e+01
6.972578880544726587e+01,1.000000000000000000e+00,3.400000000000000000e+01
6.972578880544726587e+01,1.000000000000000000e+00,3.500000000000000000e+01
6.972578880544726587e+01,1.000000000000000000e+00,3.000000000000000000e+01
6.972578880544726587e+01,1.000000000000000000e+00,3.300000000000000000e+01
6.972578880544726587e+01,1.000000000000000000e+00,3.200000000000000000e+01
6.972578880544726587e+01,1.000000000000000000e+00,3.200000000000000000e+01
6.972578880544726587e+01,1.000000000000000000e+00,3.100000000000000000e+01
6.972578880544726587e+01,1.000000000000000000e+00,3.000000000000000000e+01
6.972578880544726587e+01,1.000000000000000000e+00,3.200000000000000000e+01
6.972578880544726587e+01,1.000000000000000000e+00,3.500000000000000000e+01
6.972578880544726587e+01,1.000000000000000000e+00,3.400000000000000000e+01
6.972578880544726587e+01,1.000000000000000000e+00,3.300000000000000000e+01
6.972578880544726587e+01,1.000000000000000000e+00,3.000000000000000000e+01
6.972578880544726587e+01,1.000000000000000000e+00,3.300000000000000000e+01
6.972578880544726587e+01,1.000000000000000000e+00,3.100000000000000000e+01
6.972578880544726587e+01,1.000000000000000000e+00,3.200000000000000000e+01
6.972578880544726587e+01,1.000000000000000000e+00,3.200000000000000000e+01
6.972578880544726587e+01,1.000000000000000000e+00,3.300000000000000000e+01
6.972578880544726587e+01,1.000000000000000000e+00,2.600000000000000000e+01
6.972578880544726587e+01,1.000000000000000000e+00,3.000000000000000000e+01
6.972578880544726587e+01,1.000000000000000000e+00,3.300000000000000000e+01
6.972578880544726587e+01,1.000000000000000000e+00,3.000000000000000000e+01
6.972578880544726587e+01,1.000000000000000000e+00,3.200000000000000000e+01
6.972578880544726587e+01,1.000000000000000000e+00,2.700000000000000000e+01
6.972578880544726587e+01,1.000000000000000000e+00,2.900000000000000000e+01
6.972578880544726587e+01,1.000000000000000000e+00,3.000000000000000000e+01
6.972578880544726587e+01,1.000000000000000000e+00,3.400000000000000000e+01
6.972578880544726587e+01,1.000000000000000000e+00,2.900000000000000000e+01
6.972578880544726587e+01,1.000000000000000000e+00,3.200000000000000000e+01
6.972578880544726587e+01,1.000000000000000000e+00,2.900000000000000000e+01
6.972578880544726587e+01,1.000000000000000000e+00,3.000000000000000000e+01
6.972578880544726587e+01,1.000000000000000000e+00,2.800000000000000000e+01
6.972578880544726587e+01,1.000000000000000000e+00,3.200000000000000000e+01
6.972578880544726587e+01,1.000000000000000000e+00,2.900000000000000000e+01
6.972578880544726587e+01,1.000000000000000000e+00,2.800000000000000000e+01
6.972578880544726587e+01,1.000000000000000000e+00,3.200000000000000000e+01
6.972578880544726587e+01,1.000000000000000000e+00,3.000000000000000000e+01
6.972578880544726587e+01,1.000000000000000000e+00,3.400000000000000000e+01
6.972578880544726587e+01,1.000000000000000000e+00,2.900000000000000000e+01
6.972578880544726587e+01,1.000000000000000000e+00,3.000000000000000000e+01
6.972578880544726587e+01,1.000000000000000000e+00,2.700000000000000000e+01
6.972578880544726587e+01,1.000000000000000000e+00,3.100000000000000000e+01
6.972578880544726587e+01,1.000000000000000000e+00,2.700000000000000000e+01
6.972578880544726587e+01,1.000000000000000000e+00,3.000000000000000000e+01
6.972578880544726587e+01,1.000000000000000000e+00,2.600000000000000000e+01
6.972578880544726587e+01,1.000000000000000000e+00,2.900000000000000000e+01
6.972578880544726587e+01,1.000000000000000000e+00,2.600000000000000000e+01
6.972578880544726587e+01,1.000000000000000000e+00,2.900000000000000000e+01
6.972578880544726587e+01,1.000000000000000000e+00,2.800000000000000000e+01
6.972578880544726587e+01,1.000000000000000000e+00,2.900000000000000000e+01
6.972578880544726587e+01,1.000000000000000000e+00,2.800000000000000000e+01
6.972578880544726587e+01,1.000000000000000000e+00,2.900000000000000000e+01
6.972578880544726587e+01,1.000000000000000000e+00,3.100000000000000000e+01
6.972578880544726587e+01,1.000000000000000000e+00,3.200000000000000000e+01
6.972578880544726587e+01,1.000000000000000000e+00,3.000000000000000000e+01
6.972578880544726587e+01,1.000000000000000000e+00,2.900000000000000000e+01
6.972578880544726587e+01,1.000000000000000000e+00,2.600000000000000000e+01
6.972578880544726587e+01,1.000000000000000000e+00,2.800000000000000000e+01
6.972578880544726587e+01,1.000000000000000000e+00,2.600000000000000000e+01
6.972578880544726587e+01,1.000000000000000000e+00,2.500000000000000000e+01
6.972578880544726587e+01,1.000000000000000000e+00,2.800000000000000000e+01
6.972578880544726587e+01,1.000000000000000000e+00,2.700000000000000000e+01
6.972578880544726587e+01,1.000000000000000000e+00,2.800000000000000000e+01
6.972578880544726587e+01,1.000000000000000000e+00,2.900000000000000000e+01
6.972578880544726587e+01,1.000000000000000000e+00,2.600000000000000000e+01
6.972578880544726587e+01,1.000000000000000000e+00,2.400000000000000000e+01
6.972578880544726587e+01,1.000000000000000000e+00,2.800000000000000000e+01
6.972578880544726587e+01,1.000000000000000000e+00,2.800000000000000000e+01
6.972578880544726587e+01,1.000000000000000000e+00,2.700000000000000000e+01
6.972578880544726587e+01,1.000000000000000000e+00,2.600000000000000000e+01
6.972578880544726587e+01,1.000000000000000000e+00,2.800000000000000000e+01
6.972578880544726587e+01,1.000000000000000000e+00,2.700000000000000000e+01
6.972578880544726587e+01,1.000000000000000000e+00,2.700000000000000000e+01
6.972578880544726587e+01,1.000000000000000000e+00,2.900000000000000000e+01
6.972578880544726587e+01,1.000000000000000000e+00,2.800000000000000000e+01
6.972578880544726587e+01,1.000000000000000000e+00,2.800000000000000000e+01
6.972578880544726587e+01,1.000000000000000000e+00,2.500000000000000000e+01
6.972578880544726587e+01,1.000000000000000000e+00,2.800000000000000000e+01
6.972578880544726587e+01,1.000000000000000000e+00,2.600000000000000000e+01
6.972578880544726587e+01,1.000000000000000000e+00,2.800000000000000000e+01
6.972578880544726587e+01,1.000000000000000000e+00,2.300000000000000000e+01
6.972578880544726587e+01,1.000000000000000000e+00,2.700000000000000000e+01
6.972578880544726587e+01,1.000000000000000000e+00,2.600000000000000000e+01
6.972578880544726587e+01,1.000000000000000000e+00,2.500000000000000000e+01
6.972578880544726587e+01,1.000000000000000000e+00,2.500000000000000000e+01
6.972578880544726587e+01,1.000000000000000000e+00,2.100000000000000000e+01
6.972578880544726587e+01,1.000000000000000000e+00,2.900000000000000000e+01
6.972578880544726587e+01,1.000000000000000000e+00,2.400000000000000000e+01
6.972578880544726587e+01,1.000000000000000000e+00,2.800000000000000000e+01
6.972578880544726587e+01,1.000000000000000000e+00,2.700000000000000000e+01
6.972578880544726587e+01,1.000000000000000000e+00,2.800000000000000000e+01
6.972578880544726587e+01,1.000000000000000000e+00,2.500000000000000000e+01
6.972578880544726587e+01,1.000000000000000000e+00,2.500000000000000000e+01
6.972578880544726587e+01,1.000000000000000000e+00,2.400000000000000000e+01
6.972578880544726587e+01,1.000000000000000000e+00,2.600000000000000000e+01
6.972578880544726587e+01,1.000000000000000000e+00,2.700000000000000000e+01
6.972578880544726587e+01,1.000000000000000000e+00,2.300000000000000000e+01
6.972578880544726587e+01,1.000000000000000000e+00,2.600000000000000000e+01
6.972578880544726587e+01,1.000000000000000000e+00,2.500000000000000000e+01
6.972578880544726587e+01,1.000000000000000000e+00,2.500000000000000000e+01
6.972578880544726587e+01,1.000000000000000000e+00,2.700000000000000000e+01
6.972578880544726587e+01,1.000000000000000000e+00,2.300000000000000000e+01
6.972578880544726587e+01,1.000000000000000000e+00,2.500000000000000000e+01
6.972578880544726587e+01,1.000000000000000000e+00,2.400000000000000000e+01
6.972578880544726587e+01,1.000000000000000000e+00,2.400000000000000000e+01
6.972578880544726587e+01,1.000000000000000000e+00,2.300000000000000000e+01
6.972578880544726587e+01,1.000000000000000000e+00,2.700000000000000000e+01
6.972578880544726587e+01,1.000000000000000000e+00,2.800000000000000000e+01
6.972578880544726587e+01,1.000000000000000000e+00,2.300000000000000000e+01
6.972578880544726587e+01,1.000000000000000000e+00,2.500000000000000000e+01
6.972578880544726587e+01,1.000000000000000000e+00,2.300000000000000000e+01
6.972578880544726587e+01,1.000000000000000000e+00,2.600000000000000000e+01
6.972578880544726587e+01,1.000000000000000000e+00,2.300000000000000000e+01
6.972578880544726587e+01,1.000000000000000000e+00,2.400000000000000000e+01
6.972578880544726587e+01,1.000000000000000000e+00,2.300000000000000000e+01
6.972578880544726587e+01,1.000000000000000000e+00,2.500000000000000000e+01
6.972578880544726587e+01,1.000000000000000000e+00,2.500000000000000000e+01
6.972578880544726587e+01,1.000000000000000000e+00,2.400000000000000000e+01
6.972578880544726587e+01,1.000000000000000000e+00,2.900000000000000000e+01
6.972578880544726587e+01,1.000000000000000000e+00,2.100000000000000000e+01
6.972578880544726587e+01,1.000000000000000000e+00,2.600000000000000000e+01
6.972578880544726587e+01,1.000000000000000000e+00,2.100000000000000000e+01
6.972578880544726587e+01,1.000000000000000000e+00,2.300000000000000000e+01
6.972578880544726587e+01,1.000000000000000000e+00,2.300000000000000000e+01
6.972578880544726587e+01,1.000000000000000000e+00,2.400000000000000000e+01
6.972578880544726587e+01,1.000000000000000000e+00,2.300000000000000000e+01
6.972578880544726587e+01,1.000000000000000000e+00,2.200000000000000000e+01
6.972578880544726587e+01,1.000000000000000000e+00,2.100000000000000000e+01
6.972578880544726587e+01,1.000000000000000000e+00,2.300000000000000000e+01
6.972578880544726587e+01,1.000000000000000000e+00,2.200000000000000000e+01
6.972578880544726587e+01,1.000000000000000000e+00,2.100000000000000000e+01
6.972578880544726587e+01,1.000000000000000000e+00,2.100000000000000000e+01
6.972578880544726587e+01,1.000000000000000000e+00,2.100000000000000000e+01
6.972578880544726587e+01,1.000000000000000000e+00,2.100000000000000000e+01
6.972578880544726587e+01,1.000000000000000000e+00,1.800000000000000000e+01
6.972578880544726587e+01,1.000000000000000000e+00,1.800000000000000000e+01
6.972578880544726587e+01,1.000000000000000000e+00,2.300000000000000000e+01
6.972578880544726587e+01,1.000000000000000000e+00,1.900000000000000000e+01
6.972578880544726587e+01,1.000000000000000000e+00,2.300000000000000000e+01
6.972578880544726587e+01,1.000000000000000000e+00,2.200000000000000000e+01
6.972578880544726587e+01,1.000000000000000000e+00,1.800000000000000000e+01
6.972578880544726587e+01,1.000000000000000000e+00,2.100000000000000000e+01
6.972578880544726587e+01,1.000000000000000000e+00,2.100000000000000000e+01
6.972578880544726587e+01,1.000000000000000000e+00,1.800000000000000000e+01
6.972578880544726587e+01,1.000000000000000000e+00,1.600000000000000000e+01
6.972578880544726587e+01,1.000000000000000000e+00,2.000000000000000000e+01
6.972578880544726587e+01,1.000000000000000000e+00,2.000000000000000000e+01
6.972578880544726587e+01,1.000000000000000000e+00,1.700000000000000000e+01
6.972578880544726587e+01,1.000000000000000000e+00,2.000000000000000000e+01
6.972578880544726587e+01,1.000000000000000000e+00,2.100000000000000000e+01
6.972578880544726587e+01,1.000000000000000000e+00,1.800000000000000000e+01
6.972578880544726587e+01,1.000000000000000000e+00,2.000000000000000000e+01
6.972578880544726587e+01,1.000000000000000000e+00,1.900000000000000000e+01
6.972578880544726587e+01,1.000000000000000000e+00,1.900000000000000000e+01
6.972578880544726587e+01,1.000000000000000000e+00,1.700000000000000000e+01
6.972578880544726587e+01,1.000000000000000000e+00,1.900000000000000000e+01
6.972578880544726587e+01,1.000000000000000000e+00,1.900000000000000000e+01
6.972578880544726587e+01,1.000000000000000000e+00,2.300000000000000000e+01
6.972578880544726587e+01,1.000000000000000000e+00,1.900000000000000000e+01
6.972578880544726587e+01,1.000000000000000000e+00,1.600000000000000000e+01
6.972578880544726587e+01,1.000000000000000000e+00,2.000000000000000000e+01
6.972578880544726587e+01,1.000000000000000000e+00,1.800000000000000000e+01
6.972578880544726587e+01,1.000000000000000000e+00,1.900000000000000000e+01
6.972578880544726587e+01,1.000000000000000000e+00,2.100000000000000000e+01
6.972578880544726587e+01,1.000000000000000000e+00,2.000000000000000000e+01
6.972578880544726587e+01,1.000000000000000000e+00,1.800000000000000000e+01
6.972578880544726587e+01,1.000000000000000000e+00,1.600000000000000000e+01
6.972578880544726587e+01,1.000000000000000000e+00,2.100000000000000000e+01
6.972578880544726587e+01,1.000000000000000000e+00,1.600000000000000000e+01
6.972578880544726587e+01,1.000000000000000000e+00,2.000000000000000000e+01
6.972578880544726587e+01,1.000000000000000000e+00,1.800000000000000000e+01
6.972578880544726587e+01,1.000000000000000000e+00,1.900000000000000000e+01
6.972578880544726587e+01,1.000000000000000000e+00,1.900000000000000000e+01
6.972578880544726587e+01,1.000000000000000000e+00,1.900000000000000000e+01
6.972578880544726587e+01,1.000000000000000000e+00,1.600000000000000000e+01
6.972578880544726587e+01,1.000000000000000000e+00,1.800000000000000000e+01
6.972578880544726587e+01,1.000000000000000000e+00,1.600000000000000000e+01
6.972578880544726587e+01,1.000000000000000000e+00,2.100000000000000000e+01
6.972578880544726587e+01,1.000000000000000000e+00,1.700000000000000000e+01
6.972578880544726587e+01,1.000000000000000000e+00,1.600000000000000000e+01
6.972578880544726587e+01,1.000000000000000000e+00,1.600000000000000000e+01
6.972578880544726587e+01,1.000000000000000000e+00,1.400000000000000000e+01
6.972578880544726587e+01,1.000000000000000000e+00,2.000000000000000000e+01
6.972578880544726587e+01,1.000000000000000000e+00,1.800000000000000000e+01
6.972578880544726587e+01,1.000000000000000000e+00,1.600000000000000000e+01
6.972578880544726587e+01,1.000000000000000000e+00,2.000000000000000000e+01
6.972578880544726587e+01,1.000000000000000000e+00,1.400000000000000000e+01
6.972578880544726587e+01,1.000000000000000000e+00,1.700000000000000000e+01
6.972578880544726587e+01,1.000000000000000000e+00,1.800000000000000000e+01
6.972578880544726587e+01,1.000000000000000000e+00,1.700000000000000000e+01
6.972578880544726587e+01,1.000000000000000000e+00,1.600000000000000000e+01
6.972578880544726587e+01,1.000000000000000000e+00,1.600000000000000000e+01
6.972578880544726587e+01,1.000000000000000000e+00,1.600000000000000000e+01
6.972578880544726587e+01,1.000000000000000000e+00,1.600000000000000000e+01
6.972578880544726587e+01,1.000000000000000000e+00,1.300000000000000000e+01
6.972578880544726587e+01,1.000000000000000000e+00,1.800000000000000000e+01
6.972578880544726587e+01,1.000000000000000000e+00,1.800000000000000000e+01
6.972578880544726587e+01,1.000000000000000000e+00,1.700000000000000000e+01
6.972578880544726587e+01,1.000000000000000000e+00,1.500000000000000000e+01
6.972578880544726587e+01,1.000000000000000000e+00,1.600000000000000000e+01
6.972578880544726587e+01,1.000000000000000000e+00,1.700000000000000000e+01
6.972578880544726587e+01,1.000000000000000000e+00,1.700000000000000000e+01
6.972578880544726587e+01,1.000000000000000000e+00,1.600000000000000000e+01
6.972578880544726587e+01,1.000000000000000000e+00,1.600000000000000000e+01
6.972578880544726587e+01,1.000000000000000000e+00,1.800000000000000000e+01
6.972578880544726587e+01,1.000000000000000000e+00,1.500000000000000000e+01
6.972578880544726587e+01,1.000000000000000000e+00,1.700000000000000000e+01
6.972578880544726587e+01,1.000000000000000000e+00,1.500000000000000000e+01
6.972578880544726587e+01,1.000000000000000000e+00,1.600000000000000000e+01
6.972578880544726587e+01,1.000000000000000000e+00,1.700000000000000000e+01
6.972578880544726587e+01,1.000000000000000000e+00,1.500000000000000000e+01
6.972578880544726587e+01,1.000000000000000000e+00,1.500000000000000000e+01
6.972578880544726587e+01,1.000000000000000000e+00,1.500000000000000000e+01
6.972578880544726587e+01,1.000000000000000000e+00,1.700000000000000000e+01
6.972578880544726587e+01,1.000000000000000000e+00,1.700000000000000000e+01
6.972578880544726587e+01,1.000000000000000000e+00,1.500000000000000000e+01
6.972578880544726587e+01,1.000000000000000000e+00,2.000000000000000000e+01
6.972578880544726587e+01,1.000000000000000000e+00,1.000000000000000000e+01
6.972578880544726587e+01,1.000000000000000000e+00,1.200000000000000000e+01
6.972578880544726587e+01,1.000000000000000000e+00,1.700000000000000000e+01
6.972578880544726587e+01,1.000000000000000000e+00,1.400000000000000000e+01
6.972578880544726587e+01,1.000000000000000000e+00,1.500000000000000000e+01
6.972578880544726587e+01,1.000000000000000000e+00,1.400000000000000000e+01
6.972578880544726587e+01,1.000000000000000000e+00,1.500000000000000000e+01
6.972578880544726587e+01,1.000000000000000000e+00,1.200000000000000000e+01
6.972578880544726587e+01,1.000000000000000000e+00,1.500000000000000000e+01
6.972578880544726587e+01,1.000000000000000000e+00,1.400000000000000000e+01
6.972578880544726587e+01,1.000000000000000000e+00,1.200000000000000000e+01
6.972578880544726587e+01,1.000000000000000000e+00,1.800000000000000000e+01
6.972578880544726587e+01,1.000000000000000000e+00,1.400000000000000000e+01
6.972578880544726587e+01,1.000000000000000000e+00,1.200000000000000000e+01
6.972578880544726587e+01,1.000000000000000000e+00,1.500000000000000000e+01
6.972578880544726587e+01,1.000000000000000000e+00,1.500000000000000000e+01
6.972578880544726587e+01,1.000000000000000000e+00,1.200000000000000000e+01
6.972578880544726587e+01,1.000000000000000000e+00,1.300000000000000000e+01
6.972578880544726587e+01,1.000000000000000000e+00,1.600000000000000000e+01
6.972578880544726587e+01,1.000000000000000000e+00,1.400000000000000000e+01
6.972578880544726587e+01,1.000000000000000000e+00,1.300000000000000000e+01
6.972578880544726587e+01,1.000000000000000000e+00,1.500000000000000000e+01
6.972578880544726587e+01,1.000000000000000000e+00,1.500000000000000000e+01
6.972578880544726587e+01,1.000000000000000000e+00,1.500000000000000000e+01
6.972578880544726587e+01,1.000000000000000000e+00,1.300000000000000000e+01
6.972578880544726587e+01,1.000000000000000000e+00,1.400000000000000000e+01
6.972578880544726587e+01,1.000000000000000000e+00,1.400000000000000000e+01
6.972578880544726587e+01,1.000000000000000000e+00,1.600000000000000000e+01
6.972578880544726587e+01,1.000000000000000000e+00,1.500000000000000000e+01
6.972578880544726587e+01,1.000000000000000000e+00,1.000000000000000000e+01
6.972578880544726587e+01,1.000000000000000000e+00,1.200000000000000000e+01
6.972578880544726587e+01,1.000000000000000000e+00,1.100000000000000000e+01
6.972578880544726587e+01,1.000000000000000000e+00,1.100000000000000000e+01
6.972578880544726587e+01,1.000000000000000000e+00,1.000000000000000000e+01
6.972578880544726587e+01,1.000000000000000000e+00,8.000000000000000000e+00
6.972578880544726587e+01,1.000000000000000000e+00,1.100000000000000000e+01
6.972578880544726587e+01,1.000000000000000000e+00,1.400000000000000000e+01
6.972578880544726587e+01,1.000000000000000000e+00,1.400000000000000000e+01
6.972578880544726587e+01,1.000000000000000000e+00,1.200000000000000000e+01
6.972578880544726587e+01,1.000000000000000000e+00,1.400000000000000000e+01
6.972578880544726587e+01,1.000000000000000000e+00,9.000000000000000000e+00
6.972578880544726587e+01,1.000000000000000000e+00,1.100000000000000000e+01
6.972578880544726587e+01,1.000000000000000000e+00,1.100000000000000000e+01
6.972578880544726587e+01,1.000000000000000000e+00,1.700000000000000000e+01
6.972578880544726587e+01,1.000000000000000000e+00,1.100000000000000000e+01
6.972578880544726587e+01,1.000000000000000000e+00,1.100000000000000000e+01
6.972578880544726587e+01,1.000000000000000000e+00,9.000000000000000000e+00
6.972578880544726587e+01,1.000000000000000000e+00,8.000000000000000000e+00
6.972578880544726587e+01,1.000000000000000000e+00,1.500000000000000000e+01
6.972578880544726587e+01,1.000000000000000000e+00,1.100000000000000000e+01
6.972578880544726587e+01,1.000000000000000000e+00,6.000000000000000000e+00
6.972578880544726587e+01,1.000000000000000000e+00,1.300000000000000000e+01
6.972578880544726587e+01,1.000000000000000000e+00,1.200000000000000000e+01
6.972578880544726587e+01,1.000000000000000000e+00,1.000000000000000000e+01
6.972578880544726587e+01,1.000000000000000000e+00,7.000000000000000000e+00
6.972578880544726587e+01,1.000000000000000000e+00,1.500000000000000000e+01
6.972578880544726587e+01,1.000000000000000000e+00,1.000000000000000000e+01
6.972578880544726587e+01,1.000000000000000000e+00,9.000000000000000000e+00
6.972578880544726587e+01,1.000000000000000000e+00,9.000000000000000000e+00
6.972578880544726587e+01,1.000000000000000000e+00,1.000000000000000000e+01
6.972578880544726587e+01,1.000000000000000000e+00,1.200000000000000000e+01
6.972578880544726587e+01,1.000000000000000000e+00,1.100000000000000000e+01
6.972578880544726587e+01,1.000000000000000000e+00,7.000000000000000000e+00
6.972578880544726587e+01,1.000000000000000000e+00,7.000000000000000000e+00
6.972578880544726587e+01,1.000000000000000000e+00,1.100000000000000000e+01
6.972578880544726587e+01,1.000000000000000000e+00,1.000000000000000000e+01
6.972578880544726587e+01,1.000000000000000000e+00,9.000000000000000000e+00
6.972578880544726587e+01,1.000000000000000000e+00,1.300000000000000000e+01
6.972578880544726587e+01,1.000000000000000000e+00,1.000000000000000000e+01
6.972578880544726587e+01,1.000000000000000000e+00,1.000000000000000000e+01
6.972578880544726587e+01,1.000000000000000000e+00,5.000000000000000000e+00
6.972578880544726587e+01,1.000000000000000000e+00,7.000000000000000000e+00
6.972578880544726587e+01,1.000000000000000000e+00,1.100000000000000000e+01
6.972578880544726587e+01,1.000000000000000000e+00,1.200000000000000000e+01
6.972578880544726587e+01,1.000000000000000000e+00,7.000000000000000000e+00
6.972578880544726587e+01,1.000000000000000000e+00,1.100000000000000000e+01
6.972578880544726587e+01,1.000000000000000000e+00,8.000000000000000000e+00
6.972578880544726587e+01,1.000000000000000000e+00,1.100000000000000000e+01
6.972578880544726587e+01,1.000000000000000000e+00,7.000000000000000000e+00
6.972578880544726587e+01,1.000000000000000000e+00,1.200000000000000000e+01
6.972578880544726587e+01,1.000000000000000000e+00,8.000000000000000000e+00
6.972578880544726587e+01,1.000000000000000000e+00,8.000000000000000000e+00
6.972578880544726587e+01,1.000000000000000000e+00,1.100000000000000000e+01
6.972578880544726587e+01,1.000000000000000000e+00,9.000000000000000000e+00
6.972578880544726587e+01,1.000000000000000000e+00,9.000000000000000000e+00
6.972578880544726587e+01,1.000000000000000000e+00,9.000000000000000000e+00
6.972578880544726587e+01,1.000000000000000000e+00,9.000000000000000000e+00
6.972578880544726587e+01,1.000000000000000000e+00,9.000000000000000000e+00
6.972578880544726587e+01,1.000000000000000000e+00,1.100000000000000000e+01
6.972578880544726587e+01,1.000000000000000000e+00,8.000000000000000000e+00
6.972578880544726587e+01,1.000000000000000000e+00,9.000000000000000000e+00
6.972578880544726587e+01,1.000000000000000000e+00,4.000000000000000000e+00
6.972578880544726587e+01,1.000000000000000000e+00,1.000000000000000000e+01
6.972578880544726587e+01,1.000000000000000000e+00,5.000000000000000000e+00
6.972578880544726587e+01,1.000000000000000000e+00,8.000000000000000000e+00
6.972578880544726587e+01,1.000000000000000000e+00,7.000000000000000000e+00
6.972578880544726587e+01,1.000000000000000000e+00,1.100000000000000000e+01
6.972578880544726587e+01,1.000000000000000000e+00,3.000000000000000000e+00
6.972578880544726587e+01,1.000000000000000000e+00,4.000000000000000000e+00
6.972578880544726587e+01,1.000000000000000000e+00,9.000000000000000000e+00
6.972578880544726587e+01,1.000000000000000000e+00,5.000000000000000000e+00
6.972578880544726587e+01,1.000000000000000000e+00,7.000000000000000000e+00
6.972578880544726587e+01,1.000000000000000000e+00,8.000000000000000000e+00
6.972578880544726587e+01,1.000000000000000000e+00,8.000000000000000000e+00
6.972578880544726587e+01,1.000000000000000000e+00,6.000000000000000000e+00
6.972578880544726587e+01,1.000000000000000000e+00,6.000000000000000000e+00
6.972578880544726587e+01,1.000000000000000000e+00,8.000000000000000000e+00
6.972578880544726587e+01,1.000000000000000000e+00,6.000000000000000000e+00
6.972578880544726587e+01,1.000000000000000000e+00,8.000000000000000000e+00
6.972578880544726587e+01,1.000000000000000000e+00,8.000000000000000000e+00
6.972578880544726587e+01,1.000000000000000000e+00,7.000000000000000000e+00
6.972578880544726587e+01,1.000000000000000000e+00,5.000000000000000000e+00
6.972578880544726587e+01,1.000000000000000000e+00,5.000000000000000000e+00
6.972578880544726587e+01,1.000000000000000000e+00,5.000000000000000000e+00
6.972578880544726587e+01,1.000000000000000000e+00,6.000000000000000000e+00
6.972578880544726587e+01,1.000000000000000000e+00,3.000000000000000000e+00
6.972578880544726587e+01,1.000000000000000000e+00,3.000000000000000000e+00
6.972578880544726587e+01,1.000000000000000000e+00,3.000000000000000000e+00
6.972578880544726587e+01,1.000000000000000000e+00,4.000000000000000000e+00
6.972578880544726587e+01,1.000000000000000000e+00,2.000000000000000000e+00
6.972578880544726587e+01,1.000000000000000000e+00,5.000000000000000000e+00
6.972578880544726587e+01,1.000000000000000000e+00,6.000000000000000000e+00
6.972578880544726587e+01,1.000000000000000000e+00,5.000000000000000000e+00
6.972578880544726587e+01,1.000000000000000000e+00,7.000000000000000000e+00
6.972578880544726587e+01,1.000000000000000000e+00,2.000000000000000000e+00
6.972578880544726587e+01,1.000000000000000000e+00,4.000000000000000000e+00
6.972578880544726587e+01,1.000000000000000000e+00,2.000000000000000000e+00
6.972578880544726587e+01,1.000000000000000000e+00,6.000000000000000000e+00
6.972578880544726587e+01,1.000000000000000000e+00,7.000000000000000000e+00
6.972578880544726587e+01,1.000000000000000000e+00,3.000000000000000000e+00
6.972578880544726587e+01,1.000000000000000000e+00,7.000000000000000000e+00
6.972578880544726587e+01,1.000000000000000000e+00,7.000000000000000000e+00
6.972578880544726587e+01,1.000000000000000000e+00,6.000000000000000000e+00
6.972578880544726587e+01,1.000000000000000000e+00,6.000000000000000000e+00
6.972578880544726587e+01,1.000000000000000000e+00,4.000000000000000000e+00
6.972578880544726587e+01,1.000000000000000000e+00,6.000000000000000000e+00
6.972578880544726587e+01,1.000000000000000000e+00,5.000000000000000000e+00
6.972578880544726587e+01,1.000000000000000000e+00,4.000000000000000000e+00
6.972578880544726587e+01,1.000000000000000000e+00,3.000000000000000000e+00
6.972578880544726587e+01,1.000000000000000000e+00,7.000000000000000000e+00
6.972578880544726587e+01,1.000000000000000000e+00,5.000000000000000000e+00
6.972578880544726587e+01,1.000000000000000000e+00,5.000000000000000000e+00
6.972578880544726587e+01,1.000000000000000000e+00,4.000000000000000000e+00
6.972578880544726587e+01,1.000000000000000000e+00,5.000000000000000000e+00
6.972578880544726587e+01,1.000000000000000000e+00,8.000000000000000000e+00
6.972578880544726587e+01,1.000000000000000000e+00,3.000000000000000000e+00
6.972578880544726587e+01,1.000000000000000000e+00,2.000000000000000000e+00
6.972578880544726587e+01,1.000000000000000000e+00,6.000000000000000000e+00
6.972578880544726587e+01,1.000000000000000000e+00,4.000000000000000000e+00
6.972578880544726587e+01,1.000000000000000000e+00,7.000000000000000000e+00
6.972578880544726587e+01,1.000000000000000000e+00,4.000000000000000000e+00
6.972578880544726587e+01,1.000000000000000000e+00,2.000000000000000000e+00
6.972578880544726587e+01,1.000000000000000000e+00,0.000000000000000000e+00
6.972578880544726587e+01,1.000000000000000000e+00,5.000000000000000000e+00
6.972578880544726587e+01,1.000000000000000000e+00,1.000000000000000000e+00
6.972578880544726587e+01,1.000000000000000000e+00,1.000000000000000000e+00
6.972578880544726587e+01,1.000000000000000000e+00,4.000000000000000000e+00
6.972578880544726587e+01,1.000000000000000000e+00,1.000000000000000000e+00
6.972578880544726587e+01,1.000000000000000000e+00,3.000000000000000000e+00
6.972578880544726587e+01,1.000000000000000000e+00,2.000000000000000000e+00
6.972578880544726587e+01,1.000000000000000000e+00,1.000000000000000000e+00
6.972578880544726587e+01,1.000000000000000000e+00,3.000000000000000000e+00
6.972578880544726587e+01,1.000000000000000000e+00,2.000000000000000000e+00
6.972578880544726587e+01,1.000000000000000000e+00,1.000000000000000000e+00
6.972578880544726587e+01,1.000000000000000000e+00,6.000000000000000000e+00
6.972578880544726587e+01,1.000000000000000000e+00,1.000000000000000000e+00
6.972578880544726587e+01,1.000000000000000000e+00,-2.000000000000000000e+00
6.972578880544726587e+01,1.000000000000000000e+00,1.000000000000000000e+00
6.972578880544726587e+01,1.000000000000000000e+00,2.000000000000000000e+00
6.972578880544726587e+01,1.000000000000000000e+00,0.000000000000000000e+00
6.972578880544726587e+01,1.000000000000000000e+00,0.000000000000000000e+00
6.972578880544726587e+01,1.000000000000000000e+00,5.000000000000000000e+00
6.972578880544726587e+01,1.000000000000000000e+00,2.000000000000000000e+00
6.972578880544726587e+01,1.000000000000000000e+00,0.000000000000000000e+00
6.972578880544726587e+01,1.000000000000000000e+00,3.000000000000000000e+00
6.972578880544726587e+01,1.000000000000000000e+00,0.000000000000000000e+00
6.972578880544726587e+01,1.000000000000000000e+00,2.000000000000000000e+00
6.972578880544726587e+01,1.000000000000000000e+00,-1.000000000000000000e+00
6.972578880544726587e+01,1.000000000000000000e+00,1.000000000000000000e+00
6.972578880544726587e+01,1.000000000000000000e+00,3.000000000000000000e+00
6.972578880544726587e+01,1.000000000000000000e+00,0.000000000000000000e+00
6.972578880544726587e+01,1.000000000000000000e+00,4.000000000000000000e+00
6.972578880544726587e+01,1.000000000000000000e+00,5.000000000000000000e+00
6.972578880544726587e+01,1.000000000000000000e+00,0.000000000000000000e+00
6.972578880544726587e+01,1.000000000000000000e+00,0.000000000000000000e+00
6.972578880544726587e+01,1.000000000000000000e+00,1.000000000000000000e+00
6.972578880544726587e+01,1.000000000000000000e+00,5.000000000000000000e+00
6.972578880544726587e+01,1.000000000000000000e+00,-3.000000000000000000e+00
6.972578880544726587e+01,1.000000000000000000e+00,0.000000000000000000e+00
6.972578880544726587e+01,1.000000000000000000e+00,1.000000000000000000e+00
6.972578880544726587e+01,1.000000000000000000e+00,4.000000000000000000e+00
6.972578880544726587e+01,1.000000000000000000e+00,0.000000000000000000e+00
6.972578880544726587e+01,1.000000000000000000e+00,0.000000000000000000e+00
6.972578880544726587e+01,1.000000000000000000e+00,2.000000000000000000e+00
6.972578880544726587e+01,1.000000000000000000e+00,4.000000000000000000e+00
6.972578880544726587e+01,1.000000000000000000e+00,-1.000000000000000000e+00
6.972578880544726587e+01,1.000000000000000000e+00,2.000000000000000000e+00
6.972578880544726587e+01,1.000000000000000000e+00,4.000000000000000000e+00
6.972578880544726587e+01,1.000000000000000000e+00,0.000000000000000000e+00
6.972578880544726587e+01,1.000000000000000000e+00,4.000000000000000000e+00
6.972578880544726587e+01,1.000000000000000000e+00,1.000000000000000000e+00
6.972578880544726587e+01,1.000000000000000000e+00,0.000000000000000000e+00
6.972578880544726587e+01,1.000000000000000000e+00,-1.000000000000000000e+00
6.972578880544726587e+01,1.000000000000000000e+00,-1.000000000000000000e+00
6.972578880544726587e+01,1.000000000000000000e+00,0.000000000000000000e+00
6.972578880544726587e+01,1.000000000000000000e+00,-2.000000000000000000e+00
6.972578880544726587e+01,1.000000000000000000e+00,0.000000000000000000e+00
6.972578880544726587e+01,1.000000000000000000e+00,0.000000000000000000e+00
6.972578880544726587e+01,1.000000000000000000e+00,-1.000000000000000000e+00
6.972578880544726587e+01,1.000000000000000000e+00,1.000000000000000000e+00
6.972578880544726587e+01,1.000000000000000000e+00,0.000000000000000000e+00
6.972578880544726587e+01,1.000000000000000000e+00,2.000000000000000000e+00
6.972578880544726587e+01,1.000000000000000000e+00,0.000000000000000000e+00
6.972578880544726587e+01,1.000000000000000000e+00,-1.000000000000000000e+00
6.972578880544726587e+01,1.000000000000000000e+00,1.000000000000000000e+00
6.972578880544726587e+01,1.000000000000000000e+00,-2.000000000000000000e+00
6.972578880544726587e+01,1.000000000000000000e+00,2.000000000000000000e+00
6.972578880544726587e+01,1.000000000000000000e+00,0.000000000000000000e+00
6.972578880544726587e+01,1.000000000000000000e+00,0.000000000000000000e+00
6.972578880544726587e+01,1.000000000000000000e+00,1.000000000000000000e+00
6.972578880544726587e+01,1.000000000000000000e+00,0.000000000000000000e+00
6.972578880544726587e+01,1.000000000000000000e+00,0.000000000000000000e+00
6.972578880544726587e+01,1.000000000000000000e+00,2.000000000000000000e+00
6.972578880544726587e+01,1.000000000000000000e+00,1.000000000000000000e+00
6.972578880544726587e+01,1.000000000000000000e+00,-1.000000000000000000e+00
6.972578880544726587e+01,1.000000000000000000e+00,0.000000000000000000e+00
6.972578880544726587e+01,1.000000000000000000e+00,-1.000000000000000000e+00
6.972578880544726587e+01,1.000000000000000000e+00,0.000000000000000000e+00
6.972578880544726587e+01,1.000000000000000000e+00,0.000000000000000000e+00
6.972578880544726587e+01,1.000000000000000000e+00,0.000000000000000000e+00
6.972578880544726587e+01,1.000000000000000000e+00,0.000000000000000000e+00
6.972578880544726587e+01,1.000000000000000000e+00,-1.000000000000000000e+00
6.972578880544726587e+01,1.000000000000000000e+00,-1.000000000000000000e+00
6.972578880544726587e+01,1.000000000000000000e+00,0.000000000000000000e+00
6.972578880544726587e+01,1.000000000000000000e+00,-1.000000000000000000e+00
6.972578880544726587e+01,1.000000000000000000e+00,-2.000000000000000000e+00
6.972578880544726587e+01,1.000000000000000000e+00,-2.000000000000000000e+00
6.972578880544726587e+01,1.000000000000000000e+00,-2.000000000000000000e+00
6.972578880544726587e+01,1.000000000000000000e+00,0.000000000000000000e+00
6.972578880544726587e+01,1.000000000000000000e+00,-4.000000000000000000e+00
6.972578880544726587e+01,1.000000000000000000e+00,-2.000000000000000000e+00
6.972578880544726587e+01,1.000000000000000000e+00,1.000000000000000000e+00
6.972578880544726587e+01,1.000000000000000000e+00,-3.000000000000000000e+00
6.972578880544726587e+01,1.000000000000000000e+00,-3.000000000000000000e+00
6.972578880544726587e+01,1.000000000000000000e+00,-5.000000000000000000e+00
6.972578880544726587e+01,1.000000000000000000e+00,-3.000000000000000000e+00
6.972578880544726587e+01,1.000000000000000000e+00,-2.000000000000000000e+00
6.972578880544726587e+01,1.000000000000000000e+00,-3.000000000000000000e+00
6.972578880544726587e+01,1.000000000000000000e+00,-1.000000000000000000e+00
6.972578880544726587e+01,1.000000000000000000e+00,-4.000000000000000000e+00
6.972578880544726587e+01,1.000000000000000000e+00,-2.000000000000000000e+00
6.972578880544726587e+01,1.000000000000000000e+00,-3.000000000000000000e+00
6.972578880544726587e+01,1.000000000000000000e+00,-2.000000000000000000e+00
6.972578880544726587e+01,1.000000000000000000e+00,0.000000000000000000e+00
6.972578880544726587e+01,1.000000000000000000e+00,-2.000000000000000000e+00
6.972578880544726587e+01,1.000000000000000000e+00,-2.000000000000000000e+00
6.972578880544726587e+01,1.000000000000000000e+00,-1.000000000000000000e+00
6.972578880544726587e+01,1.000000000000000000e+00,-5.000000000000000000e+00
6.972578880544726587e+01,1.000000000000000000e+00,-5.000000000000000000e+00
6.972578880544726587e+01,1.000000000000000000e+00,1.000000000000000000e+00
6.972578880544726587e+01,1.000000000000000000e+00,-2.000000000000000000e+00
6.972578880544726587e+01,1.000000000000000000e+00,-4.000000000000000000e+00
6.972578880544726587e+01,1.000000000000000000e+00,-4.000000000000000000e+00
6.972578880544726587e+01,1.000000000000000000e+00,0.000000000000000000e+00
6.972578880544726587e+01,1.000000000000000000e+00,-5.000000000000000000e+00
6.972578880544726587e+01,1.000000000000000000e+00,-3.000000000000000000e+00
6.972578880544726587e+01,1.000000000000000000e+00,-6.000000000000000000e+00
6.972578880544726587e+01,1.000000000000000000e+00,-3.000000000000000000e+00
6.972578880544726587e+01,1.000000000000000000e+00,0.000000000000000000e+00
6.972578880544726587e+01,1.000000000000000000e+00,-4.000000000000000000e+00
6.972578880544726587e+01,1.000000000000000000e+00,-4.000000000000000000e+00
6.972578880544726587e+01,1.000000000000000000e+00,-4.000000000000000000e+00
6.972578880544726587e+01,1.000000000000000000e+00,-5.000000000000000000e+00
6.972578880544726587e+01,1.000000000000000000e+00,-6.000000000000000000e+00
6.972578880544726587e+01,1.000000000000000000e+00,1.000000000000000000e+00
6.972578880544726587e+01,1.000000000000000000e+00,-5.000000000000000000e+00
6.972578880544726587e+01,1.000000000000000000e+00,0.000000000000000000e+00
6.972578880544726587e+01,1.000000000000000000e+00,-1.000000000000000000e+00
6.972578880544726587e+01,1.000000000000000000e+00,-3.000000000000000000e+00
6.972578880544726587e+01,1.000000000000000000e+00,-4.000000000000000000e+00
6.972578880544726587e+01,1.000000000000000000e+00,-4.000000000000000000e+00
6.972578880544726587e+01,1.000000000000000000e+00,-4.000000000000000000e+00
6.972578880544726587e+01,1.000000000000000000e+00,-5.000000000000000000e+00
6.972578880544726587e+01,1.000000000000000000e+00,-2.000000000000000000e+00
6.972578880544726587e+01,1.000000000000000000e+00,-2.000000000000000000e+00
6.972578880544726587e+01,1.000000000000000000e+00,-2.000000000000000000e+00
6.972578880544726587e+01,1.000000000000000000e+00,-7.000000000000000000e+00
6.972578880544726587e+01,1.000000000000000000e+00,-4.000000000000000000e+00
6.972578880544726587e+01,1.000000000000000000e+00,-5.000000000000000000e+00
6.972578880544726587e+01,1.000000000000000000e+00,-2.000000000000000000e+00
6.972578880544726587e+01,1.000000000000000000e+00,-3.000000000000000000e+00
6.972578880544726587e+01,1.000000000000000000e+00,-4.000000000000000000e+00
6.972578880544726587e+01,1.000000000000000000e+00,-3.000000000000000000e+00
6.972578880544726587e+01,1.000000000000000000e+00,-4.000000000000000000e+00
6.972578880544726587e+01,1.000000000000000000e+00,-6.000000000000000000e+00
6.972578880544726587e+01,1.000000000000000000e+00,-5.000000000000000000e+00
6.972578880544726587e+01,1.000000000000000000e+00,-5.000000000000000000e+00
6.972578880544726587e+01,1.000000000000000000e+00,-9.000000000000000000e+00
6.972578880544726587e+01,1.000000000000000000e+00,-4.000000000000000000e+00
6.972578880544726587e+01,1.000000000000000000e+00,-4.000000000000000000e+00
6.972578880544726587e+01,1.000000000000000000e+00,-6.000000000000000000e+00
6.972578880544726587e+01,1.000000000000000000e+00,-3.000000000000000000e+00
6.972578880544726587e+01,1.000000000000000000e+00,-5.000000000000000000e+00
6.972578880544726587e+01,1.000000000000000000e+00,-4.000000000000000000e+00
6.972578880544726587e+01,1.000000000000000000e+00,-4.000000000000000000e+00
6.972578880544726587e+01,1.000000000000000000e+00,-4.000000000000000000e+00
6.972578880544726587e+01,1.000000000000000000e+00,-4.000000000000000000e+00
6.972578880544726587e+01,1.000000000000000000e+00,-5.000000000000000000e+00
6.972578880544726587e+01,1.000000000000000000e+00,-2.000000000000000000e+00
6.972578880544726587e+01,1.000000000000000000e+00,-4.000000000000000000e+00
6.972578880544726587e+01,1.000000000000000000e+00,-1.000000000000000000e+01
6.972578880544726587e+01,1.000000000000000000e+00,-5.000000000000000000e+00
6.972578880544726587e+01,1.000000000000000000e+00,-5.000000000000000000e+00
6.972578880544726587e+01,1.000000000000000000e+00,-5.000000000000000000e+00
6.972578880544726587e+01,1.000000000000000000e+00,-5.000000000000000000e+00
6.972578880544726587e+01,1.000000000000000000e+00,-3.000000000000000000e+00
6.972578880544726587e+01,1.000000000000000000e+00,-9.000000000000000000e+00
6.972578880544726587e+01,1.000000000000000000e+00,-6.000000000000000000e+00
6.972578880544726587e+01,1.000000000000000000e+00,-3.000000000000000000e+00
6.972578880544726587e+01,1.000000000000000000e+00,-3.000000000000000000e+00
6.972578880544726587e+01,1.000000000000000000e+00,-1.000000000000000000e+01
6.972578880544726587e+01,1.000000000000000000e+00,-5.000000000000000000e+00
6.972578880544726587e+01,1.000000000000000000e+00,-6.000000000000000000e+00
6.972578880544726587e+01,1.000000000000000000e+00,-8.000000000000000000e+00
6.972578880544726587e+01,1.000000000000000000e+00,-5.000000000000000000e+00
6.972578880544726587e+01,1.000000000000000000e+00,-5.000000000000000000e+00
6.972578880544726587e+01,1.000000000000000000e+00,-1.000000000000000000e+01
6.972578880544726587e+01,1.000000000000000000e+00,-4.000000000000000000e+00
6.972578880544726587e+01,1.000000000000000000e+00,-4.000000000000000000e+00
6.972578880544726587e+01,1.000000000000000000e+00,-8.000000000000000000e+00
6.972578880544726587e+01,1.000000000000000000e+00,-6.000000000000000000e+00
6.972578880544726587e+01,1.000000000000000000e+00,-4.000000000000000000e+00
6.972578880544726587e+01,1.000000000000000000e+00,-5.000000000000000000e+00
6.972578880544726587e+01,1.000000000000000000e+00,-4.000000000000000000e+00
6.972578880544726587e+01,1.000000000000000000e+00,-6.000000000000000000e+00
6.972578880544726587e+01,1.000000000000000000e+00,-5.000000000000000000e+00
6.972578880544726587e+01,1.000000000000000000e+00,-7.000000000000000000e+00
6.972578880544726587e+01,1.000000000000000000e+00,-6.000000000000000000e+00
6.972578880544726587e+01,1.000000000000000000e+00,-9.000000000000000000e+00
6.972578880544726587e+01,1.000000000000000000e+00,-8.000000000000000000e+00
6.972578880544726587e+01,1.000000000000000000e+00,-5.000000000000000000e+00
6.972578880544726587e+01,1.000000000000000000e+00,-5.000000000000000000e+00
6.972578880544726587e+01,1.000000000000000000e+00,-6.000000000000000000e+00
6.972578880544726587e+01,1.000000000000000000e+00,-1.000000000000000000e+01
6.972578880544726587e+01,1.000000000000000000e+00,-7.000000000000000000e+00
6.972578880544726587e+01,1.000000000000000000e+00,-8.000000000000000000e+00
6.972578880544726587e+01,1.000000000000000000e+00,-5.000000000000000000e+00
6.972578880544726587e+01,1.000000000000000000e+00,-4.000000000000000000e+00
6.972578880544726587e+01,1.000000000000000000e+00,-7.000000000000000000e+00
6.972578880544726587e+01,1.000000000000000000e+00,-4.000000000000000000e+00
6.972578880544726587e+01,1.000000000000000000e+00,-7.000000000000000000e+00
6.972578880544726587e+01,1.000000000000000000e+00,-8.000000000000000000e+00
6.972578880544726587e+01,1.000000000000000000e+00,-8.000000000000000000e+00
6.972578880544726587e+01,1.000000000000000000e+00,-6.000000000000000000e+00
6.972578880544726587e+01,1.000000000000000000e+00,-6.000000000000000000e+00
6.972578880544726587e+01,1.000000000000000000e+00,-7.000000000000000000e+00
6.972578880544726587e+01,1.000000000000000000e+00,-7.000000000000000000e+00
6.972578880544726587e+01,1.000000000000000000e+00,-5.000000000000000000e+00
6.972578880544726587e+01,1.000000000000000000e+00,-8.000000000000000000e+00
6.972578880544726587e+01,1.000000000000000000e+00,-8.000000000000000000e+00
6.972578880544726587e+01,1.000000000000000000e+00,-8.000000000000000000e+00
6.972578880544726587e+01,1.000000000000000000e+00,-6.000000000000000000e+00
6.972578880544726587e+01,1.000000000000000000e+00,-6.000000000000000000e+00
6.972578880544726587e+01,1.000000000000000000e+00,-7.000000000000000000e+00
6.972578880544726587e+01,1.000000000000000000e+00,-9.000000000000000000e+00
6.972578880544726587e+01,1.000000000000000000e+00,-9.000000000000000000e+00
6.972578880544726587e+01,1.000000000000000000e+00,-6.000000000000000000e+00
6.972578880544726587e+01,1.000000000000000000e+00,-9.000000000000000000e+00
6.972578880544726587e+01,1.000000000000000000e+00,-6.000000000000000000e+00
6.972578880544726587e+01,1.000000000000000000e+00,-6.000000000000000000e+00
6.972578880544726587e+01,1.000000000000000000e+00,-3.000000000000000000e+00
6.972578880544726587e+01,1.000000000000000000e+00,-4.000000000000000000e+00
6.972578880544726587e+01,1.000000000000000000e+00,-1.100000000000000000e+01
6.972578880544726587e+01,1.000000000000000000e+00,-9.000000000000000000e+00
6.972578880544726587e+01,1.000000000000000000e+00,-7.000000000000000000e+00
6.972578880544726587e+01,1.000000000000000000e+00,-9.000000000000000000e+00
6.972578880544726587e+01,1.000000000000000000e+00,-1.000000000000000000e+01
6.972578880544726587e+01,1.000000000000000000e+00,-7.000000000000000000e+00
6.972578880544726587e+01,1.000000000000000000e+00,-6.000000000000000000e+00
6.972578880544726587e+01,1.000000000000000000e+00,-6.000000000000000000e+00
6.972578880544726587e+01,1.000000000000000000e+00,-7.000000000000000000e+00
6.972578880544726587e+01,1.000000000000000000e+00,-6.000000000000000000e+00
6.972578880544726587e+01,1.000000000000000000e+00,-1.300000000000000000e+01
6.972578880544726587e+01,1.000000000000000000e+00,-6.000000000000000000e+00
6.972578880544726587e+01,1.000000000000000000e+00,-6.000000000000000000e+00
6.972578880544726587e+01,1.000000000000000000e+00,-7.000000000000000000e+00
6.972578880544726587e+01,1.000000000000000000e+00,-4.000000000000000000e+00
6.972578880544726587e+01,1.000000000000000000e+00,-9.000000000000000000e+00
6.972578880544726587e+01,1.000000000000000000e+00,-3.000000000000000000e+00
6.972578880544726587e+01,1.000000000000000000e+00,-7.000000000000000000e+00
6.972578880544726587e+01,1.000000000000000000e+00,-6.000000000000000000e+00
6.972578880544726587e+01,1.000000000000000000e+00,-6.000000000000000000e+00
6.972578880544726587e+01,1.000000000000000000e+00,-8.000000000000000000e+00
6.972578880544726587e+01,1.000000000000000000e+00,-3.000000000000000000e+00
6.972578880544726587e+01,1.000000000000000000e+00,-3.000000000000000000e+00
6.972578880544726587e+01,1.000000000000000000e+00,-9.000000000000000000e+00
6.972578880544726587e+01,1.000000000000000000e+00,-5.000000000000000000e+00
6.972578880544726587e+01,1.000000000000000000e+00,-6.000000000000000000e+00
6.972578880544726587e+01,1.000000000000000000e+00,-8.000000000000000000e+00
6.972578880544726587e+01,1.000000000000000000e+00,-9.000000000000000000e+00
6.972578880544726587e+01,1.000000000000000000e+00,-1.000000000000000000e+01
6.972578880544726587e+01,1.000000000000000000e+00,-7.000000000000000000e+00
6.972578880544726587e+01,1.000000000000000000e+00,-9.000000000000000000e+00
6.972578880544726587e+01,1.000000000000000000e+00,-7.000000000000000000e+00
6.972578880544726587e+01,1.000000000000000000e+00,-5.000000000000000000e+00
6.972578880544726587e+01,1.000000000000000000e+00,-1.100000000000000000e+01
6.972578880544726587e+01,1.000000000000000000e+00,-4.000000000000000000e+00
6.972578880544726587e+01,1.000000000000000000e+00,-9.000000000000000000e+00
6.972578880544726587e+01,1.000000000000000000e+00,-7.000000000000000000e+00
6.972578880544726587e+01,1.000000000000000000e+00,-9.000000000000000000e+00
6.972578880544726587e+01,1.000000000000000000e+00,-1.400000000000000000e+01
6.972578880544726587e+01,1.000000000000000000e+00,-7.000000000000000000e+00
6.972578880544726587e+01,1.000000000000000000e+00,-9.000000000000000000e+00
6.972578880544726587e+01,1.000000000000000000e+00,-1.400000000000000000e+01
6.972578880544726587e+01,1.000000000000000000e+00,-8.000000000000000000e+00
6.972578880544726587e+01,1.000000000000000000e+00,-9.000000000000000000e+00
6.972578880544726587e+01,1.000000000000000000e+00,-9.000000000000000000e+00
6.972578880544726587e+01,1.000000000000000000e+00,-1.100000000000000000e+01
6.972578880544726587e+01,1.000000000000000000e+00,-1.000000000000000000e+01
6.972578880544726587e+01,1.000000000000000000e+00,-1.200000000000000000e+01
6.972578880544726587e+01,1.000000000000000000e+00,-6.000000000000000000e+00
6.972578880544726587e+01,1.000000000000000000e+00,-9.000000000000000000e+00
6.972578880544726587e+01,1.000000000000000000e+00,-5.000000000000000000e+00
6.972578880544726587e+01,1.000000000000000000e+00,-1.100000000000000000e+01
6.972578880544726587e+01,1.000000000000000000e+00,-9.000000000000000000e+00
6.972578880544726587e+01,1.000000000000000000e+00,-5.000000000000000000e+00
6.972578880544726587e+01,1.000000000000000000e+00,-1.300000000000000000e+01
6.972578880544726587e+01,1.000000000000000000e+00,-1.200000000000000000e+01
6.972578880544726587e+01,1.000000000000000000e+00,-1.100000000000000000e+01
6.972578880544726587e+01,1.000000000000000000e+00,-1.000000000000000000e+01
6.972578880544726587e+01,1.000000000000000000e+00,-1.200000000000000000e+01
6.972578880544726587e+01,1.000000000000000000e+00,-5.000000000000000000e+00
6.972578880544726587e+01,1.000000000000000000e+00,-7.000000000000000000e+00
6.972578880544726587e+01,1.000000000000000000e+00,-1.300000000000000000e+01
6.972578880544726587e+01,1.000000000000000000e+00,-8.000000000000000000e+00
6.972578880544726587e+01,1.000000000000000000e+00,-6.000000000000000000e+00
6.972578880544726587e+01,1.000000000000000000e+00,-7.000000000000000000e+00
6.972578880544726587e+01,1.000000000000000000e+00,-1.000000000000000000e+01
6.972578880544726587e+01,1.000000000000000000e+00,-8.000000000000000000e+00
6.972578880544726587e+01,1.000000000000000000e+00,-1.000000000000000000e+01
6.972578880544726587e+01,1.000000000000000000e+00,-1.100000000000000000e+01
6.972578880544726587e+01,1.000000000000000000e+00,-6.000000000000000000e+00
6.972578880544726587e+01,1.000000000000000000e+00,-1.500000000000000000e+01
6.972578880544726587e+01,1.000000000000000000e+00,-8.000000000000000000e+00
6.972578880544726587e+01,1.000000000000000000e+00,-1.200000000000000000e+01
6.972578880544726587e+01,1.000000000000000000e+00,-9.000000000000000000e+00
6.972578880544726587e+01,1.000000000000000000e+00,-9.000000000000000000e+00
6.972578880544726587e+01,1.000000000000000000e+00,-5.000000000000000000e+00
6.972578880544726587e+01,1.000000000000000000e+00,-9.000000000000000000e+00
6.972578880544726587e+01,1.000000000000000000e+00,-6.000000000000000000e+00
6.972578880544726587e+01,1.000000000000000000e+00,-7.000000000000000000e+00
6.972578880544726587e+01,1.000000000000000000e+00,-8.000000000000000000e+00
6.972578880544726587e+01,1.000000000000000000e+00,-1.200000000000000000e+01
6.972578880544726587e+01,1.000000000000000000e+00,-1.200000000000000000e+01
6.972578880544726587e+01,1.000000000000000000e+00,-8.000000000000000000e+00
6.972578880544726587e+01,1.000000000000000000e+00,-5.000000000000000000e+00
6.972578880544726587e+01,1.000000000000000000e+00,-8.000000000000000000e+00
6.972578880544726587e+01,1.000000000000000000e+00,-8.000000000000000000e+00
6.972578880544726587e+01,1.000000000000000000e+00,-1.000000000000000000e+01
6.972578880544726587e+01,1.000000000000000000e+00,-1.000000000000000000e+01
6.972578880544726587e+01,1.000000000000000000e+00,-1.300000000000000000e+01
6.972578880544726587e+01,1.000000000000000000e+00,-1.000000000000000000e+01
6.972578880544726587e+01,1.000000000000000000e+00,-9.000000000000000000e+00
6.972578880544726587e+01,1.000000000000000000e+00,-1.400000000000000000e+01
6.972578880544726587e+01,1.000000000000000000e+00,-5.000000000000000000e+00
6.972578880544726587e+01,1.000000000000000000e+00,-1.000000000000000000e+01
6.972578880544726587e+01,1.000000000000000000e+00,-9.000000000000000000e+00
6.972578880544726587e+01,1.000000000000000000e+00,-7.000000000000000000e+00
6.972578880544726587e+01,1.000000000000000000e+00,-1.000000000000000000e+01
6.972578880544726587e+01,1.000000000000000000e+00,-8.000000000000000000e+00
6.972578880544726587e+01,1.000000000000000000e+00,-9.000000000000000000e+00
6.972578880544726587e+01,1.000000000000000000e+00,-7.000000000000000000e+00
6.972578880544726587e+01,1.000000000000000000e+00,-1.200000000000000000e+01
6.972578880544726587e+01,1.000000000000000000e+00,-7.000000000000000000e+00
6.972578880544726587e+01,1.000000000000000000e+00,-1.100000000000000000e+01
6.972578880544726587e+01,1.000000000000000000e+00,-9.000000000000000000e+00
6.972578880544726587e+01,1.000000000000000000e+00,-1.000000000000000000e+01
6.972578880544726587e+01,1.000000000000000000e+00,-8.000000000000000000e+00
6.972578880544726587e+01,1.000000000000000000e+00,-1.000000000000000000e+01
6.972578880544726587e+01,1.000000000000000000e+00,-9.000000000000000000e+00
6.972578880544726587e+01,1.000000000000000000e+00,-1.100000000000000000e+01
6.972578880544726587e+01,1.000000000000000000e+00,-1.100000000000000000e+01
6.972578880544726587e+01,1.000000000000000000e+00,-1.400000000000000000e+01
6.972578880544726587e+01,1.000000000000000000e+00,-8.000000000000000000e+00
6.972578880544726587e+01,1.000000000000000000e+00,-7.000000000000000000e+00
6.972578880544726587e+01,1.000000000000000000e+00,-9.000000000000000000e+00
6.972578880544726587e+01,1.000000000000000000e+00,-8.000000000000000000e+00
6.972578880544726587e+01,1.000000000000000000e+00,-1.000000000000000000e+01
6.972578880544726587e+01,1.000000000000000000e+00,-9.000000000000000000e+00
6.972578880544726587e+01,1.000000000000000000e+00,-8.000000000000000000e+00
6.972578880544726587e+01,1.000000000000000000e+00,-8.000000000000000000e+00
6.972578880544726587e+01,1.000000000000000000e+00,-9.000000000000000000e+00
6.972578880544726587e+01,1.000000000000000000e+00,-1.100000000000000000e+01
6.972578880544726587e+01,1.000000000000000000e+00,-1.200000000000000000e+01
6.972578880544726587e+01,1.000000000000000000e+00,-8.000000000000000000e+00
6.972578880544726587e+01,1.000000000000000000e+00,-7.000000000000000000e+00
6.972578880544726587e+01,1.000000000000000000e+00,-1.000000000000000000e+01
6.972578880544726587e+01,1.000000000000000000e+00,-8.000000000000000000e+00
6.972578880544726587e+01,1.000000000000000000e+00,-9.000000000000000000e+00
6.972578880544726587e+01,1.000000000000000000e+00,-9.000000000000000000e+00
6.972578880544726587e+01,1.000000000000000000e+00,-1.000000000000000000e+01
6.972578880544726587e+01,1.000000000000000000e+00,-1.000000000000000000e+01
6.972578880544726587e+01,1.000000000000000000e+00,-8.000000000000000000e+00
6.972578880544726587e+01,1.000000000000000000e+00,-8.000000000000000000e+00
6.972578880544726587e+01,1.000000000000000000e+00,-8.000000000000000000e+00
6.972578880544726587e+01,1.000000000000000000e+00,-1.000000000000000000e+01
6.972578880544726587e+01,1.000000000000000000e+00,-1.400000000000000000e+01
6.972578880544726587e+01,1.000000000000000000e+00,-1.300000000000000000e+01
6.972578880544726587e+01,1.000000000000000000e+00,-1.000000000000000000e+01
6.972578880544726587e+01,1.000000000000000000e+00,-8.000000000000000000e+00
6.972578880544726587e+01,1.000000000000000000e+00,-1.100000000000000000e+01
6.972578880544726587e+01,1.000000000000000000e+00,-1.000000000000000000e+01
6.972578880544726587e+01,1.000000000000000000e+00,-1.000000000000000000e+01
6.972578880544726587e+01,1.000000000000000000e+00,-1.200000000000000000e+01
6.972578880544726587e+01,1.000000000000000000e+00,-9.000000000000000000e+00
6.972578880544726587e+01,1.000000000000000000e+00,-7.000000000000000000e+00
6.972578880544726587e+01,1.000000000000000000e+00,-1.100000000000000000e+01
6.972578880544726587e+01,1.000000000000000000e+00,-1.100000000000000000e+01
6.972578880544726587e+01,1.000000000000000000e+00,-1.000000000000000000e+01
6.972578880544726587e+01,1.000000000000000000e+00,-1.200000000000000000e+01
6.972578880544726587e+01,1.000000000000000000e+00,-1.300000000000000000e+01
6.972578880544726587e+01,1.000000000000000000e+00,-1.200000000000000000e+01
6.972578880544726587e+01,1.000000000000000000e+00,-9.000000000000000000e+00
6.972578880544726587e+01,1.000000000000000000e+00,-9.000000000000000000e+00
6.972578880544726587e+01,1.000000000000000000e+00,-7.000000000000000000e+00
6.972578880544726587e+01,1.000000000000000000e+00,-8.000000000000000000e+00
6.972578880544726587e+01,1.000000000000000000e+00,-1.700000000000000000e+01
6.972578880544726587e+01,1.000000000000000000e+00,-1.100000000000000000e+01
6.972578880544726587e+01,1.000000000000000000e+00,-1.100000000000000000e+01
6.972578880544726587e+01,1.000000000000000000e+00,-8.000000000000000000e+00
6.972578880544726587e+01,1.000000000000000000e+00,-1.100000000000000000e+01
6.972578880544726587e+01,1.000000000000000000e+00,-1.000000000000000000e+01
6.972578880544726587e+01,1.000000000000000000e+00,-7.000000000000000000e+00
6.972578880544726587e+01,1.000000000000000000e+00,-6.000000000000000000e+00
6.972578880544726587e+01,1.000000000000000000e+00,-1.000000000000000000e+01
6.972578880544726587e+01,1.000000000000000000e+00,-9.000000000000000000e+00
6.972578880544726587e+01,1.000000000000000000e+00,-1.000000000000000000e+01
6.972578880544726587e+01,1.000000000000000000e+00,-6.000000000000000000e+00
6.972578880544726587e+01,1.000000000000000000e+00,-1.000000000000000000e+01
6.972578880544726587e+01,1.000000000000000000e+00,-8.000000000000000000e+00
6.972578880544726587e+01,1.000000000000000000e+00,-9.000000000000000000e+00
6.972578880544726587e+01,1.000000000000000000e+00,-8.000000000000000000e+00
6.972578880544726587e+01,1.000000000000000000e+00,-8.000000000000000000e+00
6.972578880544726587e+01,1.000000000000000000e+00,-1.000000000000000000e+01
6.972578880544726587e+01,1.000000000000000000e+00,-1.300000000000000000e+01
6.972578880544726587e+01,1.000000000000000000e+00,-1.000000000000000000e+01
6.972578880544726587e+01,1.000000000000000000e+00,-1.300000000000000000e+01
6.972578880544726587e+01,1.000000000000000000e+00,-1.000000000000000000e+01
6.972578880544726587e+01,1.000000000000000000e+00,-9.000000000000000000e+00
6.972578880544726587e+01,1.000000000000000000e+00,-1.100000000000000000e+01
6.972578880544726587e+01,1.000000000000000000e+00,-1.000000000000000000e+01
6.972578880544726587e+01,1.000000000000000000e+00,-1.300000000000000000e+01
6.972578880544726587e+01,1.000000000000000000e+00,-1.000000000000000000e+01
6.972578880544726587e+01,1.000000000000000000e+00,-7.000000000000000000e+00
6.972578880544726587e+01,1.000000000000000000e+00,-1.000000000000000000e+01
6.972578880544726587e+01,1.000000000000000000e+00,-1.100000000000000000e+01
6.972578880544726587e+01,1.000000000000000000e+00,-8.000000000000000000e+00
6.972578880544726587e+01,1.000000000000000000e+00,-1.000000000000000000e+01
6.972578880544726587e+01,1.000000000000000000e+00,-6.000000000000000000e+00
6.972578880544726587e+01,1.000000000000000000e+00,-8.000000000000000000e+00
6.972578880544726587e+01,1.000000000000000000e+00,-1.000000000000000000e+01
6.972578880544726587e+01,1.000000000000000000e+00,-1.100000000000000000e+01
6.972578880544726587e+01,1.000000000000000000e+00,-1.000000000000000000e+01
6.972578880544726587e+01,1.000000000000000000e+00,-1.000000000000000000e+01
6.972578880544726587e+01,1.000000000000000000e+00,-1.000000000000000000e+01
6.972578880544726587e+01,1.000000000000000000e+00,-8.000000000000000000e+00
6.972578880544726587e+01,1.000000000000000000e+00,-1.200000000000000000e+01
6.972578880544726587e+01,1.000000000000000000e+00,-9.000000000000000000e+00
6.972578880544726587e+01,1.000000000000000000e+00,-1.000000000000000000e+01
6.972578880544726587e+01,1.000000000000000000e+00,-1.200000000000000000e+01
6.972578880544726587e+01,1.000000000000000000e+00,-8.000000000000000000e+00
6.972578880544726587e+01,1.000000000000000000e+00,-9.000000000000000000e+00
6.972578880544726587e+01,1.000000000000000000e+00,-7.000000000000000000e+00
6.972578880544726587e+01,1.000000000000000000e+00,-8.000000000000000000e+00
6.972578880544726587e+01,1.000000000000000000e+00,-1.200000000000000000e+01
6.972578880544726587e+01,1.000000000000000000e+00,-8.000000000000000000e+00
6.972578880544726587e+01,1.000000000000000000e+00,-1.100000000000000000e+01
6.972578880544726587e+01,1.000000000000000000e+00,-1.200000000000000000e+01
6.972578880544726587e+01,1.000000000000000000e+00,-9.000000000000000000e+00
6.972578880544726587e+01,1.000000000000000000e+00,-7.000000000000000000e+00
6.972578880544726587e+01,1.000000000000000000e+00,-1.100000000000000000e+01
6.972578880544726587e+01,1.000000000000000000e+00,-9.000000000000000000e+00
6.972578880544726587e+01,1.000000000000000000e+00,-1.100000000000000000e+01
6.972578880544726587e+01,1.000000000000000000e+00,-9.000000000000000000e+00
6.972578880544726587e+01,1.000000000000000000e+00,-8.000000000000000000e+00
6.972578880544726587e+01,1.000000000000000000e+00,-7.000000000000000000e+00
6.972578880544726587e+01,1.000000000000000000e+00,-7.000000000000000000e+00
6.972578880544726587e+01,1.000000000000000000e+00,-9.000000000000000000e+00
6.972578880544726587e+01,1.000000000000000000e+00,-1.000000000000000000e+01
6.972578880544726587e+01,1.000000000000000000e+00,-7.000000000000000000e+00
6.972578880544726587e+01,1.000000000000000000e+00,-1.200000000000000000e+01
6.972578880544726587e+01,1.000000000000000000e+00,-1.000000000000000000e+01
6.972578880544726587e+01,1.000000000000000000e+00,-1.100000000000000000e+01
6.972578880544726587e+01,1.000000000000000000e+00,-5.000000000000000000e+00
6.972578880544726587e+01,1.000000000000000000e+00,-9.000000000000000000e+00
6.972578880544726587e+01,1.000000000000000000e+00,-9.000000000000000000e+00
6.972578880544726587e+01,1.000000000000000000e+00,-1.000000000000000000e+01
6.972578880544726587e+01,1.000000000000000000e+00,-1.100000000000000000e+01
6.972578880544726587e+01,1.000000000000000000e+00,-7.000000000000000000e+00
6.972578880544726587e+01,1.000000000000000000e+00,-1.200000000000000000e+01
6.972578880544726587e+01,1.000000000000000000e+00,-9.000000000000000000e+00
6.972578880544726587e+01,1.000000000000000000e+00,-8.000000000000000000e+00
6.972578880544726587e+01,1.000000000000000000e+00,-1.000000000000000000e+01
6.972578880544726587e+01,1.000000000000000000e+00,-9.000000000000000000e+00
6.972578880544726587e+01,1.000000000000000000e+00,-9.000000000000000000e+00
6.972578880544726587e+01,1.000000000000000000e+00,-1.100000000000000000e+01
6.972578880544726587e+01,1.000000000000000000e+00,-1.200000000000000000e+01
6.972578880544726587e+01,1.000000000000000000e+00,-1.000000000000000000e+01
6.972578880544726587e+01,1.000000000000000000e+00,-1.000000000000000000e+01
6.972578880544726587e+01,1.000000000000000000e+00,-8.000000000000000000e+00
6.972578880544726587e+01,1.000000000000000000e+00,-1.200000000000000000e+01
6.972578880544726587e+01,1.000000000000000000e+00,-9.000000000000000000e+00
6.972578880544726587e+01,1.000000000000000000e+00,-9.000000000000000000e+00
6.972578880544726587e+01,1.000000000000000000e+00,-7.000000000000000000e+00
6.972578880544726587e+01,1.000000000000000000e+00,-6.000000000000000000e+00
6.972578880544726587e+01,1.000000000000000000e+00,-1.100000000000000000e+01
6.972578880544726587e+01,1.000000000000000000e+00,-8.000000000000000000e+00
6.972578880544726587e+01,1.000000000000000000e+00,-1.000000000000000000e+01
6.972578880544726587e+01,1.000000000000000000e+00,-9.000000000000000000e+00
6.972578880544726587e+01,1.000000000000000000e+00,-4.000000000000000000e+00
6.972578880544726587e+01,1.000000000000000000e+00,-7.000000000000000000e+00
6.972578880544726587e+01,1.000000000000000000e+00,-4.000000000000000000e+00
6.972578880544726587e+01,1.000000000000000000e+00,-8.000000000000000000e+00
6.972578880544726587e+01,1.000000000000000000e+00,-7.000000000000000000e+00
6.972578880544726587e+01,1.000000000000000000e+00,-1.000000000000000000e+01
6.972578880544726587e+01,1.000000000000000000e+00,-7.000000000000000000e+00
6.972578880544726587e+01,1.000000000000000000e+00,-7.000000000000000000e+00
6.972578880544726587e+01,1.000000000000000000e+00,-9.000000000000000000e+00
6.972578880544726587e+01,1.000000000000000000e+00,-6.000000000000000000e+00
6.972578880544726587e+01,1.000000000000000000e+00,-9.000000000000000000e+00
6.972578880544726587e+01,1.000000000000000000e+00,-1.200000000000000000e+01
6.972578880544726587e+01,1.000000000000000000e+00,-1.100000000000000000e+01
6.972578880544726587e+01,1.000000000000000000e+00,-9.000000000000000000e+00
6.972578880544726587e+01,1.000000000000000000e+00,-7.000000000000000000e+00
6.972578880544726587e+01,1.000000000000000000e+00,-8.000000000000000000e+00
6.972578880544726587e+01,1.000000000000000000e+00,-9.000000000000000000e+00
6.972578880544726587e+01,1.000000000000000000e+00,-1.000000000000000000e+01
6.972578880544726587e+01,1.000000000000000000e+00,-9.000000000000000000e+00
6.972578880544726587e+01,1.000000000000000000e+00,-6.000000000000000000e+00
6.972578880544726587e+01,1.000000000000000000e+00,-9.000000000000000000e+00
6.972578880544726587e+01,1.000000000000000000e+00,-8.000000000000000000e+00
6.972578880544726587e+01,1.000000000000000000e+00,-5.000000000000000000e+00
6.972578880544726587e+01,1.000000000000000000e+00,-7.000000000000000000e+00
6.972578880544726587e+01,1.000000000000000000e+00,-5.000000000000000000e+00
6.972578880544726587e+01,1.000000000000000000e+00,-6.000000000000000000e+00
6.972578880544726587e+01,1.000000000000000000e+00,-9.000000000000000000e+00
6.972578880544726587e+01,1.000000000000000000e+00,-1.200000000000000000e+01
6.972578880544726587e+01,1.000000000000000000e+00,-1.000000000000000000e+01
6.972578880544726587e+01,1.000000000000000000e+00,-1.100000000000000000e+01
6.972578880544726587e+01,1.000000000000000000e+00,-9.000000000000000000e+00
6.972578880544726587e+01,1.000000000000000000e+00,-1.100000000000000000e+01
6.972578880544726587e+01,1.000000000000000000e+00,-1.200000000000000000e+01
6.972578880544726587e+01,1.000000000000000000e+00,-7.000000000000000000e+00
6.972578880544726587e+01,1.000000000000000000e+00,-5.000000000000000000e+00
6.972578880544726587e+01,1.000000000000000000e+00,-1.000000000000000000e+01
6.972578880544726587e+01,1.000000000000000000e+00,-1.100000000000000000e+01
6.972578880544726587e+01,1.000000000000000000e+00,-5.000000000000000000e+00
6.972578880544726587e+01,1.000000000000000000e+00,-9.000000000000000000e+00
6.972578880544726587e+01,1.000000000000000000e+00,-7.000000000000000000e+00
6.972578880544726587e+01,1.000000000000000000e+00,-8.000000000000000000e+00
6.972578880544726587e+01,1.000000000000000000e+00,-6.000000000000000000e+00
6.972578880544726587e+01,1.000000000000000000e+00,-1.100000000000000000e+01
6.972578880544726587e+01,1.000000000000000000e+00,-9.000000000000000000e+00
6.972578880544726587e+01,1.000000000000000000e+00,-9.000000000000000000e+00
6.972578880544726587e+01,1.000000000000000000e+00,-8.000000000000000000e+00
6.972578880544726587e+01,1.000000000000000000e+00,-1.100000000000000000e+01
6.972578880544726587e+01,1.000000000000000000e+00,-7.000000000000000000e+00
6.972578880544726587e+01,1.000000000000000000e+00,-6.000000000000000000e+00
6.972578880544726587e+01,1.000000000000000000e+00,-5.000000000000000000e+00
6.972578880544726587e+01,1.000000000000000000e+00,-8.000000000000000000e+00
6.972578880544726587e+01,1.000000000000000000e+00,-9.000000000000000000e+00
6.972578880544726587e+01,1.000000000000000000e+00,-4.000000000000000000e+00
6.972578880544726587e+01,1.000000000000000000e+00,-8.000000000000000000e+00
6.972578880544726587e+01,1.000000000000000000e+00,-1.000000000000000000e+01
6.972578880544726587e+01,1.000000000000000000e+00,-7.000000000000000000e+00
6.972578880544726587e+01,1.000000000000000000e+00,-5.000000000000000000e+00
6.972578880544726587e+01,1.000000000000000000e+00,-6.000000000000000000e+00
6.972578880544726587e+01,1.000000000000000000e+00,-3.000000000000000000e+00
6.972578880544726587e+01,1.000000000000000000e+00,-6.000000000000000000e+00
6.972578880544726587e+01,1.000000000000000000e+00,-5.000000000000000000e+00
6.972578880544726587e+01,1.000000000000000000e+00,-3.000000000000000000e+00
6.972578880544726587e+01,1.000000000000000000e+00,-7.000000000000000000e+00
6.972578880544726587e+01,1.000000000000000000e+00,-9.000000000000000000e+00
6.972578880544726587e+01,1.000000000000000000e+00,-9.000000000000000000e+00
6.972578880544726587e+01,1.000000000000000000e+00,-7.000000000000000000e+00
6.972578880544726587e+01,1.000000000000000000e+00,-6.000000000000000000e+00
6.972578880544726587e+01,1.000000000000000000e+00,-7.000000000000000000e+00
6.972578880544726587e+01,1.000000000000000000e+00,-7.000000000000000000e+00
6.972578880544726587e+01,1.000000000000000000e+00,-1.000000000000000000e+01
6.972578880544726587e+01,1.000000000000000000e+00,-1.000000000000000000e+01
6.972578880544726587e+01,1.000000000000000000e+00,-9.000000000000000000e+00
6.972578880544726587e+01,1.000000000000000000e+00,-6.000000000000000000e+00
6.972578880544726587e+01,1.000000000000000000e+00,-5.000000000000000000e+00
6.972578880544726587e+01,1.000000000000000000e+00,-4.000000000000000000e+00
6.972578880544726587e+01,1.000000000000000000e+00,-5.000000000000000000e+00
6.972578880544726587e+01,1.000000000000000000e+00,-7.000000000000000000e+00
6.972578880544726587e+01,1.000000000000000000e+00,-8.000000000000000000e+00
6.972578880544726587e+01,1.000000000000000000e+00,-6.000000000000000000e+00
6.972578880544726587e+01,1.000000000000000000e+00,-5.000000000000000000e+00
6.972578880544726587e+01,1.000000000000000000e+00,-5.000000000000000000e+00
6.972578880544726587e+01,1.000000000000000000e+00,-6.000000000000000000e+00
6.972578880544726587e+01,1.000000000000000000e+00,-1.100000000000000000e+01
6.972578880544726587e+01,1.000000000000000000e+00,-5.000000000000000000e+00
6.972578880544726587e+01,1.000000000000000000e+00,-7.000000000000000000e+00
6.972578880544726587e+01,1.000000000000000000e+00,-6.000000000000000000e+00
6.972578880544726587e+01,1.000000000000000000e+00,-3.000000000000000000e+00
6.972578880544726587e+01,1.000000000000000000e+00,-6.000000000000000000e+00
6.972578880544726587e+01,1.000000000000000000e+00,-7.000000000000000000e+00
6.972578880544726587e+01,1.000000000000000000e+00,-4.000000000000000000e+00
6.972578880544726587e+01,1.000000000000000000e+00,-7.000000000000000000e+00
6.972578880544726587e+01,1.000000000000000000e+00,-7.000000000000000000e+00
6.972578880544726587e+01,1.000000000000000000e+00,-7.000000000000000000e+00
6.972578880544726587e+01,1.000000000000000000e+00,-6.000000000000000000e+00
6.972578880544726587e+01,1.000000000000000000e+00,-1.000000000000000000e+01
6.972578880544726587e+01,1.000000000000000000e+00,-9.000000000000000000e+00
6.972578880544726587e+01,1.000000000000000000e+00,-7.000000000000000000e+00
6.972578880544726587e+01,1.000000000000000000e+00,-9.000000000000000000e+00
6.972578880544726587e+01,1.000000000000000000e+00,-7.000000000000000000e+00
6.972578880544726587e+01,1.000000000000000000e+00,-6.000000000000000000e+00
6.972578880544726587e+01,1.000000000000000000e+00,-4.000000000000000000e+00
6.972578880544726587e+01,1.000000000000000000e+00,-5.000000000000000000e+00
6.972578880544726587e+01,1.000000000000000000e+00,-4.000000000000000000e+00
6.972578880544726587e+01,1.000000000000000000e+00,-7.000000000000000000e+00
6.972578880544726587e+01,1.000000000000000000e+00,-6.000000000000000000e+00
6.972578880544726587e+01,1.000000000000000000e+00,-3.000000000000000000e+00
6.972578880544726587e+01,1.000000000000000000e+00,-1.000000000000000000e+00
6.972578880544726587e+01,1.000000000000000000e+00,-6.000000000000000000e+00
6.972578880544726587e+01,1.000000000000000000e+00,-5.000000000000000000e+00
6.972578880544726587e+01,1.000000000000000000e+00,-6.000000000000000000e+00
6.972578880544726587e+01,1.000000000000000000e+00,-4.000000000000000000e+00
6.972578880544726587e+01,1.000000000000000000e+00,-7.000000000000000000e+00
6.972578880544726587e+01,1.000000000000000000e+00,-3.000000000000000000e+00
6.972578880544726587e+01,1.000000000000000000e+00,-6.000000000000000000e+00
6.972578880544726587e+01,1.000000000000000000e+00,-9.000000000000000000e+00
6.972578880544726587e+01,1.000000000000000000e+00,-5.000000000000000000e+00
6.972578880544726587e+01,1.000000000000000000e+00,-6.000000000000000000e+00
6.972578880544726587e+01,1.000000000000000000e+00,-5.000000000000000000e+00
6.972578880544726587e+01,1.000000000000000000e+00,-7.000000000000000000e+00
6.972578880544726587e+01,1.000000000000000000e+00,-4.000000000000000000e+00
6.972578880544726587e+01,1.000000000000000000e+00,-6.000000000000000000e+00
6.972578880544726587e+01,1.000000000000000000e+00,-3.000000000000000000e+00
6.972578880544726587e+01,1.000000000000000000e+00,-5.000000000000000000e+00
6.972578880544726587e+01,1.000000000000000000e+00,-4.000000000000000000e+00
6.972578880544726587e+01,1.000000000000000000e+00,-5.000000000000000000e+00
6.972578880544726587e+01,1.000000000000000000e+00,-3.000000000000000000e+00
6.972578880544726587e+01,1.000000000000000000e+00,-5.000000000000000000e+00
6.972578880544726587e+01,1.000000000000000000e+00,-1.000000000000000000e+00
6.972578880544726587e+01,1.000000000000000000e+00,-3.000000000000000000e+00
6.972578880544726587e+01,1.000000000000000000e+00,-4.000000000000000000e+00
6.972578880544726587e+01,1.000000000000000000e+00,-4.000000000000000000e+00
6.972578880544726587e+01,1.000000000000000000e+00,-7.000000000000000000e+00
6.972578880544726587e+01,1.000000000000000000e+00,-2.000000000000000000e+00
6.972578880544726587e+01,1.000000000000000000e+00,-6.000000000000000000e+00
6.972578880544726587e+01,1.000000000000000000e+00,-3.000000000000000000e+00
6.972578880544726587e+01,1.000000000000000000e+00,-3.000000000000000000e+00
6.972578880544726587e+01,1.000000000000000000e+00,-3.000000000000000000e+00
6.972578880544726587e+01,1.000000000000000000e+00,-6.000000000000000000e+00
6.972578880544726587e+01,1.000000000000000000e+00,-4.000000000000000000e+00
6.972578880544726587e+01,1.000000000000000000e+00,-5.000000000000000000e+00
6.972578880544726587e+01,1.000000000000000000e+00,-5.000000000000000000e+00
6.972578880544726587e+01,1.000000000000000000e+00,-2.000000000000000000e+00
6.972578880544726587e+01,1.000000000000000000e+00,-4.000000000000000000e+00
6.972578880544726587e+01,1.000000000000000000e+00,-4.000000000000000000e+00
6.972578880544726587e+01,1.000000000000000000e+00,-4.000000000000000000e+00
6.972578880544726587e+01,1.000000000000000000e+00,-3.000000000000000000e+00
6.972578880544726587e+01,1.000000000000000000e+00,-2.000000000000000000e+00
6.972578880544726587e+01,1.000000000000000000e+00,-2.000000000000000000e+00
6.972578880544726587e+01,1.000000000000000000e+00,-4.000000000000000000e+00
6.972578880544726587e+01,1.000000000000000000e+00,-5.000000000000000000e+00
6.972578880544726587e+01,1.000000000000000000e+00,-3.000000000000000000e+00
6.972578880544726587e+01,1.000000000000000000e+00,-3.000000000000000000e+00
6.972578880544726587e+01,1.000000000000000000e+00,-4.000000000000000000e+00
6.972578880544726587e+01,1.000000000000000000e+00,-1.000000000000000000e+00
6.972578880544726587e+01,1.000000000000000000e+00,-2.000000000000000000e+00
6.972578880544726587e+01,1.000000000000000000e+00,-1.000000000000000000e+00
6.972578880544726587e+01,1.000000000000000000e+00,-1.000000000000000000e+00
6.972578880544726587e+01,1.000000000000000000e+00,-2.000000000000000000e+00
6.972578880544726587e+01,1.000000000000000000e+00,0.000000000000000000e+00
6.972578880544726587e+01,1.000000000000000000e+00,-6.000000000000000000e+00
6.972578880544726587e+01,1.000000000000000000e+00,-1.000000000000000000e+00
6.972578880544726587e+01,1.000000000000000000e+00,-2.000000000000000000e+00
6.972578880544726587e+01,1.000000000000000000e+00,-2.000000000000000000e+00
6.972578880544726587e+01,1.000000000000000000e+00,-4.000000000000000000e+00
6.972578880544726587e+01,1.000000000000000000e+00,-1.000000000000000000e+00
6.972578880544726587e+01,1.000000000000000000e+00,-4.000000000000000000e+00
6.972578880544726587e+01,1.000000000000000000e+00,-3.000000000000000000e+00
6.972578880544726587e+01,1.000000000000000000e+00,-4.000000000000000000e+00
6.972578880544726587e+01,1.000000000000000000e+00,-3.000000000000000000e+00
6.972578880544726587e+01,1.000000000000000000e+00,-1.000000000000000000e+00
6.972578880544726587e+01,1.000000000000000000e+00,-1.000000000000000000e+00
6.972578880544726587e+01,1.000000000000000000e+00,-2.000000000000000000e+00
6.972578880544726587e+01,1.000000000000000000e+00,-1.000000000000000000e+00
6.972578880544726587e+01,1.000000000000000000e+00,-5.000000000000000000e+00
6.972578880544726587e+01,1.000000000000000000e+00,-3.000000000000000000e+00
6.972578880544726587e+01,1.000000000000000000e+00,0.000000000000000000e+00
6.972578880544726587e+01,1.000000000000000000e+00,-7.000000000000000000e+00
6.972578880544726587e+01,1.000000000000000000e+00,0.000000000000000000e+00
6.972578880544726587e+01,1.000000000000000000e+00,-7.000000000000000000e+00
6.972578880544726587e+01,1.000000000000000000e+00,-3.000000000000000000e+00
6.972578880544726587e+01,1.000000000000000000e+00,-4.000000000000000000e+00
6.972578880544726587e+01,1.000000000000000000e+00,0.000000000000000000e+00
6.972578880544726587e+01,1.000000000000000000e+00,-5.000000000000000000e+00
6.972578880544726587e+01,1.000000000000000000e+00,0.000000000000000000e+00
6.972578880544726587e+01,1.000000000000000000e+00,0.000000000000000000e+00
6.972578880544726587e+01,1.000000000000000000e+00,0.000000000000000000e+00
6.972578880544726587e+01,1.000000000000000000e+00,-1.000000000000000000e+00
6.972578880544726587e+01,1.000000000000000000e+00,-1.000000000000000000e+00
6.972578880544726587e+01,1.000000000000000000e+00,-4.000000000000000000e+00
6.972578880544726587e+01,1.000000000000000000e+00,-3.000000000000000000e+00
6.972578880544726587e+01,1.000000000000000000e+00,1.000000000000000000e+00
6.972578880544726587e+01,1.000000000000000000e+00,-1.000000000000000000e+00
6.972578880544726587e+01,1.000000000000000000e+00,-5.000000000000000000e+00
6.972578880544726587e+01,1.000000000000000000e+00,1.000000000000000000e+00
6.972578880544726587e+01,1.000000000000000000e+00,0.000000000000000000e+00
6.972578880544726587e+01,1.000000000000000000e+00,-2.000000000000000000e+00
6.972578880544726587e+01,1.000000000000000000e+00,0.000000000000000000e+00
6.972578880544726587e+01,1.000000000000000000e+00,0.000000000000000000e+00
6.972578880544726587e+01,1.000000000000000000e+00,-2.000000000000000000e+00
6.972578880544726587e+01,1.000000000000000000e+00,-1.000000000000000000e+00
6.972578880544726587e+01,1.000000000000000000e+00,-2.000000000000000000e+00
6.972578880544726587e+01,1.000000000000000000e+00,0.000000000000000000e+00
6.972578880544726587e+01,1.000000000000000000e+00,0.000000000000000000e+00
6.972578880544726587e+01,1.000000000000000000e+00,2.000000000000000000e+00
6.972578880544726587e+01,1.000000000000000000e+00,2.000000000000000000e+00
6.972578880544726587e+01,1.000000000000000000e+00,-2.000000000000000000e+00
6.972578880544726587e+01,1.000000000000000000e+00,-1.000000000000000000e+00
6.972578880544726587e+01,1.000000000000000000e+00,-3.000000000000000000e+00
6.972578880544726587e+01,1.000000000000000000e+00,-2.000000000000000000e+00
6.972578880544726587e+01,1.000000000000000000e+00,-2.000000000000000000e+00
6.972578880544726587e+01,1.000000000000000000e+00,3.000000000000000000e+00
6.972578880544726587e+01,1.000000000000000000e+00,-1.000000000000000000e+00
6.972578880544726587e+01,1.000000000000000000e+00,0.000000000000000000e+00
6.972578880544726587e+01,1.000000000000000000e+00,-2.000000000000000000e+00
6.972578880544726587e+01,1.000000000000000000e+00,3.000000000000000000e+00
6.972578880544726587e+01,1.000000000000000000e+00,2.000000000000000000e+00
6.972578880544726587e+01,1.000000000000000000e+00,2.000000000000000000e+00
6.972578880544726587e+01,1.000000000000000000e+00,1.000000000000000000e+00
6.972578880544726587e+01,1.000000000000000000e+00,-2.000000000000000000e+00
6.972578880544726587e+01,1.000000000000000000e+00,-4.000000000000000000e+00
6.972578880544726587e+01,1.000000000000000000e+00,2.000000000000000000e+00
6.972578880544726587e+01,1.000000000000000000e+00,5.000000000000000000e+00
6.972578880544726587e+01,1.000000000000000000e+00,1.000000000000000000e+00
6.972578880544726587e+01,1.000000000000000000e+00,-3.000000000000000000e+00
6.972578880544726587e+01,1.000000000000000000e+00,1.000000000000000000e+00
6.972578880544726587e+01,1.000000000000000000e+00,0.000000000000000000e+00
6.972578880544726587e+01,1.000000000000000000e+00,1.000000000000000000e+00
6.972578880544726587e+01,1.000000000000000000e+00,0.000000000000000000e+00
6.972578880544726587e+01,1.000000000000000000e+00,0.000000000000000000e+00
6.972578880544726587e+01,1.000000000000000000e+00,0.000000000000000000e+00
6.972578880544726587e+01,1.000000000000000000e+00,0.000000000000000000e+00
6.972578880544726587e+01,1.000000000000000000e+00,-3.000000000000000000e+00
6.972578880544726587e+01,1.000000000000000000e+00,0.000000000000000000e+00
6.972578880544726587e+01,1.000000000000000000e+00,2.000000000000000000e+00
6.972578880544726587e+01,1.000000000000000000e+00,1.000000000000000000e+00
6.972578880544726587e+01,1.000000000000000000e+00,0.000000000000000000e+00
6.972578880544726587e+01,1.000000000000000000e+00,2.000000000000000000e+00
6.972578880544726587e+01,1.000000000000000000e+00,2.000000000000000000e+00
6.972578880544726587e+01,1.000000000000000000e+00,0.000000000000000000e+00
6.972578880544726587e+01,1.000000000000000000e+00,2.000000000000000000e+00
6.972578880544726587e+01,1.000000000000000000e+00,3.000000000000000000e+00
6.972578880544726587e+01,1.000000000000000000e+00,0.000000000000000000e+00
6.972578880544726587e+01,1.000000000000000000e+00,1.000000000000000000e+00
6.972578880544726587e+01,1.000000000000000000e+00,-1.000000000000000000e+00
6.972578880544726587e+01,1.000000000000000000e+00,4.000000000000000000e+00
6.972578880544726587e+01,1.000000000000000000e+00,3.000000000000000000e+00
6.972578880544726587e+01,1.000000000000000000e+00,4.000000000000000000e+00
6.972578880544726587e+01,1.000000000000000000e+00,1.000000000000000000e+00
6.972578880544726587e+01,1.000000000000000000e+00,1.000000000000000000e+00
6.972578880544726587e+01,1.000000000000000000e+00,0.000000000000000000e+00
6.972578880544726587e+01,1.000000000000000000e+00,3.000000000000000000e+00
6.972578880544726587e+01,1.000000000000000000e+00,5.000000000000000000e+00
6.972578880544726587e+01,1.000000000000000000e+00,1.000000000000000000e+00
6.972578880544726587e+01,1.000000000000000000e+00,7.000000000000000000e+00
6.972578880544726587e+01,1.000000000000000000e+00,4.000000000000000000e+00
6.972578880544726587e+01,1.000000000000000000e+00,3.000000000000000000e+00
6.972578880544726587e+01,1.000000000000000000e+00,3.000000000000000000e+00
6.972578880544726587e+01,1.000000000000000000e+00,2.000000000000000000e+00
6.972578880544726587e+01,1.000000000000000000e+00,5.000000000000000000e+00
6.972578880544726587e+01,1.000000000000000000e+00,4.000000000000000000e+00
6.972578880544726587e+01,1.000000000000000000e+00,2.000000000000000000e+00
6.972578880544726587e+01,1.000000000000000000e+00,3.000000000000000000e+00
6.972578880544726587e+01,1.000000000000000000e+00,3.000000000000000000e+00
6.972578880544726587e+01,1.000000000000000000e+00,1.000000000000000000e+00
6.972578880544726587e+01,1.000000000000000000e+00,2.000000000000000000e+00
6.972578880544726587e+01,1.000000000000000000e+00,4.000000000000000000e+00
6.972578880544726587e+01,1.000000000000000000e+00,-1.000000000000000000e+00
6.972578880544726587e+01,1.000000000000000000e+00,4.000000000000000000e+00
6.972578880544726587e+01,1.000000000000000000e+00,2.000000000000000000e+00
6.972578880544726587e+01,1.000000000000000000e+00,1.000000000000000000e+00
6.972578880544726587e+01,1.000000000000000000e+00,4.000000000000000000e+00
6.972578880544726587e+01,1.000000000000000000e+00,1.000000000000000000e+00
6.972578880544726587e+01,1.000000000000000000e+00,1.000000000000000000e+00
6.972578880544726587e+01,1.000000000000000000e+00,4.000000000000000000e+00
6.972578880544726587e+01,1.000000000000000000e+00,3.000000000000000000e+00
6.972578880544726587e+01,1.000000000000000000e+00,1.000000000000000000e+00
6.972578880544726587e+01,1.000000000000000000e+00,3.000000000000000000e+00
6.972578880544726587e+01,1.000000000000000000e+00,6.000000000000000000e+00
6.972578880544726587e+01,1.000000000000000000e+00,3.000000000000000000e+00
6.972578880544726587e+01,1.000000000000000000e+00,3.000000000000000000e+00
6.972578880544726587e+01,1.000000000000000000e+00,4.000000000000000000e+00
6.972578880544726587e+01,1.000000000000000000e+00,4.000000000000000000e+00
6.972578880544726587e+01,1.000000000000000000e+00,5.000000000000000000e+00
6.972578880544726587e+01,1.000000000000000000e+00,1.000000000000000000e+00
6.972578880544726587e+01,1.000000000000000000e+00,6.000000000000000000e+00
6.972578880544726587e+01,1.000000000000000000e+00,0.000000000000000000e+00
6.972578880544726587e+01,1.000000000000000000e+00,4.000000000000000000e+00
6.972578880544726587e+01,1.000000000000000000e+00,4.000000000000000000e+00
6.972578880544726587e+01,1.000000000000000000e+00,8.000000000000000000e+00
6.972578880544726587e+01,1.000000000000000000e+00,3.000000000000000000e+00
6.972578880544726587e+01,1.000000000000000000e+00,4.000000000000000000e+00
6.972578880544726587e+01,1.000000000000000000e+00,6.000000000000000000e+00
6.972578880544726587e+01,1.000000000000000000e+00,6.000000000000000000e+00
6.972578880544726587e+01,1.000000000000000000e+00,3.000000000000000000e+00
6.972578880544726587e+01,1.000000000000000000e+00,6.000000000000000000e+00
6.972578880544726587e+01,1.000000000000000000e+00,6.000000000000000000e+00
6.972578880544726587e+01,1.000000000000000000e+00,3.000000000000000000e+00
6.972578880544726587e+01,1.000000000000000000e+00,7.000000000000000000e+00
6.972578880544726587e+01,1.000000000000000000e+00,6.000000000000000000e+00
6.972578880544726587e+01,1.000000000000000000e+00,7.000000000000000000e+00
6.972578880544726587e+01,1.000000000000000000e+00,4.000000000000000000e+00
6.972578880544726587e+01,1.000000000000000000e+00,3.000000000000000000e+00
6.972578880544726587e+01,1.000000000000000000e+00,6.000000000000000000e+00
6.972578880544726587e+01,1.000000000000000000e+00,3.000000000000000000e+00
6.972578880544726587e+01,1.000000000000000000e+00,7.000000000000000000e+00
6.972578880544726587e+01,1.000000000000000000e+00,4.000000000000000000e+00
6.972578880544726587e+01,1.000000000000000000e+00,5.000000000000000000e+00
6.972578880544726587e+01,1.000000000000000000e+00,6.000000000000000000e+00
6.972578880544726587e+01,1.000000000000000000e+00,5.000000000000000000e+00
6.972578880544726587e+01,1.000000000000000000e+00,5.000000000000000000e+00
6.972578880544726587e+01,1.000000000000000000e+00,5.000000000000000000e+00
6.972578880544726587e+01,1.000000000000000000e+00,6.000000000000000000e+00
6.972578880544726587e+01,1.000000000000000000e+00,3.000000000000000000e+00
6.972578880544726587e+01,1.000000000000000000e+00,4.000000000000000000e+00
6.972578880544726587e+01,1.000000000000000000e+00,3.000000000000000000e+00
6.972578880544726587e+01,1.000000000000000000e+00,7.000000000000000000e+00
6.972578880544726587e+01,1.000000000000000000e+00,6.000000000000000000e+00
6.972578880544726587e+01,1.000000000000000000e+00,7.000000000000000000e+00
6.972578880544726587e+01,1.000000000000000000e+00,9.000000000000000000e+00
6.972578880544726587e+01,1.000000000000000000e+00,9.000000000000000000e+00
6.972578880544726587e+01,1.000000000000000000e+00,6.000000000000000000e+00
6.972578880544726587e+01,1.000000000000000000e+00,5.000000000000000000e+00
6.972578880544726587e+01,1.000000000000000000e+00,6.000000000000000000e+00
6.972578880544726587e+01,1.000000000000000000e+00,7.000000000000000000e+00
6.972578880544726587e+01,1.000000000000000000e+00,9.000000000000000000e+00
6.972578880544726587e+01,1.000000000000000000e+00,6.000000000000000000e+00
6.972578880544726587e+01,1.000000000000000000e+00,6.000000000000000000e+00
6.972578880544726587e+01,1.000000000000000000e+00,9.000000000000000000e+00
6.972578880544726587e+01,1.000000000000000000e+00,8.000000000000000000e+00
6.972578880544726587e+01,1.000000000000000000e+00,5.000000000000000000e+00
6.972578880544726587e+01,1.000000000000000000e+00,9.000000000000000000e+00
6.972578880544726587e+01,1.000000000000000000e+00,1.100000000000000000e+01
6.972578880544726587e+01,1.000000000000000000e+00,6.000000000000000000e+00
6.972578880544726587e+01,1.000000000000000000e+00,6.000000000000000000e+00
6.972578880544726587e+01,1.000000000000000000e+00,9.000000000000000000e+00
6.972578880544726587e+01,1.000000000000000000e+00,7.000000000000000000e+00
6.972578880544726587e+01,1.000000000000000000e+00,8.000000000000000000e+00
6.972578880544726587e+01,1.000000000000000000e+00,9.000000000000000000e+00
6.972578880544726587e+01,1.000000000000000000e+00,9.000000000000000000e+00
6.972578880544726587e+01,1.000000000000000000e+00,9.000000000000000000e+00
6.972578880544726587e+01,1.000000000000000000e+00,8.000000000000000000e+00
6.972578880544726587e+01,1.000000000000000000e+00,7.000000000000000000e+00
6.972578880544726587e+01,1.000000000000000000e+00,5.000000000000000000e+00
6.972578880544726587e+01,1.000000000000000000e+00,8.000000000000000000e+00
6.972578880544726587e+01,1.000000000000000000e+00,5.000000000000000000e+00
6.972578880544726587e+01,1.000000000000000000e+00,1.100000000000000000e+01
6.972578880544726587e+01,1.000000000000000000e+00,1.000000000000000000e+01
6.972578880544726587e+01,1.000000000000000000e+00,9.000000000000000000e+00
6.972578880544726587e+01,1.000000000000000000e+00,8.000000000000000000e+00
6.972578880544726587e+01,1.000000000000000000e+00,8.000000000000000000e+00
6.972578880544726587e+01,1.000000000000000000e+00,1.200000000000000000e+01
6.972578880544726587e+01,1.000000000000000000e+00,1.100000000000000000e+01
6.972578880544726587e+01,1.000000000000000000e+00,1.200000000000000000e+01
6.972578880544726587e+01,1.000000000000000000e+00,1.000000000000000000e+01
6.972578880544726587e+01,1.000000000000000000e+00,1.300000000000000000e+01
6.972578880544726587e+01,1.000000000000000000e+00,9.000000000000000000e+00
6.972578880544726587e+01,1.000000000000000000e+00,1.300000000000000000e+01
6.972578880544726587e+01,1.000000000000000000e+00,1.000000000000000000e+01
6.972578880544726587e+01,1.000000000000000000e+00,8.000000000000000000e+00
6.972578880544726587e+01,1.000000000000000000e+00,8.000000000000000000e+00
6.972578880544726587e+01,1.000000000000000000e+00,7.000000000000000000e+00
6.972578880544726587e+01,1.000000000000000000e+00,1.200000000000000000e+01
6.972578880544726587e+01,1.000000000000000000e+00,1.000000000000000000e+01
6.972578880544726587e+01,1.000000000000000000e+00,8.000000000000000000e+00
6.972578880544726587e+01,1.000000000000000000e+00,9.000000000000000000e+00
6.972578880544726587e+01,1.000000000000000000e+00,1.100000000000000000e+01
6.972578880544726587e+01,1.000000000000000000e+00,5.000000000000000000e+00
6.972578880544726587e+01,1.000000000000000000e+00,1.200000000000000000e+01
6.972578880544726587e+01,1.000000000000000000e+00,1.400000000000000000e+01
6.972578880544726587e+01,1.000000000000000000e+00,8.000000000000000000e+00
6.972578880544726587e+01,1.000000000000000000e+00,8.000000000000000000e+00
6.972578880544726587e+01,1.000000000000000000e+00,1.100000000000000000e+01
6.972578880544726587e+01,1.000000000000000000e+00,7.000000000000000000e+00
6.972578880544726587e+01,1.000000000000000000e+00,9.000000000000000000e+00
6.972578880544726587e+01,1.000000000000000000e+00,7.000000000000000000e+00
6.972578880544726587e+01,1.000000000000000000e+00,1.300000000000000000e+01
6.972578880544726587e+01,1.000000000000000000e+00,1.200000000000000000e+01
6.972578880544726587e+01,1.000000000000000000e+00,1.700000000000000000e+01
6.972578880544726587e+01,1.000000000000000000e+00,1.200000000000000000e+01
6.972578880544726587e+01,1.000000000000000000e+00,1.000000000000000000e+01
6.972578880544726587e+01,1.000000000000000000e+00,1.300000000000000000e+01
6.972578880544726587e+01,1.000000000000000000e+00,1.100000000000000000e+01
6.972578880544726587e+01,1.000000000000000000e+00,9.000000000000000000e+00
6.972578880544726587e+01,1.000000000000000000e+00,1.400000000000000000e+01
6.972578880544726587e+01,1.000000000000000000e+00,1.600000000000000000e+01
6.972578880544726587e+01,1.000000000000000000e+00,1.000000000000000000e+01
6.972578880544726587e+01,1.000000000000000000e+00,1.200000000000000000e+01
6.972578880544726587e+01,1.000000000000000000e+00,1.100000000000000000e+01
6.972578880544726587e+01,1.000000000000000000e+00,9.000000000000000000e+00
6.972578880544726587e+01,1.000000000000000000e+00,9.000000000000000000e+00
6.972578880544726587e+01,1.000000000000000000e+00,1.300000000000000000e+01
6.972578880544726587e+01,1.000000000000000000e+00,1.400000000000000000e+01
6.972578880544726587e+01,1.000000000000000000e+00,1.400000000000000000e+01
6.972578880544726587e+01,1.000000000000000000e+00,9.000000000000000000e+00
6.972578880544726587e+01,1.000000000000000000e+00,9.000000000000000000e+00
6.972578880544726587e+01,1.000000000000000000e+00,1.400000000000000000e+01
6.972578880544726587e+01,1.000000000000000000e+00,1.500000000000000000e+01
6.972578880544726587e+01,1.000000000000000000e+00,1.700000000000000000e+01
6.972578880544726587e+01,1.000000000000000000e+00,1.500000000000000000e+01
6.972578880544726587e+01,1.000000000000000000e+00,1.400000000000000000e+01
6.972578880544726587e+01,1.000000000000000000e+00,8.000000000000000000e+00
6.972578880544726587e+01,1.000000000000000000e+00,9.000000000000000000e+00
6.972578880544726587e+01,1.000000000000000000e+00,8.000000000000000000e+00
6.972578880544726587e+01,1.000000000000000000e+00,1.200000000000000000e+01
6.972578880544726587e+01,1.000000000000000000e+00,1.400000000000000000e+01
6.972578880544726587e+01,1.000000000000000000e+00,1.300000000000000000e+01
6.972578880544726587e+01,1.000000000000000000e+00,1.000000000000000000e+01
6.972578880544726587e+01,1.000000000000000000e+00,1.400000000000000000e+01
6.972578880544726587e+01,1.000000000000000000e+00,1.600000000000000000e+01
6.972578880544726587e+01,1.000000000000000000e+00,1.400000000000000000e+01
6.972578880544726587e+01,1.000000000000000000e+00,1.300000000000000000e+01
6.972578880544726587e+01,1.000000000000000000e+00,1.300000000000000000e+01
6.972578880544726587e+01,1.000000000000000000e+00,1.600000000000000000e+01
6.972578880544726587e+01,1.000000000000000000e+00,1.300000000000000000e+01
6.972578880544726587e+01,1.000000000000000000e+00,1.500000000000000000e+01
6.972578880544726587e+01,1.000000000000000000e+00,1.100000000000000000e+01
6.972578880544726587e+01,1.000000000000000000e+00,1.700000000000000000e+01
6.972578880544726587e+01,1.000000000000000000e+00,1.100000000000000000e+01
6.972578880544726587e+01,1.000000000000000000e+00,1.400000000000000000e+01
6.972578880544726587e+01,1.000000000000000000e+00,1.000000000000000000e+01
6.972578880544726587e+01,1.000000000000000000e+00,1.800000000000000000e+01
6.972578880544726587e+01,1.000000000000000000e+00,1.300000000000000000e+01
6.972578880544726587e+01,1.000000000000000000e+00,1.200000000000000000e+01
6.972578880544726587e+01,1.000000000000000000e+00,1.500000000000000000e+01
6.972578880544726587e+01,1.000000000000000000e+00,1.600000000000000000e+01
6.972578880544726587e+01,1.000000000000000000e+00,1.900000000000000000e+01
6.972578880544726587e+01,1.000000000000000000e+00,1.700000000000000000e+01
6.972578880544726587e+01,1.000000000000000000e+00,1.600000000000000000e+01
6.972578880544726587e+01,1.000000000000000000e+00,1.400000000000000000e+01
6.972578880544726587e+01,1.000000000000000000e+00,1.400000000000000000e+01
6.972578880544726587e+01,1.000000000000000000e+00,1.500000000000000000e+01
6.972578880544726587e+01,1.000000000000000000e+00,1.200000000000000000e+01
6.972578880544726587e+01,1.000000000000000000e+00,1.900000000000000000e+01
6.972578880544726587e+01,1.000000000000000000e+00,1.500000000000000000e+01
6.972578880544726587e+01,1.000000000000000000e+00,1.400000000000000000e+01
6.972578880544726587e+01,1.000000000000000000e+00,1.300000000000000000e+01
6.972578880544726587e+01,1.000000000000000000e+00,1.300000000000000000e+01
6.972578880544726587e+01,1.000000000000000000e+00,1.900000000000000000e+01
6.972578880544726587e+01,1.000000000000000000e+00,1.500000000000000000e+01
6.972578880544726587e+01,1.000000000000000000e+00,1.300000000000000000e+01
6.972578880544726587e+01,1.000000000000000000e+00,1.600000000000000000e+01
6.972578880544726587e+01,1.000000000000000000e+00,1.500000000000000000e+01
6.972578880544726587e+01,1.000000000000000000e+00,1.600000000000000000e+01
6.972578880544726587e+01,1.000000000000000000e+00,1.800000000000000000e+01
6.972578880544726587e+01,1.000000000000000000e+00,1.400000000000000000e+01
6.972578880544726587e+01,1.000000000000000000e+00,1.600000000000000000e+01
6.972578880544726587e+01,1.000000000000000000e+00,1.600000000000000000e+01
6.972578880544726587e+01,1.000000000000000000e+00,1.700000000000000000e+01
6.972578880544726587e+01,1.000000000000000000e+00,1.800000000000000000e+01
6.972578880544726587e+01,1.000000000000000000e+00,1.700000000000000000e+01
6.972578880544726587e+01,1.000000000000000000e+00,1.700000000000000000e+01
6.972578880544726587e+01,1.000000000000000000e+00,1.500000000000000000e+01
6.972578880544726587e+01,1.000000000000000000e+00,1.600000000000000000e+01
6.972578880544726587e+01,1.000000000000000000e+00,2.100000000000000000e+01
6.972578880544726587e+01,1.000000000000000000e+00,2.000000000000000000e+01
6.972578880544726587e+01,1.000000000000000000e+00,1.600000000000000000e+01
6.972578880544726587e+01,1.000000000000000000e+00,1.600000000000000000e+01
6.972578880544726587e+01,1.000000000000000000e+00,2.100000000000000000e+01
6.972578880544726587e+01,1.000000000000000000e+00,1.800000000000000000e+01
6.972578880544726587e+01,1.000000000000000000e+00,1.800000000000000000e+01
6.972578880544726587e+01,1.000000000000000000e+00,1.800000000000000000e+01
6.972578880544726587e+01,1.000000000000000000e+00,2.100000000000000000e+01
6.972578880544726587e+01,1.000000000000000000e+00,1.700000000000000000e+01
6.972578880544726587e+01,1.000000000000000000e+00,1.700000000000000000e+01
6.972578880544726587e+01,1.000000000000000000e+00,2.000000000000000000e+01
6.972578880544726587e+01,1.000000000000000000e+00,2.200000000000000000e+01
6.972578880544726587e+01,1.000000000000000000e+00,1.800000000000000000e+01
6.972578880544726587e+01,1.000000000000000000e+00,1.800000000000000000e+01
6.972578880544726587e+01,1.000000000000000000e+00,1.700000000000000000e+01
6.972578880544726587e+01,1.000000000000000000e+00,1.700000000000000000e+01
6.972578880544726587e+01,1.000000000000000000e+00,1.700000000000000000e+01
6.972578880544726587e+01,1.000000000000000000e+00,1.800000000000000000e+01
6.972578880544726587e+01,1.000000000000000000e+00,1.600000000000000000e+01
6.972578880544726587e+01,1.000000000000000000e+00,1.800000000000000000e+01
6.972578880544726587e+01,1.000000000000000000e+00,1.800000000000000000e+01
6.972578880544726587e+01,1.000000000000000000e+00,2.200000000000000000e+01
6.972578880544726587e+01,1.000000000000000000e+00,1.600000000000000000e+01
6.972578880544726587e+01,1.000000000000000000e+00,2.100000000000000000e+01
6.972578880544726587e+01,1.000000000000000000e+00,2.200000000000000000e+01
6.972578880544726587e+01,1.000000000000000000e+00,1.900000000000000000e+01
6.972578880544726587e+01,1.000000000000000000e+00,2.100000000000000000e+01
6.972578880544726587e+01,1.000000000000000000e+00,2.100000000000000000e+01
6.972578880544726587e+01,1.000000000000000000e+00,1.900000000000000000e+01
6.972578880544726587e+01,1.000000000000000000e+00,2.200000000000000000e+01
6.972578880544726587e+01,1.000000000000000000e+00,2.200000000000000000e+01
6.972578880544726587e+01,1.000000000000000000e+00,1.900000000000000000e+01
6.972578880544726587e+01,1.000000000000000000e+00,1.800000000000000000e+01
6.972578880544726587e+01,1.000000000000000000e+00,2.200000000000000000e+01
6.972578880544726587e+01,1.000000000000000000e+00,2.000000000000000000e+01
6.972578880544726587e+01,1.000000000000000000e+00,1.800000000000000000e+01
6.972578880544726587e+01,1.000000000000000000e+00,2.200000000000000000e+01
6.972578880544726587e+01,1.000000000000000000e+00,2.200000000000000000e+01
6.972578880544726587e+01,1.000000000000000000e+00,2.000000000000000000e+01
6.972578880544726587e+01,1.000000000000000000e+00,1.900000000000000000e+01
6.972578880544726587e+01,1.000000000000000000e+00,2.100000000000000000e+01
6.972578880544726587e+01,1.000000000000000000e+00,2.100000000000000000e+01
6.972578880544726587e+01,1.000000000000000000e+00,2.200000000000000000e+01
6.972578880544726587e+01,1.000000000000000000e+00,1.700000000000000000e+01
6.972578880544726587e+01,1.000000000000000000e+00,1.600000000000000000e+01
6.972578880544726587e+01,1.000000000000000000e+00,2.000000000000000000e+01
6.972578880544726587e+01,1.000000000000000000e+00,2.000000000000000000e+01
6.972578880544726587e+01,1.000000000000000000e+00,2.100000000000000000e+01
6.972578880544726587e+01,1.000000000000000000e+00,1.900000000000000000e+01
6.972578880544726587e+01,1.000000000000000000e+00,2.200000000000000000e+01
6.972578880544726587e+01,1.000000000000000000e+00,2.000000000000000000e+01
6.972578880544726587e+01,1.000000000000000000e+00,2.600000000000000000e+01
6.972578880544726587e+01,1.000000000000000000e+00,2.500000000000000000e+01
6.972578880544726587e+01,1.000000000000000000e+00,2.100000000000000000e+01
6.972578880544726587e+01,1.000000000000000000e+00,2.300000000000000000e+01
6.972578880544726587e+01,1.000000000000000000e+00,1.900000000000000000e+01
6.972578880544726587e+01,1.000000000000000000e+00,2.300000000000000000e+01
6.972578880544726587e+01,1.000000000000000000e+00,2.200000000000000000e+01
6.972578880544726587e+01,1.000000000000000000e+00,2.200000000000000000e+01
6.972578880544726587e+01,1.000000000000000000e+00,2.500000000000000000e+01
6.972578880544726587e+01,1.000000000000000000e+00,2.100000000000000000e+01
6.972578880544726587e+01,1.000000000000000000e+00,2.300000000000000000e+01
6.972578880544726587e+01,1.000000000000000000e+00,2.000000000000000000e+01
6.972578880544726587e+01,1.000000000000000000e+00,2.100000000000000000e+01
6.972578880544726587e+01,1.000000000000000000e+00,1.900000000000000000e+01
6.972578880544726587e+01,1.000000000000000000e+00,2.600000000000000000e+01
6.972578880544726587e+01,1.000000000000000000e+00,2.100000000000000000e+01
6.972578880544726587e+01,1.000000000000000000e+00,2.100000000000000000e+01
6.972578880544726587e+01,1.000000000000000000e+00,2.000000000000000000e+01
6.972578880544726587e+01,1.000000000000000000e+00,2.400000000000000000e+01
6.972578880544726587e+01,1.000000000000000000e+00,2.400000000000000000e+01
6.972578880544726587e+01,1.000000000000000000e+00,2.600000000000000000e+01
6.972578880544726587e+01,1.000000000000000000e+00,2.900000000000000000e+01
6.972578880544726587e+01,1.000000000000000000e+00,2.500000000000000000e+01
6.972578880544726587e+01,1.000000000000000000e+00,2.200000000000000000e+01
6.972578880544726587e+01,1.000000000000000000e+00,2.400000000000000000e+01
6.972578880544726587e+01,1.000000000000000000e+00,2.400000000000000000e+01
6.972578880544726587e+01,1.000000000000000000e+00,2.600000000000000000e+01
6.972578880544726587e+01,1.000000000000000000e+00,2.600000000000000000e+01
6.972578880544726587e+01,1.000000000000000000e+00,2.200000000000000000e+01
6.972578880544726587e+01,1.000000000000000000e+00,2.200000000000000000e+01
6.972578880544726587e+01,1.000000000000000000e+00,2.500000000000000000e+01
6.972578880544726587e+01,1.000000000000000000e+00,2.600000000000000000e+01
6.972578880544726587e+01,1.000000000000000000e+00,2.500000000000000000e+01
6.972578880544726587e+01,1.000000000000000000e+00,2.200000000000000000e+01
6.972578880544726587e+01,1.000000000000000000e+00,2.400000000000000000e+01
6.972578880544726587e+01,1.000000000000000000e+00,2.400000000000000000e+01
6.972578880544726587e+01,1.000000000000000000e+00,2.400000000000000000e+01
6.972578880544726587e+01,1.000000000000000000e+00,2.400000000000000000e+01
6.972578880544726587e+01,1.000000000000000000e+00,2.400000000000000000e+01
6.972578880544726587e+01,1.000000000000000000e+00,3.000000000000000000e+01
6.972578880544726587e+01,1.000000000000000000e+00,2.600000000000000000e+01
6.972578880544726587e+01,1.000000000000000000e+00,2.700000000000000000e+01
6.972578880544726587e+01,1.000000000000000000e+00,2.500000000000000000e+01
6.972578880544726587e+01,1.000000000000000000e+00,2.600000000000000000e+01
6.972578880544726587e+01,1.000000000000000000e+00,2.400000000000000000e+01
6.972578880544726587e+01,1.000000000000000000e+00,2.300000000000000000e+01
6.972578880544726587e+01,1.000000000000000000e+00,2.800000000000000000e+01
6.972578880544726587e+01,1.000000000000000000e+00,2.700000000000000000e+01
6.972578880544726587e+01,1.000000000000000000e+00,2.100000000000000000e+01
6.972578880544726587e+01,1.000000000000000000e+00,2.400000000000000000e+01
6.972578880544726587e+01,1.000000000000000000e+00,2.000000000000000000e+01
6.972578880544726587e+01,1.000000000000000000e+00,2.700000000000000000e+01
6.972578880544726587e+01,1.000000000000000000e+00,2.700000000000000000e+01
6.972578880544726587e+01,1.000000000000000000e+00,2.800000000000000000e+01
6.972578880544726587e+01,1.000000000000000000e+00,2.400000000000000000e+01
6.972578880544726587e+01,1.000000000000000000e+00,2.700000000000000000e+01
6.972578880544726587e+01,1.000000000000000000e+00,2.400000000000000000e+01
6.972578880544726587e+01,1.000000000000000000e+00,2.400000000000000000e+01
6.972578880544726587e+01,1.000000000000000000e+00,2.600000000000000000e+01
6.972578880544726587e+01,1.000000000000000000e+00,2.600000000000000000e+01
6.972578880544726587e+01,1.000000000000000000e+00,2.400000000000000000e+01
6.972578880544726587e+01,1.000000000000000000e+00,2.300000000000000000e+01
6.972578880544726587e+01,1.000000000000000000e+00,2.700000000000000000e+01
6.972578880544726587e+01,1.000000000000000000e+00,2.900000000000000000e+01
6.972578880544726587e+01,1.000000000000000000e+00,2.700000000000000000e+01
6.972578880544726587e+01,1.000000000000000000e+00,3.000000000000000000e+01
6.972578880544726587e+01,1.000000000000000000e+00,2.700000000000000000e+01
6.972578880544726587e+01,1.000000000000000000e+00,2.900000000000000000e+01
6.972578880544726587e+01,1.000000000000000000e+00,2.600000000000000000e+01
6.972578880544726587e+01,1.000000000000000000e+00,2.800000000000000000e+01
6.972578880544726587e+01,1.000000000000000000e+00,2.900000000000000000e+01
6.972578880544726587e+01,1.000000000000000000e+00,2.900000000000000000e+01
6.972578880544726587e+01,1.000000000000000000e+00,2.800000000000000000e+01
6.972578880544726587e+01,1.000000000000000000e+00,2.900000000000000000e+01
6.972578880544726587e+01,1.000000000000000000e+00,3.000000000000000000e+01
6.972578880544726587e+01,1.000000000000000000e+00,3.000000000000000000e+01
6.972578880544726587e+01,1.000000000000000000e+00,2.700000000000000000e+01
6.972578880544726587e+01,1.000000000000000000e+00,2.500000000000000000e+01
6.972578880544726587e+01,1.000000000000000000e+00,2.900000000000000000e+01
6.972578880544726587e+01,1.000000000000000000e+00,2.700000000000000000e+01
6.972578880544726587e+01,1.000000000000000000e+00,2.500000000000000000e+01
6.972578880544726587e+01,1.000000000000000000e+00,2.700000000000000000e+01
6.972578880544726587e+01,1.000000000000000000e+00,2.800000000000000000e+01
6.972578880544726587e+01,1.000000000000000000e+00,3.000000000000000000e+01
6.972578880544726587e+01,1.000000000000000000e+00,2.700000000000000000e+01
6.972578880544726587e+01,1.000000000000000000e+00,3.000000000000000000e+01
6.972578880544726587e+01,1.000000000000000000e+00,2.800000000000000000e+01
6.972578880544726587e+01,1.000000000000000000e+00,2.800000000000000000e+01
6.972578880544726587e+01,1.000000000000000000e+00,3.200000000000000000e+01
6.972578880544726587e+01,1.000000000000000000e+00,2.800000000000000000e+01
6.972578880544726587e+01,1.000000000000000000e+00,2.900000000000000000e+01
6.972578880544726587e+01,1.000000000000000000e+00,3.400000000000000000e+01
6.972578880544726587e+01,1.000000000000000000e+00,3.200000000000000000e+01
6.972578880544726587e+01,1.000000000000000000e+00,2.700000000000000000e+01
6.972578880544726587e+01,1.000000000000000000e+00,2.800000000000000000e+01
6.972578880544726587e+01,1.000000000000000000e+00,2.700000000000000000e+01
6.972578880544726587e+01,1.000000000000000000e+00,2.900000000000000000e+01
6.972578880544726587e+01,1.000000000000000000e+00,2.800000000000000000e+01
6.972578880544726587e+01,1.000000000000000000e+00,2.900000000000000000e+01
6.972578880544726587e+01,1.000000000000000000e+00,2.900000000000000000e+01
6.972578880544726587e+01,1.000000000000000000e+00,3.000000000000000000e+01
6.972578880544726587e+01,1.000000000000000000e+00,3.000000000000000000e+01
6.972578880544726587e+01,1.000000000000000000e+00,3.300000000000000000e+01
6.972578880544726587e+01,1.000000000000000000e+00,3.100000000000000000e+01
6.972578880544726587e+01,1.000000000000000000e+00,2.900000000000000000e+01
6.972578880544726587e+01,1.000000000000000000e+00,2.400000000000000000e+01
6.972578880544726587e+01,1.000000000000000000e+00,3.200000000000000000e+01
6.972578880544726587e+01,1.000000000000000000e+00,2.800000000000000000e+01
6.972578880544726587e+01,1.000000000000000000e+00,2.800000000000000000e+01
6.972578880544726587e+01,1.000000000000000000e+00,3.000000000000000000e+01
6.972578880544726587e+01,1.000000000000000000e+00,3.000000000000000000e+01
6.972578880544726587e+01,1.000000000000000000e+00,2.700000000000000000e+01
6.972578880544726587e+01,1.000000000000000000e+00,3.400000000000000000e+01
6.972578880544726587e+01,1.000000000000000000e+00,3.000000000000000000e+01
6.972578880544726587e+01,1.000000000000000000e+00,3.000000000000000000e+01
6.972578880544726587e+01,1.000000000000000000e+00,3.500000000000000000e+01
6.972578880544726587e+01,1.000000000000000000e+00,3.200000000000000000e+01
6.972578880544726587e+01,1.000000000000000000e+00,3.200000000000000000e+01
6.972578880544726587e+01,1.000000000000000000e+00,3.100000000000000000e+01
6.972578880544726587e+01,1.000000000000000000e+00,3.000000000000000000e+01
6.972578880544726587e+01,1.000000000000000000e+00,3.300000000000000000e+01
6.972578880544726587e+01,1.000000000000000000e+00,2.700000000000000000e+01
6.972578880544726587e+01,1.000000000000000000e+00,2.600000000000000000e+01
6.972578880544726587e+01,1.000000000000000000e+00,3.300000000000000000e+01
6.972578880544726587e+01,1.000000000000000000e+00,3.300000000000000000e+01
6.972578880544726587e+01,1.000000000000000000e+00,3.100000000000000000e+01
6.972578880544726587e+01,1.000000000000000000e+00,3.500000000000000000e+01
6.972578880544726587e+01,1.000000000000000000e+00,3.200000000000000000e+01
6.972578880544726587e+01,1.000000000000000000e+00,3.100000000000000000e+01
6.972578880544726587e+01,1.000000000000000000e+00,3.200000000000000000e+01
6.972578880544726587e+01,1.000000000000000000e+00,3.000000000000000000e+01
6.972578880544726587e+01,1.000000000000000000e+00,3.000000000000000000e+01
6.972578880544726587e+01,1.000000000000000000e+00,3.400000000000000000e+01
6.972578880544726587e+01,1.000000000000000000e+00,2.900000000000000000e+01
6.972578880544726587e+01,1.000000000000000000e+00,3.100000000000000000e+01
6.972578880544726587e+01,1.000000000000000000e+00,3.300000000000000000e+01
6.972578880544726587e+01,1.000000000000000000e+00,3.000000000000000000e+01
6.972578880544726587e+01,1.000000000000000000e+00,3.200000000000000000e+01
6.972578880544726587e+01,1.000000000000000000e+00,3.100000000000000000e+01
6.972578880544726587e+01,1.000000000000000000e+00,3.000000000000000000e+01
6.972578880544726587e+01,1.000000000000000000e+00,3.100000000000000000e+01
6.972578880544726587e+01,1.000000000000000000e+00,3.400000000000000000e+01
6.972578880544726587e+01,1.000000000000000000e+00,3.300000000000000000e+01
6.972578880544726587e+01,1.000000000000000000e+00,3.200000000000000000e+01
6.972578880544726587e+01,1.000000000000000000e+00,2.900000000000000000e+01
6.972578880544726587e+01,1.000000000000000000e+00,3.200000000000000000e+01
6.972578880544726587e+01,1.000000000000000000e+00,3.300000000000000000e+01
6.972578880544726587e+01,1.000000000000000000e+00,3.100000000000000000e+01
6.972578880544726587e+01,1.000000000000000000e+00,3.200000000000000000e+01
6.972578880544726587e+01,1.000000000000000000e+00,3.600000000000000000e+01
6.972578880544726587e+01,1.000000000000000000e+00,3.600000000000000000e+01
6.972578880544726587e+01,1.000000000000000000e+00,3.500000000000000000e+01
6.972578880544726587e+01,1.000000000000000000e+00,3.500000000000000000e+01
6.972578880544726587e+01,1.000000000000000000e+00,2.900000000000000000e+01
6.972578880544726587e+01,1.000000000000000000e+00,3.500000000000000000e+01
6.972578880544726587e+01,1.000000000000000000e+00,3.400000000000000000e+01
6.972578880544726587e+01,1.000000000000000000e+00,3.300000000000000000e+01
6.972578880544726587e+01,1.000000000000000000e+00,3.400000000000000000e+01
6.972578880544726587e+01,1.000000000000000000e+00,3.500000000000000000e+01
6.972578880544726587e+01,1.000000000000000000e+00,3.200000000000000000e+01
6.972578880544726587e+01,1.000000000000000000e+00,3.300000000000000000e+01
6.972578880544726587e+01,1.000000000000000000e+00,3.000000000000000000e+01
6.972578880544726587e+01,1.000000000000000000e+00,3.500000000000000000e+01
6.972578880544726587e+01,1.000000000000000000e+00,3.300000000000000000e+01
6.972578880544726587e+01,1.000000000000000000e+00,3.000000000000000000e+01
6.972578880544726587e+01,1.000000000000000000e+00,3.200000000000000000e+01
6.972578880544726587e+01,1.000000000000000000e+00,3.400000000000000000e+01
6.972578880544726587e+01,1.000000000000000000e+00,3.200000000000000000e+01
6.972578880544726587e+01,1.000000000000000000e+00,3.200000000000000000e+01
6.972578880544726587e+01,1.000000000000000000e+00,3.600000000000000000e+01
6.972578880544726587e+01,1.000000000000000000e+00,3.500000000000000000e+01
6.972578880544726587e+01,1.000000000000000000e+00,3.900000000000000000e+01
6.972578880544726587e+01,1.000000000000000000e+00,3.400000000000000000e+01
6.972578880544726587e+01,1.000000000000000000e+00,3.500000000000000000e+01
6.972578880544726587e+01,1.000000000000000000e+00,3.900000000000000000e+01
6.972578880544726587e+01,1.000000000000000000e+00,3.500000000000000000e+01
6.972578880544726587e+01,1.000000000000000000e+00,3.100000000000000000e+01
6.972578880544726587e+01,1.000000000000000000e+00,3.500000000000000000e+01
6.972578880544726587e+01,1.000000000000000000e+00,3.400000000000000000e+01
6.972578880544726587e+01,1.000000000000000000e+00,3.500000000000000000e+01
6.972578880544726587e+01,1.000000000000000000e+00,3.500000000000000000e+01
6.972578880544726587e+01,1.000000000000000000e+00,4.000000000000000000e+01
6.972578880544726587e+01,1.000000000000000000e+00,3.200000000000000000e+01
6.972578880544726587e+01,1.000000000000000000e+00,3.800000000000000000e+01
6.972578880544726587e+01,1.000000000000000000e+00,3.600000000000000000e+01
6.972578880544726587e+01,1.000000000000000000e+00,3.200000000000000000e+01
6.972578880544726587e+01,1.000000000000000000e+00,3.800000000000000000e+01
6.972578880544726587e+01,1.000000000000000000e+00,3.500000000000000000e+01
6.972578880544726587e+01,1.000000000000000000e+00,3.400000000000000000e+01
6.972578880544726587e+01,1.000000000000000000e+00,3.400000000000000000e+01
6.972578880544726587e+01,1.000000000000000000e+00,3.300000000000000000e+01
6.972578880544726587e+01,1.000000000000000000e+00,3.600000000000000000e+01
6.972578880544726587e+01,1.000000000000000000e+00,3.700000000000000000e+01
6.972578880544726587e+01,1.000000000000000000e+00,3.500000000000000000e+01
6.972578880544726587e+01,1.000000000000000000e+00,3.200000000000000000e+01
6.972578880544726587e+01,1.000000000000000000e+00,3.900000000000000000e+01
6.972578880544726587e+01,1.000000000000000000e+00,3.600000000000000000e+01
6.972578880544726587e+01,1.000000000000000000e+00,3.500000000000000000e+01
6.972578880544726587e+01,1.000000000000000000e+00,3.700000000000000000e+01
6.972578880544726587e+01,1.000000000000000000e+00,3.600000000000000000e+01
6.972578880544726587e+01,1.000000000000000000e+00,3.500000000000000000e+01
6.972578880544726587e+01,1.000000000000000000e+00,3.800000000000000000e+01
6.972578880544726587e+01,1.000000000000000000e+00,3.500000000000000000e+01
6.972578880544726587e+01,1.000000000000000000e+00,3.700000000000000000e+01
6.972578880544726587e+01,1.000000000000000000e+00,3.800000000000000000e+01
6.972578880544726587e+01,1.000000000000000000e+00,3.500000000000000000e+01
6.972578880544726587e+01,1.000000000000000000e+00,3.700000000000000000e+01
6.972578880544726587e+01,1.000000000000000000e+00,3.400000000000000000e+01
6.972578880544726587e+01,1.000000000000000000e+00,3.700000000000000000e+01
6.972578880544726587e+01,1.000000000000000000e+00,3.700000000000000000e+01
6.972578880544726587e+01,1.000000000000000000e+00,3.300000000000000000e+01
6.972578880544726587e+01,1.000000000000000000e+00,3.800000000000000000e+01
6.972578880544726587e+01,1.000000000000000000e+00,3.600000000000000000e+01
6.972578880544726587e+01,1.000000000000000000e+00,3.900000000000000000e+01
6.972578880544726587e+01,1.000000000000000000e+00,3.600000000000000000e+01
6.972578880544726587e+01,1.000000000000000000e+00,3.800000000000000000e+01
6.972578880544726587e+01,1.000000000000000000e+00,3.700000000000000000e+01
6.972578880544726587e+01,1.000000000000000000e+00,3.700000000000000000e+01
6.972578880544726587e+01,1.000000000000000000e+00,3.800000000000000000e+01
6.972578880544726587e+01,1.000000000000000000e+00,3.500000000000000000e+01
6.972578880544726587e+01,1.000000000000000000e+00,3.700000000000000000e+01
6.972578880544726587e+01,1.000000000000000000e+00,3.600000000000000000e+01
6.972578880544726587e+01,1.000000000000000000e+00,3.700000000000000000e+01
6.972578880544726587e+01,1.000000000000000000e+00,4.100000000000000000e+01
6.972578880544726587e+01,1.000000000000000000e+00,3.400000000000000000e+01
6.972578880544726587e+01,1.000000000000000000e+00,4.000000000000000000e+01
6.972578880544726587e+01,1.000000000000000000e+00,3.600000000000000000e+01
6.972578880544726587e+01,1.000000000000000000e+00,3.600000000000000000e+01
6.972578880544726587e+01,1.000000000000000000e+00,3.700000000000000000e+01
6.972578880544726587e+01,1.000000000000000000e+00,4.200000000000000000e+01
6.972578880544726587e+01,1.000000000000000000e+00,4.100000000000000000e+01
6.972578880544726587e+01,1.000000000000000000e+00,3.700000000000000000e+01
6.972578880544726587e+01,1.000000000000000000e+00,3.800000000000000000e+01
6.972578880544726587e+01,1.000000000000000000e+00,3.900000000000000000e+01
6.972578880544726587e+01,1.000000000000000000e+00,3.900000000000000000e+01
6.972578880544726587e+01,1.000000000000000000e+00,3.900000000000000000e+01
6.972578880544726587e+01,1.000000000000000000e+00,3.900000000000000000e+01
6.972578880544726587e+01,1.000000000000000000e+00,4.000000000000000000e+01
6.972578880544726587e+01,1.000000000000000000e+00,4.200000000000000000e+01
6.972578880544726587e+01,1.000000000000000000e+00,4.000000000000000000e+01
6.972578880544726587e+01,1.000000000000000000e+00,4.100000000000000000e+01
6.972578880544726587e+01,1.000000000000000000e+00,3.700000000000000000e+01
6.972578880544726587e+01,1.000000000000000000e+00,4.000000000000000000e+01
6.972578880544726587e+01,1.000000000000000000e+00,3.900000000000000000e+01
6.972578880544726587e+01,1.000000000000000000e+00,3.900000000000000000e+01
6.972578880544726587e+01,1.000000000000000000e+00,3.900000000000000000e+01
6.972578880544726587e+01,1.000000000000000000e+00,3.900000000000000000e+01
6.972578880544726587e+01,1.000000000000000000e+00,4.200000000000000000e+01
6.972578880544726587e+01,1.000000000000000000e+00,3.800000000000000000e+01
6.972578880544726587e+01,1.000000000000000000e+00,3.700000000000000000e+01
6.972578880544726587e+01,1.000000000000000000e+00,3.900000000000000000e+01
6.972578880544726587e+01,1.000000000000000000e+00,4.200000000000000000e+01
6.972578880544726587e+01,1.000000000000000000e+00,3.900000000000000000e+01
6.972578880544726587e+01,1.000000000000000000e+00,4.100000000000000000e+01
6.972578880544726587e+01,1.000000000000000000e+00,4.000000000000000000e+01
6.972578880544726587e+01,1.000000000000000000e+00,3.600000000000000000e+01
6.972578880544726587e+01,1.000000000000000000e+00,4.000000000000000000e+01
6.972578880544726587e+01,1.000000000000000000e+00,4.100000000000000000e+01
6.972578880544726587e+01,1.000000000000000000e+00,4.100000000000000000e+01
6.972578880544726587e+01,1.000000000000000000e+00,3.900000000000000000e+01
6.972578880544726587e+01,1.000000000000000000e+00,3.900000000000000000e+01
6.972578880544726587e+01,1.000000000000000000e+00,4.200000000000000000e+01
6.972578880544726587e+01,1.000000000000000000e+00,4.100000000000000000e+01
6.972578880544726587e+01,1.000000000000000000e+00,4.600000000000000000e+01
6.972578880544726587e+01,1.000000000000000000e+00,4.100000000000000000e+01
6.972578880544726587e+01,1.000000000000000000e+00,4.100000000000000000e+01
6.972578880544726587e+01,1.000000000000000000e+00,4.200000000000000000e+01
6.972578880544726587e+01,1.000000000000000000e+00,4.200000000000000000e+01
6.972578880544726587e+01,1.000000000000000000e+00,3.800000000000000000e+01
6.972578880544726587e+01,1.000000000000000000e+00,4.000000000000000000e+01
6.972578880544726587e+01,1.000000000000000000e+00,3.800000000000000000e+01
6.972578880544726587e+01,1.000000000000000000e+00,4.200000000000000000e+01
6.972578880544726587e+01,1.000000000000000000e+00,3.800000000000000000e+01
6.972578880544726587e+01,1.000000000000000000e+00,3.900000000000000000e+01
6.972578880544726587e+01,1.000000000000000000e+00,4.200000000000000000e+01
6.972578880544726587e+01,1.000000000000000000e+00,4.200000000000000000e+01
6.972578880544726587e+01,1.000000000000000000e+00,4.000000000000000000e+01
6.972578880544726587e+01,1.000000000000000000e+00,4.100000000000000000e+01
6.972578880544726587e+01,1.000000000000000000e+00,4.000000000000000000e+01
6.972578880544726587e+01,1.000000000000000000e+00,4.100000000000000000e+01
6.972578880544726587e+01,1.000000000000000000e+00,4.000000000000000000e+01
6.972578880544726587e+01,1.000000000000000000e+00,4.000000000000000000e+01
6.972578880544726587e+01,1.000000000000000000e+00,4.500000000000000000e+01
6.972578880544726587e+01,1.000000000000000000e+00,4.200000000000000000e+01
6.972578880544726587e+01,1.000000000000000000e+00,4.300000000000000000e+01
6.972578880544726587e+01,1.000000000000000000e+00,4.100000000000000000e+01
6.972578880544726587e+01,1.000000000000000000e+00,4.200000000000000000e+01
6.972578880544726587e+01,1.000000000000000000e+00,4.100000000000000000e+01
6.972578880544726587e+01,1.000000000000000000e+00,4.100000000000000000e+01
6.972578880544726587e+01,1.000000000000000000e+00,4.400000000000000000e+01
6.972578880544726587e+01,1.000000000000000000e+00,4.000000000000000000e+01
6.972578880544726587e+01,1.000000000000000000e+00,4.300000000000000000e+01
6.972578880544726587e+01,1.000000000000000000e+00,4.200000000000000000e+01
6.972578880544726587e+01,1.000000000000000000e+00,4.100000000000000000e+01
6.972578880544726587e+01,1.000000000000000000e+00,4.200000000000000000e+01
6.972578880544726587e+01,1.000000000000000000e+00,4.200000000000000000e+01
6.972578880544726587e+01,1.000000000000000000e+00,4.100000000000000000e+01
6.972578880544726587e+01,1.000000000000000000e+00,4.400000000000000000e+01
6.972578880544726587e+01,1.000000000000000000e+00,4.100000000000000000e+01
6.972578880544726587e+01,1.000000000000000000e+00,4.100000000000000000e+01
6.972578880544726587e+01,1.000000000000000000e+00,4.300000000000000000e+01
6.972578880544726587e+01,1.000000000000000000e+00,4.400000000000000000e+01
6.972578880544726587e+01,1.000000000000000000e+00,4.300000000000000000e+01
6.972578880544726587e+01,1.000000000000000000e+00,4.400000000000000000e+01
6.972578880544726587e+01,1.000000000000000000e+00,4.200000000000000000e+01
6.972578880544726587e+01,1.000000000000000000e+00,3.900000000000000000e+01
6.972578880544726587e+01,1.000000000000000000e+00,4.000000000000000000e+01
6.972578880544726587e+01,1.000000000000000000e+00,4.000000000000000000e+01
6.972578880544726587e+01,1.000000000000000000e+00,4.300000000000000000e+01
6.972578880544726587e+01,1.000000000000000000e+00,4.100000000000000000e+01
6.972578880544726587e+01,1.000000000000000000e+00,4.200000000000000000e+01
6.972578880544726587e+01,1.000000000000000000e+00,4.200000000000000000e+01
6.972578880544726587e+01,1.000000000000000000e+00,4.500000000000000000e+01
6.972578880544726587e+01,1.000000000000000000e+00,4.000000000000000000e+01
6.972578880544726587e+01,1.000000000000000000e+00,4.100000000000000000e+01
6.972578880544726587e+01,1.000000000000000000e+00,4.500000000000000000e+01
6.972578880544726587e+01,1.000000000000000000e+00,4.000000000000000000e+01
6.972578880544726587e+01,1.000000000000000000e+00,4.300000000000000000e+01
6.972578880544726587e+01,1.000000000000000000e+00,4.600000000000000000e+01
6.972578880544726587e+01,1.000000000000000000e+00,3.800000000000000000e+01
6.972578880544726587e+01,1.000000000000000000e+00,4.600000000000000000e+01
6.972578880544726587e+01,1.000000000000000000e+00,4.300000000000000000e+01
6.972578880544726587e+01,1.000000000000000000e+00,4.100000000000000000e+01
6.972578880544726587e+01,1.000000000000000000e+00,4.800000000000000000e+01
6.972578880544726587e+01,1.000000000000000000e+00,4.500000000000000000e+01
6.972578880544726587e+01,1.000000000000000000e+00,4.700000000000000000e+01
6.972578880544726587e+01,1.000000000000000000e+00,4.900000000000000000e+01
6.972578880544726587e+01,1.000000000000000000e+00,4.400000000000000000e+01
6.972578880544726587e+01,1.000000000000000000e+00,3.900000000000000000e+01
6.972578880544726587e+01,1.000000000000000000e+00,4.200000000000000000e+01
6.972578880544726587e+01,1.000000000000000000e+00,4.400000000000000000e+01
6.972578880544726587e+01,1.000000000000000000e+00,4.400000000000000000e+01
6.972578880544726587e+01,1.000000000000000000e+00,4.600000000000000000e+01
6.972578880544726587e+01,1.000000000000000000e+00,4.400000000000000000e+01
6.972578880544726587e+01,1.000000000000000000e+00,4.400000000000000000e+01
6.972578880544726587e+01,1.000000000000000000e+00,4.600000000000000000e+01
6.972578880544726587e+01,1.000000000000000000e+00,4.100000000000000000e+01
6.972578880544726587e+01,1.000000000000000000e+00,4.400000000000000000e+01
6.972578880544726587e+01,1.000000000000000000e+00,4.500000000000000000e+01
6.972578880544726587e+01,1.000000000000000000e+00,4.200000000000000000e+01
6.972578880544726587e+01,1.000000000000000000e+00,4.700000000000000000e+01
6.972578880544726587e+01,1.000000000000000000e+00,4.300000000000000000e+01
6.972578880544726587e+01,1.000000000000000000e+00,4.400000000000000000e+01
6.972578880544726587e+01,1.000000000000000000e+00,4.300000000000000000e+01
6.972578880544726587e+01,1.000000000000000000e+00,4.400000000000000000e+01
6.972578880544726587e+01,1.000000000000000000e+00,4.200000000000000000e+01
6.972578880544726587e+01,1.000000000000000000e+00,4.300000000000000000e+01
6.972578880544726587e+01,1.000000000000000000e+00,4.600000000000000000e+01
6.972578880544726587e+01,1.000000000000000000e+00,4.500000000000000000e+01
6.972578880544726587e+01,1.000000000000000000e+00,4.600000000000000000e+01
6.972578880544726587e+01,1.000000000000000000e+00,4.400000000000000000e+01
6.972578880544726587e+01,1.000000000000000000e+00,4.400000000000000000e+01
6.972578880544726587e+01,1.000000000000000000e+00,4.600000000000000000e+01
6.972578880544726587e+01,1.000000000000000000e+00,4.500000000000000000e+01
6.972578880544726587e+01,1.000000000000000000e+00,4.600000000000000000e+01
6.972578880544726587e+01,1.000000000000000000e+00,4.700000000000000000e+01
6.972578880544726587e+01,1.000000000000000000e+00,4.300000000000000000e+01
6.972578880544726587e+01,1.000000000000000000e+00,4.400000000000000000e+01
6.972578880544726587e+01,1.000000000000000000e+00,4.600000000000000000e+01
6.972578880544726587e+01,1.000000000000000000e+00,4.100000000000000000e+01
6.972578880544726587e+01,1.000000000000000000e+00,4.400000000000000000e+01
6.972578880544726587e+01,1.000000000000000000e+00,4.300000000000000000e+01
6.972578880544726587e+01,1.000000000000000000e+00,4.600000000000000000e+01
6.972578880544726587e+01,1.000000000000000000e+00,4.700000000000000000e+01
6.972578880544726587e+01,1.000000000000000000e+00,4.700000000000000000e+01
6.972578880544726587e+01,1.000000000000000000e+00,4.600000000000000000e+01
6.972578880544726587e+01,1.000000000000000000e+00,4.600000000000000000e+01
6.972578880544726587e+01,1.000000000000000000e+00,4.500000000000000000e+01
6.972578880544726587e+01,1.000000000000000000e+00,4.100000000000000000e+01
6.972578880544726587e+01,1.000000000000000000e+00,4.700000000000000000e+01
6.972578880544726587e+01,1.000000000000000000e+00,4.700000000000000000e+01
6.972578880544726587e+01,1.000000000000000000e+00,4.500000000000000000e+01
6.972578880544726587e+01,1.000000000000000000e+00,4.700000000000000000e+01
6.972578880544726587e+01,1.000000000000000000e+00,4.800000000000000000e+01
6.972578880544726587e+01,1.000000000000000000e+00,4.800000000000000000e+01
6.972578880544726587e+01,1.000000000000000000e+00,4.500000000000000000e+01
6.972578880544726587e+01,1.000000000000000000e+00,4.600000000000000000e+01
6.972578880544726587e+01,1.000000000000000000e+00,4.900000000000000000e+01
6.972578880544726587e+01,1.000000000000000000e+00,4.400000000000000000e+01
6.972578880544726587e+01,1.000000000000000000e+00,4.500000000000000000e+01
6.972578880544726587e+01,1.000000000000000000e+00,4.600000000000000000e+01
6.972578880544726587e+01,1.000000000000000000e+00,4.600000000000000000e+01
6.972578880544726587e+01,1.000000000000000000e+00,4.600000000000000000e+01
6.972578880544726587e+01,1.000000000000000000e+00,4.600000000000000000e+01
6.972578880544726587e+01,1.000000000000000000e+00,4.200000000000000000e+01
6.972578880544726587e+01,1.000000000000000000e+00,4.900000000000000000e+01
6.972578880544726587e+01,1.000000000000000000e+00,4.500000000000000000e+01
6.972578880544726587e+01,1.000000000000000000e+00,4.300000000000000000e+01
6.972578880544726587e+01,1.000000000000000000e+00,4.800000000000000000e+01
6.972578880544726587e+01,1.000000000000000000e+00,4.500000000000000000e+01
6.972578880544726587e+01,1.000000000000000000e+00,4.500000000000000000e+01
6.972578880544726587e+01,1.000000000000000000e+00,4.600000000000000000e+01
6.972578880544726587e+01,1.000000000000000000e+00,4.500000000000000000e+01
6.972578880544726587e+01,1.000000000000000000e+00,4.400000000000000000e+01
6.972578880544726587e+01,1.000000000000000000e+00,4.500000000000000000e+01
6.972578880544726587e+01,1.000000000000000000e+00,4.500000000000000000e+01
6.972578880544726587e+01,1.000000000000000000e+00,4.700000000000000000e+01
6.972578880544726587e+01,1.000000000000000000e+00,4.600000000000000000e+01
6.972578880544726587e+01,1.000000000000000000e+00,4.600000000000000000e+01
6.972578880544726587e+01,1.000000000000000000e+00,5.100000000000000000e+01
6.972578880544726587e+01,1.000000000000000000e+00,4.900000000000000000e+01
6.972578880544726587e+01,1.000000000000000000e+00,4.700000000000000000e+01
6.972578880544726587e+01,1.000000000000000000e+00,4.600000000000000000e+01
6.972578880544726587e+01,1.000000000000000000e+00,5.100000000000000000e+01
6.972578880544726587e+01,1.000000000000000000e+00,4.500000000000000000e+01
6.972578880544726587e+01,1.000000000000000000e+00,4.700000000000000000e+01
6.972578880544726587e+01,1.000000000000000000e+00,4.900000000000000000e+01
6.972578880544726587e+01,1.000000000000000000e+00,4.900000000000000000e+01
6.972578880544726587e+01,1.000000000000000000e+00,4.600000000000000000e+01
6.972578880544726587e+01,1.000000000000000000e+00,4.700000000000000000e+01
6.972578880544726587e+01,1.000000000000000000e+00,5.000000000000000000e+01
6.972578880544726587e+01,1.000000000000000000e+00,4.700000000000000000e+01
6.972578880544726587e+01,1.000000000000000000e+00,5.000000000000000000e+01
6.972578880544726587e+01,1.000000000000000000e+00,4.800000000000000000e+01
6.972578880544726587e+01,1.000000000000000000e+00,4.600000000000000000e+01
6.972578880544726587e+01,1.000000000000000000e+00,4.800000000000000000e+01
6.972578880544726587e+01,1.000000000000000000e+00,4.400000000000000000e+01
6.972578880544726587e+01,1.000000000000000000e+00,4.500000000000000000e+01
6.972578880544726587e+01,1.000000000000000000e+00,4.900000000000000000e+01
6.972578880544726587e+01,1.000000000000000000e+00,5.000000000000000000e+01
6.972578880544726587e+01,1.000000000000000000e+00,5.100000000000000000e+01
6.972578880544726587e+01,1.000000000000000000e+00,4.900000000000000000e+01
6.972578880544726587e+01,1.000000000000000000e+00,4.700000000000000000e+01
6.972578880544726587e+01,1.000000000000000000e+00,4.800000000000000000e+01
6.972578880544726587e+01,1.000000000000000000e+00,4.600000000000000000e+01
6.972578880544726587e+01,1.000000000000000000e+00,4.700000000000000000e+01
6.972578880544726587e+01,1.000000000000000000e+00,4.800000000000000000e+01
6.972578880544726587e+01,1.000000000000000000e+00,4.400000000000000000e+01
6.972578880544726587e+01,1.000000000000000000e+00,4.800000000000000000e+01
6.972578880544726587e+01,1.000000000000000000e+00,4.800000000000000000e+01
6.972578880544726587e+01,1.000000000000000000e+00,4.900000000000000000e+01
6.972578880544726587e+01,1.000000000000000000e+00,4.900000000000000000e+01
6.972578880544726587e+01,1.000000000000000000e+00,5.000000000000000000e+01
6.972578880544726587e+01,1.000000000000000000e+00,4.700000000000000000e+01
6.972578880544726587e+01,1.000000000000000000e+00,4.600000000000000000e+01
6.972578880544726587e+01,1.000000000000000000e+00,4.600000000000000000e+01
6.972578880544726587e+01,1.000000000000000000e+00,4.900000000000000000e+01
6.972578880544726587e+01,1.000000000000000000e+00,4.900000000000000000e+01
6.972578880544726587e+01,1.000000000000000000e+00,4.700000000000000000e+01
6.972578880544726587e+01,1.000000000000000000e+00,4.400000000000000000e+01
6.972578880544726587e+01,1.000000000000000000e+00,4.900000000000000000e+01
6.972578880544726587e+01,1.000000000000000000e+00,4.900000000000000000e+01
6.972578880544726587e+01,1.000000000000000000e+00,4.700000000000000000e+01
6.972578880544726587e+01,1.000000000000000000e+00,4.400000000000000000e+01
6.972578880544726587e+01,1.000000000000000000e+00,5.200000000000000000e+01
6.972578880544726587e+01,1.000000000000000000e+00,4.800000000000000000e+01
6.972578880544726587e+01,1.000000000000000000e+00,4.800000000000000000e+01
6.972578880544726587e+01,1.000000000000000000e+00,4.600000000000000000e+01
6.972578880544726587e+01,1.000000000000000000e+00,4.800000000000000000e+01
6.972578880544726587e+01,1.000000000000000000e+00,4.900000000000000000e+01
6.972578880544726587e+01,1.000000000000000000e+00,4.800000000000000000e+01
6.972578880544726587e+01,1.000000000000000000e+00,4.800000000000000000e+01
6.972578880544726587e+01,1.000000000000000000e+00,5.000000000000000000e+01
6.972578880544726587e+01,1.000000000000000000e+00,4.600000000000000000e+01
6.972578880544726587e+01,1.000000000000000000e+00,4.800000000000000000e+01
6.972578880544726587e+01,1.000000000000000000e+00,4.800000000000000000e+01
6.972578880544726587e+01,1.000000000000000000e+00,4.700000000000000000e+01
6.972578880544726587e+01,1.000000000000000000e+00,5.000000000000000000e+01
6.972578880544726587e+01,1.000000000000000000e+00,5.000000000000000000e+01
6.972578880544726587e+01,1.000000000000000000e+00,4.700000000000000000e+01
6.972578880544726587e+01,1.000000000000000000e+00,4.900000000000000000e+01
6.972578880544726587e+01,1.000000000000000000e+00,5.100000000000000000e+01
6.972578880544726587e+01,1.000000000000000000e+00,5.000000000000000000e+01
6.972578880544726587e+01,1.000000000000000000e+00,5.100000000000000000e+01
6.972578880544726587e+01,1.000000000000000000e+00,5.000000000000000000e+01
6.972578880544726587e+01,1.000000000000000000e+00,4.700000000000000000e+01
6.972578880544726587e+01,1.000000000000000000e+00,4.800000000000000000e+01
6.972578880544726587e+01,1.000000000000000000e+00,4.800000000000000000e+01
6.972578880544726587e+01,1.000000000000000000e+00,4.700000000000000000e+01
6.972578880544726587e+01,1.000000000000000000e+00,5.000000000000000000e+01
6.972578880544726587e+01,1.000000000000000000e+00,4.600000000000000000e+01
6.972578880544726587e+01,1.000000000000000000e+00,4.900000000000000000e+01
6.972578880544726587e+01,1.000000000000000000e+00,4.900000000000000000e+01
6.972578880544726587e+01,1.000000000000000000e+00,4.900000000000000000e+01
6.972578880544726587e+01,1.000000000000000000e+00,4.700000000000000000e+01
6.972578880544726587e+01,1.000000000000000000e+00,4.800000000000000000e+01
6.972578880544726587e+01,1.000000000000000000e+00,4.700000000000000000e+01
6.972578880544726587e+01,1.000000000000000000e+00,4.700000000000000000e+01
6.972578880544726587e+01,1.000000000000000000e+00,5.000000000000000000e+01
6.972578880544726587e+01,1.000000000000000000e+00,5.000000000000000000e+01
6.972578880544726587e+01,1.000000000000000000e+00,5.000000000000000000e+01
6.972578880544726587e+01,1.000000000000000000e+00,5.100000000000000000e+01
6.972578880544726587e+01,1.000000000000000000e+00,4.800000000000000000e+01
6.972578880544726587e+01,1.000000000000000000e+00,4.900000000000000000e+01
6.972578880544726587e+01,1.000000000000000000e+00,4.700000000000000000e+01
6.972578880544726587e+01,1.000000000000000000e+00,4.500000000000000000e+01
6.972578880544726587e+01,1.000000000000000000e+00,5.000000000000000000e+01
6.972578880544726587e+01,1.000000000000000000e+00,4.800000000000000000e+01
6.972578880544726587e+01,1.000000000000000000e+00,5.100000000000000000e+01
6.972578880544726587e+01,1.000000000000000000e+00,4.800000000000000000e+01
6.972578880544726587e+01,1.000000000000000000e+00,5.100000000000000000e+01
6.972578880544726587e+01,1.000000000000000000e+00,4.800000000000000000e+01
6.972578880544726587e+01,1.000000000000000000e+00,5.000000000000000000e+01
6.972578880544726587e+01,1.000000000000000000e+00,4.900000000000000000e+01
6.972578880544726587e+01,1.000000000000000000e+00,5.100000000000000000e+01
6.972578880544726587e+01,1.000000000000000000e+00,4.500000000000000000e+01
6.972578880544726587e+01,1.000000000000000000e+00,5.200000000000000000e+01
6.972578880544726587e+01,1.000000000000000000e+00,5.000000000000000000e+01
6.972578880544726587e+01,1.000000000000000000e+00,4.700000000000000000e+01
6.972578880544726587e+01,1.000000000000000000e+00,4.800000000000000000e+01
6.972578880544726587e+01,1.000000000000000000e+00,4.800000000000000000e+01
6.972578880544726587e+01,1.000000000000000000e+00,5.000000000000000000e+01
6.972578880544726587e+01,1.000000000000000000e+00,4.600000000000000000e+01
6.972578880544726587e+01,1.000000000000000000e+00,4.800000000000000000e+01
6.972578880544726587e+01,1.000000000000000000e+00,4.900000000000000000e+01
6.972578880544726587e+01,1.000000000000000000e+00,4.800000000000000000e+01
6.972578880544726587e+01,1.000000000000000000e+00,4.800000000000000000e+01
6.972578880544726587e+01,1.000000000000000000e+00,5.000000000000000000e+01
6.972578880544726587e+01,1.000000000000000000e+00,4.900000000000000000e+01
6.972578880544726587e+01,1.000000000000000000e+00,4.800000000000000000e+01
6.972578880544726587e+01,1.000000000000000000e+00,4.800000000000000000e+01
6.972578880544726587e+01,1.000000000000000000e+00,4.800000000000000000e+01
6.972578880544726587e+01,1.000000000000000000e+00,4.900000000000000000e+01
6.972578880544726587e+01,1.000000000000000000e+00,4.900000000000000000e+01
6.972578880544726587e+01,1.000000000000000000e+00,4.900000000000000000e+01
6.972578880544726587e+01,1.000000000000000000e+00,5.000000000000000000e+01
6.972578880544726587e+01,1.000000000000000000e+00,4.700000000000000000e+01
6.972578880544726587e+01,1.000000000000000000e+00,5.000000000000000000e+01
6.972578880544726587e+01,1.000000000000000000e+00,5.100000000000000000e+01
6.972578880544726587e+01,1.000000000000000000e+00,4.600000000000000000e+01
6.972578880544726587e+01,1.000000000000000000e+00,4.600000000000000000e+01
6.972578880544726587e+01,1.000000000000000000e+00,4.700000000000000000e+01
6.972578880544726587e+01,1.000000000000000000e+00,4.900000000000000000e+01
6.972578880544726587e+01,1.000000000000000000e+00,5.100000000000000000e+01
6.972578880544726587e+01,1.000000000000000000e+00,4.700000000000000000e+01
6.972578880544726587e+01,1.000000000000000000e+00,4.900000000000000000e+01
6.972578880544726587e+01,1.000000000000000000e+00,4.500000000000000000e+01
6.972578880544726587e+01,1.000000000000000000e+00,4.800000000000000000e+01
6.972578880544726587e+01,1.000000000000000000e+00,5.000000000000000000e+01
6.972578880544726587e+01,1.000000000000000000e+00,5.000000000000000000e+01
6.972578880544726587e+01,1.000000000000000000e+00,4.900000000000000000e+01
6.972578880544726587e+01,1.000000000000000000e+00,5.000000000000000000e+01
6.972578880544726587e+01,1.000000000000000000e+00,5.100000000000000000e+01
6.972578880544726587e+01,1.000000000000000000e+00,5.000000000000000000e+01
6.972578880544726587e+01,1.000000000000000000e+00,4.800000000000000000e+01
6.972578880544726587e+01,1.000000000000000000e+00,4.900000000000000000e+01
6.972578880544726587e+01,1.000000000000000000e+00,4.900000000000000000e+01
6.972578880544726587e+01,1.000000000000000000e+00,5.000000000000000000e+01
6.972578880544726587e+01,1.000000000000000000e+00,5.100000000000000000e+01
6.972578880544726587e+01,1.000000000000000000e+00,5.000000000000000000e+01
6.972578880544726587e+01,1.000000000000000000e+00,4.900000000000000000e+01
6.972578880544726587e+01,1.000000000000000000e+00,4.900000000000000000e+01
6.972578880544726587e+01,1.000000000000000000e+00,4.900000000000000000e+01
6.972578880544726587e+01,1.000000000000000000e+00,5.000000000000000000e+01
6.972578880544726587e+01,1.000000000000000000e+00,5.100000000000000000e+01
6.972578880544726587e+01,1.000000000000000000e+00,5.000000000000000000e+01
6.972578880544726587e+01,1.000000000000000000e+00,5.200000000000000000e+01
6.972578880544726587e+01,1.000000000000000000e+00,4.400000000000000000e+01
6.972578880544726587e+01,1.000000000000000000e+00,5.000000000000000000e+01
6.972578880544726587e+01,1.000000000000000000e+00,5.300000000000000000e+01
6.972578880544726587e+01,1.000000000000000000e+00,4.900000000000000000e+01
6.972578880544726587e+01,1.000000000000000000e+00,4.700000000000000000e+01
6.972578880544726587e+01,1.000000000000000000e+00,4.800000000000000000e+01
6.972578880544726587e+01,1.000000000000000000e+00,5.100000000000000000e+01
6.972578880544726587e+01,1.000000000000000000e+00,4.600000000000000000e+01
6.972578880544726587e+01,1.000000000000000000e+00,5.200000000000000000e+01
6.972578880544726587e+01,1.000000000000000000e+00,5.000000000000000000e+01
6.972578880544726587e+01,1.000000000000000000e+00,5.000000000000000000e+01
6.972578880544726587e+01,1.000000000000000000e+00,4.900000000000000000e+01
6.972578880544726587e+01,1.000000000000000000e+00,4.800000000000000000e+01
6.972578880544726587e+01,1.000000000000000000e+00,5.100000000000000000e+01
6.972578880544726587e+01,1.000000000000000000e+00,5.000000000000000000e+01
6.972578880544726587e+01,1.000000000000000000e+00,5.000000000000000000e+01
6.972578880544726587e+01,1.000000000000000000e+00,4.700000000000000000e+01
6.972578880544726587e+01,1.000000000000000000e+00,4.700000000000000000e+01
6.972578880544726587e+01,1.000000000000000000e+00,5.100000000000000000e+01
6.972578880544726587e+01,1.000000000000000000e+00,4.700000000000000000e+01
6.972578880544726587e+01,1.000000000000000000e+00,5.100000000000000000e+01
6.972578880544726587e+01,1.000000000000000000e+00,5.100000000000000000e+01
6.972578880544726587e+01,1.000000000000000000e+00,4.700000000000000000e+01
6.972578880544726587e+01,1.000000000000000000e+00,4.500000000000000000e+01
6.972578880544726587e+01,1.000000000000000000e+00,4.900000000000000000e+01
6.972578880544726587e+01,1.000000000000000000e+00,5.100000000000000000e+01
6.972578880544726587e+01,1.000000000000000000e+00,4.800000000000000000e+01
6.972578880544726587e+01,1.000000000000000000e+00,4.800000000000000000e+01
6.972578880544726587e+01,1.000000000000000000e+00,4.800000000000000000e+01
6.972578880544726587e+01,1.000000000000000000e+00,4.800000000000000000e+01
6.972578880544726587e+01,1.000000000000000000e+00,5.000000000000000000e+01
6.972578880544726587e+01,1.000000000000000000e+00,5.100000000000000000e+01
6.972578880544726587e+01,1.000000000000000000e+00,5.000000000000000000e+01
6.972578880544726587e+01,1.000000000000000000e+00,4.700000000000000000e+01
6.972578880544726587e+01,1.000000000000000000e+00,5.100000000000000000e+01
6.972578880544726587e+01,1.000000000000000000e+00,4.700000000000000000e+01
6.972578880544726587e+01,1.000000000000000000e+00,4.800000000000000000e+01
6.972578880544726587e+01,1.000000000000000000e+00,4.800000000000000000e+01
6.972578880544726587e+01,1.000000000000000000e+00,4.800000000000000000e+01
6.972578880544726587e+01,1.000000000000000000e+00,5.200000000000000000e+01
6.972578880544726587e+01,1.000000000000000000e+00,4.700000000000000000e+01
6.972578880544726587e+01,1.000000000000000000e+00,5.000000000000000000e+01
6.972578880544726587e+01,1.000000000000000000e+00,4.800000000000000000e+01
6.972578880544726587e+01,1.000000000000000000e+00,5.100000000000000000e+01
6.972578880544726587e+01,1.000000000000000000e+00,5.000000000000000000e+01
6.972578880544726587e+01,1.000000000000000000e+00,5.000000000000000000e+01
6.972578880544726587e+01,1.000000000000000000e+00,4.700000000000000000e+01
6.972578880544726587e+01,1.000000000000000000e+00,4.400000000000000000e+01
6.972578880544726587e+01,1.000000000000000000e+00,5.000000000000000000e+01
6.972578880544726587e+01,1.000000000000000000e+00,4.800000000000000000e+01
6.972578880544726587e+01,1.000000000000000000e+00,4.900000000000000000e+01
6.972578880544726587e+01,1.000000000000000000e+00,4.800000000000000000e+01
6.972578880544726587e+01,1.000000000000000000e+00,4.700000000000000000e+01
6.972578880544726587e+01,1.000000000000000000e+00,4.800000000000000000e+01
6.972578880544726587e+01,1.000000000000000000e+00,4.800000000000000000e+01
6.972578880544726587e+01,1.000000000000000000e+00,4.800000000000000000e+01
6.972578880544726587e+01,1.000000000000000000e+00,4.900000000000000000e+01
6.972578880544726587e+01,1.000000000000000000e+00,5.000000000000000000e+01
6.972578880544726587e+01,1.000000000000000000e+00,5.000000000000000000e+01
6.972578880544726587e+01,1.000000000000000000e+00,5.200000000000000000e+01
6.972578880544726587e+01,1.000000000000000000e+00,4.900000000000000000e+01
6.972578880544726587e+01,1.000000000000000000e+00,4.800000000000000000e+01
6.972578880544726587e+01,1.000000000000000000e+00,4.600000000000000000e+01
6.972578880544726587e+01,1.000000000000000000e+00,5.100000000000000000e+01
6.972578880544726587e+01,1.000000000000000000e+00,5.000000000000000000e+01
6.972578880544726587e+01,1.000000000000000000e+00,5.000000000000000000e+01
6.972578880544726587e+01,1.000000000000000000e+00,5.000000000000000000e+01
6.972578880544726587e+01,1.000000000000000000e+00,5.000000000000000000e+01
6.972578880544726587e+01,1.000000000000000000e+00,5.100000000000000000e+01
6.972578880544726587e+01,1.000000000000000000e+00,5.000000000000000000e+01
6.972578880544726587e+01,1.000000000000000000e+00,5.100000000000000000e+01
6.972578880544726587e+01,1.000000000000000000e+00,4.900000000000000000e+01
6.972578880544726587e+01,1.000000000000000000e+00,4.800000000000000000e+01
6.972578880544726587e+01,1.000000000000000000e+00,4.900000000000000000e+01
6.972578880544726587e+01,1.000000000000000000e+00,4.700000000000000000e+01
6.972578880544726587e+01,1.000000000000000000e+00,5.100000000000000000e+01
6.972578880544726587e+01,1.000000000000000000e+00,4.700000000000000000e+01
6.972578880544726587e+01,1.000000000000000000e+00,4.800000000000000000e+01
6.972578880544726587e+01,1.000000000000000000e+00,4.600000000000000000e+01
6.972578880544726587e+01,1.000000000000000000e+00,4.600000000000000000e+01
6.972578880544726587e+01,1.000000000000000000e+00,4.500000000000000000e+01
6.972578880544726587e+01,1.000000000000000000e+00,4.900000000000000000e+01
6.972578880544726587e+01,1.000000000000000000e+00,4.800000000000000000e+01
6.972578880544726587e+01,1.000000000000000000e+00,4.800000000000000000e+01
6.972578880544726587e+01,1.000000000000000000e+00,4.800000000000000000e+01
6.972578880544726587e+01,1.000000000000000000e+00,4.700000000000000000e+01
6.972578880544726587e+01,1.000000000000000000e+00,4.900000000000000000e+01
6.972578880544726587e+01,1.000000000000000000e+00,5.000000000000000000e+01
6.972578880544726587e+01,1.000000000000000000e+00,5.000000000000000000e+01
6.972578880544726587e+01,1.000000000000000000e+00,4.400000000000000000e+01
6.972578880544726587e+01,1.000000000000000000e+00,4.800000000000000000e+01
6.972578880544726587e+01,1.000000000000000000e+00,4.900000000000000000e+01
6.972578880544726587e+01,1.000000000000000000e+00,4.700000000000000000e+01
6.972578880544726587e+01,1.000000000000000000e+00,5.000000000000000000e+01
6.972578880544726587e+01,1.000000000000000000e+00,4.500000000000000000e+01
6.972578880544726587e+01,1.000000000000000000e+00,4.800000000000000000e+01
6.972578880544726587e+01,1.000000000000000000e+00,4.800000000000000000e+01
6.972578880544726587e+01,1.000000000000000000e+00,5.000000000000000000e+01
6.972578880544726587e+01,1.000000000000000000e+00,4.900000000000000000e+01
6.972578880544726587e+01,1.000000000000000000e+00,5.200000000000000000e+01
6.972578880544726587e+01,1.000000000000000000e+00,4.800000000000000000e+01
6.972578880544726587e+01,1.000000000000000000e+00,4.600000000000000000e+01
6.972578880544726587e+01,1.000000000000000000e+00,4.700000000000000000e+01
6.972578880544726587e+01,1.000000000000000000e+00,4.600000000000000000e+01
6.972578880544726587e+01,1.000000000000000000e+00,4.800000000000000000e+01
6.972578880544726587e+01,1.000000000000000000e+00,5.200000000000000000e+01
6.972578880544726587e+01,1.000000000000000000e+00,5.000000000000000000e+01
6.972578880544726587e+01,1.000000000000000000e+00,4.700000000000000000e+01
6.972578880544726587e+01,1.000000000000000000e+00,5.000000000000000000e+01
6.972578880544726587e+01,1.000000000000000000e+00,4.800000000000000000e+01
6.972578880544726587e+01,1.000000000000000000e+00,5.100000000000000000e+01
6.972578880544726587e+01,1.000000000000000000e+00,4.800000000000000000e+01
6.972578880544726587e+01,1.000000000000000000e+00,4.500000000000000000e+01
6.972578880544726587e+01,1.000000000000000000e+00,4.800000000000000000e+01
6.972578880544726587e+01,1.000000000000000000e+00,4.600000000000000000e+01
6.972578880544726587e+01,1.000000000000000000e+00,4.600000000000000000e+01
6.972578880544726587e+01,1.000000000000000000e+00,4.900000000000000000e+01
6.972578880544726587e+01,1.000000000000000000e+00,4.400000000000000000e+01
6.972578880544726587e+01,1.000000000000000000e+00,4.900000000000000000e+01
6.972578880544726587e+01,1.000000000000000000e+00,4.700000000000000000e+01
6.972578880544726587e+01,1.000000000000000000e+00,5.000000000000000000e+01
6.972578880544726587e+01,1.000000000000000000e+00,4.800000000000000000e+01
6.972578880544726587e+01,1.000000000000000000e+00,5.000000000000000000e+01
6.972578880544726587e+01,1.000000000000000000e+00,4.700000000000000000e+01
6.972578880544726587e+01,1.000000000000000000e+00,5.100000000000000000e+01
6.972578880544726587e+01,1.000000000000000000e+00,4.300000000000000000e+01
6.972578880544726587e+01,1.000000000000000000e+00,4.700000000000000000e+01
6.972578880544726587e+01,1.000000000000000000e+00,4.800000000000000000e+01
6.972578880544726587e+01,1.000000000000000000e+00,4.500000000000000000e+01
6.972578880544726587e+01,1.000000000000000000e+00,4.800000000000000000e+01
6.972578880544726587e+01,1.000000000000000000e+00,4.500000000000000000e+01
6.972578880544726587e+01,1.000000000000000000e+00,4.800000000000000000e+01
6.972578880544726587e+01,1.000000000000000000e+00,4.700000000000000000e+01
6.972578880544726587e+01,1.000000000000000000e+00,4.800000000000000000e+01
6.972578880544726587e+01,1.000000000000000000e+00,5.100000000000000000e+01
6.972578880544726587e+01,1.000000000000000000e+00,4.600000000000000000e+01
6.972578880544726587e+01,1.000000000000000000e+00,5.000000000000000000e+01
6.972578880544726587e+01,1.000000000000000000e+00,4.700000000000000000e+01
6.972578880544726587e+01,1.000000000000000000e+00,4.400000000000000000e+01
6.972578880544726587e+01,1.000000000000000000e+00,4.500000000000000000e+01
6.972578880544726587e+01,1.000000000000000000e+00,4.700000000000000000e+01
6.972578880544726587e+01,1.000000000000000000e+00,4.900000000000000000e+01
6.972578880544726587e+01,1.000000000000000000e+00,4.600000000000000000e+01
6.972578880544726587e+01,1.000000000000000000e+00,4.800000000000000000e+01
6.972578880544726587e+01,1.000000000000000000e+00,4.900000000000000000e+01
6.972578880544726587e+01,1.000000000000000000e+00,4.700000000000000000e+01
6.972578880544726587e+01,1.000000000000000000e+00,4.800000000000000000e+01
6.972578880544726587e+01,1.000000000000000000e+00,5.000000000000000000e+01
6.972578880544726587e+01,1.000000000000000000e+00,4.600000000000000000e+01
6.972578880544726587e+01,1.000000000000000000e+00,4.800000000000000000e+01
6.972578880544726587e+01,1.000000000000000000e+00,4.600000000000000000e+01
6.972578880544726587e+01,1.000000000000000000e+00,4.700000000000000000e+01
6.972578880544726587e+01,1.000000000000000000e+00,5.000000000000000000e+01
6.972578880544726587e+01,1.000000000000000000e+00,4.500000000000000000e+01
6.972578880544726587e+01,1.000000000000000000e+00,4.600000000000000000e+01
6.972578880544726587e+01,1.000000000000000000e+00,4.500000000000000000e+01
6.972578880544726587e+01,1.000000000000000000e+00,4.300000000000000000e+01
6.972578880544726587e+01,1.000000000000000000e+00,4.600000000000000000e+01
6.972578880544726587e+01,1.000000000000000000e+00,4.500000000000000000e+01
6.972578880544726587e+01,1.000000000000000000e+00,4.800000000000000000e+01
6.972578880544726587e+01,1.000000000000000000e+00,4.600000000000000000e+01
6.972578880544726587e+01,1.000000000000000000e+00,4.600000000000000000e+01
6.972578880544726587e+01,1.000000000000000000e+00,4.400000000000000000e+01
6.972578880544726587e+01,1.000000000000000000e+00,4.900000000000000000e+01
6.972578880544726587e+01,1.000000000000000000e+00,4.500000000000000000e+01
6.972578880544726587e+01,1.000000000000000000e+00,4.700000000000000000e+01
6.972578880544726587e+01,1.000000000000000000e+00,4.600000000000000000e+01
6.972578880544726587e+01,1.000000000000000000e+00,4.700000000000000000e+01
6.972578880544726587e+01,1.000000000000000000e+00,4.800000000000000000e+01
6.972578880544726587e+01,1.000000000000000000e+00,4.600000000000000000e+01
6.972578880544726587e+01,1.000000000000000000e+00,4.900000000000000000e+01
6.972578880544726587e+01,1.000000000000000000e+00,4.800000000000000000e+01
6.972578880544726587e+01,1.000000000000000000e+00,4.900000000000000000e+01
6.972578880544726587e+01,1.000000000000000000e+00,4.500000000000000000e+01
6.972578880544726587e+01,1.000000000000000000e+00,4.500000000000000000e+01
6.972578880544726587e+01,1.000000000000000000e+00,4.500000000000000000e+01
6.972578880544726587e+01,1.000000000000000000e+00,4.400000000000000000e+01
6.972578880544726587e+01,1.000000000000000000e+00,4.400000000000000000e+01
6.972578880544726587e+01,1.000000000000000000e+00,4.500000000000000000e+01
6.972578880544726587e+01,1.000000000000000000e+00,4.800000000000000000e+01
6.972578880544726587e+01,1.000000000000000000e+00,4.600000000000000000e+01
6.972578880544726587e+01,1.000000000000000000e+00,4.600000000000000000e+01
6.972578880544726587e+01,1.000000000000000000e+00,4.900000000000000000e+01
6.972578880544726587e+01,1.000000000000000000e+00,4.600000000000000000e+01
6.972578880544726587e+01,1.000000000000000000e+00,4.700000000000000000e+01
6.972578880544726587e+01,1.000000000000000000e+00,4.400000000000000000e+01
6.972578880544726587e+01,1.000000000000000000e+00,4.400000000000000000e+01
6.972578880544726587e+01,1.000000000000000000e+00,4.700000000000000000e+01
6.972578880544726587e+01,1.000000000000000000e+00,4.600000000000000000e+01
6.972578880544726587e+01,1.000000000000000000e+00,4.400000000000000000e+01
6.972578880544726587e+01,1.000000000000000000e+00,4.600000000000000000e+01
6.972578880544726587e+01,1.000000000000000000e+00,4.800000000000000000e+01
6.972578880544726587e+01,1.000000000000000000e+00,4.800000000000000000e+01
6.972578880544726587e+01,1.000000000000000000e+00,4.400000000000000000e+01
6.972578880544726587e+01,1.000000000000000000e+00,4.300000000000000000e+01
6.972578880544726587e+01,1.000000000000000000e+00,4.500000000000000000e+01
6.972578880544726587e+01,1.000000000000000000e+00,4.500000000000000000e+01
6.972578880544726587e+01,1.000000000000000000e+00,4.600000000000000000e+01
6.972578880544726587e+01,1.000000000000000000e+00,4.600000000000000000e+01
6.972578880544726587e+01,1.000000000000000000e+00,4.500000000000000000e+01
6.972578880544726587e+01,1.000000000000000000e+00,4.400000000000000000e+01
6.972578880544726587e+01,1.000000000000000000e+00,4.300000000000000000e+01
6.972578880544726587e+01,1.000000000000000000e+00,4.500000000000000000e+01
6.972578880544726587e+01,1.000000000000000000e+00,4.400000000000000000e+01
6.972578880544726587e+01,1.000000000000000000e+00,4.200000000000000000e+01
6.972578880544726587e+01,1.000000000000000000e+00,4.700000000000000000e+01
6.972578880544726587e+01,1.000000000000000000e+00,4.400000000000000000e+01
6.972578880544726587e+01,1.000000000000000000e+00,4.400000000000000000e+01
6.972578880544726587e+01,1.000000000000000000e+00,4.300000000000000000e+01
6.972578880544726587e+01,1.000000000000000000e+00,4.400000000000000000e+01
6.972578880544726587e+01,1.000000000000000000e+00,4.500000000000000000e+01
6.972578880544726587e+01,1.000000000000000000e+00,4.700000000000000000e+01
6.972578880544726587e+01,1.000000000000000000e+00,4.600000000000000000e+01
6.972578880544726587e+01,1.000000000000000000e+00,4.600000000000000000e+01
6.972578880544726587e+01,1.000000000000000000e+00,4.300000000000000000e+01
6.972578880544726587e+01,1.000000000000000000e+00,4.300000000000000000e+01
6.972578880544726587e+01,1.000000000000000000e+00,4.200000000000000000e+01
6.972578880544726587e+01,1.000000000000000000e+00,4.600000000000000000e+01
6.972578880544726587e+01,1.000000000000000000e+00,4.500000000000000000e+01
6.972578880544726587e+01,1.000000000000000000e+00,4.200000000000000000e+01
6.972578880544726587e+01,1.000000000000000000e+00,3.900000000000000000e+01
6.972578880544726587e+01,1.000000000000000000e+00,4.200000000000000000e+01
6.972578880544726587e+01,1.000000000000000000e+00,4.500000000000000000e+01
6.972578880544726587e+01,1.000000000000000000e+00,4.400000000000000000e+01
6.972578880544726587e+01,1.000000000000000000e+00,4.300000000000000000e+01
6.972578880544726587e+01,1.000000000000000000e+00,4.400000000000000000e+01
6.972578880544726587e+01,1.000000000000000000e+00,4.700000000000000000e+01
6.972578880544726587e+01,1.000000000000000000e+00,4.400000000000000000e+01
6.972578880544726587e+01,1.000000000000000000e+00,4.300000000000000000e+01
6.972578880544726587e+01,1.000000000000000000e+00,4.400000000000000000e+01
6.972578880544726587e+01,1.000000000000000000e+00,4.100000000000000000e+01
6.972578880544726587e+01,1.000000000000000000e+00,4.600000000000000000e+01
6.972578880544726587e+01,1.000000000000000000e+00,4.500000000000000000e+01
6.972578880544726587e+01,1.000000000000000000e+00,4.100000000000000000e+01
6.972578880544726587e+01,1.000000000000000000e+00,4.700000000000000000e+01
6.972578880544726587e+01,1.000000000000000000e+00,4.800000000000000000e+01
6.972578880544726587e+01,1.000000000000000000e+00,4.400000000000000000e+01
6.972578880544726587e+01,1.000000000000000000e+00,4.400000000000000000e+01
6.972578880544726587e+01,1.000000000000000000e+00,4.100000000000000000e+01
6.972578880544726587e+01,1.000000000000000000e+00,4.400000000000000000e+01
6.972578880544726587e+01,1.000000000000000000e+00,4.100000000000000000e+01
6.972578880544726587e+01,1.000000000000000000e+00,4.600000000000000000e+01
6.972578880544726587e+01,1.000000000000000000e+00,4.600000000000000000e+01
6.972578880544726587e+01,1.000000000000000000e+00,4.000000000000000000e+01
6.972578880544726587e+01,1.000000000000000000e+00,4.500000000000000000e+01
6.972578880544726587e+01,1.000000000000000000e+00,4.600000000000000000e+01
6.972578880544726587e+01,1.000000000000000000e+00,3.900000000000000000e+01
6.972578880544726587e+01,1.000000000000000000e+00,4.300000000000000000e+01
6.972578880544726587e+01,1.000000000000000000e+00,4.000000000000000000e+01
6.972578880544726587e+01,1.000000000000000000e+00,4.100000000000000000e+01
6.972578880544726587e+01,1.000000000000000000e+00,4.100000000000000000e+01
6.972578880544726587e+01,1.000000000000000000e+00,4.300000000000000000e+01
6.972578880544726587e+01,1.000000000000000000e+00,3.800000000000000000e+01
6.972578880544726587e+01,1.000000000000000000e+00,4.200000000000000000e+01
6.972578880544726587e+01,1.000000000000000000e+00,4.500000000000000000e+01
6.972578880544726587e+01,1.000000000000000000e+00,4.500000000000000000e+01
6.972578880544726587e+01,1.000000000000000000e+00,4.700000000000000000e+01
6.972578880544726587e+01,1.000000000000000000e+00,4.500000000000000000e+01
6.972578880544726587e+01,1.000000000000000000e+00,4.300000000000000000e+01
6.972578880544726587e+01,1.000000000000000000e+00,4.300000000000000000e+01
6.972578880544726587e+01,1.000000000000000000e+00,4.100000000000000000e+01
6.972578880544726587e+01,1.000000000000000000e+00,4.400000000000000000e+01
6.972578880544726587e+01,1.000000000000000000e+00,4.200000000000000000e+01
6.972578880544726587e+01,1.000000000000000000e+00,4.400000000000000000e+01
6.972578880544726587e+01,1.000000000000000000e+00,4.500000000000000000e+01
6.972578880544726587e+01,1.000000000000000000e+00,4.200000000000000000e+01
6.972578880544726587e+01,1.000000000000000000e+00,4.300000000000000000e+01
6.972578880544726587e+01,1.000000000000000000e+00,4.100000000000000000e+01
6.972578880544726587e+01,1.000000000000000000e+00,3.900000000000000000e+01
6.972578880544726587e+01,1.000000000000000000e+00,4.300000000000000000e+01
6.972578880544726587e+01,1.000000000000000000e+00,4.200000000000000000e+01
6.972578880544726587e+01,1.000000000000000000e+00,4.200000000000000000e+01
6.972578880544726587e+01,1.000000000000000000e+00,4.100000000000000000e+01
6.972578880544726587e+01,1.000000000000000000e+00,4.100000000000000000e+01
6.972578880544726587e+01,1.000000000000000000e+00,4.100000000000000000e+01
6.972578880544726587e+01,1.000000000000000000e+00,4.000000000000000000e+01
6.972578880544726587e+01,1.000000000000000000e+00,4.100000000000000000e+01
6.972578880544726587e+01,1.000000000000000000e+00,4.100000000000000000e+01
6.972578880544726587e+01,1.000000000000000000e+00,4.300000000000000000e+01
6.972578880544726587e+01,1.000000000000000000e+00,3.800000000000000000e+01
6.972578880544726587e+01,1.000000000000000000e+00,3.700000000000000000e+01
6.972578880544726587e+01,1.000000000000000000e+00,3.900000000000000000e+01
6.972578880544726587e+01,1.000000000000000000e+00,4.000000000000000000e+01
6.972578880544726587e+01,1.000000000000000000e+00,4.000000000000000000e+01
6.972578880544726587e+01,1.000000000000000000e+00,4.000000000000000000e+01
6.972578880544726587e+01,1.000000000000000000e+00,4.100000000000000000e+01
6.972578880544726587e+01,1.000000000000000000e+00,4.000000000000000000e+01
6.972578880544726587e+01,1.000000000000000000e+00,4.100000000000000000e+01
6.972578880544726587e+01,1.000000000000000000e+00,4.300000000000000000e+01
6.972578880544726587e+01,1.000000000000000000e+00,4.100000000000000000e+01
6.972578880544726587e+01,1.000000000000000000e+00,4.200000000000000000e+01
6.972578880544726587e+01,1.000000000000000000e+00,4.100000000000000000e+01
6.972578880544726587e+01,1.000000000000000000e+00,4.500000000000000000e+01
6.972578880544726587e+01,1.000000000000000000e+00,4.300000000000000000e+01
6.972578880544726587e+01,1.000000000000000000e+00,4.100000000000000000e+01
6.972578880544726587e+01,1.000000000000000000e+00,4.000000000000000000e+01
6.972578880544726587e+01,1.000000000000000000e+00,4.200000000000000000e+01
6.972578880544726587e+01,1.000000000000000000e+00,4.700000000000000000e+01
6.972578880544726587e+01,1.000000000000000000e+00,4.000000000000000000e+01
6.972578880544726587e+01,1.000000000000000000e+00,4.400000000000000000e+01
6.972578880544726587e+01,1.000000000000000000e+00,3.800000000000000000e+01
6.972578880544726587e+01,1.000000000000000000e+00,4.200000000000000000e+01
6.972578880544726587e+01,1.000000000000000000e+00,4.400000000000000000e+01
6.972578880544726587e+01,1.000000000000000000e+00,3.800000000000000000e+01
6.972578880544726587e+01,1.000000000000000000e+00,3.800000000000000000e+01
6.972578880544726587e+01,1.000000000000000000e+00,4.000000000000000000e+01
6.972578880544726587e+01,1.000000000000000000e+00,3.900000000000000000e+01
6.972578880544726587e+01,1.000000000000000000e+00,4.100000000000000000e+01
6.972578880544726587e+01,1.000000000000000000e+00,3.900000000000000000e+01
6.972578880544726587e+01,1.000000000000000000e+00,3.900000000000000000e+01
6.972578880544726587e+01,1.000000000000000000e+00,4.200000000000000000e+01
6.972578880544726587e+01,1.000000000000000000e+00,3.600000000000000000e+01
6.972578880544726587e+01,1.000000000000000000e+00,3.900000000000000000e+01
6.972578880544726587e+01,1.000000000000000000e+00,3.600000000000000000e+01
6.972578880544726587e+01,1.000000000000000000e+00,3.900000000000000000e+01
6.972578880544726587e+01,1.000000000000000000e+00,3.700000000000000000e+01
6.972578880544726587e+01,1.000000000000000000e+00,3.700000000000000000e+01
6.972578880544726587e+01,1.000000000000000000e+00,3.900000000000000000e+01
6.972578880544726587e+01,1.000000000000000000e+00,4.000000000000000000e+01
6.972578880544726587e+01,1.000000000000000000e+00,3.700000000000000000e+01
6.972578880544726587e+01,1.000000000000000000e+00,3.800000000000000000e+01
6.972578880544726587e+01,1.000000000000000000e+00,4.000000000000000000e+01
6.972578880544726587e+01,1.000000000000000000e+00,3.800000000000000000e+01
6.972578880544726587e+01,1.000000000000000000e+00,3.500000000000000000e+01
6.972578880544726587e+01,1.000000000000000000e+00,3.800000000000000000e+01
6.972578880544726587e+01,1.000000000000000000e+00,3.800000000000000000e+01
6.972578880544726587e+01,1.000000000000000000e+00,3.800000000000000000e+01
6.972578880544726587e+01,1.000000000000000000e+00,3.900000000000000000e+01
6.972578880544726587e+01,1.000000000000000000e+00,3.500000000000000000e+01
6.972578880544726587e+01,1.000000000000000000e+00,3.900000000000000000e+01
6.972578880544726587e+01,1.000000000000000000e+00,4.000000000000000000e+01
6.972578880544726587e+01,1.000000000000000000e+00,3.800000000000000000e+01
6.972578880544726587e+01,1.000000000000000000e+00,3.600000000000000000e+01
6.972578880544726587e+01,1.000000000000000000e+00,4.100000000000000000e+01
6.972578880544726587e+01,1.000000000000000000e+00,3.800000000000000000e+01
6.972578880544726587e+01,1.000000000000000000e+00,3.800000000000000000e+01
6.972578880544726587e+01,1.000000000000000000e+00,3.900000000000000000e+01
6.972578880544726587e+01,1.000000000000000000e+00,3.800000000000000000e+01
6.972578880544726587e+01,1.000000000000000000e+00,4.200000000000000000e+01
6.972578880544726587e+01,1.000000000000000000e+00,3.500000000000000000e+01
6.972578880544726587e+01,1.000000000000000000e+00,3.900000000000000000e+01
6.972578880544726587e+01,1.000000000000000000e+00,3.800000000000000000e+01
6.972578880544726587e+01,1.000000000000000000e+00,3.600000000000000000e+01
6.972578880544726587e+01,1.000000000000000000e+00,3.400000000000000000e+01
6.972578880544726587e+01,1.000000000000000000e+00,3.800000000000000000e+01
6.972578880544726587e+01,1.000000000000000000e+00,4.100000000000000000e+01
6.972578880544726587e+01,1.000000000000000000e+00,3.500000000000000000e+01
6.972578880544726587e+01,1.000000000000000000e+00,3.700000000000000000e+01
6.972578880544726587e+01,1.000000000000000000e+00,4.000000000000000000e+01
6.972578880544726587e+01,1.000000000000000000e+00,3.400000000000000000e+01
6.972578880544726587e+01,1.000000000000000000e+00,3.600000000000000000e+01
6.972578880544726587e+01,1.000000000000000000e+00,3.600000000000000000e+01
6.972578880544726587e+01,1.000000000000000000e+00,3.600000000000000000e+01
6.972578880544726587e+01,1.000000000000000000e+00,4.100000000000000000e+01
6.972578880544726587e+01,1.000000000000000000e+00,3.900000000000000000e+01
6.972578880544726587e+01,1.000000000000000000e+00,3.800000000000000000e+01
6.972578880544726587e+01,1.000000000000000000e+00,3.800000000000000000e+01
6.972578880544726587e+01,1.000000000000000000e+00,3.900000000000000000e+01
6.972578880544726587e+01,1.000000000000000000e+00,3.800000000000000000e+01
6.972578880544726587e+01,1.000000000000000000e+00,3.400000000000000000e+01
6.972578880544726587e+01,1.000000000000000000e+00,3.500000000000000000e+01
6.972578880544726587e+01,1.000000000000000000e+00,3.400000000000000000e+01
6.972578880544726587e+01,1.000000000000000000e+00,3.800000000000000000e+01
6.972578880544726587e+01,1.000000000000000000e+00,3.700000000000000000e+01
6.972578880544726587e+01,1.000000000000000000e+00,4.000000000000000000e+01
6.972578880544726587e+01,1.000000000000000000e+00,3.400000000000000000e+01
6.972578880544726587e+01,1.000000000000000000e+00,3.500000000000000000e+01
6.972578880544726587e+01,1.000000000000000000e+00,3.100000000000000000e+01
6.972578880544726587e+01,1.000000000000000000e+00,3.600000000000000000e+01
6.972578880544726587e+01,1.000000000000000000e+00,3.900000000000000000e+01
6.972578880544726587e+01,1.000000000000000000e+00,3.500000000000000000e+01
6.972578880544726587e+01,1.000000000000000000e+00,3.800000000000000000e+01
6.972578880544726587e+01,1.000000000000000000e+00,3.900000000000000000e+01
6.972578880544726587e+01,1.000000000000000000e+00,3.500000000000000000e+01
6.972578880544726587e+01,1.000000000000000000e+00,3.200000000000000000e+01
6.972578880544726587e+01,1.000000000000000000e+00,3.500000000000000000e+01
6.972578880544726587e+01,1.000000000000000000e+00,3.500000000000000000e+01
6.972578880544726587e+01,1.000000000000000000e+00,3.600000000000000000e+01
6.972578880544726587e+01,1.000000000000000000e+00,3.800000000000000000e+01
6.972578880544726587e+01,1.000000000000000000e+00,3.300000000000000000e+01
6.972578880544726587e+01,1.000000000000000000e+00,3.600000000000000000e+01
6.972578880544726587e+01,1.000000000000000000e+00,3.200000000000000000e+01
6.972578880544726587e+01,1.000000000000000000e+00,3.400000000000000000e+01
6.972578880544726587e+01,1.000000000000000000e+00,3.400000000000000000e+01
6.972578880544726587e+01,1.000000000000000000e+00,3.400000000000000000e+01
6.972578880544726587e+01,1.000000000000000000e+00,3.300000000000000000e+01
6.972578880544726587e+01,1.000000000000000000e+00,3.500000000000000000e+01
6.972578880544726587e+01,1.000000000000000000e+00,3.600000000000000000e+01
6.972578880544726587e+01,1.000000000000000000e+00,3.700000000000000000e+01
6.972578880544726587e+01,1.000000000000000000e+00,3.400000000000000000e+01
6.972578880544726587e+01,1.000000000000000000e+00,3.900000000000000000e+01
6.972578880544726587e+01,1.000000000000000000e+00,3.500000000000000000e+01
6.972578880544726587e+01,1.000000000000000000e+00,3.000000000000000000e+01
6.972578880544726587e+01,1.000000000000000000e+00,3.200000000000000000e+01
6.972578880544726587e+01,1.000000000000000000e+00,3.500000000000000000e+01
6.972578880544726587e+01,1.000000000000000000e+00,3.500000000000000000e+01
6.972578880544726587e+01,1.000000000000000000e+00,3.400000000000000000e+01
6.972578880544726587e+01,1.000000000000000000e+00,3.400000000000000000e+01
6.972578880544726587e+01,1.000000000000000000e+00,3.400000000000000000e+01
6.972578880544726587e+01,1.000000000000000000e+00,3.400000000000000000e+01
6.972578880544726587e+01,1.000000000000000000e+00,3.300000000000000000e+01
6.972578880544726587e+01,1.000000000000000000e+00,3.200000000000000000e+01
6.972578880544726587e+01,1.000000000000000000e+00,3.400000000000000000e+01
6.972578880544726587e+01,1.000000000000000000e+00,3.200000000000000000e+01
6.972578880544726587e+01,1.000000000000000000e+00,3.200000000000000000e+01
6.972578880544726587e+01,1.000000000000000000e+00,3.200000000000000000e+01
6.972578880544726587e+01,1.000000000000000000e+00,3.600000000000000000e+01
6.972578880544726587e+01,1.000000000000000000e+00,3.200000000000000000e+01
6.972578880544726587e+01,1.000000000000000000e+00,3.400000000000000000e+01
6.972578880544726587e+01,1.000000000000000000e+00,3.500000000000000000e+01
6.972578880544726587e+01,1.000000000000000000e+00,3.100000000000000000e+01
6.972578880544726587e+01,1.000000000000000000e+00,3.100000000000000000e+01
6.972578880544726587e+01,1.000000000000000000e+00,3.100000000000000000e+01
6.972578880544726587e+01,1.000000000000000000e+00,3.300000000000000000e+01
6.972578880544726587e+01,1.000000000000000000e+00,3.200000000000000000e+01
6.972578880544726587e+01,1.000000000000000000e+00,3.100000000000000000e+01
6.972578880544726587e+01,1.000000000000000000e+00,3.300000000000000000e+01
6.972578880544726587e+01,1.000000000000000000e+00,3.100000000000000000e+01
6.972578880544726587e+01,1.000000000000000000e+00,3.400000000000000000e+01
6.972578880544726587e+01,1.000000000000000000e+00,3.100000000000000000e+01
6.972578880544726587e+01,1.000000000000000000e+00,3.400000000000000000e+01
6.972578880544726587e+01,1.000000000000000000e+00,3.300000000000000000e+01
6.972578880544726587e+01,1.000000000000000000e+00,3.300000000000000000e+01
6.972578880544726587e+01,1.000000000000000000e+00,3.200000000000000000e+01
6.972578880544726587e+01,1.000000000000000000e+00,3.000000000000000000e+01
6.972578880544726587e+01,1.000000000000000000e+00,3.300000000000000000e+01
6.972578880544726587e+01,1.000000000000000000e+00,3.000000000000000000e+01
6.972578880544726587e+01,1.000000000000000000e+00,3.400000000000000000e+01
6.972578880544726587e+01,1.000000000000000000e+00,3.000000000000000000e+01
6.972578880544726587e+01,1.000000000000000000e+00,3.100000000000000000e+01
6.972578880544726587e+01,1.000000000000000000e+00,2.800000000000000000e+01
6.972578880544726587e+01,1.000000000000000000e+00,3.500000000000000000e+01
6.972578880544726587e+01,1.000000000000000000e+00,2.800000000000000000e+01
6.972578880544726587e+01,1.000000000000000000e+00,2.900000000000000000e+01
6.972578880544726587e+01,1.000000000000000000e+00,3.200000000000000000e+01
6.972578880544726587e+01,1.000000000000000000e+00,3.100000000000000000e+01
6.972578880544726587e+01,1.000000000000000000e+00,3.000000000000000000e+01
6.972578880544726587e+01,1.000000000000000000e+00,2.700000000000000000e+01
6.972578880544726587e+01,1.000000000000000000e+00,3.300000000000000000e+01
6.972578880544726587e+01,1.000000000000000000e+00,3.000000000000000000e+01
6.972578880544726587e+01,1.000000000000000000e+00,2.800000000000000000e+01
6.972578880544726587e+01,1.000000000000000000e+00,3.100000000000000000e+01
6.972578880544726587e+01,1.000000000000000000e+00,3.000000000000000000e+01
6.972578880544726587e+01,1.000000000000000000e+00,3.000000000000000000e+01
6.972578880544726587e+01,1.000000000000000000e+00,3.200000000000000000e+01
6.972578880544726587e+01,1.000000000000000000e+00,2.600000000000000000e+01
6.972578880544726587e+01,1.000000000000000000e+00,2.500000000000000000e+01
6.972578880544726587e+01,1.000000000000000000e+00,2.900000000000000000e+01
6.972578880544726587e+01,1.000000000000000000e+00,2.900000000000000000e+01
6.972578880544726587e+01,1.000000000000000000e+00,2.800000000000000000e+01
6.972578880544726587e+01,1.000000000000000000e+00,3.200000000000000000e+01
6.972578880544726587e+01,1.000000000000000000e+00,3.200000000000000000e+01
6.972578880544726587e+01,1.000000000000000000e+00,3.100000000000000000e+01
6.972578880544726587e+01,1.000000000000000000e+00,3.000000000000000000e+01
6.972578880544726587e+01,1.000000000000000000e+00,2.800000000000000000e+01
6.972578880544726587e+01,1.000000000000000000e+00,3.000000000000000000e+01
6.972578880544726587e+01,1.000000000000000000e+00,3.200000000000000000e+01
6.972578880544726587e+01,1.000000000000000000e+00,2.900000000000000000e+01
6.972578880544726587e+01,1.000000000000000000e+00,2.900000000000000000e+01
6.972578880544726587e+01,1.000000000000000000e+00,2.200000000000000000e+01
6.972578880544726587e+01,1.000000000000000000e+00,2.900000000000000000e+01
6.972578880544726587e+01,1.000000000000000000e+00,2.700000000000000000e+01
6.972578880544726587e+01,1.000000000000000000e+00,2.900000000000000000e+01
6.972578880544726587e+01,1.000000000000000000e+00,3.000000000000000000e+01
6.972578880544726587e+01,1.000000000000000000e+00,2.800000000000000000e+01
6.972578880544726587e+01,1.000000000000000000e+00,2.600000000000000000e+01
6.972578880544726587e+01,1.000000000000000000e+00,2.500000000000000000e+01
6.972578880544726587e+01,1.000000000000000000e+00,2.600000000000000000e+01
6.972578880544726587e+01,1.000000000000000000e+00,2.900000000000000000e+01
6.972578880544726587e+01,1.000000000000000000e+00,2.700000000000000000e+01
6.972578880544726587e+01,1.000000000000000000e+00,2.900000000000000000e+01
6.972578880544726587e+01,1.000000000000000000e+00,3.000000000000000000e+01
6.972578880544726587e+01,1.000000000000000000e+00,2.600000000000000000e+01
6.972578880544726587e+01,1.000000000000000000e+00,3.000000000000000000e+01
6.972578880544726587e+01,1.000000000000000000e+00,2.700000000000000000e+01
6.972578880544726587e+01,1.000000000000000000e+00,2.800000000000000000e+01
6.972578880544726587e+01,1.000000000000000000e+00,2.900000000000000000e+01
6.972578880544726587e+01,1.000000000000000000e+00,2.900000000000000000e+01
6.972578880544726587e+01,1.000000000000000000e+00,2.400000000000000000e+01
6.972578880544726587e+01,1.000000000000000000e+00,2.900000000000000000e+01
6.972578880544726587e+01,1.000000000000000000e+00,3.000000000000000000e+01
6.972578880544726587e+01,1.000000000000000000e+00,2.600000000000000000e+01
6.972578880544726587e+01,1.000000000000000000e+00,2.700000000000000000e+01
6.972578880544726587e+01,1.000000000000000000e+00,2.800000000000000000e+01
6.972578880544726587e+01,1.000000000000000000e+00,2.600000000000000000e+01
6.972578880544726587e+01,1.000000000000000000e+00,2.900000000000000000e+01
6.972578880544726587e+01,1.000000000000000000e+00,2.700000000000000000e+01
6.972578880544726587e+01,1.000000000000000000e+00,2.600000000000000000e+01
6.972578880544726587e+01,1.000000000000000000e+00,3.100000000000000000e+01
6.972578880544726587e+01,1.000000000000000000e+00,2.900000000000000000e+01
6.972578880544726587e+01,1.000000000000000000e+00,2.700000000000000000e+01
6.972578880544726587e+01,1.000000000000000000e+00,2.700000000000000000e+01
6.972578880544726587e+01,1.000000000000000000e+00,2.900000000000000000e+01
6.972578880544726587e+01,1.000000000000000000e+00,2.700000000000000000e+01
6.972578880544726587e+01,1.000000000000000000e+00,2.500000000000000000e+01
6.972578880544726587e+01,1.000000000000000000e+00,2.500000000000000000e+01
6.972578880544726587e+01,1.000000000000000000e+00,2.700000000000000000e+01
6.972578880544726587e+01,1.000000000000000000e+00,2.700000000000000000e+01
6.972578880544726587e+01,1.000000000000000000e+00,2.700000000000000000e+01
6.972578880544726587e+01,1.000000000000000000e+00,2.400000000000000000e+01
6.972578880544726587e+01,1.000000000000000000e+00,2.600000000000000000e+01
6.972578880544726587e+01,1.000000000000000000e+00,2.600000000000000000e+01
6.972578880544726587e+01,1.000000000000000000e+00,2.300000000000000000e+01
6.972578880544726587e+01,1.000000000000000000e+00,2.800000000000000000e+01
6.972578880544726587e+01,1.000000000000000000e+00,2.400000000000000000e+01
6.972578880544726587e+01,1.000000000000000000e+00,2.200000000000000000e+01
6.972578880544726587e+01,1.000000000000000000e+00,2.800000000000000000e+01
6.972578880544726587e+01,1.000000000000000000e+00,2.600000000000000000e+01
6.972578880544726587e+01,1.000000000000000000e+00,2.300000000000000000e+01
6.972578880544726587e+01,1.000000000000000000e+00,2.400000000000000000e+01
6.972578880544726587e+01,1.000000000000000000e+00,2.200000000000000000e+01
6.972578880544726587e+01,1.000000000000000000e+00,2.600000000000000000e+01
6.972578880544726587e+01,1.000000000000000000e+00,2.500000000000000000e+01
6.972578880544726587e+01,1.000000000000000000e+00,2.700000000000000000e+01
6.972578880544726587e+01,1.000000000000000000e+00,2.300000000000000000e+01
6.972578880544726587e+01,1.000000000000000000e+00,2.200000000000000000e+01
6.972578880544726587e+01,1.000000000000000000e+00,2.600000000000000000e+01
6.972578880544726587e+01,1.000000000000000000e+00,2.500000000000000000e+01
6.972578880544726587e+01,1.000000000000000000e+00,2.300000000000000000e+01
6.972578880544726587e+01,1.000000000000000000e+00,1.900000000000000000e+01
6.972578880544726587e+01,1.000000000000000000e+00,2.400000000000000000e+01
6.972578880544726587e+01,1.000000000000000000e+00,2.500000000000000000e+01
6.972578880544726587e+01,1.000000000000000000e+00,2.400000000000000000e+01
6.972578880544726587e+01,1.000000000000000000e+00,2.500000000000000000e+01
6.972578880544726587e+01,1.000000000000000000e+00,2.100000000000000000e+01
6.972578880544726587e+01,1.000000000000000000e+00,2.100000000000000000e+01
6.972578880544726587e+01,1.000000000000000000e+00,2.200000000000000000e+01
6.972578880544726587e+01,1.000000000000000000e+00,2.700000000000000000e+01
6.972578880544726587e+01,1.000000000000000000e+00,2.400000000000000000e+01
6.972578880544726587e+01,1.000000000000000000e+00,2.100000000000000000e+01
6.972578880544726587e+01,1.000000000000000000e+00,2.300000000000000000e+01
6.972578880544726587e+01,1.000000000000000000e+00,2.600000000000000000e+01
6.972578880544726587e+01,1.000000000000000000e+00,2.100000000000000000e+01
6.972578880544726587e+01,1.000000000000000000e+00,2.400000000000000000e+01
6.972578880544726587e+01,1.000000000000000000e+00,2.100000000000000000e+01
6.972578880544726587e+01,1.000000000000000000e+00,2.300000000000000000e+01
6.972578880544726587e+01,1.000000000000000000e+00,2.400000000000000000e+01
6.972578880544726587e+01,1.000000000000000000e+00,2.300000000000000000e+01
6.972578880544726587e+01,1.000000000000000000e+00,2.000000000000000000e+01
6.972578880544726587e+01,1.000000000000000000e+00,2.000000000000000000e+01
6.972578880544726587e+01,1.000000000000000000e+00,2.200000000000000000e+01
6.972578880544726587e+01,1.000000000000000000e+00,2.000000000000000000e+01
6.972578880544726587e+01,1.000000000000000000e+00,2.200000000000000000e+01
6.972578880544726587e+01,1.000000000000000000e+00,2.500000000000000000e+01
6.972578880544726587e+01,1.000000000000000000e+00,1.900000000000000000e+01
6.972578880544726587e+01,1.000000000000000000e+00,2.100000000000000000e+01
6.972578880544726587e+01,1.000000000000000000e+00,2.000000000000000000e+01
6.972578880544726587e+01,1.000000000000000000e+00,2.300000000000000000e+01
6.972578880544726587e+01,1.000000000000000000e+00,1.900000000000000000e+01
6.972578880544726587e+01,1.000000000000000000e+00,2.300000000000000000e+01
6.972578880544726587e+01,1.000000000000000000e+00,2.300000000000000000e+01
6.972578880544726587e+01,1.000000000000000000e+00,2.400000000000000000e+01
6.972578880544726587e+01,1.000000000000000000e+00,2.200000000000000000e+01
6.972578880544726587e+01,1.000000000000000000e+00,2.300000000000000000e+01
6.972578880544726587e+01,1.000000000000000000e+00,2.400000000000000000e+01
6.972578880544726587e+01,1.000000000000000000e+00,2.100000000000000000e+01
6.972578880544726587e+01,1.000000000000000000e+00,2.300000000000000000e+01
6.972578880544726587e+01,1.000000000000000000e+00,1.900000000000000000e+01
6.972578880544726587e+01,1.000000000000000000e+00,1.800000000000000000e+01
6.972578880544726587e+01,1.000000000000000000e+00,2.100000000000000000e+01
6.972578880544726587e+01,1.000000000000000000e+00,2.300000000000000000e+01
6.972578880544726587e+01,1.000000000000000000e+00,2.200000000000000000e+01
6.972578880544726587e+01,1.000000000000000000e+00,1.800000000000000000e+01
6.972578880544726587e+01,1.000000000000000000e+00,1.800000000000000000e+01
6.972578880544726587e+01,1.000000000000000000e+00,2.000000000000000000e+01
6.972578880544726587e+01,1.000000000000000000e+00,2.200000000000000000e+01
6.972578880544726587e+01,1.000000000000000000e+00,2.300000000000000000e+01
6.972578880544726587e+01,1.000000000000000000e+00,2.300000000000000000e+01
6.972578880544726587e+01,1.000000000000000000e+00,2.000000000000000000e+01
6.972578880544726587e+01,1.000000000000000000e+00,1.700000000000000000e+01
6.972578880544726587e+01,1.000000000000000000e+00,1.900000000000000000e+01
6.972578880544726587e+01,1.000000000000000000e+00,1.800000000000000000e+01
6.972578880544726587e+01,1.000000000000000000e+00,2.100000000000000000e+01
6.972578880544726587e+01,1.000000000000000000e+00,1.900000000000000000e+01
6.972578880544726587e+01,1.000000000000000000e+00,2.100000000000000000e+01
6.972578880544726587e+01,1.000000000000000000e+00,2.100000000000000000e+01
6.972578880544726587e+01,1.000000000000000000e+00,2.100000000000000000e+01
6.972578880544726587e+01,1.000000000000000000e+00,2.000000000000000000e+01
6.972578880544726587e+01,1.000000000000000000e+00,1.800000000000000000e+01
6.972578880544726587e+01,1.000000000000000000e+00,2.200000000000000000e+01
6.972578880544726587e+01,1.000000000000000000e+00,2.000000000000000000e+01
6.972578880544726587e+01,1.000000000000000000e+00,2.100000000000000000e+01
6.972578880544726587e+01,1.000000000000000000e+00,1.800000000000000000e+01
6.972578880544726587e+01,1.000000000000000000e+00,1.800000000000000000e+01
6.972578880544726587e+01,1.000000000000000000e+00,2.300000000000000000e+01
6.972578880544726587e+01,1.000000000000000000e+00,1.500000000000000000e+01
6.972578880544726587e+01,1.000000000000000000e+00,1.900000000000000000e+01
6.972578880544726587e+01,1.000000000000000000e+00,1.800000000000000000e+01
6.972578880544726587e+01,1.000000000000000000e+00,1.800000000000000000e+01
6.972578880544726587e+01,1.000000000000000000e+00,1.500000000000000000e+01
6.972578880544726587e+01,1.000000000000000000e+00,1.900000000000000000e+01
6.972578880544726587e+01,1.000000000000000000e+00,2.300000000000000000e+01
6.972578880544726587e+01,1.000000000000000000e+00,2.000000000000000000e+01
6.972578880544726587e+01,1.000000000000000000e+00,1.500000000000000000e+01
6.972578880544726587e+01,1.000000000000000000e+00,2.100000000000000000e+01
6.972578880544726587e+01,1.000000000000000000e+00,1.800000000000000000e+01
6.972578880544726587e+01,1.000000000000000000e+00,1.800000000000000000e+01
6.972578880544726587e+01,1.000000000000000000e+00,2.000000000000000000e+01
6.972578880544726587e+01,1.000000000000000000e+00,1.900000000000000000e+01
6.972578880544726587e+01,1.000000000000000000e+00,1.500000000000000000e+01
6.972578880544726587e+01,1.000000000000000000e+00,2.000000000000000000e+01
6.972578880544726587e+01,1.000000000000000000e+00,1.500000000000000000e+01
6.972578880544726587e+01,1.000000000000000000e+00,1.600000000000000000e+01
6.972578880544726587e+01,1.000000000000000000e+00,1.400000000000000000e+01
6.972578880544726587e+01,1.000000000000000000e+00,1.800000000000000000e+01
6.972578880544726587e+01,1.000000000000000000e+00,1.700000000000000000e+01
6.972578880544726587e+01,1.000000000000000000e+00,1.900000000000000000e+01
6.972578880544726587e+01,1.000000000000000000e+00,1.900000000000000000e+01
6.972578880544726587e+01,1.000000000000000000e+00,1.800000000000000000e+01
6.972578880544726587e+01,1.000000000000000000e+00,1.600000000000000000e+01
6.972578880544726587e+01,1.000000000000000000e+00,1.800000000000000000e+01
6.972578880544726587e+01,1.000000000000000000e+00,1.800000000000000000e+01
6.972578880544726587e+01,1.000000000000000000e+00,1.700000000000000000e+01
6.972578880544726587e+01,1.000000000000000000e+00,1.800000000000000000e+01
6.972578880544726587e+01,1.000000000000000000e+00,2.000000000000000000e+01
6.972578880544726587e+01,1.000000000000000000e+00,1.800000000000000000e+01
6.972578880544726587e+01,1.000000000000000000e+00,1.400000000000000000e+01
6.972578880544726587e+01,1.000000000000000000e+00,1.500000000000000000e+01
6.972578880544726587e+01,1.000000000000000000e+00,1.500000000000000000e+01
6.972578880544726587e+01,1.000000000000000000e+00,1.400000000000000000e+01
6.972578880544726587e+01,1.000000000000000000e+00,1.800000000000000000e+01
6.972578880544726587e+01,1.000000000000000000e+00,1.400000000000000000e+01
6.972578880544726587e+01,1.000000000000000000e+00,1.700000000000000000e+01
6.972578880544726587e+01,1.000000000000000000e+00,1.700000000000000000e+01
6.972578880544726587e+01,1.000000000000000000e+00,1.600000000000000000e+01
6.972578880544726587e+01,1.000000000000000000e+00,1.500000000000000000e+01
6.972578880544726587e+01,1.000000000000000000e+00,1.400000000000000000e+01
6.972578880544726587e+01,1.000000000000000000e+00,2.000000000000000000e+01
6.972578880544726587e+01,1.000000000000000000e+00,1.500000000000000000e+01
6.972578880544726587e+01,1.000000000000000000e+00,1.500000000000000000e+01
6.972578880544726587e+01,1.000000000000000000e+00,1.900000000000000000e+01
6.972578880544726587e+01,1.000000000000000000e+00,1.300000000000000000e+01
6.972578880544726587e+01,1.000000000000000000e+00,1.900000000000000000e+01
6.972578880544726587e+01,1.000000000000000000e+00,1.600000000000000000e+01
6.972578880544726587e+01,1.000000000000000000e+00,1.600000000000000000e+01
6.972578880544726587e+01,1.000000000000000000e+00,1.300000000000000000e+01
6.972578880544726587e+01,1.000000000000000000e+00,1.600000000000000000e+01
6.972578880544726587e+01,1.000000000000000000e+00,1.700000000000000000e+01
6.972578880544726587e+01,1.000000000000000000e+00,1.300000000000000000e+01
6.972578880544726587e+01,1.000000000000000000e+00,1.300000000000000000e+01
6.972578880544726587e+01,1.000000000000000000e+00,1.700000000000000000e+01
6.972578880544726587e+01,1.000000000000000000e+00,1.700000000000000000e+01
6.972578880544726587e+01,1.000000000000000000e+00,1.500000000000000000e+01
6.972578880544726587e+01,1.000000000000000000e+00,1.500000000000000000e+01
6.972578880544726587e+01,1.000000000000000000e+00,1.700000000000000000e+01
6.972578880544726587e+01,1.000000000000000000e+00,1.100000000000000000e+01
6.972578880544726587e+01,1.000000000000000000e+00,1.300000000000000000e+01
6.972578880544726587e+01,1.000000000000000000e+00,1.300000000000000000e+01
6.972578880544726587e+01,1.000000000000000000e+00,1.300000000000000000e+01
6.972578880544726587e+01,1.000000000000000000e+00,1.600000000000000000e+01
6.972578880544726587e+01,1.000000000000000000e+00,1.400000000000000000e+01
6.972578880544726587e+01,1.000000000000000000e+00,1.000000000000000000e+01
6.972578880544726587e+01,1.000000000000000000e+00,1.700000000000000000e+01
6.972578880544726587e+01,1.000000000000000000e+00,1.400000000000000000e+01
6.972578880544726587e+01,1.000000000000000000e+00,1.400000000000000000e+01
6.972578880544726587e+01,1.000000000000000000e+00,1.300000000000000000e+01
6.972578880544726587e+01,1.000000000000000000e+00,1.200000000000000000e+01
6.972578880544726587e+01,1.000000000000000000e+00,1.100000000000000000e+01
6.972578880544726587e+01,1.000000000000000000e+00,1.000000000000000000e+01
6.972578880544726587e+01,1.000000000000000000e+00,1.600000000000000000e+01
6.972578880544726587e+01,1.000000000000000000e+00,1.000000000000000000e+01
6.972578880544726587e+01,1.000000000000000000e+00,1.300000000000000000e+01
6.972578880544726587e+01,1.000000000000000000e+00,1.100000000000000000e+01
6.972578880544726587e+01,1.000000000000000000e+00,1.300000000000000000e+01
6.972578880544726587e+01,1.000000000000000000e+00,1.200000000000000000e+01
6.972578880544726587e+01,1.000000000000000000e+00,1.100000000000000000e+01
6.972578880544726587e+01,1.000000000000000000e+00,1.400000000000000000e+01
6.972578880544726587e+01,1.000000000000000000e+00,1.000000000000000000e+01
6.972578880544726587e+01,1.000000000000000000e+00,1.200000000000000000e+01
6.972578880544726587e+01,1.000000000000000000e+00,1.100000000000000000e+01
6.972578880544726587e+01,1.000000000000000000e+00,8.000000000000000000e+00
6.972578880544726587e+01,1.000000000000000000e+00,1.000000000000000000e+01
6.972578880544726587e+01,1.000000000000000000e+00,1.300000000000000000e+01
6.972578880544726587e+01,1.000000000000000000e+00,1.400000000000000000e+01
6.972578880544726587e+01,1.000000000000000000e+00,1.200000000000000000e+01
6.972578880544726587e+01,1.000000000000000000e+00,1.000000000000000000e+01
6.972578880544726587e+01,1.000000000000000000e+00,1.000000000000000000e+01
6.972578880544726587e+01,1.000000000000000000e+00,1.200000000000000000e+01
6.972578880544726587e+01,1.000000000000000000e+00,1.100000000000000000e+01
6.972578880544726587e+01,1.000000000000000000e+00,1.100000000000000000e+01
6.972578880544726587e+01,1.000000000000000000e+00,1.000000000000000000e+01
6.972578880544726587e+01,1.000000000000000000e+00,1.100000000000000000e+01
6.972578880544726587e+01,1.000000000000000000e+00,8.000000000000000000e+00
6.972578880544726587e+01,1.000000000000000000e+00,1.200000000000000000e+01
6.972578880544726587e+01,1.000000000000000000e+00,1.300000000000000000e+01
6.972578880544726587e+01,1.000000000000000000e+00,9.000000000000000000e+00
6.972578880544726587e+01,1.000000000000000000e+00,9.000000000000000000e+00
6.972578880544726587e+01,1.000000000000000000e+00,1.300000000000000000e+01
6.972578880544726587e+01,1.000000000000000000e+00,7.000000000000000000e+00
6.972578880544726587e+01,1.000000000000000000e+00,1.000000000000000000e+01
6.972578880544726587e+01,1.000000000000000000e+00,1.000000000000000000e+01
6.972578880544726587e+01,1.000000000000000000e+00,9.000000000000000000e+00
6.972578880544726587e+01,1.000000000000000000e+00,8.000000000000000000e+00
6.972578880544726587e+01,1.000000000000000000e+00,1.400000000000000000e+01
6.972578880544726587e+01,1.000000000000000000e+00,9.000000000000000000e+00
6.972578880544726587e+01,1.000000000000000000e+00,1.300000000000000000e+01
6.972578880544726587e+01,1.000000000000000000e+00,9.000000000000000000e+00
6.972578880544726587e+01,1.000000000000000000e+00,1.100000000000000000e+01
6.972578880544726587e+01,1.000000000000000000e+00,1.200000000000000000e+01
6.972578880544726587e+01,1.000000000000000000e+00,7.000000000000000000e+00
6.972578880544726587e+01,1.000000000000000000e+00,8.000000000000000000e+00
6.972578880544726587e+01,1.000000000000000000e+00,8.000000000000000000e+00
6.972578880544726587e+01,1.000000000000000000e+00,7.000000000000000000e+00
6.972578880544726587e+01,1.000000000000000000e+00,1.300000000000000000e+01
6.972578880544726587e+01,1.000000000000000000e+00,9.000000000000000000e+00
6.972578880544726587e+01,1.000000000000000000e+00,9.000000000000000000e+00
6.972578880544726587e+01,1.000000000000000000e+00,9.000000000000000000e+00
6.972578880544726587e+01,1.000000000000000000e+00,9.000000000000000000e+00
6.972578880544726587e+01,1.000000000000000000e+00,9.000000000000000000e+00
6.972578880544726587e+01,1.000000000000000000e+00,1.000000000000000000e+01
6.972578880544726587e+01,1.000000000000000000e+00,6.000000000000000000e+00
6.972578880544726587e+01,1.000000000000000000e+00,8.000000000000000000e+00
6.972578880544726587e+01,1.000000000000000000e+00,9.000000000000000000e+00
6.972578880544726587e+01,1.000000000000000000e+00,8.000000000000000000e+00
6.972578880544726587e+01,1.000000000000000000e+00,9.000000000000000000e+00
6.972578880544726587e+01,1.000000000000000000e+00,9.000000000000000000e+00
6.972578880544726587e+01,1.000000000000000000e+00,8.000000000000000000e+00
6.972578880544726587e+01,1.000000000000000000e+00,1.300000000000000000e+01
6.972578880544726587e+01,1.000000000000000000e+00,8.000000000000000000e+00
6.972578880544726587e+01,1.000000000000000000e+00,7.000000000000000000e+00
6.972578880544726587e+01,1.000000000000000000e+00,6.000000000000000000e+00
6.972578880544726587e+01,1.000000000000000000e+00,1.100000000000000000e+01
6.972578880544726587e+01,1.000000000000000000e+00,1.100000000000000000e+01
6.972578880544726587e+01,1.000000000000000000e+00,1.000000000000000000e+01
6.972578880544726587e+01,1.000000000000000000e+00,9.000000000000000000e+00
6.972578880544726587e+01,1.000000000000000000e+00,9.000000000000000000e+00
6.972578880544726587e+01,1.000000000000000000e+00,8.000000000000000000e+00
6.972578880544726587e+01,1.000000000000000000e+00,5.000000000000000000e+00
6.972578880544726587e+01,1.000000000000000000e+00,7.000000000000000000e+00
6.972578880544726587e+01,1.000000000000000000e+00,9.000000000000000000e+00
6.972578880544726587e+01,1.000000000000000000e+00,9.000000000000000000e+00
6.972578880544726587e+01,1.000000000000000000e+00,1.200000000000000000e+01
6.972578880544726587e+01,1.000000000000000000e+00,1.000000000000000000e+01
6.972578880544726587e+01,1.000000000000000000e+00,7.000000000000000000e+00
6.972578880544726587e+01,1.000000000000000000e+00,5.000000000000000000e+00
6.972578880544726587e+01,1.000000000000000000e+00,3.000000000000000000e+00
6.972578880544726587e+01,1.000000000000000000e+00,4.000000000000000000e+00
6.972578880544726587e+01,1.000000000000000000e+00,3.000000000000000000e+00
6.972578880544726587e+01,1.000000000000000000e+00,6.000000000000000000e+00
6.972578880544726587e+01,1.000000000000000000e+00,6.000000000000000000e+00
6.972578880544726587e+01,1.000000000000000000e+00,6.000000000000000000e+00
6.972578880544726587e+01,1.000000000000000000e+00,9.000000000000000000e+00
6.972578880544726587e+01,1.000000000000000000e+00,1.000000000000000000e+01
6.972578880544726587e+01,1.000000000000000000e+00,4.000000000000000000e+00
6.972578880544726587e+01,1.000000000000000000e+00,4.000000000000000000e+00
6.972578880544726587e+01,1.000000000000000000e+00,6.000000000000000000e+00
6.972578880544726587e+01,1.000000000000000000e+00,8.000000000000000000e+00
6.972578880544726587e+01,1.000000000000000000e+00,6.000000000000000000e+00
6.972578880544726587e+01,1.000000000000000000e+00,1.000000000000000000e+00
6.972578880544726587e+01,1.000000000000000000e+00,5.000000000000000000e+00
6.972578880544726587e+01,1.000000000000000000e+00,8.000000000000000000e+00
6.972578880544726587e+01,1.000000000000000000e+00,7.000000000000000000e+00
6.972578880544726587e+01,1.000000000000000000e+00,3.000000000000000000e+00
6.972578880544726587e+01,1.000000000000000000e+00,6.000000000000000000e+00
6.972578880544726587e+01,1.000000000000000000e+00,7.000000000000000000e+00
6.972578880544726587e+01,1.000000000000000000e+00,3.000000000000000000e+00
6.972578880544726587e+01,1.000000000000000000e+00,6.000000000000000000e+00
6.972578880544726587e+01,1.000000000000000000e+00,7.000000000000000000e+00
6.972578880544726587e+01,1.000000000000000000e+00,4.000000000000000000e+00
6.972578880544726587e+01,1.000000000000000000e+00,6.000000000000000000e+00
6.972578880544726587e+01,1.000000000000000000e+00,3.000000000000000000e+00
6.972578880544726587e+01,1.000000000000000000e+00,6.000000000000000000e+00
6.972578880544726587e+01,1.000000000000000000e+00,6.000000000000000000e+00
6.972578880544726587e+01,1.000000000000000000e+00,5.000000000000000000e+00
6.972578880544726587e+01,1.000000000000000000e+00,6.000000000000000000e+00
6.972578880544726587e+01,1.000000000000000000e+00,7.000000000000000000e+00
6.972578880544726587e+01,1.000000000000000000e+00,2.000000000000000000e+00
6.972578880544726587e+01,1.000000000000000000e+00,3.000000000000000000e+00
6.972578880544726587e+01,1.000000000000000000e+00,4.000000000000000000e+00
6.972578880544726587e+01,1.000000000000000000e+00,7.000000000000000000e+00
6.972578880544726587e+01,1.000000000000000000e+00,5.000000000000000000e+00
6.972578880544726587e+01,1.000000000000000000e+00,1.000000000000000000e+00
6.972578880544726587e+01,1.000000000000000000e+00,4.000000000000000000e+00
6.972578880544726587e+01,1.000000000000000000e+00,4.000000000000000000e+00
6.972578880544726587e+01,1.000000000000000000e+00,6.000000000000000000e+00
6.972578880544726587e+01,1.000000000000000000e+00,4.000000000000000000e+00
6.972578880544726587e+01,1.000000000000000000e+00,6.000000000000000000e+00
6.972578880544726587e+01,1.000000000000000000e+00,5.000000000000000000e+00
6.972578880544726587e+01,1.000000000000000000e+00,4.000000000000000000e+00
6.972578880544726587e+01,1.000000000000000000e+00,4.000000000000000000e+00
6.972578880544726587e+01,1.000000000000000000e+00,0.000000000000000000e+00
6.972578880544726587e+01,1.000000000000000000e+00,2.000000000000000000e+00
6.972578880544726587e+01,1.000000000000000000e+00,5.000000000000000000e+00
6.972578880544726587e+01,1.000000000000000000e+00,1.000000000000000000e+00
6.972578880544726587e+01,1.000000000000000000e+00,7.000000000000000000e+00
6.972578880544726587e+01,1.000000000000000000e+00,4.000000000000000000e+00
6.972578880544726587e+01,1.000000000000000000e+00,2.000000000000000000e+00
6.972578880544726587e+01,1.000000000000000000e+00,3.000000000000000000e+00
6.972578880544726587e+01,1.000000000000000000e+00,3.000000000000000000e+00
6.972578880544726587e+01,1.000000000000000000e+00,6.000000000000000000e+00
6.972578880544726587e+01,1.000000000000000000e+00,6.000000000000000000e+00
6.972578880544726587e+01,1.000000000000000000e+00,5.000000000000000000e+00
6.972578880544726587e+01,1.000000000000000000e+00,5.000000000000000000e+00
6.972578880544726587e+01,1.000000000000000000e+00,0.000000000000000000e+00
6.972578880544726587e+01,1.000000000000000000e+00,5.000000000000000000e+00
6.972578880544726587e+01,1.000000000000000000e+00,7.000000000000000000e+00
6.972578880544726587e+01,1.000000000000000000e+00,0.000000000000000000e+00
6.972578880544726587e+01,1.000000000000000000e+00,4.000000000000000000e+00
6.972578880544726587e+01,1.000000000000000000e+00,5.000000000000000000e+00
6.972578880544726587e+01,1.000000000000000000e+00,2.000000000000000000e+00
6.972578880544726587e+01,1.000000000000000000e+00,0.000000000000000000e+00
6.972578880544726587e+01,1.000000000000000000e+00,2.000000000000000000e+00
6.972578880544726587e+01,1.000000000000000000e+00,-3.000000000000000000e+00
6.972578880544726587e+01,1.000000000000000000e+00,0.000000000000000000e+00
6.972578880544726587e+01,1.000000000000000000e+00,1.000000000000000000e+00
6.972578880544726587e+01,1.000000000000000000e+00,0.000000000000000000e+00
6.972578880544726587e+01,1.000000000000000000e+00,3.000000000000000000e+00
6.972578880544726587e+01,1.000000000000000000e+00,0.000000000000000000e+00
6.972578880544726587e+01,1.000000000000000000e+00,4.000000000000000000e+00
6.972578880544726587e+01,1.000000000000000000e+00,0.000000000000000000e+00
6.972578880544726587e+01,1.000000000000000000e+00,1.000000000000000000e+00
6.972578880544726587e+01,1.000000000000000000e+00,-1.000000000000000000e+00
6.972578880544726587e+01,1.000000000000000000e+00,3.000000000000000000e+00
6.972578880544726587e+01,1.000000000000000000e+00,1.000000000000000000e+00
6.972578880544726587e+01,1.000000000000000000e+00,-1.000000000000000000e+00
6.972578880544726587e+01,1.000000000000000000e+00,4.000000000000000000e+00
6.972578880544726587e+01,1.000000000000000000e+00,0.000000000000000000e+00
6.972578880544726587e+01,1.000000000000000000e+00,0.000000000000000000e+00
6.972578880544726587e+01,1.000000000000000000e+00,0.000000000000000000e+00
6.972578880544726587e+01,1.000000000000000000e+00,1.000000000000000000e+00
6.972578880544726587e+01,1.000000000000000000e+00,0.000000000000000000e+00
6.972578880544726587e+01,1.000000000000000000e+00,-2.000000000000000000e+00
6.972578880544726587e+01,1.000000000000000000e+00,2.000000000000000000e+00
6.972578880544726587e+01,1.000000000000000000e+00,0.000000000000000000e+00
6.972578880544726587e+01,1.000000000000000000e+00,3.000000000000000000e+00
6.972578880544726587e+01,1.000000000000000000e+00,2.000000000000000000e+00
6.972578880544726587e+01,1.000000000000000000e+00,0.000000000000000000e+00
6.972578880544726587e+01,1.000000000000000000e+00,3.000000000000000000e+00
6.972578880544726587e+01,1.000000000000000000e+00,-1.000000000000000000e+00
6.972578880544726587e+01,1.000000000000000000e+00,-2.000000000000000000e+00
6.972578880544726587e+01,1.000000000000000000e+00,0.000000000000000000e+00
6.972578880544726587e+01,1.000000000000000000e+00,0.000000000000000000e+00
6.972578880544726587e+01,1.000000000000000000e+00,3.000000000000000000e+00
6.972578880544726587e+01,1.000000000000000000e+00,2.000000000000000000e+00
6.972578880544726587e+01,1.000000000000000000e+00,0.000000000000000000e+00
6.972578880544726587e+01,1.000000000000000000e+00,-1.000000000000000000e+00
6.972578880544726587e+01,1.000000000000000000e+00,-1.000000000000000000e+00
6.972578880544726587e+01,1.000000000000000000e+00,1.000000000000000000e+00
6.972578880544726587e+01,1.000000000000000000e+00,1.000000000000000000e+00
6.972578880544726587e+01,1.000000000000000000e+00,0.000000000000000000e+00
6.972578880544726587e+01,1.000000000000000000e+00,0.000000000000000000e+00
6.972578880544726587e+01,1.000000000000000000e+00,-2.000000000000000000e+00
6.972578880544726587e+01,1.000000000000000000e+00,-3.000000000000000000e+00
6.972578880544726587e+01,1.000000000000000000e+00,1.000000000000000000e+00
6.972578880544726587e+01,1.000000000000000000e+00,0.000000000000000000e+00
6.972578880544726587e+01,1.000000000000000000e+00,0.000000000000000000e+00
6.972578880544726587e+01,1.000000000000000000e+00,-1.000000000000000000e+00
6.972578880544726587e+01,1.000000000000000000e+00,-1.000000000000000000e+00
6.972578880544726587e+01,1.000000000000000000e+00,0.000000000000000000e+00
6.972578880544726587e+01,1.000000000000000000e+00,-1.000000000000000000e+00
6.972578880544726587e+01,1.000000000000000000e+00,-3.000000000000000000e+00
6.972578880544726587e+01,1.000000000000000000e+00,0.000000000000000000e+00
6.972578880544726587e+01,1.000000000000000000e+00,-1.000000000000000000e+00
6.972578880544726587e+01,1.000000000000000000e+00,0.000000000000000000e+00
6.972578880544726587e+01,1.000000000000000000e+00,-1.000000000000000000e+00
6.972578880544726587e+01,1.000000000000000000e+00,2.000000000000000000e+00
6.972578880544726587e+01,1.000000000000000000e+00,0.000000000000000000e+00
6.972578880544726587e+01,1.000000000000000000e+00,-3.000000000000000000e+00
6.972578880544726587e+01,1.000000000000000000e+00,-2.000000000000000000e+00
6.972578880544726587e+01,1.000000000000000000e+00,-2.000000000000000000e+00
6.972578880544726587e+01,1.000000000000000000e+00,-2.000000000000000000e+00
6.972578880544726587e+01,1.000000000000000000e+00,-3.000000000000000000e+00
6.972578880544726587e+01,1.000000000000000000e+00,-2.000000000000000000e+00
6.972578880544726587e+01,1.000000000000000000e+00,-2.000000000000000000e+00
6.972578880544726587e+01,1.000000000000000000e+00,-2.000000000000000000e+00
6.972578880544726587e+01,1.000000000000000000e+00,-2.000000000000000000e+00
6.972578880544726587e+01,1.000000000000000000e+00,-4.000000000000000000e+00
6.972578880544726587e+01,1.000000000000000000e+00,0.000000000000000000e+00
6.972578880544726587e+01,1.000000000000000000e+00,1.000000000000000000e+00
6.972578880544726587e+01,1.000000000000000000e+00,-3.000000000000000000e+00
6.972578880544726587e+01,1.000000000000000000e+00,0.000000000000000000e+00
6.972578880544726587e+01,1.000000000000000000e+00,2.000000000000000000e+00
6.972578880544726587e+01,1.000000000000000000e+00,-3.000000000000000000e+00
6.972578880544726587e+01,1.000000000000000000e+00,0.000000000000000000e+00
6.972578880544726587e+01,1.000000000000000000e+00,0.000000000000000000e+00
6.972578880544726587e+01,1.000000000000000000e+00,-4.000000000000000000e+00
6.972578880544726587e+01,1.000000000000000000e+00,-2.000000000000000000e+00
6.972578880544726587e+01,1.000000000000000000e+00,-5.000000000000000000e+00
6.972578880544726587e+01,1.000000000000000000e+00,-2.000000000000000000e+00
6.972578880544726587e+01,1.000000000000000000e+00,-1.000000000000000000e+00
6.972578880544726587e+01,1.000000000000000000e+00,-2.000000000000000000e+00
6.972578880544726587e+01,1.000000000000000000e+00,-2.000000000000000000e+00
6.972578880544726587e+01,1.000000000000000000e+00,0.000000000000000000e+00
6.972578880544726587e+01,1.000000000000000000e+00,1.000000000000000000e+00
6.972578880544726587e+01,1.000000000000000000e+00,0.000000000000000000e+00
6.972578880544726587e+01,1.000000000000000000e+00,0.000000000000000000e+00
6.972578880544726587e+01,1.000000000000000000e+00,-4.000000000000000000e+00
6.972578880544726587e+01,1.000000000000000000e+00,0.000000000000000000e+00
6.972578880544726587e+01,1.000000000000000000e+00,-3.000000000000000000e+00
6.972578880544726587e+01,1.000000000000000000e+00,-2.000000000000000000e+00
6.972578880544726587e+01,1.000000000000000000e+00,-3.000000000000000000e+00
6.972578880544726587e+01,1.000000000000000000e+00,0.000000000000000000e+00
6.972578880544726587e+01,1.000000000000000000e+00,-2.000000000000000000e+00
6.972578880544726587e+01,1.000000000000000000e+00,0.000000000000000000e+00
6.972578880544726587e+01,1.000000000000000000e+00,-3.000000000000000000e+00
6.972578880544726587e+01,1.000000000000000000e+00,-6.000000000000000000e+00
6.972578880544726587e+01,1.000000000000000000e+00,-1.000000000000000000e+00
6.972578880544726587e+01,1.000000000000000000e+00,-2.000000000000000000e+00
6.972578880544726587e+01,1.000000000000000000e+00,-3.000000000000000000e+00
6.972578880544726587e+01,1.000000000000000000e+00,-2.000000000000000000e+00
6.972578880544726587e+01,1.000000000000000000e+00,-6.000000000000000000e+00
6.972578880544726587e+01,1.000000000000000000e+00,-4.000000000000000000e+00
6.972578880544726587e+01,1.000000000000000000e+00,-5.000000000000000000e+00
6.972578880544726587e+01,1.000000000000000000e+00,-4.000000000000000000e+00
6.972578880544726587e+01,1.000000000000000000e+00,0.000000000000000000e+00
6.972578880544726587e+01,1.000000000000000000e+00,-2.000000000000000000e+00
6.972578880544726587e+01,1.000000000000000000e+00,0.000000000000000000e+00
6.972578880544726587e+01,1.000000000000000000e+00,-3.000000000000000000e+00
6.972578880544726587e+01,1.000000000000000000e+00,-2.000000000000000000e+00
6.972578880544726587e+01,1.000000000000000000e+00,-1.000000000000000000e+00
6.972578880544726587e+01,1.000000000000000000e+00,-5.000000000000000000e+00
6.972578880544726587e+01,1.000000000000000000e+00,-6.000000000000000000e+00
6.972578880544726587e+01,1.000000000000000000e+00,-4.000000000000000000e+00
6.972578880544726587e+01,1.000000000000000000e+00,-2.000000000000000000e+00
6.972578880544726587e+01,1.000000000000000000e+00,-5.000000000000000000e+00
6.972578880544726587e+01,1.000000000000000000e+00,-4.000000000000000000e+00
6.972578880544726587e+01,1.000000000000000000e+00,-6.000000000000000000e+00
6.972578880544726587e+01,1.000000000000000000e+00,-7.000000000000000000e+00
6.972578880544726587e+01,1.000000000000000000e+00,-4.000000000000000000e+00
6.972578880544726587e+01,1.000000000000000000e+00,-2.000000000000000000e+00
6.972578880544726587e+01,1.000000000000000000e+00,-2.000000000000000000e+00
6.972578880544726587e+01,1.000000000000000000e+00,0.000000000000000000e+00
6.972578880544726587e+01,1.000000000000000000e+00,0.000000000000000000e+00
6.972578880544726587e+01,1.000000000000000000e+00,-2.000000000000000000e+00
6.972578880544726587e+01,1.000000000000000000e+00,-3.000000000000000000e+00
6.972578880544726587e+01,1.000000000000000000e+00,-3.000000000000000000e+00
6.972578880544726587e+01,1.000000000000000000e+00,-4.000000000000000000e+00
6.972578880544726587e+01,1.000000000000000000e+00,-6.000000000000000000e+00
6.972578880544726587e+01,1.000000000000000000e+00,-1.000000000000000000e+00
6.972578880544726587e+01,1.000000000000000000e+00,-2.000000000000000000e+00
6.972578880544726587e+01,1.000000000000000000e+00,0.000000000000000000e+00
6.972578880544726587e+01,1.000000000000000000e+00,-1.000000000000000000e+00
6.972578880544726587e+01,1.000000000000000000e+00,-6.000000000000000000e+00
6.972578880544726587e+01,1.000000000000000000e+00,-4.000000000000000000e+00
6.972578880544726587e+01,1.000000000000000000e+00,-5.000000000000000000e+00
6.972578880544726587e+01,1.000000000000000000e+00,-7.000000000000000000e+00
6.972578880544726587e+01,1.000000000000000000e+00,-3.000000000000000000e+00
6.972578880544726587e+01,1.000000000000000000e+00,-5.000000000000000000e+00
6.972578880544726587e+01,1.000000000000000000e+00,-8.000000000000000000e+00
6.972578880544726587e+01,1.000000000000000000e+00,-5.000000000000000000e+00
6.972578880544726587e+01,1.000000000000000000e+00,-4.000000000000000000e+00
6.972578880544726587e+01,1.000000000000000000e+00,-8.000000000000000000e+00
6.972578880544726587e+01,1.000000000000000000e+00,-6.000000000000000000e+00
6.972578880544726587e+01,1.000000000000000000e+00,-6.000000000000000000e+00
6.972578880544726587e+01,1.000000000000000000e+00,-5.000000000000000000e+00
6.972578880544726587e+01,1.000000000000000000e+00,-6.000000000000000000e+00
6.972578880544726587e+01,1.000000000000000000e+00,-2.000000000000000000e+00
6.972578880544726587e+01,1.000000000000000000e+00,-6.000000000000000000e+00
6.972578880544726587e+01,1.000000000000000000e+00,-4.000000000000000000e+00
6.972578880544726587e+01,1.000000000000000000e+00,-4.000000000000000000e+00
6.972578880544726587e+01,1.000000000000000000e+00,-5.000000000000000000e+00
6.972578880544726587e+01,1.000000000000000000e+00,-7.000000000000000000e+00
6.972578880544726587e+01,1.000000000000000000e+00,-7.000000000000000000e+00
6.972578880544726587e+01,1.000000000000000000e+00,-2.000000000000000000e+00
6.972578880544726587e+01,1.000000000000000000e+00,-7.000000000000000000e+00
6.972578880544726587e+01,1.000000000000000000e+00,-9.000000000000000000e+00
6.972578880544726587e+01,1.000000000000000000e+00,-4.000000000000000000e+00
6.972578880544726587e+01,1.000000000000000000e+00,-4.000000000000000000e+00
6.972578880544726587e+01,1.000000000000000000e+00,-4.000000000000000000e+00
6.972578880544726587e+01,1.000000000000000000e+00,-7.000000000000000000e+00
6.972578880544726587e+01,1.000000000000000000e+00,-4.000000000000000000e+00
6.972578880544726587e+01,1.000000000000000000e+00,-7.000000000000000000e+00
6.972578880544726587e+01,1.000000000000000000e+00,-6.000000000000000000e+00
6.972578880544726587e+01,1.000000000000000000e+00,-8.000000000000000000e+00
6.972578880544726587e+01,1.000000000000000000e+00,-5.000000000000000000e+00
6.972578880544726587e+01,1.000000000000000000e+00,-3.000000000000000000e+00
6.972578880544726587e+01,1.000000000000000000e+00,-6.000000000000000000e+00
6.972578880544726587e+01,1.000000000000000000e+00,-5.000000000000000000e+00
6.972578880544726587e+01,1.000000000000000000e+00,-8.000000000000000000e+00
6.972578880544726587e+01,1.000000000000000000e+00,-5.000000000000000000e+00
6.972578880544726587e+01,1.000000000000000000e+00,-4.000000000000000000e+00
6.972578880544726587e+01,1.000000000000000000e+00,-4.000000000000000000e+00
6.972578880544726587e+01,1.000000000000000000e+00,-7.000000000000000000e+00
6.972578880544726587e+01,1.000000000000000000e+00,-6.000000000000000000e+00
6.972578880544726587e+01,1.000000000000000000e+00,-7.000000000000000000e+00
6.972578880544726587e+01,1.000000000000000000e+00,-3.000000000000000000e+00
6.972578880544726587e+01,1.000000000000000000e+00,-5.000000000000000000e+00
6.972578880544726587e+01,1.000000000000000000e+00,-6.000000000000000000e+00
6.972578880544726587e+01,1.000000000000000000e+00,-2.000000000000000000e+00
6.972578880544726587e+01,1.000000000000000000e+00,-9.000000000000000000e+00
6.972578880544726587e+01,1.000000000000000000e+00,-5.000000000000000000e+00
6.972578880544726587e+01,1.000000000000000000e+00,-5.000000000000000000e+00
6.972578880544726587e+01,1.000000000000000000e+00,-7.000000000000000000e+00
6.972578880544726587e+01,1.000000000000000000e+00,-7.000000000000000000e+00
6.972578880544726587e+01,1.000000000000000000e+00,-6.000000000000000000e+00
6.972578880544726587e+01,1.000000000000000000e+00,-8.000000000000000000e+00
6.972578880544726587e+01,1.000000000000000000e+00,-3.000000000000000000e+00
6.972578880544726587e+01,1.000000000000000000e+00,-8.000000000000000000e+00
6.972578880544726587e+01,1.000000000000000000e+00,-4.000000000000000000e+00
6.972578880544726587e+01,1.000000000000000000e+00,-6.000000000000000000e+00
6.972578880544726587e+01,1.000000000000000000e+00,-8.000000000000000000e+00
6.972578880544726587e+01,1.000000000000000000e+00,-7.000000000000000000e+00
6.972578880544726587e+01,1.000000000000000000e+00,-5.000000000000000000e+00
6.972578880544726587e+01,1.000000000000000000e+00,-6.000000000000000000e+00
6.972578880544726587e+01,1.000000000000000000e+00,-8.000000000000000000e+00
6.972578880544726587e+01,1.000000000000000000e+00,-9.000000000000000000e+00
6.972578880544726587e+01,1.000000000000000000e+00,-7.000000000000000000e+00
6.972578880544726587e+01,1.000000000000000000e+00,-9.000000000000000000e+00
6.972578880544726587e+01,1.000000000000000000e+00,-7.000000000000000000e+00
6.972578880544726587e+01,1.000000000000000000e+00,-6.000000000000000000e+00
6.972578880544726587e+01,1.000000000000000000e+00,-6.000000000000000000e+00
6.972578880544726587e+01,1.000000000000000000e+00,-7.000000000000000000e+00
6.972578880544726587e+01,1.000000000000000000e+00,-7.000000000000000000e+00
6.972578880544726587e+01,1.000000000000000000e+00,-8.000000000000000000e+00
6.972578880544726587e+01,1.000000000000000000e+00,-7.000000000000000000e+00
6.972578880544726587e+01,1.000000000000000000e+00,-9.000000000000000000e+00
6.972578880544726587e+01,1.000000000000000000e+00,-5.000000000000000000e+00
6.972578880544726587e+01,1.000000000000000000e+00,-1.000000000000000000e+01
6.972578880544726587e+01,1.000000000000000000e+00,-6.000000000000000000e+00
6.972578880544726587e+01,1.000000000000000000e+00,-8.000000000000000000e+00
6.972578880544726587e+01,1.000000000000000000e+00,-8.000000000000000000e+00
6.972578880544726587e+01,1.000000000000000000e+00,-8.000000000000000000e+00
6.972578880544726587e+01,1.000000000000000000e+00,-8.000000000000000000e+00
6.972578880544726587e+01,1.000000000000000000e+00,-6.000000000000000000e+00
6.972578880544726587e+01,1.000000000000000000e+00,-1.000000000000000000e+01
6.972578880544726587e+01,1.000000000000000000e+00,-8.000000000000000000e+00
6.972578880544726587e+01,1.000000000000000000e+00,-1.000000000000000000e+01
6.972578880544726587e+01,1.000000000000000000e+00,-8.000000000000000000e+00
6.972578880544726587e+01,1.000000000000000000e+00,-1.100000000000000000e+01
6.972578880544726587e+01,1.000000000000000000e+00,-7.000000000000000000e+00
6.972578880544726587e+01,1.000000000000000000e+00,-8.000000000000000000e+00
6.972578880544726587e+01,1.000000000000000000e+00,-1.000000000000000000e+01
6.972578880544726587e+01,1.000000000000000000e+00,-8.000000000000000000e+00
6.972578880544726587e+01,1.000000000000000000e+00,-6.000000000000000000e+00
6.972578880544726587e+01,1.000000000000000000e+00,-7.000000000000000000e+00
6.972578880544726587e+01,1.000000000000000000e+00,-6.000000000000000000e+00
6.972578880544726587e+01,1.000000000000000000e+00,-6.000000000000000000e+00
6.972578880544726587e+01,1.000000000000000000e+00,-9.000000000000000000e+00
6.972578880544726587e+01,1.000000000000000000e+00,-9.000000000000000000e+00
6.972578880544726587e+01,1.000000000000000000e+00,-8.000000000000000000e+00
6.972578880544726587e+01,1.000000000000000000e+00,-1.200000000000000000e+01
6.972578880544726587e+01,1.000000000000000000e+00,-9.000000000000000000e+00
6.972578880544726587e+01,1.000000000000000000e+00,-4.000000000000000000e+00
6.972578880544726587e+01,1.000000000000000000e+00,-1.000000000000000000e+01
6.972578880544726587e+01,1.000000000000000000e+00,-9.000000000000000000e+00
6.972578880544726587e+01,1.000000000000000000e+00,-1.000000000000000000e+01
6.972578880544726587e+01,1.000000000000000000e+00,-7.000000000000000000e+00
6.972578880544726587e+01,1.000000000000000000e+00,-7.000000000000000000e+00
6.972578880544726587e+01,1.000000000000000000e+00,-9.000000000000000000e+00
6.972578880544726587e+01,1.000000000000000000e+00,-9.000000000000000000e+00
6.972578880544726587e+01,1.000000000000000000e+00,-8.000000000000000000e+00
6.972578880544726587e+01,1.000000000000000000e+00,-8.000000000000000000e+00
6.972578880544726587e+01,1.000000000000000000e+00,-1.000000000000000000e+01
6.972578880544726587e+01,1.000000000000000000e+00,-6.000000000000000000e+00
6.972578880544726587e+01,1.000000000000000000e+00,-9.000000000000000000e+00
6.972578880544726587e+01,1.000000000000000000e+00,-1.100000000000000000e+01
6.972578880544726587e+01,1.000000000000000000e+00,-9.000000000000000000e+00
6.972578880544726587e+01,1.000000000000000000e+00,-6.000000000000000000e+00
6.972578880544726587e+01,1.000000000000000000e+00,-8.000000000000000000e+00
6.972578880544726587e+01,1.000000000000000000e+00,-8.000000000000000000e+00
6.972578880544726587e+01,1.000000000000000000e+00,-1.100000000000000000e+01
6.972578880544726587e+01,1.000000000000000000e+00,-1.000000000000000000e+01
6.972578880544726587e+01,1.000000000000000000e+00,-7.000000000000000000e+00
6.972578880544726587e+01,1.000000000000000000e+00,-1.000000000000000000e+01
6.972578880544726587e+01,1.000000000000000000e+00,-1.200000000000000000e+01
6.972578880544726587e+01,1.000000000000000000e+00,-7.000000000000000000e+00
6.972578880544726587e+01,1.000000000000000000e+00,-9.000000000000000000e+00
6.972578880544726587e+01,1.000000000000000000e+00,-1.100000000000000000e+01
6.972578880544726587e+01,1.000000000000000000e+00,-6.000000000000000000e+00
6.972578880544726587e+01,1.000000000000000000e+00,-7.000000000000000000e+00
6.972578880544726587e+01,1.000000000000000000e+00,-7.000000000000000000e+00
6.972578880544726587e+01,1.000000000000000000e+00,-1.000000000000000000e+01
6.972578880544726587e+01,1.000000000000000000e+00,-7.000000000000000000e+00
6.972578880544726587e+01,1.000000000000000000e+00,-9.000000000000000000e+00
6.972578880544726587e+01,1.000000000000000000e+00,-6.000000000000000000e+00
6.972578880544726587e+01,1.000000000000000000e+00,-5.000000000000000000e+00
6.972578880544726587e+01,1.000000000000000000e+00,-9.000000000000000000e+00
6.972578880544726587e+01,1.000000000000000000e+00,-8.000000000000000000e+00
6.972578880544726587e+01,1.000000000000000000e+00,-9.000000000000000000e+00
6.972578880544726587e+01,1.000000000000000000e+00,-1.000000000000000000e+01
6.972578880544726587e+01,1.000000000000000000e+00,-3.000000000000000000e+00
6.972578880544726587e+01,1.000000000000000000e+00,-1.100000000000000000e+01
6.972578880544726587e+01,1.000000000000000000e+00,-8.000000000000000000e+00
6.972578880544726587e+01,1.000000000000000000e+00,-6.000000000000000000e+00
6.972578880544726587e+01,1.000000000000000000e+00,-1.000000000000000000e+01
6.972578880544726587e+01,1.000000000000000000e+00,-1.100000000000000000e+01
6.972578880544726587e+01,1.000000000000000000e+00,-9.000000000000000000e+00
6.972578880544726587e+01,1.000000000000000000e+00,-1.200000000000000000e+01
6.972578880544726587e+01,1.000000000000000000e+00,-1.000000000000000000e+01
6.972578880544726587e+01,1.000000000000000000e+00,-9.000000000000000000e+00
6.972578880544726587e+01,1.000000000000000000e+00,-1.300000000000000000e+01
6.972578880544726587e+01,1.000000000000000000e+00,-9.000000000000000000e+00
6.972578880544726587e+01,1.000000000000000000e+00,-1.100000000000000000e+01
6.972578880544726587e+01,1.000000000000000000e+00,-4.000000000000000000e+00
6.972578880544726587e+01,1.000000000000000000e+00,-7.000000000000000000e+00
6.972578880544726587e+01,1.000000000000000000e+00,-7.000000000000000000e+00
6.972578880544726587e+01,1.000000000000000000e+00,-9.000000000000000000e+00
6.972578880544726587e+01,1.000000000000000000e+00,-1.200000000000000000e+01
6.972578880544726587e+01,1.000000000000000000e+00,-1.200000000000000000e+01
6.972578880544726587e+01,1.000000000000000000e+00,-1.000000000000000000e+01
6.972578880544726587e+01,1.000000000000000000e+00,-9.000000000000000000e+00
6.972578880544726587e+01,1.000000000000000000e+00,-1.200000000000000000e+01
6.972578880544726587e+01,1.000000000000000000e+00,-8.000000000000000000e+00
6.972578880544726587e+01,1.000000000000000000e+00,-9.000000000000000000e+00
6.972578880544726587e+01,1.000000000000000000e+00,-8.000000000000000000e+00
6.972578880544726587e+01,1.000000000000000000e+00,-7.000000000000000000e+00
6.972578880544726587e+01,1.000000000000000000e+00,-1.400000000000000000e+01
6.972578880544726587e+01,1.000000000000000000e+00,-9.000000000000000000e+00
6.972578880544726587e+01,1.000000000000000000e+00,-1.100000000000000000e+01
6.972578880544726587e+01,1.000000000000000000e+00,-8.000000000000000000e+00
6.972578880544726587e+01,1.000000000000000000e+00,-8.000000000000000000e+00
6.972578880544726587e+01,1.000000000000000000e+00,-9.000000000000000000e+00
6.972578880544726587e+01,1.000000000000000000e+00,-9.000000000000000000e+00
6.972578880544726587e+01,1.000000000000000000e+00,-8.000000000000000000e+00
6.972578880544726587e+01,1.000000000000000000e+00,-1.000000000000000000e+01
6.972578880544726587e+01,1.000000000000000000e+00,-1.100000000000000000e+01
6.972578880544726587e+01,1.000000000000000000e+00,-9.000000000000000000e+00
6.972578880544726587e+01,1.000000000000000000e+00,-7.000000000000000000e+00
6.972578880544726587e+01,1.000000000000000000e+00,-9.000000000000000000e+00
6.972578880544726587e+01,1.000000000000000000e+00,-8.000000000000000000e+00
6.972578880544726587e+01,1.000000000000000000e+00,-1.200000000000000000e+01
6.972578880544726587e+01,1.000000000000000000e+00,-1.300000000000000000e+01
6.972578880544726587e+01,1.000000000000000000e+00,-8.000000000000000000e+00
6.972578880544726587e+01,1.000000000000000000e+00,-8.000000000000000000e+00
6.972578880544726587e+01,1.000000000000000000e+00,-1.100000000000000000e+01
6.972578880544726587e+01,1.000000000000000000e+00,-6.000000000000000000e+00
6.972578880544726587e+01,1.000000000000000000e+00,-1.000000000000000000e+01
6.972578880544726587e+01,1.000000000000000000e+00,-1.100000000000000000e+01
6.972578880544726587e+01,1.000000000000000000e+00,-1.000000000000000000e+01
6.972578880544726587e+01,1.000000000000000000e+00,-1.100000000000000000e+01
6.972578880544726587e+01,1.000000000000000000e+00,-1.000000000000000000e+01
6.972578880544726587e+01,1.000000000000000000e+00,-9.000000000000000000e+00
6.972578880544726587e+01,1.000000000000000000e+00,-1.300000000000000000e+01
6.972578880544726587e+01,1.000000000000000000e+00,-8.000000000000000000e+00
6.972578880544726587e+01,1.000000000000000000e+00,-1.000000000000000000e+01
6.972578880544726587e+01,1.000000000000000000e+00,-1.100000000000000000e+01
6.972578880544726587e+01,1.000000000000000000e+00,-1.000000000000000000e+01
6.972578880544726587e+01,1.000000000000000000e+00,-8.000000000000000000e+00
6.972578880544726587e+01,1.000000000000000000e+00,-9.000000000000000000e+00
6.972578880544726587e+01,1.000000000000000000e+00,-7.000000000000000000e+00
6.972578880544726587e+01,1.000000000000000000e+00,-1.100000000000000000e+01
6.972578880544726587e+01,1.000000000000000000e+00,-9.000000000000000000e+00
6.972578880544726587e+01,1.000000000000000000e+00,-1.000000000000000000e+01
6.972578880544726587e+01,1.000000000000000000e+00,-1.000000000000000000e+01
6.972578880544726587e+01,1.000000000000000000e+00,-8.000000000000000000e+00
6.972578880544726587e+01,1.000000000000000000e+00,-9.000000000000000000e+00
6.972578880544726587e+01,1.000000000000000000e+00,-1.100000000000000000e+01
6.972578880544726587e+01,1.000000000000000000e+00,-7.000000000000000000e+00
6.972578880544726587e+01,1.000000000000000000e+00,-1.000000000000000000e+01
6.972578880544726587e+01,1.000000000000000000e+00,-1.000000000000000000e+01
6.972578880544726587e+01,1.000000000000000000e+00,-7.000000000000000000e+00
6.972578880544726587e+01,1.000000000000000000e+00,-9.000000000000000000e+00
6.972578880544726587e+01,1.000000000000000000e+00,-1.000000000000000000e+01
6.972578880544726587e+01,1.000000000000000000e+00,-1.300000000000000000e+01
6.972578880544726587e+01,1.000000000000000000e+00,-9.000000000000000000e+00
6.972578880544726587e+01,1.000000000000000000e+00,-1.500000000000000000e+01
6.972578880544726587e+01,1.000000000000000000e+00,-8.000000000000000000e+00
6.972578880544726587e+01,1.000000000000000000e+00,-1.200000000000000000e+01
6.972578880544726587e+01,1.000000000000000000e+00,-1.200000000000000000e+01
6.972578880544726587e+01,1.000000000000000000e+00,-6.000000000000000000e+00
6.972578880544726587e+01,1.000000000000000000e+00,-1.100000000000000000e+01
6.972578880544726587e+01,1.000000000000000000e+00,-9.000000000000000000e+00
6.972578880544726587e+01,1.000000000000000000e+00,-1.300000000000000000e+01
6.972578880544726587e+01,1.000000000000000000e+00,-4.000000000000000000e+00
6.972578880544726587e+01,1.000000000000000000e+00,-7.000000000000000000e+00
6.972578880544726587e+01,1.000000000000000000e+00,-1.200000000000000000e+01
6.972578880544726587e+01,1.000000000000000000e+00,-1.100000000000000000e+01
6.972578880544726587e+01,1.000000000000000000e+00,-1.000000000000000000e+01
6.972578880544726587e+01,1.000000000000000000e+00,-6.000000000000000000e+00
6.972578880544726587e+01,1.000000000000000000e+00,-9.000000000000000000e+00
6.972578880544726587e+01,1.000000000000000000e+00,-1.100000000000000000e+01
6.972578880544726587e+01,1.000000000000000000e+00,-8.000000000000000000e+00
6.972578880544726587e+01,1.000000000000000000e+00,-1.100000000000000000e+01
6.972578880544726587e+01,1.000000000000000000e+00,-1.000000000000000000e+01
6.972578880544726587e+01,1.000000000000000000e+00,-1.000000000000000000e+01
6.972578880544726587e+01,1.000000000000000000e+00,-7.000000000000000000e+00
6.972578880544726587e+01,1.000000000000000000e+00,-1.000000000000000000e+01
6.972578880544726587e+01,1.000000000000000000e+00,-8.000000000000000000e+00
6.972578880544726587e+01,1.000000000000000000e+00,-1.200000000000000000e+01
6.972578880544726587e+01,1.000000000000000000e+00,-1.200000000000000000e+01
6.972578880544726587e+01,1.000000000000000000e+00,-1.000000000000000000e+01
6.972578880544726587e+01,1.000000000000000000e+00,-9.000000000000000000e+00
6.972578880544726587e+01,1.000000000000000000e+00,-1.100000000000000000e+01
6.972578880544726587e+01,1.000000000000000000e+00,-7.000000000000000000e+00
6.972578880544726587e+01,1.000000000000000000e+00,-1.100000000000000000e+01
6.972578880544726587e+01,1.000000000000000000e+00,-9.000000000000000000e+00
6.972578880544726587e+01,1.000000000000000000e+00,-1.200000000000000000e+01
6.972578880544726587e+01,1.000000000000000000e+00,-6.000000000000000000e+00
6.972578880544726587e+01,1.000000000000000000e+00,-1.000000000000000000e+01
6.972578880544726587e+01,1.000000000000000000e+00,-1.100000000000000000e+01
6.972578880544726587e+01,1.000000000000000000e+00,-1.100000000000000000e+01
6.972578880544726587e+01,1.000000000000000000e+00,-1.200000000000000000e+01
6.972578880544726587e+01,1.000000000000000000e+00,-1.000000000000000000e+01
6.972578880544726587e+01,1.000000000000000000e+00,-5.000000000000000000e+00
6.972578880544726587e+01,1.000000000000000000e+00,-9.000000000000000000e+00
6.972578880544726587e+01,1.000000000000000000e+00,-5.000000000000000000e+00
6.972578880544726587e+01,1.000000000000000000e+00,-6.000000000000000000e+00
6.972578880544726587e+01,1.000000000000000000e+00,-1.000000000000000000e+01
6.972578880544726587e+01,1.000000000000000000e+00,-1.100000000000000000e+01
6.972578880544726587e+01,1.000000000000000000e+00,-9.000000000000000000e+00
6.972578880544726587e+01,1.000000000000000000e+00,-9.000000000000000000e+00
6.972578880544726587e+01,1.000000000000000000e+00,-1.000000000000000000e+01
6.972578880544726587e+01,1.000000000000000000e+00,-8.000000000000000000e+00
6.972578880544726587e+01,1.000000000000000000e+00,-8.000000000000000000e+00
6.972578880544726587e+01,1.000000000000000000e+00,-1.000000000000000000e+01
6.972578880544726587e+01,1.000000000000000000e+00,-1.200000000000000000e+01
6.972578880544726587e+01,1.000000000000000000e+00,-1.300000000000000000e+01
6.972578880544726587e+01,1.000000000000000000e+00,-1.000000000000000000e+01
6.972578880544726587e+01,1.000000000000000000e+00,-1.100000000000000000e+01
6.972578880544726587e+01,1.000000000000000000e+00,-6.000000000000000000e+00
6.972578880544726587e+01,1.000000000000000000e+00,-7.000000000000000000e+00
6.972578880544726587e+01,1.000000000000000000e+00,-9.000000000000000000e+00
6.972578880544726587e+01,1.000000000000000000e+00,-9.000000000000000000e+00
6.972578880544726587e+01,1.000000000000000000e+00,-1.100000000000000000e+01
6.972578880544726587e+01,1.000000000000000000e+00,-9.000000000000000000e+00
6.972578880544726587e+01,1.000000000000000000e+00,-7.000000000000000000e+00
6.972578880544726587e+01,1.000000000000000000e+00,-1.000000000000000000e+01
6.972578880544726587e+01,1.000000000000000000e+00,-8.000000000000000000e+00
6.972578880544726587e+01,1.000000000000000000e+00,-1.100000000000000000e+01
6.972578880544726587e+01,1.000000000000000000e+00,-1.100000000000000000e+01
6.972578880544726587e+01,1.000000000000000000e+00,-8.000000000000000000e+00
6.972578880544726587e+01,1.000000000000000000e+00,-9.000000000000000000e+00
6.972578880544726587e+01,1.000000000000000000e+00,-6.000000000000000000e+00
6.972578880544726587e+01,1.000000000000000000e+00,-1.100000000000000000e+01
6.972578880544726587e+01,1.000000000000000000e+00,-7.000000000000000000e+00
6.972578880544726587e+01,1.000000000000000000e+00,-9.000000000000000000e+00
6.972578880544726587e+01,1.000000000000000000e+00,-9.000000000000000000e+00
6.972578880544726587e+01,1.000000000000000000e+00,-9.000000000000000000e+00
6.972578880544726587e+01,1.000000000000000000e+00,-8.000000000000000000e+00
6.972578880544726587e+01,1.000000000000000000e+00,-1.200000000000000000e+01
6.972578880544726587e+01,1.000000000000000000e+00,-1.100000000000000000e+01
6.972578880544726587e+01,1.000000000000000000e+00,-1.200000000000000000e+01
6.972578880544726587e+01,1.000000000000000000e+00,-8.000000000000000000e+00
6.972578880544726587e+01,1.000000000000000000e+00,-1.200000000000000000e+01
6.972578880544726587e+01,1.000000000000000000e+00,-1.000000000000000000e+01
6.972578880544726587e+01,1.000000000000000000e+00,-1.300000000000000000e+01
6.972578880544726587e+01,1.000000000000000000e+00,-1.000000000000000000e+01
6.972578880544726587e+01,1.000000000000000000e+00,-5.000000000000000000e+00
6.972578880544726587e+01,1.000000000000000000e+00,-6.000000000000000000e+00
6.972578880544726587e+01,1.000000000000000000e+00,-8.000000000000000000e+00
6.972578880544726587e+01,1.000000000000000000e+00,-1.200000000000000000e+01
6.972578880544726587e+01,1.000000000000000000e+00,-1.300000000000000000e+01
6.972578880544726587e+01,1.000000000000000000e+00,-1.200000000000000000e+01
6.972578880544726587e+01,1.000000000000000000e+00,-1.100000000000000000e+01
6.972578880544726587e+01,1.000000000000000000e+00,-9.000000000000000000e+00
6.972578880544726587e+01,1.000000000000000000e+00,-1.200000000000000000e+01
6.972578880544726587e+01,1.000000000000000000e+00,-9.000000000000000000e+00
6.972578880544726587e+01,1.000000000000000000e+00,-9.000000000000000000e+00
6.972578880544726587e+01,1.000000000000000000e+00,-1.000000000000000000e+01
6.972578880544726587e+01,1.000000000000000000e+00,-1.000000000000000000e+01
6.972578880544726587e+01,1.000000000000000000e+00,-8.000000000000000000e+00
6.972578880544726587e+01,1.000000000000000000e+00,-7.000000000000000000e+00
6.972578880544726587e+01,1.000000000000000000e+00,-1.000000000000000000e+01
6.972578880544726587e+01,1.000000000000000000e+00,-4.000000000000000000e+00
6.972578880544726587e+01,1.000000000000000000e+00,-7.000000000000000000e+00
6.972578880544726587e+01,1.000000000000000000e+00,-1.100000000000000000e+01
6.972578880544726587e+01,1.000000000000000000e+00,-9.000000000000000000e+00
6.972578880544726587e+01,1.000000000000000000e+00,-1.200000000000000000e+01
6.972578880544726587e+01,1.000000000000000000e+00,-9.000000000000000000e+00
6.972578880544726587e+01,1.000000000000000000e+00,-6.000000000000000000e+00
6.972578880544726587e+01,1.000000000000000000e+00,-7.000000000000000000e+00
6.972578880544726587e+01,1.000000000000000000e+00,-1.000000000000000000e+01
6.972578880544726587e+01,1.000000000000000000e+00,-9.000000000000000000e+00
6.972578880544726587e+01,1.000000000000000000e+00,-6.000000000000000000e+00
6.972578880544726587e+01,1.000000000000000000e+00,-9.000000000000000000e+00
6.972578880544726587e+01,1.000000000000000000e+00,-1.200000000000000000e+01
6.972578880544726587e+01,1.000000000000000000e+00,-1.200000000000000000e+01
6.972578880544726587e+01,1.000000000000000000e+00,-8.000000000000000000e+00
6.972578880544726587e+01,1.000000000000000000e+00,-1.400000000000000000e+01
6.972578880544726587e+01,1.000000000000000000e+00,-1.100000000000000000e+01
6.972578880544726587e+01,1.000000000000000000e+00,-8.000000000000000000e+00
6.972578880544726587e+01,1.000000000000000000e+00,-9.000000000000000000e+00
6.972578880544726587e+01,1.000000000000000000e+00,-6.000000000000000000e+00
6.972578880544726587e+01,1.000000000000000000e+00,-1.000000000000000000e+01
6.972578880544726587e+01,1.000000000000000000e+00,-9.000000000000000000e+00
6.972578880544726587e+01,1.000000000000000000e+00,-8.000000000000000000e+00
6.972578880544726587e+01,1.000000000000000000e+00,-3.000000000000000000e+00
6.972578880544726587e+01,1.000000000000000000e+00,-1.000000000000000000e+01
6.972578880544726587e+01,1.000000000000000000e+00,-1.000000000000000000e+01
6.972578880544726587e+01,1.000000000000000000e+00,-6.000000000000000000e+00
6.972578880544726587e+01,1.000000000000000000e+00,-1.000000000000000000e+01
6.972578880544726587e+01,1.000000000000000000e+00,-1.000000000000000000e+01
6.972578880544726587e+01,1.000000000000000000e+00,-8.000000000000000000e+00
6.972578880544726587e+01,1.000000000000000000e+00,-9.000000000000000000e+00
6.972578880544726587e+01,1.000000000000000000e+00,-1.000000000000000000e+01
6.972578880544726587e+01,1.000000000000000000e+00,-1.000000000000000000e+01
6.972578880544726587e+01,1.000000000000000000e+00,-8.000000000000000000e+00
6.972578880544726587e+01,1.000000000000000000e+00,-4.000000000000000000e+00
6.972578880544726587e+01,1.000000000000000000e+00,-1.500000000000000000e+01
6.972578880544726587e+01,1.000000000000000000e+00,-8.000000000000000000e+00
6.972578880544726587e+01,1.000000000000000000e+00,-9.000000000000000000e+00
6.972578880544726587e+01,1.000000000000000000e+00,-8.000000000000000000e+00
6.972578880544726587e+01,1.000000000000000000e+00,-7.000000000000000000e+00
6.972578880544726587e+01,1.000000000000000000e+00,-7.000000000000000000e+00
6.972578880544726587e+01,1.000000000000000000e+00,-7.000000000000000000e+00
6.972578880544726587e+01,1.000000000000000000e+00,-6.000000000000000000e+00
6.972578880544726587e+01,1.000000000000000000e+00,-9.000000000000000000e+00
6.972578880544726587e+01,1.000000000000000000e+00,-1.000000000000000000e+01
6.972578880544726587e+01,1.000000000000000000e+00,-1.200000000000000000e+01
6.972578880544726587e+01,1.000000000000000000e+00,-1.000000000000000000e+01
6.972578880544726587e+01,1.000000000000000000e+00,-8.000000000000000000e+00
6.972578880544726587e+01,1.000000000000000000e+00,-7.000000000000000000e+00
6.972578880544726587e+01,1.000000000000000000e+00,-1.000000000000000000e+01
6.972578880544726587e+01,1.000000000000000000e+00,-7.000000000000000000e+00
6.972578880544726587e+01,1.000000000000000000e+00,-6.000000000000000000e+00
6.972578880544726587e+01,1.000000000000000000e+00,-5.000000000000000000e+00
6.972578880544726587e+01,1.000000000000000000e+00,-7.000000000000000000e+00
6.972578880544726587e+01,1.000000000000000000e+00,-3.000000000000000000e+00
6.972578880544726587e+01,1.000000000000000000e+00,-9.000000000000000000e+00
6.972578880544726587e+01,1.000000000000000000e+00,-7.000000000000000000e+00
6.972578880544726587e+01,1.000000000000000000e+00,-1.000000000000000000e+01
6.972578880544726587e+01,1.000000000000000000e+00,-9.000000000000000000e+00
6.972578880544726587e+01,1.000000000000000000e+00,-9.000000000000000000e+00
6.972578880544726587e+01,1.000000000000000000e+00,-5.000000000000000000e+00
6.972578880544726587e+01,1.000000000000000000e+00,-6.000000000000000000e+00
6.972578880544726587e+01,1.000000000000000000e+00,-5.000000000000000000e+00
6.972578880544726587e+01,1.000000000000000000e+00,-7.000000000000000000e+00
6.972578880544726587e+01,1.000000000000000000e+00,-8.000000000000000000e+00
6.972578880544726587e+01,1.000000000000000000e+00,-3.000000000000000000e+00
6.972578880544726587e+01,1.000000000000000000e+00,-7.000000000000000000e+00
6.972578880544726587e+01,1.000000000000000000e+00,-7.000000000000000000e+00
6.972578880544726587e+01,1.000000000000000000e+00,-6.000000000000000000e+00
6.972578880544726587e+01,1.000000000000000000e+00,-9.000000000000000000e+00
6.972578880544726587e+01,1.000000000000000000e+00,-5.000000000000000000e+00
6.972578880544726587e+01,1.000000000000000000e+00,-1.100000000000000000e+01
6.972578880544726587e+01,1.000000000000000000e+00,-8.000000000000000000e+00
6.972578880544726587e+01,1.000000000000000000e+00,-8.000000000000000000e+00
6.972578880544726587e+01,1.000000000000000000e+00,-7.000000000000000000e+00
6.972578880544726587e+01,1.000000000000000000e+00,-7.000000000000000000e+00
6.972578880544726587e+01,1.000000000000000000e+00,-8.000000000000000000e+00
6.972578880544726587e+01,1.000000000000000000e+00,-4.000000000000000000e+00
6.972578880544726587e+01,1.000000000000000000e+00,-7.000000000000000000e+00
6.972578880544726587e+01,1.000000000000000000e+00,-4.000000000000000000e+00
6.972578880544726587e+01,1.000000000000000000e+00,-5.000000000000000000e+00
6.972578880544726587e+01,1.000000000000000000e+00,-8.000000000000000000e+00
6.972578880544726587e+01,1.000000000000000000e+00,-9.000000000000000000e+00
6.972578880544726587e+01,1.000000000000000000e+00,-7.000000000000000000e+00
6.972578880544726587e+01,1.000000000000000000e+00,-9.000000000000000000e+00
6.972578880544726587e+01,1.000000000000000000e+00,-7.000000000000000000e+00
6.972578880544726587e+01,1.000000000000000000e+00,-9.000000000000000000e+00
6.972578880544726587e+01,1.000000000000000000e+00,-1.200000000000000000e+01
6.972578880544726587e+01,1.000000000000000000e+00,-5.000000000000000000e+00
6.972578880544726587e+01,1.000000000000000000e+00,-5.000000000000000000e+00
6.972578880544726587e+01,1.000000000000000000e+00,-7.000000000000000000e+00
6.972578880544726587e+01,1.000000000000000000e+00,-5.000000000000000000e+00
6.972578880544726587e+01,1.000000000000000000e+00,-4.000000000000000000e+00
6.972578880544726587e+01,1.000000000000000000e+00,-9.000000000000000000e+00
6.972578880544726587e+01,1.000000000000000000e+00,-4.000000000000000000e+00
6.972578880544726587e+01,1.000000000000000000e+00,-6.000000000000000000e+00
6.972578880544726587e+01,1.000000000000000000e+00,-4.000000000000000000e+00
6.972578880544726587e+01,1.000000000000000000e+00,-7.000000000000000000e+00
6.972578880544726587e+01,1.000000000000000000e+00,-8.000000000000000000e+00
6.972578880544726587e+01,1.000000000000000000e+00,-4.000000000000000000e+00
6.972578880544726587e+01,1.000000000000000000e+00,-4.000000000000000000e+00
6.972578880544726587e+01,1.000000000000000000e+00,-9.000000000000000000e+00
6.972578880544726587e+01,1.000000000000000000e+00,-8.000000000000000000e+00
6.972578880544726587e+01,1.000000000000000000e+00,-6.000000000000000000e+00
6.972578880544726587e+01,1.000000000000000000e+00,-7.000000000000000000e+00
6.972578880544726587e+01,1.000000000000000000e+00,-1.000000000000000000e+01
6.972578880544726587e+01,1.000000000000000000e+00,-5.000000000000000000e+00
6.972578880544726587e+01,1.000000000000000000e+00,-9.000000000000000000e+00
6.972578880544726587e+01,1.000000000000000000e+00,-8.000000000000000000e+00
6.972578880544726587e+01,1.000000000000000000e+00,-8.000000000000000000e+00
6.972578880544726587e+01,1.000000000000000000e+00,-7.000000000000000000e+00
6.972578880544726587e+01,1.000000000000000000e+00,-3.000000000000000000e+00
6.972578880544726587e+01,1.000000000000000000e+00,-7.000000000000000000e+00
6.972578880544726587e+01,1.000000000000000000e+00,-7.000000000000000000e+00
6.972578880544726587e+01,1.000000000000000000e+00,-6.000000000000000000e+00
6.972578880544726587e+01,1.000000000000000000e+00,-3.000000000000000000e+00
6.972578880544726587e+01,1.000000000000000000e+00,-7.000000000000000000e+00
6.972578880544726587e+01,1.000000000000000000e+00,-5.000000000000000000e+00
6.972578880544726587e+01,1.000000000000000000e+00,-7.000000000000000000e+00
6.972578880544726587e+01,1.000000000000000000e+00,-4.000000000000000000e+00
6.972578880544726587e+01,1.000000000000000000e+00,-4.000000000000000000e+00
6.972578880544726587e+01,1.000000000000000000e+00,-3.000000000000000000e+00
6.972578880544726587e+01,1.000000000000000000e+00,-6.000000000000000000e+00
6.972578880544726587e+01,1.000000000000000000e+00,-5.000000000000000000e+00
6.972578880544726587e+01,1.000000000000000000e+00,-5.000000000000000000e+00
6.972578880544726587e+01,1.000000000000000000e+00,-3.000000000000000000e+00
6.972578880544726587e+01,1.000000000000000000e+00,-7.000000000000000000e+00
6.972578880544726587e+01,1.000000000000000000e+00,-4.000000000000000000e+00
6.972578880544726587e+01,1.000000000000000000e+00,-5.000000000000000000e+00
6.972578880544726587e+01,1.000000000000000000e+00,-6.000000000000000000e+00
6.972578880544726587e+01,1.000000000000000000e+00,-3.000000000000000000e+00
6.972578880544726587e+01,1.000000000000000000e+00,-3.000000000000000000e+00
6.972578880544726587e+01,1.000000000000000000e+00,-1.000000000000000000e+00
6.972578880544726587e+01,1.000000000000000000e+00,-1.000000000000000000e+00
6.972578880544726587e+01,1.000000000000000000e+00,-3.000000000000000000e+00
6.972578880544726587e+01,1.000000000000000000e+00,-8.000000000000000000e+00
6.972578880544726587e+01,1.000000000000000000e+00,-4.000000000000000000e+00
6.972578880544726587e+01,1.000000000000000000e+00,-4.000000000000000000e+00
6.972578880544726587e+01,1.000000000000000000e+00,-5.000000000000000000e+00
6.972578880544726587e+01,1.000000000000000000e+00,-4.000000000000000000e+00
6.972578880544726587e+01,1.000000000000000000e+00,-4.000000000000000000e+00
6.972578880544726587e+01,1.000000000000000000e+00,-4.000000000000000000e+00
6.972578880544726587e+01,1.000000000000000000e+00,-6.000000000000000000e+00
6.972578880544726587e+01,1.000000000000000000e+00,-2.000000000000000000e+00
6.972578880544726587e+01,1.000000000000000000e+00,-5.000000000000000000e+00
6.972578880544726587e+01,1.000000000000000000e+00,-4.000000000000000000e+00
6.972578880544726587e+01,1.000000000000000000e+00,-2.000000000000000000e+00
6.972578880544726587e+01,1.000000000000000000e+00,-2.000000000000000000e+00
6.972578880544726587e+01,1.000000000000000000e+00,-3.000000000000000000e+00
6.972578880544726587e+01,1.000000000000000000e+00,-4.000000000000000000e+00
6.972578880544726587e+01,1.000000000000000000e+00,-3.000000000000000000e+00
6.972578880544726587e+01,1.000000000000000000e+00,-6.000000000000000000e+00
6.972578880544726587e+01,1.000000000000000000e+00,-5.000000000000000000e+00
6.972578880544726587e+01,1.000000000000000000e+00,-3.000000000000000000e+00
6.972578880544726587e+01,1.000000000000000000e+00,-5.000000000000000000e+00
6.972578880544726587e+01,1.000000000000000000e+00,-2.000000000000000000e+00
6.972578880544726587e+01,1.000000000000000000e+00,-4.000000000000000000e+00
6.972578880544726587e+01,1.000000000000000000e+00,-2.000000000000000000e+00
6.972578880544726587e+01,1.000000000000000000e+00,-5.000000000000000000e+00
6.972578880544726587e+01,1.000000000000000000e+00,-1.000000000000000000e+00
6.972578880544726587e+01,1.000000000000000000e+00,-6.000000000000000000e+00
6.972578880544726587e+01,1.000000000000000000e+00,-3.000000000000000000e+00
6.972578880544726587e+01,1.000000000000000000e+00,-6.000000000000000000e+00
6.972578880544726587e+01,1.000000000000000000e+00,-1.000000000000000000e+00
6.972578880544726587e+01,1.000000000000000000e+00,-4.000000000000000000e+00
6.972578880544726587e+01,1.000000000000000000e+00,-4.000000000000000000e+00
6.972578880544726587e+01,1.000000000000000000e+00,-6.000000000000000000e+00
6.972578880544726587e+01,1.000000000000000000e+00,-2.000000000000000000e+00
6.972578880544726587e+01,1.000000000000000000e+00,-4.000000000000000000e+00
6.972578880544726587e+01,1.000000000000000000e+00,-3.000000000000000000e+00
6.972578880544726587e+01,1.000000000000000000e+00,-3.000000000000000000e+00
6.972578880544726587e+01,1.000000000000000000e+00,-4.000000000000000000e+00
6.972578880544726587e+01,1.000000000000000000e+00,-4.000000000000000000e+00
6.972578880544726587e+01,1.000000000000000000e+00,0.000000000000000000e+00
6.972578880544726587e+01,1.000000000000000000e+00,-2.000000000000000000e+00
6.972578880544726587e+01,1.000000000000000000e+00,0.000000000000000000e+00
6.972578880544726587e+01,1.000000000000000000e+00,-4.000000000000000000e+00
6.972578880544726587e+01,1.000000000000000000e+00,-4.000000000000000000e+00
6.972578880544726587e+01,1.000000000000000000e+00,-3.000000000000000000e+00
6.972578880544726587e+01,1.000000000000000000e+00,-8.000000000000000000e+00
6.972578880544726587e+01,1.000000000000000000e+00,-2.000000000000000000e+00
6.972578880544726587e+01,1.000000000000000000e+00,-2.000000000000000000e+00
6.972578880544726587e+01,1.000000000000000000e+00,-1.000000000000000000e+00
6.972578880544726587e+01,1.000000000000000000e+00,-1.000000000000000000e+00
6.972578880544726587e+01,1.000000000000000000e+00,-4.000000000000000000e+00
6.972578880544726587e+01,1.000000000000000000e+00,0.000000000000000000e+00
6.972578880544726587e+01,1.000000000000000000e+00,-2.000000000000000000e+00
6.972578880544726587e+01,1.000000000000000000e+00,-2.000000000000000000e+00
6.972578880544726587e+01,1.000000000000000000e+00,-3.000000000000000000e+00
6.972578880544726587e+01,1.000000000000000000e+00,-4.000000000000000000e+00
6.972578880544726587e+01,1.000000000000000000e+00,-3.000000000000000000e+00
6.972578880544726587e+01,1.000000000000000000e+00,0.000000000000000000e+00
6.972578880544726587e+01,1.000000000000000000e+00,-2.000000000000000000e+00
6.972578880544726587e+01,1.000000000000000000e+00,0.000000000000000000e+00
6.972578880544726587e+01,1.000000000000000000e+00,0.000000000000000000e+00
6.972578880544726587e+01,1.000000000000000000e+00,1.000000000000000000e+00
6.972578880544726587e+01,1.000000000000000000e+00,-3.000000000000000000e+00
6.972578880544726587e+01,1.000000000000000000e+00,-2.000000000000000000e+00
6.972578880544726587e+01,1.000000000000000000e+00,-3.000000000000000000e+00
6.972578880544726587e+01,1.000000000000000000e+00,0.000000000000000000e+00
6.972578880544726587e+01,1.000000000000000000e+00,-1.000000000000000000e+00
6.972578880544726587e+01,1.000000000000000000e+00,0.000000000000000000e+00
6.972578880544726587e+01,1.000000000000000000e+00,0.000000000000000000e+00
6.972578880544726587e+01,1.000000000000000000e+00,-1.000000000000000000e+00
6.972578880544726587e+01,1.000000000000000000e+00,0.000000000000000000e+00
6.972578880544726587e+01,1.000000000000000000e+00,-3.000000000000000000e+00
6.972578880544726587e+01,1.000000000000000000e+00,-2.000000000000000000e+00
6.972578880544726587e+01,1.000000000000000000e+00,-2.000000000000000000e+00
6.972578880544726587e+01,1.000000000000000000e+00,-3.000000000000000000e+00
6.972578880544726587e+01,1.000000000000000000e+00,0.000000000000000000e+00
6.972578880544726587e+01,1.000000000000000000e+00,1.000000000000000000e+00
6.972578880544726587e+01,1.000000000000000000e+00,0.000000000000000000e+00
6.972578880544726587e+01,1.000000000000000000e+00,4.000000000000000000e+00
6.972578880544726587e+01,1.000000000000000000e+00,-1.000000000000000000e+00
6.972578880544726587e+01,1.000000000000000000e+00,-2.000000000000000000e+00
6.972578880544726587e+01,1.000000000000000000e+00,-2.000000000000000000e+00
6.972578880544726587e+01,1.000000000000000000e+00,0.000000000000000000e+00
6.972578880544726587e+01,1.000000000000000000e+00,-2.000000000000000000e+00
6.972578880544726587e+01,1.000000000000000000e+00,-3.000000000000000000e+00
6.972578880544726587e+01,1.000000000000000000e+00,-1.000000000000000000e+00
6.972578880544726587e+01,1.000000000000000000e+00,2.000000000000000000e+00
6.972578880544726587e+01,1.000000000000000000e+00,-2.000000000000000000e+00
6.972578880544726587e+01,1.000000000000000000e+00,-1.000000000000000000e+00
6.972578880544726587e+01,1.000000000000000000e+00,3.000000000000000000e+00
6.972578880544726587e+01,1.000000000000000000e+00,0.000000000000000000e+00
6.972578880544726587e+01,1.000000000000000000e+00,0.000000000000000000e+00
6.972578880544726587e+01,1.000000000000000000e+00,-1.000000000000000000e+00
6.972578880544726587e+01,1.000000000000000000e+00,1.000000000000000000e+00
6.972578880544726587e+01,1.000000000000000000e+00,0.000000000000000000e+00
6.972578880544726587e+01,1.000000000000000000e+00,1.000000000000000000e+00
6.972578880544726587e+01,1.000000000000000000e+00,-2.000000000000000000e+00
6.972578880544726587e+01,1.000000000000000000e+00,0.000000000000000000e+00
6.972578880544726587e+01,1.000000000000000000e+00,1.000000000000000000e+00
6.972578880544726587e+01,1.000000000000000000e+00,0.000000000000000000e+00
6.972578880544726587e+01,1.000000000000000000e+00,3.000000000000000000e+00
6.972578880544726587e+01,1.000000000000000000e+00,-2.000000000000000000e+00
6.972578880544726587e+01,1.000000000000000000e+00,0.000000000000000000e+00
6.972578880544726587e+01,1.000000000000000000e+00,1.000000000000000000e+00
6.972578880544726587e+01,1.000000000000000000e+00,1.000000000000000000e+00
6.972578880544726587e+01,1.000000000000000000e+00,6.000000000000000000e+00
6.972578880544726587e+01,1.000000000000000000e+00,1.000000000000000000e+00
6.972578880544726587e+01,1.000000000000000000e+00,1.000000000000000000e+00
6.972578880544726587e+01,1.000000000000000000e+00,-2.000000000000000000e+00
6.972578880544726587e+01,1.000000000000000000e+00,2.000000000000000000e+00
6.972578880544726587e+01,1.000000000000000000e+00,3.000000000000000000e+00
6.972578880544726587e+01,1.000000000000000000e+00,1.000000000000000000e+00
6.972578880544726587e+01,1.000000000000000000e+00,2.000000000000000000e+00
6.972578880544726587e+01,1.000000000000000000e+00,1.000000000000000000e+00
6.972578880544726587e+01,1.000000000000000000e+00,1.000000000000000000e+00
6.972578880544726587e+01,1.000000000000000000e+00,3.000000000000000000e+00
6.972578880544726587e+01,1.000000000000000000e+00,3.000000000000000000e+00
6.972578880544726587e+01,1.000000000000000000e+00,2.000000000000000000e+00
6.972578880544726587e+01,1.000000000000000000e+00,0.000000000000000000e+00
6.972578880544726587e+01,1.000000000000000000e+00,3.000000000000000000e+00
6.972578880544726587e+01,1.000000000000000000e+00,0.000000000000000000e+00
6.972578880544726587e+01,1.000000000000000000e+00,0.000000000000000000e+00
6.972578880544726587e+01,1.000000000000000000e+00,3.000000000000000000e+00
6.972578880544726587e+01,1.000000000000000000e+00,5.000000000000000000e+00
6.972578880544726587e+01,1.000000000000000000e+00,0.000000000000000000e+00
6.972578880544726587e+01,1.000000000000000000e+00,3.000000000000000000e+00
6.972578880544726587e+01,1.000000000000000000e+00,4.000000000000000000e+00
6.972578880544726587e+01,1.000000000000000000e+00,1.000000000000000000e+00
6.972578880544726587e+01,1.000000000000000000e+00,0.000000000000000000e+00
6.972578880544726587e+01,1.000000000000000000e+00,-2.000000000000000000e+00
6.972578880544726587e+01,1.000000000000000000e+00,2.000000000000000000e+00
6.972578880544726587e+01,1.000000000000000000e+00,1.000000000000000000e+00
6.972578880544726587e+01,1.000000000000000000e+00,5.000000000000000000e+00
6.972578880544726587e+01,1.000000000000000000e+00,-1.000000000000000000e+00
6.972578880544726587e+01,1.000000000000000000e+00,3.000000000000000000e+00
6.972578880544726587e+01,1.000000000000000000e+00,2.000000000000000000e+00
6.972578880544726587e+01,1.000000000000000000e+00,0.000000000000000000e+00
6.972578880544726587e+01,1.000000000000000000e+00,6.000000000000000000e+00
6.972578880544726587e+01,1.000000000000000000e+00,2.000000000000000000e+00
6.972578880544726587e+01,1.000000000000000000e+00,4.000000000000000000e+00
6.972578880544726587e+01,1.000000000000000000e+00,5.000000000000000000e+00
6.972578880544726587e+01,1.000000000000000000e+00,1.000000000000000000e+00
6.972578880544726587e+01,1.000000000000000000e+00,2.000000000000000000e+00
6.972578880544726587e+01,1.000000000000000000e+00,2.000000000000000000e+00
6.972578880544726587e+01,1.000000000000000000e+00,3.000000000000000000e+00
6.972578880544726587e+01,1.000000000000000000e+00,1.000000000000000000e+00
6.972578880544726587e+01,1.000000000000000000e+00,5.000000000000000000e+00
6.972578880544726587e+01,1.000000000000000000e+00,3.000000000000000000e+00
6.972578880544726587e+01,1.000000000000000000e+00,3.000000000000000000e+00
6.972578880544726587e+01,1.000000000000000000e+00,1.000000000000000000e+00
6.972578880544726587e+01,1.000000000000000000e+00,5.000000000000000000e+00
6.972578880544726587e+01,1.000000000000000000e+00,5.000000000000000000e+00
6.972578880544726587e+01,1.000000000000000000e+00,6.000000000000000000e+00
6.972578880544726587e+01,1.000000000000000000e+00,5.000000000000000000e+00
6.972578880544726587e+01,1.000000000000000000e+00,1.000000000000000000e+00
6.972578880544726587e+01,1.000000000000000000e+00,0.000000000000000000e+00
6.972578880544726587e+01,1.000000000000000000e+00,1.000000000000000000e+00
6.972578880544726587e+01,1.000000000000000000e+00,1.000000000000000000e+00
6.972578880544726587e+01,1.000000000000000000e+00,5.000000000000000000e+00
6.972578880544726587e+01,1.000000000000000000e+00,2.000000000000000000e+00
6.972578880544726587e+01,1.000000000000000000e+00,6.000000000000000000e+00
6.972578880544726587e+01,1.000000000000000000e+00,7.000000000000000000e+00
6.972578880544726587e+01,1.000000000000000000e+00,3.000000000000000000e+00
6.972578880544726587e+01,1.000000000000000000e+00,6.000000000000000000e+00
6.972578880544726587e+01,1.000000000000000000e+00,5.000000000000000000e+00
6.972578880544726587e+01,1.000000000000000000e+00,3.000000000000000000e+00
6.972578880544726587e+01,1.000000000000000000e+00,4.000000000000000000e+00
6.972578880544726587e+01,1.000000000000000000e+00,6.000000000000000000e+00
6.972578880544726587e+01,1.000000000000000000e+00,3.000000000000000000e+00
6.972578880544726587e+01,1.000000000000000000e+00,2.000000000000000000e+00
6.972578880544726587e+01,1.000000000000000000e+00,6.000000000000000000e+00
6.972578880544726587e+01,1.000000000000000000e+00,5.000000000000000000e+00
6.972578880544726587e+01,1.000000000000000000e+00,4.000000000000000000e+00
6.972578880544726587e+01,1.000000000000000000e+00,3.000000000000000000e+00
6.972578880544726587e+01,1.000000000000000000e+00,8.000000000000000000e+00
6.972578880544726587e+01,1.000000000000000000e+00,7.000000000000000000e+00
6.972578880544726587e+01,1.000000000000000000e+00,3.000000000000000000e+00
6.972578880544726587e+01,1.000000000000000000e+00,5.000000000000000000e+00
6.972578880544726587e+01,1.000000000000000000e+00,6.000000000000000000e+00
6.972578880544726587e+01,1.000000000000000000e+00,1.100000000000000000e+01
6.972578880544726587e+01,1.000000000000000000e+00,0.000000000000000000e+00
6.972578880544726587e+01,1.000000000000000000e+00,6.000000000000000000e+00
6.972578880544726587e+01,1.000000000000000000e+00,7.000000000000000000e+00
6.972578880544726587e+01,1.000000000000000000e+00,5.000000000000000000e+00
6.972578880544726587e+01,1.000000000000000000e+00,6.000000000000000000e+00
6.972578880544726587e+01,1.000000000000000000e+00,6.000000000000000000e+00
6.972578880544726587e+01,1.000000000000000000e+00,9.000000000000000000e+00
6.972578880544726587e+01,1.000000000000000000e+00,4.000000000000000000e+00
6.972578880544726587e+01,1.000000000000000000e+00,6.000000000000000000e+00
6.972578880544726587e+01,1.000000000000000000e+00,5.000000000000000000e+00
6.972578880544726587e+01,1.000000000000000000e+00,8.000000000000000000e+00
6.972578880544726587e+01,1.000000000000000000e+00,5.000000000000000000e+00
6.972578880544726587e+01,1.000000000000000000e+00,5.000000000000000000e+00
6.972578880544726587e+01,1.000000000000000000e+00,6.000000000000000000e+00
6.972578880544726587e+01,1.000000000000000000e+00,3.000000000000000000e+00
6.972578880544726587e+01,1.000000000000000000e+00,4.000000000000000000e+00
6.972578880544726587e+01,1.000000000000000000e+00,4.000000000000000000e+00
6.972578880544726587e+01,1.000000000000000000e+00,5.000000000000000000e+00
6.972578880544726587e+01,1.000000000000000000e+00,4.000000000000000000e+00
6.972578880544726587e+01,1.000000000000000000e+00,5.000000000000000000e+00
6.972578880544726587e+01,1.000000000000000000e+00,2.000000000000000000e+00
6.972578880544726587e+01,1.000000000000000000e+00,3.000000000000000000e+00
6.972578880544726587e+01,1.000000000000000000e+00,8.000000000000000000e+00
6.972578880544726587e+01,1.000000000000000000e+00,7.000000000000000000e+00
6.972578880544726587e+01,1.000000000000000000e+00,6.000000000000000000e+00
6.972578880544726587e+01,1.000000000000000000e+00,1.100000000000000000e+01
6.972578880544726587e+01,1.000000000000000000e+00,4.000000000000000000e+00
6.972578880544726587e+01,1.000000000000000000e+00,6.000000000000000000e+00
6.972578880544726587e+01,1.000000000000000000e+00,8.000000000000000000e+00
6.972578880544726587e+01,1.000000000000000000e+00,9.000000000000000000e+00
6.972578880544726587e+01,1.000000000000000000e+00,1.000000000000000000e+01
6.972578880544726587e+01,1.000000000000000000e+00,7.000000000000000000e+00
6.972578880544726587e+01,1.000000000000000000e+00,5.000000000000000000e+00
6.972578880544726587e+01,1.000000000000000000e+00,1.100000000000000000e+01
6.972578880544726587e+01,1.000000000000000000e+00,7.000000000000000000e+00
6.972578880544726587e+01,1.000000000000000000e+00,8.000000000000000000e+00
6.972578880544726587e+01,1.000000000000000000e+00,6.000000000000000000e+00
6.972578880544726587e+01,1.000000000000000000e+00,8.000000000000000000e+00
6.972578880544726587e+01,1.000000000000000000e+00,7.000000000000000000e+00
6.972578880544726587e+01,1.000000000000000000e+00,8.000000000000000000e+00
6.972578880544726587e+01,1.000000000000000000e+00,1.000000000000000000e+01
6.972578880544726587e+01,1.000000000000000000e+00,8.000000000000000000e+00
6.972578880544726587e+01,1.000000000000000000e+00,7.000000000000000000e+00
6.972578880544726587e+01,1.000000000000000000e+00,9.000000000000000000e+00
6.972578880544726587e+01,1.000000000000000000e+00,1.400000000000000000e+01
6.972578880544726587e+01,1.000000000000000000e+00,6.000000000000000000e+00
6.972578880544726587e+01,1.000000000000000000e+00,1.200000000000000000e+01
6.972578880544726587e+01,1.000000000000000000e+00,1.200000000000000000e+01
6.972578880544726587e+01,1.000000000000000000e+00,8.000000000000000000e+00
6.972578880544726587e+01,1.000000000000000000e+00,9.000000000000000000e+00
6.972578880544726587e+01,1.000000000000000000e+00,1.000000000000000000e+01
6.972578880544726587e+01,1.000000000000000000e+00,9.000000000000000000e+00
6.972578880544726587e+01,1.000000000000000000e+00,8.000000000000000000e+00
6.972578880544726587e+01,1.000000000000000000e+00,7.000000000000000000e+00
6.972578880544726587e+01,1.000000000000000000e+00,1.300000000000000000e+01
6.972578880544726587e+01,1.000000000000000000e+00,7.000000000000000000e+00
6.972578880544726587e+01,1.000000000000000000e+00,8.000000000000000000e+00
6.972578880544726587e+01,1.000000000000000000e+00,1.200000000000000000e+01
6.972578880544726587e+01,1.000000000000000000e+00,7.000000000000000000e+00
6.972578880544726587e+01,1.000000000000000000e+00,1.300000000000000000e+01
6.972578880544726587e+01,1.000000000000000000e+00,1.000000000000000000e+01
6.972578880544726587e+01,1.000000000000000000e+00,6.000000000000000000e+00
6.972578880544726587e+01,1.000000000000000000e+00,1.100000000000000000e+01
6.972578880544726587e+01,1.000000000000000000e+00,1.100000000000000000e+01
6.972578880544726587e+01,1.000000000000000000e+00,1.100000000000000000e+01
6.972578880544726587e+01,1.000000000000000000e+00,1.300000000000000000e+01
6.972578880544726587e+01,1.000000000000000000e+00,1.200000000000000000e+01
6.972578880544726587e+01,1.000000000000000000e+00,9.000000000000000000e+00
6.972578880544726587e+01,1.000000000000000000e+00,1.200000000000000000e+01
6.972578880544726587e+01,1.000000000000000000e+00,1.200000000000000000e+01
6.972578880544726587e+01,1.000000000000000000e+00,1.200000000000000000e+01
6.972578880544726587e+01,1.000000000000000000e+00,1.000000000000000000e+01
6.972578880544726587e+01,1.000000000000000000e+00,1.300000000000000000e+01
6.972578880544726587e+01,1.000000000000000000e+00,9.000000000000000000e+00
6.972578880544726587e+01,1.000000000000000000e+00,9.000000000000000000e+00
6.972578880544726587e+01,1.000000000000000000e+00,1.000000000000000000e+01
6.972578880544726587e+01,1.000000000000000000e+00,1.000000000000000000e+01
6.972578880544726587e+01,1.000000000000000000e+00,1.600000000000000000e+01
6.972578880544726587e+01,1.000000000000000000e+00,9.000000000000000000e+00
6.972578880544726587e+01,1.000000000000000000e+00,1.400000000000000000e+01
6.972578880544726587e+01,1.000000000000000000e+00,1.000000000000000000e+01
6.972578880544726587e+01,1.000000000000000000e+00,1.100000000000000000e+01
6.972578880544726587e+01,1.000000000000000000e+00,1.300000000000000000e+01
6.972578880544726587e+01,1.000000000000000000e+00,1.200000000000000000e+01
6.972578880544726587e+01,1.000000000000000000e+00,1.000000000000000000e+01
6.972578880544726587e+01,1.000000000000000000e+00,1.300000000000000000e+01
6.972578880544726587e+01,1.000000000000000000e+00,1.200000000000000000e+01
6.972578880544726587e+01,1.000000000000000000e+00,1.600000000000000000e+01
6.972578880544726587e+01,1.000000000000000000e+00,1.300000000000000000e+01
6.972578880544726587e+01,1.000000000000000000e+00,1.000000000000000000e+01
6.972578880544726587e+01,1.000000000000000000e+00,9.000000000000000000e+00
6.972578880544726587e+01,1.000000000000000000e+00,1.100000000000000000e+01
6.972578880544726587e+01,1.000000000000000000e+00,1.200000000000000000e+01
6.972578880544726587e+01,1.000000000000000000e+00,1.500000000000000000e+01
6.972578880544726587e+01,1.000000000000000000e+00,1.100000000000000000e+01
6.972578880544726587e+01,1.000000000000000000e+00,1.100000000000000000e+01
6.972578880544726587e+01,1.000000000000000000e+00,1.300000000000000000e+01
6.972578880544726587e+01,1.000000000000000000e+00,1.100000000000000000e+01
6.972578880544726587e+01,1.000000000000000000e+00,1.000000000000000000e+01
6.972578880544726587e+01,1.000000000000000000e+00,1.500000000000000000e+01
6.972578880544726587e+01,1.000000000000000000e+00,1.200000000000000000e+01
6.972578880544726587e+01,1.000000000000000000e+00,1.500000000000000000e+01
6.972578880544726587e+01,1.000000000000000000e+00,1.600000000000000000e+01
6.972578880544726587e+01,1.000000000000000000e+00,1.500000000000000000e+01
6.972578880544726587e+01,1.000000000000000000e+00,1.300000000000000000e+01
6.972578880544726587e+01,1.000000000000000000e+00,1.300000000000000000e+01
6.972578880544726587e+01,1.000000000000000000e+00,1.700000000000000000e+01
6.972578880544726587e+01,1.000000000000000000e+00,1.100000000000000000e+01
6.972578880544726587e+01,1.000000000000000000e+00,1.200000000000000000e+01
6.972578880544726587e+01,1.000000000000000000e+00,1.700000000000000000e+01
6.972578880544726587e+01,1.000000000000000000e+00,1.300000000000000000e+01
6.972578880544726587e+01,1.000000000000000000e+00,1.200000000000000000e+01
6.972578880544726587e+01,1.000000000000000000e+00,1.300000000000000000e+01
6.972578880544726587e+01,1.000000000000000000e+00,1.300000000000000000e+01
6.972578880544726587e+01,1.000000000000000000e+00,1.500000000000000000e+01
6.972578880544726587e+01,1.000000000000000000e+00,1.100000000000000000e+01
6.972578880544726587e+01,1.000000000000000000e+00,1.300000000000000000e+01
6.972578880544726587e+01,1.000000000000000000e+00,1.400000000000000000e+01
6.972578880544726587e+01,1.000000000000000000e+00,1.700000000000000000e+01
6.972578880544726587e+01,1.000000000000000000e+00,1.400000000000000000e+01
6.972578880544726587e+01,1.000000000000000000e+00,1.500000000000000000e+01
6.972578880544726587e+01,1.000000000000000000e+00,1.400000000000000000e+01
6.972578880544726587e+01,1.000000000000000000e+00,1.500000000000000000e+01
6.972578880544726587e+01,1.000000000000000000e+00,1.500000000000000000e+01
6.972578880544726587e+01,1.000000000000000000e+00,1.300000000000000000e+01
6.972578880544726587e+01,1.000000000000000000e+00,1.700000000000000000e+01
6.972578880544726587e+01,1.000000000000000000e+00,1.400000000000000000e+01
6.972578880544726587e+01,1.000000000000000000e+00,1.400000000000000000e+01
6.972578880544726587e+01,1.000000000000000000e+00,1.600000000000000000e+01
6.972578880544726587e+01,1.000000000000000000e+00,1.400000000000000000e+01
6.972578880544726587e+01,1.000000000000000000e+00,1.700000000000000000e+01
6.972578880544726587e+01,1.000000000000000000e+00,1.200000000000000000e+01
6.972578880544726587e+01,1.000000000000000000e+00,1.500000000000000000e+01
6.972578880544726587e+01,1.000000000000000000e+00,1.700000000000000000e+01
6.972578880544726587e+01,1.000000000000000000e+00,2.200000000000000000e+01
6.972578880544726587e+01,1.000000000000000000e+00,1.500000000000000000e+01
6.972578880544726587e+01,1.000000000000000000e+00,1.500000000000000000e+01
6.972578880544726587e+01,1.000000000000000000e+00,1.900000000000000000e+01
6.972578880544726587e+01,1.000000000000000000e+00,1.400000000000000000e+01
6.972578880544726587e+01,1.000000000000000000e+00,1.700000000000000000e+01
6.972578880544726587e+01,1.000000000000000000e+00,1.500000000000000000e+01
6.972578880544726587e+01,1.000000000000000000e+00,1.600000000000000000e+01
6.972578880544726587e+01,1.000000000000000000e+00,1.600000000000000000e+01
6.972578880544726587e+01,1.000000000000000000e+00,1.900000000000000000e+01
6.972578880544726587e+01,1.000000000000000000e+00,1.600000000000000000e+01
6.972578880544726587e+01,1.000000000000000000e+00,1.600000000000000000e+01
6.972578880544726587e+01,1.000000000000000000e+00,1.500000000000000000e+01
6.972578880544726587e+01,1.000000000000000000e+00,1.600000000000000000e+01
6.972578880544726587e+01,1.000000000000000000e+00,1.700000000000000000e+01
6.972578880544726587e+01,1.000000000000000000e+00,1.700000000000000000e+01
6.972578880544726587e+01,1.000000000000000000e+00,1.800000000000000000e+01
6.972578880544726587e+01,1.000000000000000000e+00,1.400000000000000000e+01
6.972578880544726587e+01,1.000000000000000000e+00,1.900000000000000000e+01
6.972578880544726587e+01,1.000000000000000000e+00,2.200000000000000000e+01
6.972578880544726587e+01,1.000000000000000000e+00,1.100000000000000000e+01
6.972578880544726587e+01,1.000000000000000000e+00,1.800000000000000000e+01
6.972578880544726587e+01,1.000000000000000000e+00,1.500000000000000000e+01
6.972578880544726587e+01,1.000000000000000000e+00,1.800000000000000000e+01
6.972578880544726587e+01,1.000000000000000000e+00,1.700000000000000000e+01
6.972578880544726587e+01,1.000000000000000000e+00,1.900000000000000000e+01
6.972578880544726587e+01,1.000000000000000000e+00,1.900000000000000000e+01
6.972578880544726587e+01,1.000000000000000000e+00,1.700000000000000000e+01
6.972578880544726587e+01,1.000000000000000000e+00,1.900000000000000000e+01
6.972578880544726587e+01,1.000000000000000000e+00,1.600000000000000000e+01
6.972578880544726587e+01,1.000000000000000000e+00,1.500000000000000000e+01
6.972578880544726587e+01,1.000000000000000000e+00,1.800000000000000000e+01
6.972578880544726587e+01,1.000000000000000000e+00,2.100000000000000000e+01
6.972578880544726587e+01,1.000000000000000000e+00,1.500000000000000000e+01
6.972578880544726587e+01,1.000000000000000000e+00,2.000000000000000000e+01
6.972578880544726587e+01,1.000000000000000000e+00,1.900000000000000000e+01
6.972578880544726587e+01,1.000000000000000000e+00,2.000000000000000000e+01
6.972578880544726587e+01,1.000000000000000000e+00,1.900000000000000000e+01
6.972578880544726587e+01,1.000000000000000000e+00,1.500000000000000000e+01
6.972578880544726587e+01,1.000000000000000000e+00,2.100000000000000000e+01
6.972578880544726587e+01,1.000000000000000000e+00,1.900000000000000000e+01
6.972578880544726587e+01,1.000000000000000000e+00,1.700000000000000000e+01
6.972578880544726587e+01,1.000000000000000000e+00,2.100000000000000000e+01
6.972578880544726587e+01,1.000000000000000000e+00,1.600000000000000000e+01
6.972578880544726587e+01,1.000000000000000000e+00,2.200000000000000000e+01
6.972578880544726587e+01,1.000000000000000000e+00,1.900000000000000000e+01
6.972578880544726587e+01,1.000000000000000000e+00,1.700000000000000000e+01
6.972578880544726587e+01,1.000000000000000000e+00,2.100000000000000000e+01
6.972578880544726587e+01,1.000000000000000000e+00,1.600000000000000000e+01
6.972578880544726587e+01,1.000000000000000000e+00,1.800000000000000000e+01
6.972578880544726587e+01,1.000000000000000000e+00,1.700000000000000000e+01
6.972578880544726587e+01,1.000000000000000000e+00,1.600000000000000000e+01
6.972578880544726587e+01,1.000000000000000000e+00,1.800000000000000000e+01
6.972578880544726587e+01,1.000000000000000000e+00,2.200000000000000000e+01
6.972578880544726587e+01,1.000000000000000000e+00,1.900000000000000000e+01
6.972578880544726587e+01,1.000000000000000000e+00,1.800000000000000000e+01
6.972578880544726587e+01,1.000000000000000000e+00,1.900000000000000000e+01
6.972578880544726587e+01,1.000000000000000000e+00,2.200000000000000000e+01
6.972578880544726587e+01,1.000000000000000000e+00,2.000000000000000000e+01
6.972578880544726587e+01,1.000000000000000000e+00,1.900000000000000000e+01
6.972578880544726587e+01,1.000000000000000000e+00,2.400000000000000000e+01
6.972578880544726587e+01,1.000000000000000000e+00,2.100000000000000000e+01
6.972578880544726587e+01,1.000000000000000000e+00,2.200000000000000000e+01
6.972578880544726587e+01,1.000000000000000000e+00,2.300000000000000000e+01
6.972578880544726587e+01,1.000000000000000000e+00,2.300000000000000000e+01
6.972578880544726587e+01,1.000000000000000000e+00,2.200000000000000000e+01
6.972578880544726587e+01,1.000000000000000000e+00,2.300000000000000000e+01
6.972578880544726587e+01,1.000000000000000000e+00,2.200000000000000000e+01
6.972578880544726587e+01,1.000000000000000000e+00,2.000000000000000000e+01
6.972578880544726587e+01,1.000000000000000000e+00,2.200000000000000000e+01
6.972578880544726587e+01,1.000000000000000000e+00,2.100000000000000000e+01
6.972578880544726587e+01,1.000000000000000000e+00,2.200000000000000000e+01
6.972578880544726587e+01,1.000000000000000000e+00,1.700000000000000000e+01
6.972578880544726587e+01,1.000000000000000000e+00,2.400000000000000000e+01
6.972578880544726587e+01,1.000000000000000000e+00,2.300000000000000000e+01
6.972578880544726587e+01,1.000000000000000000e+00,2.500000000000000000e+01
6.972578880544726587e+01,1.000000000000000000e+00,2.000000000000000000e+01
6.972578880544726587e+01,1.000000000000000000e+00,1.900000000000000000e+01
6.972578880544726587e+01,1.000000000000000000e+00,2.200000000000000000e+01
6.972578880544726587e+01,1.000000000000000000e+00,2.400000000000000000e+01
6.972578880544726587e+01,1.000000000000000000e+00,2.500000000000000000e+01
6.972578880544726587e+01,1.000000000000000000e+00,2.500000000000000000e+01
6.972578880544726587e+01,1.000000000000000000e+00,2.500000000000000000e+01
6.972578880544726587e+01,1.000000000000000000e+00,2.100000000000000000e+01
6.972578880544726587e+01,1.000000000000000000e+00,2.500000000000000000e+01
6.972578880544726587e+01,1.000000000000000000e+00,2.300000000000000000e+01
6.972578880544726587e+01,1.000000000000000000e+00,2.400000000000000000e+01
6.972578880544726587e+01,1.000000000000000000e+00,2.300000000000000000e+01
6.972578880544726587e+01,1.000000000000000000e+00,2.500000000000000000e+01
6.972578880544726587e+01,1.000000000000000000e+00,2.600000000000000000e+01
6.972578880544726587e+01,1.000000000000000000e+00,2.300000000000000000e+01
6.972578880544726587e+01,1.000000000000000000e+00,2.500000000000000000e+01
6.972578880544726587e+01,1.000000000000000000e+00,2.400000000000000000e+01
6.972578880544726587e+01,1.000000000000000000e+00,2.500000000000000000e+01
6.972578880544726587e+01,1.000000000000000000e+00,2.300000000000000000e+01
6.972578880544726587e+01,1.000000000000000000e+00,2.300000000000000000e+01
6.972578880544726587e+01,1.000000000000000000e+00,2.400000000000000000e+01
6.972578880544726587e+01,1.000000000000000000e+00,2.200000000000000000e+01
6.972578880544726587e+01,1.000000000000000000e+00,2.600000000000000000e+01
6.972578880544726587e+01,1.000000000000000000e+00,2.300000000000000000e+01
6.972578880544726587e+01,1.000000000000000000e+00,2.300000000000000000e+01
6.972578880544726587e+01,1.000000000000000000e+00,2.400000000000000000e+01
6.972578880544726587e+01,1.000000000000000000e+00,2.300000000000000000e+01
6.972578880544726587e+01,1.000000000000000000e+00,2.300000000000000000e+01
6.972578880544726587e+01,1.000000000000000000e+00,2.500000000000000000e+01
6.972578880544726587e+01,1.000000000000000000e+00,2.100000000000000000e+01
6.972578880544726587e+01,1.000000000000000000e+00,2.100000000000000000e+01
6.972578880544726587e+01,1.000000000000000000e+00,2.400000000000000000e+01
6.972578880544726587e+01,1.000000000000000000e+00,2.600000000000000000e+01
6.972578880544726587e+01,1.000000000000000000e+00,2.500000000000000000e+01
6.972578880544726587e+01,1.000000000000000000e+00,2.300000000000000000e+01
6.972578880544726587e+01,1.000000000000000000e+00,2.500000000000000000e+01
6.972578880544726587e+01,1.000000000000000000e+00,2.300000000000000000e+01
6.972578880544726587e+01,1.000000000000000000e+00,2.400000000000000000e+01
6.972578880544726587e+01,1.000000000000000000e+00,2.400000000000000000e+01
6.972578880544726587e+01,1.000000000000000000e+00,2.400000000000000000e+01
6.972578880544726587e+01,1.000000000000000000e+00,2.600000000000000000e+01
6.972578880544726587e+01,1.000000000000000000e+00,2.600000000000000000e+01
6.972578880544726587e+01,1.000000000000000000e+00,2.300000000000000000e+01
6.972578880544726587e+01,1.000000000000000000e+00,2.200000000000000000e+01
6.972578880544726587e+01,1.000000000000000000e+00,2.600000000000000000e+01
6.972578880544726587e+01,1.000000000000000000e+00,2.500000000000000000e+01
6.972578880544726587e+01,1.000000000000000000e+00,2.600000000000000000e+01
6.972578880544726587e+01,1.000000000000000000e+00,3.100000000000000000e+01
6.972578880544726587e+01,1.000000000000000000e+00,2.500000000000000000e+01
6.972578880544726587e+01,1.000000000000000000e+00,2.700000000000000000e+01
6.972578880544726587e+01,1.000000000000000000e+00,2.500000000000000000e+01
6.972578880544726587e+01,1.000000000000000000e+00,2.700000000000000000e+01
6.972578880544726587e+01,1.000000000000000000e+00,2.900000000000000000e+01
6.972578880544726587e+01,1.000000000000000000e+00,2.700000000000000000e+01
6.972578880544726587e+01,1.000000000000000000e+00,2.900000000000000000e+01
6.972578880544726587e+01,1.000000000000000000e+00,2.700000000000000000e+01
6.972578880544726587e+01,1.000000000000000000e+00,2.700000000000000000e+01
6.972578880544726587e+01,1.000000000000000000e+00,3.100000000000000000e+01
6.972578880544726587e+01,1.000000000000000000e+00,2.500000000000000000e+01
6.972578880544726587e+01,1.000000000000000000e+00,2.800000000000000000e+01
6.972578880544726587e+01,1.000000000000000000e+00,2.700000000000000000e+01
6.972578880544726587e+01,1.000000000000000000e+00,2.800000000000000000e+01
6.972578880544726587e+01,1.000000000000000000e+00,2.500000000000000000e+01
6.972578880544726587e+01,1.000000000000000000e+00,2.600000000000000000e+01
6.972578880544726587e+01,1.000000000000000000e+00,2.700000000000000000e+01
6.972578880544726587e+01,1.000000000000000000e+00,2.800000000000000000e+01
6.972578880544726587e+01,1.000000000000000000e+00,2.700000000000000000e+01
6.972578880544726587e+01,1.000000000000000000e+00,2.400000000000000000e+01
6.972578880544726587e+01,1.000000000000000000e+00,2.500000000000000000e+01
6.972578880544726587e+01,1.000000000000000000e+00,2.600000000000000000e+01
6.972578880544726587e+01,1.000000000000000000e+00,3.100000000000000000e+01
6.972578880544726587e+01,1.000000000000000000e+00,2.900000000000000000e+01
6.972578880544726587e+01,1.000000000000000000e+00,2.400000000000000000e+01
6.972578880544726587e+01,1.000000000000000000e+00,2.900000000000000000e+01
6.972578880544726587e+01,1.000000000000000000e+00,2.600000000000000000e+01
6.972578880544726587e+01,1.000000000000000000e+00,2.800000000000000000e+01
6.972578880544726587e+01,1.000000000000000000e+00,2.400000000000000000e+01
6.972578880544726587e+01,1.000000000000000000e+00,2.900000000000000000e+01
6.972578880544726587e+01,1.000000000000000000e+00,2.800000000000000000e+01
6.972578880544726587e+01,1.000000000000000000e+00,2.700000000000000000e+01
6.972578880544726587e+01,1.000000000000000000e+00,3.000000000000000000e+01
6.972578880544726587e+01,1.000000000000000000e+00,3.300000000000000000e+01
6.972578880544726587e+01,1.000000000000000000e+00,2.900000000000000000e+01
6.972578880544726587e+01,1.000000000000000000e+00,2.900000000000000000e+01
6.972578880544726587e+01,1.000000000000000000e+00,3.100000000000000000e+01
6.972578880544726587e+01,1.000000000000000000e+00,2.800000000000000000e+01
6.972578880544726587e+01,1.000000000000000000e+00,2.600000000000000000e+01
6.972578880544726587e+01,1.000000000000000000e+00,2.700000000000000000e+01
6.972578880544726587e+01,1.000000000000000000e+00,3.200000000000000000e+01
6.972578880544726587e+01,1.000000000000000000e+00,2.800000000000000000e+01
6.972578880544726587e+01,1.000000000000000000e+00,2.800000000000000000e+01
6.972578880544726587e+01,1.000000000000000000e+00,3.000000000000000000e+01
6.972578880544726587e+01,1.000000000000000000e+00,3.000000000000000000e+01
6.972578880544726587e+01,1.000000000000000000e+00,3.200000000000000000e+01
6.972578880544726587e+01,1.000000000000000000e+00,3.200000000000000000e+01
6.972578880544726587e+01,1.000000000000000000e+00,2.900000000000000000e+01
6.972578880544726587e+01,1.000000000000000000e+00,2.900000000000000000e+01
6.972578880544726587e+01,1.000000000000000000e+00,2.900000000000000000e+01
6.972578880544726587e+01,1.000000000000000000e+00,3.200000000000000000e+01
6.972578880544726587e+01,1.000000000000000000e+00,3.300000000000000000e+01
6.972578880544726587e+01,1.000000000000000000e+00,2.700000000000000000e+01
6.972578880544726587e+01,1.000000000000000000e+00,3.000000000000000000e+01
6.972578880544726587e+01,1.000000000000000000e+00,3.000000000000000000e+01
6.972578880544726587e+01,1.000000000000000000e+00,3.100000000000000000e+01
6.972578880544726587e+01,1.000000000000000000e+00,2.900000000000000000e+01
6.972578880544726587e+01,1.000000000000000000e+00,2.900000000000000000e+01
6.972578880544726587e+01,1.000000000000000000e+00,3.300000000000000000e+01
6.972578880544726587e+01,1.000000000000000000e+00,3.300000000000000000e+01
6.972578880544726587e+01,1.000000000000000000e+00,3.000000000000000000e+01
6.972578880544726587e+01,1.000000000000000000e+00,3.000000000000000000e+01
6.972578880544726587e+01,1.000000000000000000e+00,3.000000000000000000e+01
6.972578880544726587e+01,1.000000000000000000e+00,3.100000000000000000e+01
6.972578880544726587e+01,1.000000000000000000e+00,3.100000000000000000e+01
6.972578880544726587e+01,1.000000000000000000e+00,3.000000000000000000e+01
6.972578880544726587e+01,1.000000000000000000e+00,3.000000000000000000e+01
6.972578880544726587e+01,1.000000000000000000e+00,3.100000000000000000e+01
6.972578880544726587e+01,1.000000000000000000e+00,3.100000000000000000e+01
6.972578880544726587e+01,1.000000000000000000e+00,3.000000000000000000e+01
6.972578880544726587e+01,1.000000000000000000e+00,3.300000000000000000e+01
6.972578880544726587e+01,1.000000000000000000e+00,2.900000000000000000e+01
6.972578880544726587e+01,1.000000000000000000e+00,3.500000000000000000e+01
6.972578880544726587e+01,1.000000000000000000e+00,3.100000000000000000e+01
6.972578880544726587e+01,1.000000000000000000e+00,3.100000000000000000e+01
6.972578880544726587e+01,1.000000000000000000e+00,3.200000000000000000e+01
6.972578880544726587e+01,1.000000000000000000e+00,3.200000000000000000e+01
6.972578880544726587e+01,1.000000000000000000e+00,3.100000000000000000e+01
6.972578880544726587e+01,1.000000000000000000e+00,3.300000000000000000e+01
6.972578880544726587e+01,1.000000000000000000e+00,3.000000000000000000e+01
6.972578880544726587e+01,1.000000000000000000e+00,3.400000000000000000e+01
6.972578880544726587e+01,1.000000000000000000e+00,2.800000000000000000e+01
6.972578880544726587e+01,1.000000000000000000e+00,3.200000000000000000e+01
6.972578880544726587e+01,1.000000000000000000e+00,3.100000000000000000e+01
6.972578880544726587e+01,1.000000000000000000e+00,2.900000000000000000e+01
6.972578880544726587e+01,1.000000000000000000e+00,3.300000000000000000e+01
6.972578880544726587e+01,1.000000000000000000e+00,3.100000000000000000e+01
6.972578880544726587e+01,1.000000000000000000e+00,3.300000000000000000e+01
6.972578880544726587e+01,1.000000000000000000e+00,3.700000000000000000e+01
6.972578880544726587e+01,1.000000000000000000e+00,3.100000000000000000e+01
6.972578880544726587e+01,1.000000000000000000e+00,3.200000000000000000e+01
6.972578880544726587e+01,1.000000000000000000e+00,3.200000000000000000e+01
6.972578880544726587e+01,1.000000000000000000e+00,3.200000000000000000e+01
6.972578880544726587e+01,1.000000000000000000e+00,3.100000000000000000e+01
6.972578880544726587e+01,1.000000000000000000e+00,3.500000000000000000e+01
6.972578880544726587e+01,1.000000000000000000e+00,3.600000000000000000e+01
6.972578880544726587e+01,1.000000000000000000e+00,3.600000000000000000e+01
6.972578880544726587e+01,1.000000000000000000e+00,3.300000000000000000e+01
6.972578880544726587e+01,1.000000000000000000e+00,3.300000000000000000e+01
6.972578880544726587e+01,1.000000000000000000e+00,3.200000000000000000e+01
6.972578880544726587e+01,1.000000000000000000e+00,3.500000000000000000e+01
6.972578880544726587e+01,1.000000000000000000e+00,3.300000000000000000e+01
6.972578880544726587e+01,1.000000000000000000e+00,3.000000000000000000e+01
6.972578880544726587e+01,1.000000000000000000e+00,3.300000000000000000e+01
6.972578880544726587e+01,1.000000000000000000e+00,3.100000000000000000e+01
6.972578880544726587e+01,1.000000000000000000e+00,3.700000000000000000e+01
6.972578880544726587e+01,1.000000000000000000e+00,3.400000000000000000e+01
6.972578880544726587e+01,1.000000000000000000e+00,3.300000000000000000e+01
6.972578880544726587e+01,1.000000000000000000e+00,3.600000000000000000e+01
6.972578880544726587e+01,1.000000000000000000e+00,2.900000000000000000e+01
6.972578880544726587e+01,1.000000000000000000e+00,3.500000000000000000e+01
6.972578880544726587e+01,1.000000000000000000e+00,3.600000000000000000e+01
6.972578880544726587e+01,1.000000000000000000e+00,3.300000000000000000e+01
6.972578880544726587e+01,1.000000000000000000e+00,3.200000000000000000e+01
6.972578880544726587e+01,1.000000000000000000e+00,3.300000000000000000e+01
6.972578880544726587e+01,1.000000000000000000e+00,3.600000000000000000e+01
6.972578880544726587e+01,1.000000000000000000e+00,3.600000000000000000e+01
6.972578880544726587e+01,1.000000000000000000e+00,3.600000000000000000e+01
6.972578880544726587e+01,1.000000000000000000e+00,3.500000000000000000e+01
6.972578880544726587e+01,1.000000000000000000e+00,3.400000000000000000e+01
6.972578880544726587e+01,1.000000000000000000e+00,3.700000000000000000e+01
6.972578880544726587e+01,1.000000000000000000e+00,3.700000000000000000e+01
6.972578880544726587e+01,1.000000000000000000e+00,3.600000000000000000e+01
6.972578880544726587e+01,1.000000000000000000e+00,3.700000000000000000e+01
6.972578880544726587e+01,1.000000000000000000e+00,3.100000000000000000e+01
6.972578880544726587e+01,1.000000000000000000e+00,3.600000000000000000e+01
6.972578880544726587e+01,1.000000000000000000e+00,3.600000000000000000e+01
6.972578880544726587e+01,1.000000000000000000e+00,3.400000000000000000e+01
6.972578880544726587e+01,1.000000000000000000e+00,3.500000000000000000e+01
6.972578880544726587e+01,1.000000000000000000e+00,4.000000000000000000e+01
6.972578880544726587e+01,1.000000000000000000e+00,3.600000000000000000e+01
6.972578880544726587e+01,1.000000000000000000e+00,3.400000000000000000e+01
6.972578880544726587e+01,1.000000000000000000e+00,3.600000000000000000e+01
6.972578880544726587e+01,1.000000000000000000e+00,3.300000000000000000e+01
6.972578880544726587e+01,1.000000000000000000e+00,3.700000000000000000e+01
6.972578880544726587e+01,1.000000000000000000e+00,3.400000000000000000e+01
6.972578880544726587e+01,1.000000000000000000e+00,3.500000000000000000e+01
6.972578880544726587e+01,1.000000000000000000e+00,3.600000000000000000e+01
6.972578880544726587e+01,1.000000000000000000e+00,3.500000000000000000e+01
6.972578880544726587e+01,1.000000000000000000e+00,3.800000000000000000e+01
6.972578880544726587e+01,1.000000000000000000e+00,3.700000000000000000e+01
6.972578880544726587e+01,1.000000000000000000e+00,3.900000000000000000e+01
6.972578880544726587e+01,1.000000000000000000e+00,3.400000000000000000e+01
6.972578880544726587e+01,1.000000000000000000e+00,3.800000000000000000e+01
6.972578880544726587e+01,1.000000000000000000e+00,3.900000000000000000e+01
6.972578880544726587e+01,1.000000000000000000e+00,3.900000000000000000e+01
6.972578880544726587e+01,1.000000000000000000e+00,3.100000000000000000e+01
6.972578880544726587e+01,1.000000000000000000e+00,3.700000000000000000e+01
6.972578880544726587e+01,1.000000000000000000e+00,3.400000000000000000e+01
6.972578880544726587e+01,1.000000000000000000e+00,3.400000000000000000e+01
6.972578880544726587e+01,1.000000000000000000e+00,3.800000000000000000e+01
6.972578880544726587e+01,1.000000000000000000e+00,3.600000000000000000e+01
6.972578880544726587e+01,1.000000000000000000e+00,3.500000000000000000e+01
6.972578880544726587e+01,1.000000000000000000e+00,3.800000000000000000e+01
6.972578880544726587e+01,1.000000000000000000e+00,3.900000000000000000e+01
6.972578880544726587e+01,1.000000000000000000e+00,3.900000000000000000e+01
6.972578880544726587e+01,1.000000000000000000e+00,4.000000000000000000e+01
6.972578880544726587e+01,1.000000000000000000e+00,3.400000000000000000e+01
6.972578880544726587e+01,1.000000000000000000e+00,4.300000000000000000e+01
6.972578880544726587e+01,1.000000000000000000e+00,3.700000000000000000e+01
6.972578880544726587e+01,1.000000000000000000e+00,3.500000000000000000e+01
6.972578880544726587e+01,1.000000000000000000e+00,3.900000000000000000e+01
6.972578880544726587e+01,1.000000000000000000e+00,3.800000000000000000e+01
6.972578880544726587e+01,1.000000000000000000e+00,3.700000000000000000e+01
6.972578880544726587e+01,1.000000000000000000e+00,4.000000000000000000e+01
6.972578880544726587e+01,1.000000000000000000e+00,3.600000000000000000e+01
6.972578880544726587e+01,1.000000000000000000e+00,3.800000000000000000e+01
6.972578880544726587e+01,1.000000000000000000e+00,3.700000000000000000e+01
6.972578880544726587e+01,1.000000000000000000e+00,3.700000000000000000e+01
6.972578880544726587e+01,1.000000000000000000e+00,4.100000000000000000e+01
6.972578880544726587e+01,1.000000000000000000e+00,3.800000000000000000e+01
6.972578880544726587e+01,1.000000000000000000e+00,3.900000000000000000e+01
6.972578880544726587e+01,1.000000000000000000e+00,4.000000000000000000e+01
6.972578880544726587e+01,1.000000000000000000e+00,3.800000000000000000e+01
6.972578880544726587e+01,1.000000000000000000e+00,3.900000000000000000e+01
6.972578880544726587e+01,1.000000000000000000e+00,3.900000000000000000e+01
6.972578880544726587e+01,1.000000000000000000e+00,3.900000000000000000e+01
6.972578880544726587e+01,1.000000000000000000e+00,4.100000000000000000e+01
6.972578880544726587e+01,1.000000000000000000e+00,3.900000000000000000e+01
6.972578880544726587e+01,1.000000000000000000e+00,3.500000000000000000e+01
6.972578880544726587e+01,1.000000000000000000e+00,3.900000000000000000e+01
6.972578880544726587e+01,1.000000000000000000e+00,3.500000000000000000e+01
6.972578880544726587e+01,1.000000000000000000e+00,3.700000000000000000e+01
6.972578880544726587e+01,1.000000000000000000e+00,3.900000000000000000e+01
6.972578880544726587e+01,1.000000000000000000e+00,4.000000000000000000e+01
6.972578880544726587e+01,1.000000000000000000e+00,3.800000000000000000e+01
6.972578880544726587e+01,1.000000000000000000e+00,3.700000000000000000e+01
6.972578880544726587e+01,1.000000000000000000e+00,4.000000000000000000e+01
6.972578880544726587e+01,1.000000000000000000e+00,3.900000000000000000e+01
6.972578880544726587e+01,1.000000000000000000e+00,3.900000000000000000e+01
6.972578880544726587e+01,1.000000000000000000e+00,4.000000000000000000e+01
6.972578880544726587e+01,1.000000000000000000e+00,4.100000000000000000e+01
6.972578880544726587e+01,1.000000000000000000e+00,3.800000000000000000e+01
6.972578880544726587e+01,1.000000000000000000e+00,4.000000000000000000e+01
6.972578880544726587e+01,1.000000000000000000e+00,3.800000000000000000e+01
6.972578880544726587e+01,1.000000000000000000e+00,3.800000000000000000e+01
6.972578880544726587e+01,1.000000000000000000e+00,4.200000000000000000e+01
6.972578880544726587e+01,1.000000000000000000e+00,3.900000000000000000e+01
6.972578880544726587e+01,1.000000000000000000e+00,4.000000000000000000e+01
6.972578880544726587e+01,1.000000000000000000e+00,3.700000000000000000e+01
6.972578880544726587e+01,1.000000000000000000e+00,4.100000000000000000e+01
6.972578880544726587e+01,1.000000000000000000e+00,4.000000000000000000e+01
6.972578880544726587e+01,1.000000000000000000e+00,4.200000000000000000e+01
6.972578880544726587e+01,1.000000000000000000e+00,4.000000000000000000e+01
6.972578880544726587e+01,1.000000000000000000e+00,4.300000000000000000e+01
6.972578880544726587e+01,1.000000000000000000e+00,4.300000000000000000e+01
6.972578880544726587e+01,1.000000000000000000e+00,4.300000000000000000e+01
6.972578880544726587e+01,1.000000000000000000e+00,3.900000000000000000e+01
6.972578880544726587e+01,1.000000000000000000e+00,3.900000000000000000e+01
6.972578880544726587e+01,1.000000000000000000e+00,4.100000000000000000e+01
6.972578880544726587e+01,1.000000000000000000e+00,4.000000000000000000e+01
6.972578880544726587e+01,1.000000000000000000e+00,4.000000000000000000e+01
6.972578880544726587e+01,1.000000000000000000e+00,4.100000000000000000e+01
6.972578880544726587e+01,1.000000000000000000e+00,4.000000000000000000e+01
6.972578880544726587e+01,1.000000000000000000e+00,4.100000000000000000e+01
6.972578880544726587e+01,1.000000000000000000e+00,4.200000000000000000e+01
6.972578880544726587e+01,1.000000000000000000e+00,4.200000000000000000e+01
6.972578880544726587e+01,1.000000000000000000e+00,3.700000000000000000e+01
6.972578880544726587e+01,1.000000000000000000e+00,4.200000000000000000e+01
6.972578880544726587e+01,1.000000000000000000e+00,4.000000000000000000e+01
6.972578880544726587e+01,1.000000000000000000e+00,4.200000000000000000e+01
6.972578880544726587e+01,1.000000000000000000e+00,4.400000000000000000e+01
6.972578880544726587e+01,1.000000000000000000e+00,4.300000000000000000e+01
6.972578880544726587e+01,1.000000000000000000e+00,3.900000000000000000e+01
6.972578880544726587e+01,1.000000000000000000e+00,4.000000000000000000e+01
6.972578880544726587e+01,1.000000000000000000e+00,4.400000000000000000e+01
6.972578880544726587e+01,1.000000000000000000e+00,4.000000000000000000e+01
6.972578880544726587e+01,1.000000000000000000e+00,4.200000000000000000e+01
6.972578880544726587e+01,1.000000000000000000e+00,4.100000000000000000e+01
6.972578880544726587e+01,1.000000000000000000e+00,4.100000000000000000e+01
6.972578880544726587e+01,1.000000000000000000e+00,4.000000000000000000e+01
6.972578880544726587e+01,1.000000000000000000e+00,4.100000000000000000e+01
6.972578880544726587e+01,1.000000000000000000e+00,4.300000000000000000e+01
6.972578880544726587e+01,1.000000000000000000e+00,4.000000000000000000e+01
6.972578880544726587e+01,1.000000000000000000e+00,3.900000000000000000e+01
6.972578880544726587e+01,1.000000000000000000e+00,4.200000000000000000e+01
6.972578880544726587e+01,1.000000000000000000e+00,4.400000000000000000e+01
6.972578880544726587e+01,1.000000000000000000e+00,4.200000000000000000e+01
6.972578880544726587e+01,1.000000000000000000e+00,4.500000000000000000e+01
6.972578880544726587e+01,1.000000000000000000e+00,4.300000000000000000e+01
6.972578880544726587e+01,1.000000000000000000e+00,4.400000000000000000e+01
6.972578880544726587e+01,1.000000000000000000e+00,4.300000000000000000e+01
6.972578880544726587e+01,1.000000000000000000e+00,3.900000000000000000e+01
6.972578880544726587e+01,1.000000000000000000e+00,4.000000000000000000e+01
6.972578880544726587e+01,1.000000000000000000e+00,4.200000000000000000e+01
6.972578880544726587e+01,1.000000000000000000e+00,4.000000000000000000e+01
6.972578880544726587e+01,1.000000000000000000e+00,4.000000000000000000e+01
6.972578880544726587e+01,1.000000000000000000e+00,4.600000000000000000e+01
6.972578880544726587e+01,1.000000000000000000e+00,4.000000000000000000e+01
6.972578880544726587e+01,1.000000000000000000e+00,4.000000000000000000e+01
6.972578880544726587e+01,1.000000000000000000e+00,4.400000000000000000e+01
6.972578880544726587e+01,1.000000000000000000e+00,4.500000000000000000e+01
6.972578880544726587e+01,1.000000000000000000e+00,4.200000000000000000e+01
6.972578880544726587e+01,1.000000000000000000e+00,4.100000000000000000e+01
6.972578880544726587e+01,1.000000000000000000e+00,4.100000000000000000e+01
6.972578880544726587e+01,1.000000000000000000e+00,4.000000000000000000e+01
6.972578880544726587e+01,1.000000000000000000e+00,4.400000000000000000e+01
6.972578880544726587e+01,1.000000000000000000e+00,4.300000000000000000e+01
6.972578880544726587e+01,1.000000000000000000e+00,4.500000000000000000e+01
6.972578880544726587e+01,1.000000000000000000e+00,4.200000000000000000e+01
6.972578880544726587e+01,1.000000000000000000e+00,4.300000000000000000e+01
6.972578880544726587e+01,1.000000000000000000e+00,4.100000000000000000e+01
6.972578880544726587e+01,1.000000000000000000e+00,4.400000000000000000e+01
6.972578880544726587e+01,1.000000000000000000e+00,4.500000000000000000e+01
6.972578880544726587e+01,1.000000000000000000e+00,4.400000000000000000e+01
6.972578880544726587e+01,1.000000000000000000e+00,4.400000000000000000e+01
6.972578880544726587e+01,1.000000000000000000e+00,4.100000000000000000e+01
6.972578880544726587e+01,1.000000000000000000e+00,4.100000000000000000e+01
6.972578880544726587e+01,1.000000000000000000e+00,4.100000000000000000e+01
6.972578880544726587e+01,1.000000000000000000e+00,4.200000000000000000e+01
6.972578880544726587e+01,1.000000000000000000e+00,4.100000000000000000e+01
6.972578880544726587e+01,1.000000000000000000e+00,4.300000000000000000e+01
6.972578880544726587e+01,1.000000000000000000e+00,4.400000000000000000e+01
6.972578880544726587e+01,1.000000000000000000e+00,4.200000000000000000e+01
6.972578880544726587e+01,1.000000000000000000e+00,4.700000000000000000e+01
6.972578880544726587e+01,1.000000000000000000e+00,4.600000000000000000e+01
6.972578880544726587e+01,1.000000000000000000e+00,4.200000000000000000e+01
6.972578880544726587e+01,1.000000000000000000e+00,4.400000000000000000e+01
6.972578880544726587e+01,1.000000000000000000e+00,4.400000000000000000e+01
6.972578880544726587e+01,1.000000000000000000e+00,4.500000000000000000e+01
6.972578880544726587e+01,1.000000000000000000e+00,4.600000000000000000e+01
6.972578880544726587e+01,1.000000000000000000e+00,4.300000000000000000e+01
6.972578880544726587e+01,1.000000000000000000e+00,4.100000000000000000e+01
6.972578880544726587e+01,1.000000000000000000e+00,4.700000000000000000e+01
6.972578880544726587e+01,1.000000000000000000e+00,4.600000000000000000e+01
6.972578880544726587e+01,1.000000000000000000e+00,4.000000000000000000e+01
6.972578880544726587e+01,1.000000000000000000e+00,4.300000000000000000e+01
6.972578880544726587e+01,1.000000000000000000e+00,4.300000000000000000e+01
6.972578880544726587e+01,1.000000000000000000e+00,4.200000000000000000e+01
6.972578880544726587e+01,1.000000000000000000e+00,4.300000000000000000e+01
6.972578880544726587e+01,1.000000000000000000e+00,4.600000000000000000e+01
6.972578880544726587e+01,1.000000000000000000e+00,4.500000000000000000e+01
6.972578880544726587e+01,1.000000000000000000e+00,4.500000000000000000e+01
6.972578880544726587e+01,1.000000000000000000e+00,4.700000000000000000e+01
6.972578880544726587e+01,1.000000000000000000e+00,4.600000000000000000e+01
6.972578880544726587e+01,1.000000000000000000e+00,4.500000000000000000e+01
6.972578880544726587e+01,1.000000000000000000e+00,4.800000000000000000e+01
6.972578880544726587e+01,1.000000000000000000e+00,4.500000000000000000e+01
6.972578880544726587e+01,1.000000000000000000e+00,4.700000000000000000e+01
6.972578880544726587e+01,1.000000000000000000e+00,4.100000000000000000e+01
6.972578880544726587e+01,1.000000000000000000e+00,4.700000000000000000e+01
6.972578880544726587e+01,1.000000000000000000e+00,4.300000000000000000e+01
6.972578880544726587e+01,1.000000000000000000e+00,4.600000000000000000e+01
6.972578880544726587e+01,1.000000000000000000e+00,4.700000000000000000e+01
6.972578880544726587e+01,1.000000000000000000e+00,4.300000000000000000e+01
6.972578880544726587e+01,1.000000000000000000e+00,4.500000000000000000e+01
6.972578880544726587e+01,1.000000000000000000e+00,4.300000000000000000e+01
6.972578880544726587e+01,1.000000000000000000e+00,4.500000000000000000e+01
6.972578880544726587e+01,1.000000000000000000e+00,4.900000000000000000e+01
6.972578880544726587e+01,1.000000000000000000e+00,4.700000000000000000e+01
6.972578880544726587e+01,1.000000000000000000e+00,4.400000000000000000e+01
6.972578880544726587e+01,1.000000000000000000e+00,4.600000000000000000e+01
6.972578880544726587e+01,1.000000000000000000e+00,4.400000000000000000e+01
6.972578880544726587e+01,1.000000000000000000e+00,4.900000000000000000e+01
6.972578880544726587e+01,1.000000000000000000e+00,4.700000000000000000e+01
6.972578880544726587e+01,1.000000000000000000e+00,4.800000000000000000e+01
6.972578880544726587e+01,1.000000000000000000e+00,4.400000000000000000e+01
6.972578880544726587e+01,1.000000000000000000e+00,4.600000000000000000e+01
6.972578880544726587e+01,1.000000000000000000e+00,4.500000000000000000e+01
6.972578880544726587e+01,1.000000000000000000e+00,4.600000000000000000e+01
6.972578880544726587e+01,1.000000000000000000e+00,4.600000000000000000e+01
6.972578880544726587e+01,1.000000000000000000e+00,4.800000000000000000e+01
6.972578880544726587e+01,1.000000000000000000e+00,4.600000000000000000e+01
6.972578880544726587e+01,1.000000000000000000e+00,4.400000000000000000e+01
6.972578880544726587e+01,1.000000000000000000e+00,4.700000000000000000e+01
6.972578880544726587e+01,1.000000000000000000e+00,4.600000000000000000e+01
6.972578880544726587e+01,1.000000000000000000e+00,5.000000000000000000e+01
6.972578880544726587e+01,1.000000000000000000e+00,4.500000000000000000e+01
6.972578880544726587e+01,1.000000000000000000e+00,4.600000000000000000e+01
6.972578880544726587e+01,1.000000000000000000e+00,4.600000000000000000e+01
6.972578880544726587e+01,1.000000000000000000e+00,4.700000000000000000e+01
6.972578880544726587e+01,1.000000000000000000e+00,4.800000000000000000e+01
6.972578880544726587e+01,1.000000000000000000e+00,4.500000000000000000e+01
6.972578880544726587e+01,1.000000000000000000e+00,5.000000000000000000e+01
6.972578880544726587e+01,1.000000000000000000e+00,4.600000000000000000e+01
6.972578880544726587e+01,1.000000000000000000e+00,4.400000000000000000e+01
6.972578880544726587e+01,1.000000000000000000e+00,4.600000000000000000e+01
6.972578880544726587e+01,1.000000000000000000e+00,5.000000000000000000e+01
6.972578880544726587e+01,1.000000000000000000e+00,4.400000000000000000e+01
6.972578880544726587e+01,1.000000000000000000e+00,4.900000000000000000e+01
6.972578880544726587e+01,1.000000000000000000e+00,4.700000000000000000e+01
6.972578880544726587e+01,1.000000000000000000e+00,4.700000000000000000e+01
6.972578880544726587e+01,1.000000000000000000e+00,4.600000000000000000e+01
6.972578880544726587e+01,1.000000000000000000e+00,4.200000000000000000e+01
6.972578880544726587e+01,1.000000000000000000e+00,4.600000000000000000e+01
6.972578880544726587e+01,1.000000000000000000e+00,4.600000000000000000e+01
6.972578880544726587e+01,1.000000000000000000e+00,4.800000000000000000e+01
6.972578880544726587e+01,1.000000000000000000e+00,4.500000000000000000e+01
6.972578880544726587e+01,1.000000000000000000e+00,4.100000000000000000e+01
6.972578880544726587e+01,1.000000000000000000e+00,4.700000000000000000e+01
6.972578880544726587e+01,1.000000000000000000e+00,4.800000000000000000e+01
6.972578880544726587e+01,1.000000000000000000e+00,4.700000000000000000e+01
6.972578880544726587e+01,1.000000000000000000e+00,4.600000000000000000e+01
6.972578880544726587e+01,1.000000000000000000e+00,4.800000000000000000e+01
6.972578880544726587e+01,1.000000000000000000e+00,4.700000000000000000e+01
6.972578880544726587e+01,1.000000000000000000e+00,4.600000000000000000e+01
6.972578880544726587e+01,1.000000000000000000e+00,4.600000000000000000e+01
6.972578880544726587e+01,1.000000000000000000e+00,4.500000000000000000e+01
6.972578880544726587e+01,1.000000000000000000e+00,4.600000000000000000e+01
6.972578880544726587e+01,1.000000000000000000e+00,4.500000000000000000e+01
6.972578880544726587e+01,1.000000000000000000e+00,4.500000000000000000e+01
6.972578880544726587e+01,1.000000000000000000e+00,4.500000000000000000e+01
6.972578880544726587e+01,1.000000000000000000e+00,4.900000000000000000e+01
6.972578880544726587e+01,1.000000000000000000e+00,5.100000000000000000e+01
6.972578880544726587e+01,1.000000000000000000e+00,4.600000000000000000e+01
6.972578880544726587e+01,1.000000000000000000e+00,4.700000000000000000e+01
6.972578880544726587e+01,1.000000000000000000e+00,4.600000000000000000e+01
6.972578880544726587e+01,1.000000000000000000e+00,4.800000000000000000e+01
6.972578880544726587e+01,1.000000000000000000e+00,5.000000000000000000e+01
6.972578880544726587e+01,1.000000000000000000e+00,4.900000000000000000e+01
6.972578880544726587e+01,1.000000000000000000e+00,4.800000000000000000e+01
6.972578880544726587e+01,1.000000000000000000e+00,4.800000000000000000e+01
6.972578880544726587e+01,1.000000000000000000e+00,4.900000000000000000e+01
6.972578880544726587e+01,1.000000000000000000e+00,4.600000000000000000e+01
6.972578880544726587e+01,1.000000000000000000e+00,4.700000000000000000e+01
6.972578880544726587e+01,1.000000000000000000e+00,4.700000000000000000e+01
6.972578880544726587e+01,1.000000000000000000e+00,4.700000000000000000e+01
6.972578880544726587e+01,1.000000000000000000e+00,5.000000000000000000e+01
6.972578880544726587e+01,1.000000000000000000e+00,4.700000000000000000e+01
6.972578880544726587e+01,1.000000000000000000e+00,4.900000000000000000e+01
6.972578880544726587e+01,1.000000000000000000e+00,4.800000000000000000e+01
6.972578880544726587e+01,1.000000000000000000e+00,5.000000000000000000e+01
6.972578880544726587e+01,1.000000000000000000e+00,4.500000000000000000e+01
6.972578880544726587e+01,1.000000000000000000e+00,4.800000000000000000e+01
6.972578880544726587e+01,1.000000000000000000e+00,4.900000000000000000e+01
6.972578880544726587e+01,1.000000000000000000e+00,4.600000000000000000e+01
6.972578880544726587e+01,1.000000000000000000e+00,4.600000000000000000e+01
6.972578880544726587e+01,1.000000000000000000e+00,4.900000000000000000e+01
6.972578880544726587e+01,1.000000000000000000e+00,5.000000000000000000e+01
6.972578880544726587e+01,1.000000000000000000e+00,4.600000000000000000e+01
6.972578880544726587e+01,1.000000000000000000e+00,4.800000000000000000e+01
6.972578880544726587e+01,1.000000000000000000e+00,4.700000000000000000e+01
6.972578880544726587e+01,1.000000000000000000e+00,4.800000000000000000e+01
6.972578880544726587e+01,1.000000000000000000e+00,5.000000000000000000e+01
6.972578880544726587e+01,1.000000000000000000e+00,4.900000000000000000e+01
6.972578880544726587e+01,1.000000000000000000e+00,4.700000000000000000e+01
6.972578880544726587e+01,1.000000000000000000e+00,5.000000000000000000e+01
6.972578880544726587e+01,1.000000000000000000e+00,4.900000000000000000e+01
6.972578880544726587e+01,1.000000000000000000e+00,4.700000000000000000e+01
6.972578880544726587e+01,1.000000000000000000e+00,4.800000000000000000e+01
6.972578880544726587e+01,1.000000000000000000e+00,4.800000000000000000e+01
6.972578880544726587e+01,1.000000000000000000e+00,5.000000000000000000e+01
6.972578880544726587e+01,1.000000000000000000e+00,4.800000000000000000e+01
6.972578880544726587e+01,1.000000000000000000e+00,5.000000000000000000e+01
6.972578880544726587e+01,1.000000000000000000e+00,5.000000000000000000e+01
6.972578880544726587e+01,1.000000000000000000e+00,5.100000000000000000e+01
6.972578880544726587e+01,1.000000000000000000e+00,4.700000000000000000e+01
6.972578880544726587e+01,1.000000000000000000e+00,4.900000000000000000e+01
6.972578880544726587e+01,1.000000000000000000e+00,4.800000000000000000e+01
6.972578880544726587e+01,1.000000000000000000e+00,4.900000000000000000e+01
6.972578880544726587e+01,1.000000000000000000e+00,5.000000000000000000e+01
6.972578880544726587e+01,1.000000000000000000e+00,5.200000000000000000e+01
6.972578880544726587e+01,1.000000000000000000e+00,4.500000000000000000e+01
6.972578880544726587e+01,1.000000000000000000e+00,5.100000000000000000e+01
6.972578880544726587e+01,1.000000000000000000e+00,5.000000000000000000e+01
6.972578880544726587e+01,1.000000000000000000e+00,5.100000000000000000e+01
6.972578880544726587e+01,1.000000000000000000e+00,5.100000000000000000e+01
6.972578880544726587e+01,1.000000000000000000e+00,4.500000000000000000e+01
6.972578880544726587e+01,1.000000000000000000e+00,4.800000000000000000e+01
6.972578880544726587e+01,1.000000000000000000e+00,4.800000000000000000e+01
6.972578880544726587e+01,1.000000000000000000e+00,4.700000000000000000e+01
6.972578880544726587e+01,1.000000000000000000e+00,5.000000000000000000e+01
6.972578880544726587e+01,1.000000000000000000e+00,5.300000000000000000e+01
6.972578880544726587e+01,1.000000000000000000e+00,5.400000000000000000e+01
6.972578880544726587e+01,1.000000000000000000e+00,4.600000000000000000e+01
6.972578880544726587e+01,1.000000000000000000e+00,4.900000000000000000e+01
6.972578880544726587e+01,1.000000000000000000e+00,4.900000000000000000e+01
6.972578880544726587e+01,1.000000000000000000e+00,4.400000000000000000e+01
6.972578880544726587e+01,1.000000000000000000e+00,5.000000000000000000e+01
6.972578880544726587e+01,1.000000000000000000e+00,4.800000000000000000e+01
6.972578880544726587e+01,1.000000000000000000e+00,5.100000000000000000e+01
6.972578880544726587e+01,1.000000000000000000e+00,4.800000000000000000e+01
6.972578880544726587e+01,1.000000000000000000e+00,5.100000000000000000e+01
6.972578880544726587e+01,1.000000000000000000e+00,5.000000000000000000e+01
6.972578880544726587e+01,1.000000000000000000e+00,4.700000000000000000e+01
6.972578880544726587e+01,1.000000000000000000e+00,5.100000000000000000e+01
6.972578880544726587e+01,1.000000000000000000e+00,4.700000000000000000e+01
6.972578880544726587e+01,1.000000000000000000e+00,5.100000000000000000e+01
6.972578880544726587e+01,1.000000000000000000e+00,4.900000000000000000e+01
6.972578880544726587e+01,1.000000000000000000e+00,4.800000000000000000e+01
6.972578880544726587e+01,1.000000000000000000e+00,4.900000000000000000e+01
6.972578880544726587e+01,1.000000000000000000e+00,5.300000000000000000e+01
6.972578880544726587e+01,1.000000000000000000e+00,4.800000000000000000e+01
6.972578880544726587e+01,1.000000000000000000e+00,5.200000000000000000e+01
6.972578880544726587e+01,1.000000000000000000e+00,4.800000000000000000e+01
6.972578880544726587e+01,1.000000000000000000e+00,5.200000000000000000e+01
6.972578880544726587e+01,1.000000000000000000e+00,5.100000000000000000e+01
6.972578880544726587e+01,1.000000000000000000e+00,5.300000000000000000e+01
6.972578880544726587e+01,1.000000000000000000e+00,5.000000000000000000e+01
6.972578880544726587e+01,1.000000000000000000e+00,5.100000000000000000e+01
6.972578880544726587e+01,1.000000000000000000e+00,4.900000000000000000e+01
6.972578880544726587e+01,1.000000000000000000e+00,4.900000000000000000e+01
6.972578880544726587e+01,1.000000000000000000e+00,4.800000000000000000e+01
6.972578880544726587e+01,1.000000000000000000e+00,5.000000000000000000e+01
6.972578880544726587e+01,1.000000000000000000e+00,4.800000000000000000e+01
6.972578880544726587e+01,1.000000000000000000e+00,4.800000000000000000e+01
6.972578880544726587e+01,1.000000000000000000e+00,5.000000000000000000e+01
6.972578880544726587e+01,1.000000000000000000e+00,5.200000000000000000e+01
6.972578880544726587e+01,1.000000000000000000e+00,4.500000000000000000e+01
6.972578880544726587e+01,1.000000000000000000e+00,5.100000000000000000e+01
6.972578880544726587e+01,1.000000000000000000e+00,4.700000000000000000e+01
6.972578880544726587e+01,1.000000000000000000e+00,4.900000000000000000e+01
6.972578880544726587e+01,1.000000000000000000e+00,4.700000000000000000e+01
6.972578880544726587e+01,1.000000000000000000e+00,5.100000000000000000e+01
6.972578880544726587e+01,1.000000000000000000e+00,5.000000000000000000e+01
6.972578880544726587e+01,1.000000000000000000e+00,4.500000000000000000e+01
6.972578880544726587e+01,1.000000000000000000e+00,5.400000000000000000e+01
6.972578880544726587e+01,1.000000000000000000e+00,4.800000000000000000e+01
6.972578880544726587e+01,1.000000000000000000e+00,5.000000000000000000e+01
6.972578880544726587e+01,1.000000000000000000e+00,5.000000000000000000e+01
6.972578880544726587e+01,1.000000000000000000e+00,4.700000000000000000e+01
6.972578880544726587e+01,1.000000000000000000e+00,4.700000000000000000e+01
6.972578880544726587e+01,1.000000000000000000e+00,5.000000000000000000e+01
6.972578880544726587e+01,1.000000000000000000e+00,5.100000000000000000e+01
6.972578880544726587e+01,1.000000000000000000e+00,5.000000000000000000e+01
6.972578880544726587e+01,1.000000000000000000e+00,4.800000000000000000e+01
6.972578880544726587e+01,1.000000000000000000e+00,5.000000000000000000e+01
6.972578880544726587e+01,1.000000000000000000e+00,5.000000000000000000e+01
6.972578880544726587e+01,1.000000000000000000e+00,5.100000000000000000e+01
6.972578880544726587e+01,1.000000000000000000e+00,5.000000000000000000e+01
6.972578880544726587e+01,1.000000000000000000e+00,5.100000000000000000e+01
6.972578880544726587e+01,1.000000000000000000e+00,4.900000000000000000e+01
6.972578880544726587e+01,1.000000000000000000e+00,4.700000000000000000e+01
6.972578880544726587e+01,1.000000000000000000e+00,5.000000000000000000e+01
6.972578880544726587e+01,1.000000000000000000e+00,4.600000000000000000e+01
6.972578880544726587e+01,1.000000000000000000e+00,4.400000000000000000e+01
6.972578880544726587e+01,1.000000000000000000e+00,5.100000000000000000e+01
6.972578880544726587e+01,1.000000000000000000e+00,5.100000000000000000e+01
6.972578880544726587e+01,1.000000000000000000e+00,4.700000000000000000e+01
6.972578880544726587e+01,1.000000000000000000e+00,5.000000000000000000e+01
6.972578880544726587e+01,1.000000000000000000e+00,5.100000000000000000e+01
6.972578880544726587e+01,1.000000000000000000e+00,4.600000000000000000e+01
6.972578880544726587e+01,1.000000000000000000e+00,4.800000000000000000e+01
6.972578880544726587e+01,1.000000000000000000e+00,5.300000000000000000e+01
6.972578880544726587e+01,1.000000000000000000e+00,4.700000000000000000e+01
6.972578880544726587e+01,1.000000000000000000e+00,4.900000000000000000e+01
6.972578880544726587e+01,1.000000000000000000e+00,4.700000000000000000e+01
6.972578880544726587e+01,1.000000000000000000e+00,4.700000000000000000e+01
6.972578880544726587e+01,1.000000000000000000e+00,5.000000000000000000e+01
6.972578880544726587e+01,1.000000000000000000e+00,5.000000000000000000e+01
6.972578880544726587e+01,1.000000000000000000e+00,4.900000000000000000e+01
6.972578880544726587e+01,1.000000000000000000e+00,5.100000000000000000e+01
6.972578880544726587e+01,1.000000000000000000e+00,5.000000000000000000e+01
6.972578880544726587e+01,1.000000000000000000e+00,5.200000000000000000e+01
6.972578880544726587e+01,1.000000000000000000e+00,5.100000000000000000e+01
6.972578880544726587e+01,1.000000000000000000e+00,4.900000000000000000e+01
6.972578880544726587e+01,1.000000000000000000e+00,4.900000000000000000e+01
6.972578880544726587e+01,1.000000000000000000e+00,4.900000000000000000e+01
6.972578880544726587e+01,1.000000000000000000e+00,5.200000000000000000e+01
6.972578880544726587e+01,1.000000000000000000e+00,4.800000000000000000e+01
6.972578880544726587e+01,1.000000000000000000e+00,4.900000000000000000e+01
6.972578880544726587e+01,1.000000000000000000e+00,4.800000000000000000e+01
6.972578880544726587e+01,1.000000000000000000e+00,4.700000000000000000e+01
6.972578880544726587e+01,1.000000000000000000e+00,5.100000000000000000e+01
6.972578880544726587e+01,1.000000000000000000e+00,4.700000000000000000e+01
6.972578880544726587e+01,1.000000000000000000e+00,4.600000000000000000e+01
6.972578880544726587e+01,1.000000000000000000e+00,5.300000000000000000e+01
6.972578880544726587e+01,1.000000000000000000e+00,5.000000000000000000e+01
6.972578880544726587e+01,1.000000000000000000e+00,4.900000000000000000e+01
6.972578880544726587e+01,1.000000000000000000e+00,4.700000000000000000e+01
6.972578880544726587e+01,1.000000000000000000e+00,5.000000000000000000e+01
6.972578880544726587e+01,1.000000000000000000e+00,5.300000000000000000e+01
6.972578880544726587e+01,1.000000000000000000e+00,4.600000000000000000e+01
6.972578880544726587e+01,1.000000000000000000e+00,5.000000000000000000e+01
6.972578880544726587e+01,1.000000000000000000e+00,5.100000000000000000e+01
6.972578880544726587e+01,1.000000000000000000e+00,4.800000000000000000e+01
6.972578880544726587e+01,1.000000000000000000e+00,4.800000000000000000e+01
6.972578880544726587e+01,1.000000000000000000e+00,5.200000000000000000e+01
6.972578880544726587e+01,1.000000000000000000e+00,4.700000000000000000e+01
6.972578880544726587e+01,1.000000000000000000e+00,4.800000000000000000e+01
6.972578880544726587e+01,1.000000000000000000e+00,5.000000000000000000e+01
6.972578880544726587e+01,1.000000000000000000e+00,4.600000000000000000e+01
6.972578880544726587e+01,1.000000000000000000e+00,4.900000000000000000e+01
6.972578880544726587e+01,1.000000000000000000e+00,4.500000000000000000e+01
6.972578880544726587e+01,1.000000000000000000e+00,4.700000000000000000e+01
6.972578880544726587e+01,1.000000000000000000e+00,4.900000000000000000e+01
6.972578880544726587e+01,1.000000000000000000e+00,5.000000000000000000e+01
6.972578880544726587e+01,1.000000000000000000e+00,4.500000000000000000e+01
6.972578880544726587e+01,1.000000000000000000e+00,4.800000000000000000e+01
6.972578880544726587e+01,1.000000000000000000e+00,4.700000000000000000e+01
6.972578880544726587e+01,1.000000000000000000e+00,4.800000000000000000e+01
6.972578880544726587e+01,1.000000000000000000e+00,5.000000000000000000e+01
6.972578880544726587e+01,1.000000000000000000e+00,4.700000000000000000e+01
6.972578880544726587e+01,1.000000000000000000e+00,5.100000000000000000e+01
6.972578880544726587e+01,1.000000000000000000e+00,5.200000000000000000e+01
6.972578880544726587e+01,1.000000000000000000e+00,4.900000000000000000e+01
6.972578880544726587e+01,1.000000000000000000e+00,5.000000000000000000e+01
6.972578880544726587e+01,1.000000000000000000e+00,5.100000000000000000e+01
6.972578880544726587e+01,1.000000000000000000e+00,4.800000000000000000e+01
6.972578880544726587e+01,1.000000000000000000e+00,4.900000000000000000e+01
6.972578880544726587e+01,1.000000000000000000e+00,4.800000000000000000e+01
6.972578880544726587e+01,1.000000000000000000e+00,4.900000000000000000e+01
6.972578880544726587e+01,1.000000000000000000e+00,4.800000000000000000e+01
6.972578880544726587e+01,1.000000000000000000e+00,4.900000000000000000e+01
6.972578880544726587e+01,1.000000000000000000e+00,4.800000000000000000e+01
6.972578880544726587e+01,1.000000000000000000e+00,5.000000000000000000e+01
6.972578880544726587e+01,1.000000000000000000e+00,4.900000000000000000e+01
6.972578880544726587e+01,1.000000000000000000e+00,5.000000000000000000e+01
6.972578880544726587e+01,1.000000000000000000e+00,4.800000000000000000e+01
6.972578880544726587e+01,1.000000000000000000e+00,4.900000000000000000e+01
6.972578880544726587e+01,1.000000000000000000e+00,4.900000000000000000e+01
6.972578880544726587e+01,1.000000000000000000e+00,4.900000000000000000e+01
6.972578880544726587e+01,1.000000000000000000e+00,5.000000000000000000e+01
6.972578880544726587e+01,1.000000000000000000e+00,5.200000000000000000e+01
6.972578880544726587e+01,1.000000000000000000e+00,4.700000000000000000e+01
6.972578880544726587e+01,1.000000000000000000e+00,4.500000000000000000e+01
6.972578880544726587e+01,1.000000000000000000e+00,4.900000000000000000e+01
6.972578880544726587e+01,1.000000000000000000e+00,5.000000000000000000e+01
6.972578880544726587e+01,1.000000000000000000e+00,5.000000000000000000e+01
6.972578880544726587e+01,1.000000000000000000e+00,5.200000000000000000e+01
6.972578880544726587e+01,1.000000000000000000e+00,4.900000000000000000e+01
6.972578880544726587e+01,1.000000000000000000e+00,4.800000000000000000e+01
6.972578880544726587e+01,1.000000000000000000e+00,4.900000000000000000e+01
6.972578880544726587e+01,1.000000000000000000e+00,5.100000000000000000e+01
6.972578880544726587e+01,1.000000000000000000e+00,4.900000000000000000e+01
6.972578880544726587e+01,1.000000000000000000e+00,5.100000000000000000e+01
6.972578880544726587e+01,1.000000000000000000e+00,4.800000000000000000e+01
6.972578880544726587e+01,1.000000000000000000e+00,4.700000000000000000e+01
6.972578880544726587e+01,1.000000000000000000e+00,4.800000000000000000e+01
6.972578880544726587e+01,1.000000000000000000e+00,5.000000000000000000e+01
6.972578880544726587e+01,1.000000000000000000e+00,5.100000000000000000e+01
6.972578880544726587e+01,1.000000000000000000e+00,4.800000000000000000e+01
6.972578880544726587e+01,1.000000000000000000e+00,4.700000000000000000e+01
6.972578880544726587e+01,1.000000000000000000e+00,5.000000000000000000e+01
6.972578880544726587e+01,1.000000000000000000e+00,5.000000000000000000e+01
6.972578880544726587e+01,1.000000000000000000e+00,5.100000000000000000e+01
6.972578880544726587e+01,1.000000000000000000e+00,5.000000000000000000e+01
6.972578880544726587e+01,1.000000000000000000e+00,4.500000000000000000e+01
6.972578880544726587e+01,1.000000000000000000e+00,4.600000000000000000e+01
6.972578880544726587e+01,1.000000000000000000e+00,4.800000000000000000e+01
6.972578880544726587e+01,1.000000000000000000e+00,4.600000000000000000e+01
6.972578880544726587e+01,1.000000000000000000e+00,4.900000000000000000e+01
6.972578880544726587e+01,1.000000000000000000e+00,5.000000000000000000e+01
6.972578880544726587e+01,1.000000000000000000e+00,5.200000000000000000e+01
6.972578880544726587e+01,1.000000000000000000e+00,4.700000000000000000e+01
6.972578880544726587e+01,1.000000000000000000e+00,5.100000000000000000e+01
6.972578880544726587e+01,1.000000000000000000e+00,4.900000000000000000e+01
6.972578880544726587e+01,1.000000000000000000e+00,5.200000000000000000e+01
6.972578880544726587e+01,1.000000000000000000e+00,4.500000000000000000e+01
6.972578880544726587e+01,1.000000000000000000e+00,4.800000000000000000e+01
6.972578880544726587e+01,1.000000000000000000e+00,4.700000000000000000e+01
6.972578880544726587e+01,1.000000000000000000e+00,4.500000000000000000e+01
6.972578880544726587e+01,1.000000000000000000e+00,4.700000000000000000e+01
6.972578880544726587e+01,1.000000000000000000e+00,5.000000000000000000e+01
6.972578880544726587e+01,1.000000000000000000e+00,5.200000000000000000e+01
6.972578880544726587e+01,1.000000000000000000e+00,4.900000000000000000e+01
6.972578880544726587e+01,1.000000000000000000e+00,4.900000000000000000e+01
6.972578880544726587e+01,1.000000000000000000e+00,5.000000000000000000e+01
6.972578880544726587e+01,1.000000000000000000e+00,4.800000000000000000e+01
6.972578880544726587e+01,1.000000000000000000e+00,5.000000000000000000e+01
6.972578880544726587e+01,1.000000000000000000e+00,4.800000000000000000e+01
6.972578880544726587e+01,1.000000000000000000e+00,4.400000000000000000e+01
6.972578880544726587e+01,1.000000000000000000e+00,4.900000000000000000e+01
6.972578880544726587e+01,1.000000000000000000e+00,4.600000000000000000e+01
6.972578880544726587e+01,1.000000000000000000e+00,4.900000000000000000e+01
6.972578880544726587e+01,1.000000000000000000e+00,4.600000000000000000e+01
6.972578880544726587e+01,1.000000000000000000e+00,4.700000000000000000e+01
6.972578880544726587e+01,1.000000000000000000e+00,5.000000000000000000e+01
6.972578880544726587e+01,1.000000000000000000e+00,4.700000000000000000e+01
6.972578880544726587e+01,1.000000000000000000e+00,4.800000000000000000e+01
6.972578880544726587e+01,1.000000000000000000e+00,4.900000000000000000e+01
6.972578880544726587e+01,1.000000000000000000e+00,4.600000000000000000e+01
6.972578880544726587e+01,1.000000000000000000e+00,4.500000000000000000e+01
6.972578880544726587e+01,1.000000000000000000e+00,4.800000000000000000e+01
6.972578880544726587e+01,1.000000000000000000e+00,4.500000000000000000e+01
6.972578880544726587e+01,1.000000000000000000e+00,4.500000000000000000e+01
6.972578880544726587e+01,1.000000000000000000e+00,4.900000000000000000e+01
6.972578880544726587e+01,1.000000000000000000e+00,4.500000000000000000e+01
6.972578880544726587e+01,1.000000000000000000e+00,5.000000000000000000e+01
6.972578880544726587e+01,1.000000000000000000e+00,4.600000000000000000e+01
6.972578880544726587e+01,1.000000000000000000e+00,5.000000000000000000e+01
6.972578880544726587e+01,1.000000000000000000e+00,4.300000000000000000e+01
6.972578880544726587e+01,1.000000000000000000e+00,4.600000000000000000e+01
6.972578880544726587e+01,1.000000000000000000e+00,4.800000000000000000e+01
6.972578880544726587e+01,1.000000000000000000e+00,4.700000000000000000e+01
6.972578880544726587e+01,1.000000000000000000e+00,4.400000000000000000e+01
6.972578880544726587e+01,1.000000000000000000e+00,4.900000000000000000e+01
6.972578880544726587e+01,1.000000000000000000e+00,5.000000000000000000e+01
6.972578880544726587e+01,1.000000000000000000e+00,5.100000000000000000e+01
6.972578880544726587e+01,1.000000000000000000e+00,4.600000000000000000e+01
6.972578880544726587e+01,1.000000000000000000e+00,4.600000000000000000e+01
6.972578880544726587e+01,1.000000000000000000e+00,4.800000000000000000e+01
6.972578880544726587e+01,1.000000000000000000e+00,4.600000000000000000e+01
6.972578880544726587e+01,1.000000000000000000e+00,5.000000000000000000e+01
6.972578880544726587e+01,1.000000000000000000e+00,5.000000000000000000e+01
6.972578880544726587e+01,1.000000000000000000e+00,4.800000000000000000e+01
6.972578880544726587e+01,1.000000000000000000e+00,4.400000000000000000e+01
6.972578880544726587e+01,1.000000000000000000e+00,4.600000000000000000e+01
6.972578880544726587e+01,1.000000000000000000e+00,4.700000000000000000e+01
6.972578880544726587e+01,1.000000000000000000e+00,4.400000000000000000e+01
6.972578880544726587e+01,1.000000000000000000e+00,4.700000000000000000e+01
6.972578880544726587e+01,1.000000000000000000e+00,4.800000000000000000e+01
6.972578880544726587e+01,1.000000000000000000e+00,4.400000000000000000e+01
6.972578880544726587e+01,1.000000000000000000e+00,4.300000000000000000e+01
6.972578880544726587e+01,1.000000000000000000e+00,5.000000000000000000e+01
6.972578880544726587e+01,1.000000000000000000e+00,4.300000000000000000e+01
6.972578880544726587e+01,1.000000000000000000e+00,4.300000000000000000e+01
6.972578880544726587e+01,1.000000000000000000e+00,4.500000000000000000e+01
6.972578880544726587e+01,1.000000000000000000e+00,4.600000000000000000e+01
6.972578880544726587e+01,1.000000000000000000e+00,4.400000000000000000e+01
6.972578880544726587e+01,1.000000000000000000e+00,4.500000000000000000e+01
6.972578880544726587e+01,1.000000000000000000e+00,4.500000000000000000e+01
6.972578880544726587e+01,1.000000000000000000e+00,4.300000000000000000e+01
6.972578880544726587e+01,1.000000000000000000e+00,4.600000000000000000e+01
6.972578880544726587e+01,1.000000000000000000e+00,4.800000000000000000e+01
6.972578880544726587e+01,1.000000000000000000e+00,4.400000000000000000e+01
6.972578880544726587e+01,1.000000000000000000e+00,4.700000000000000000e+01
6.972578880544726587e+01,1.000000000000000000e+00,4.900000000000000000e+01
6.972578880544726587e+01,1.000000000000000000e+00,4.400000000000000000e+01
6.972578880544726587e+01,1.000000000000000000e+00,4.400000000000000000e+01
6.972578880544726587e+01,1.000000000000000000e+00,4.800000000000000000e+01
6.972578880544726587e+01,1.000000000000000000e+00,4.600000000000000000e+01
6.972578880544726587e+01,1.000000000000000000e+00,4.800000000000000000e+01
6.972578880544726587e+01,1.000000000000000000e+00,4.700000000000000000e+01
6.972578880544726587e+01,1.000000000000000000e+00,4.300000000000000000e+01
6.972578880544726587e+01,1.000000000000000000e+00,4.700000000000000000e+01
6.972578880544726587e+01,1.000000000000000000e+00,4.400000000000000000e+01
6.972578880544726587e+01,1.000000000000000000e+00,4.500000000000000000e+01
6.972578880544726587e+01,1.000000000000000000e+00,4.700000000000000000e+01
6.972578880544726587e+01,1.000000000000000000e+00,4.400000000000000000e+01
6.972578880544726587e+01,1.000000000000000000e+00,4.500000000000000000e+01
6.972578880544726587e+01,1.000000000000000000e+00,4.800000000000000000e+01
6.972578880544726587e+01,1.000000000000000000e+00,4.700000000000000000e+01
6.972578880544726587e+01,1.000000000000000000e+00,4.300000000000000000e+01
6.972578880544726587e+01,1.000000000000000000e+00,4.400000000000000000e+01
6.972578880544726587e+01,1.000000000000000000e+00,4.300000000000000000e+01
6.972578880544726587e+01,1.000000000000000000e+00,4.400000000000000000e+01
6.972578880544726587e+01,1.000000000000000000e+00,4.900000000000000000e+01
6.972578880544726587e+01,1.000000000000000000e+00,4.500000000000000000e+01
6.972578880544726587e+01,1.000000000000000000e+00,4.700000000000000000e+01
6.972578880544726587e+01,1.000000000000000000e+00,4.300000000000000000e+01
6.972578880544726587e+01,1.000000000000000000e+00,4.600000000000000000e+01
6.972578880544726587e+01,1.000000000000000000e+00,4.600000000000000000e+01
6.972578880544726587e+01,1.000000000000000000e+00,4.500000000000000000e+01
6.972578880544726587e+01,1.000000000000000000e+00,4.800000000000000000e+01
6.972578880544726587e+01,1.000000000000000000e+00,4.400000000000000000e+01
6.972578880544726587e+01,1.000000000000000000e+00,4.500000000000000000e+01
6.972578880544726587e+01,1.000000000000000000e+00,4.800000000000000000e+01
6.972578880544726587e+01,1.000000000000000000e+00,4.300000000000000000e+01
6.972578880544726587e+01,1.000000000000000000e+00,4.200000000000000000e+01
6.972578880544726587e+01,1.000000000000000000e+00,4.400000000000000000e+01
6.972578880544726587e+01,1.000000000000000000e+00,4.900000000000000000e+01
6.972578880544726587e+01,1.000000000000000000e+00,4.300000000000000000e+01
6.972578880544726587e+01,1.000000000000000000e+00,4.700000000000000000e+01
6.972578880544726587e+01,1.000000000000000000e+00,4.200000000000000000e+01
6.972578880544726587e+01,1.000000000000000000e+00,4.900000000000000000e+01
6.972578880544726587e+01,1.000000000000000000e+00,4.600000000000000000e+01
6.972578880544726587e+01,1.000000000000000000e+00,4.500000000000000000e+01
6.972578880544726587e+01,1.000000000000000000e+00,4.700000000000000000e+01
6.972578880544726587e+01,1.000000000000000000e+00,4.600000000000000000e+01
6.972578880544726587e+01,1.000000000000000000e+00,3.800000000000000000e+01
6.972578880544726587e+01,1.000000000000000000e+00,4.500000000000000000e+01
6.972578880544726587e+01,1.000000000000000000e+00,4.300000000000000000e+01
6.972578880544726587e+01,1.000000000000000000e+00,4.300000000000000000e+01
6.972578880544726587e+01,1.000000000000000000e+00,4.300000000000000000e+01
6.972578880544726587e+01,1.000000000000000000e+00,4.400000000000000000e+01
6.972578880544726587e+01,1.000000000000000000e+00,4.500000000000000000e+01
6.972578880544726587e+01,1.000000000000000000e+00,4.700000000000000000e+01
6.972578880544726587e+01,1.000000000000000000e+00,4.500000000000000000e+01
6.972578880544726587e+01,1.000000000000000000e+00,4.100000000000000000e+01
6.972578880544726587e+01,1.000000000000000000e+00,4.200000000000000000e+01
6.972578880544726587e+01,1.000000000000000000e+00,4.100000000000000000e+01
6.972578880544726587e+01,1.000000000000000000e+00,4.300000000000000000e+01
6.972578880544726587e+01,1.000000000000000000e+00,4.300000000000000000e+01
6.972578880544726587e+01,1.000000000000000000e+00,4.300000000000000000e+01
6.972578880544726587e+01,1.000000000000000000e+00,4.200000000000000000e+01
6.972578880544726587e+01,1.000000000000000000e+00,4.100000000000000000e+01
6.972578880544726587e+01,1.000000000000000000e+00,4.100000000000000000e+01
6.972578880544726587e+01,1.000000000000000000e+00,4.400000000000000000e+01
6.972578880544726587e+01,1.000000000000000000e+00,4.500000000000000000e+01
6.972578880544726587e+01,1.000000000000000000e+00,4.500000000000000000e+01
6.972578880544726587e+01,1.000000000000000000e+00,4.100000000000000000e+01
6.972578880544726587e+01,1.000000000000000000e+00,4.300000000000000000e+01
6.972578880544726587e+01,1.000000000000000000e+00,4.400000000000000000e+01
6.972578880544726587e+01,1.000000000000000000e+00,3.900000000000000000e+01
6.972578880544726587e+01,1.000000000000000000e+00,4.200000000000000000e+01
6.972578880544726587e+01,1.000000000000000000e+00,4.100000000000000000e+01
6.972578880544726587e+01,1.000000000000000000e+00,4.200000000000000000e+01
6.972578880544726587e+01,1.000000000000000000e+00,3.900000000000000000e+01
6.972578880544726587e+01,1.000000000000000000e+00,4.400000000000000000e+01
6.972578880544726587e+01,1.000000000000000000e+00,4.300000000000000000e+01
6.972578880544726587e+01,1.000000000000000000e+00,4.500000000000000000e+01
6.972578880544726587e+01,1.000000000000000000e+00,4.100000000000000000e+01
6.972578880544726587e+01,1.000000000000000000e+00,4.300000000000000000e+01
6.972578880544726587e+01,1.000000000000000000e+00,4.200000000000000000e+01
6.972578880544726587e+01,1.000000000000000000e+00,3.900000000000000000e+01
6.972578880544726587e+01,1.000000000000000000e+00,3.900000000000000000e+01
6.972578880544726587e+01,1.000000000000000000e+00,4.200000000000000000e+01
6.972578880544726587e+01,1.000000000000000000e+00,4.200000000000000000e+01
6.972578880544726587e+01,1.000000000000000000e+00,4.100000000000000000e+01
6.972578880544726587e+01,1.000000000000000000e+00,4.200000000000000000e+01
6.972578880544726587e+01,1.000000000000000000e+00,4.600000000000000000e+01
6.972578880544726587e+01,1.000000000000000000e+00,4.200000000000000000e+01
6.972578880544726587e+01,1.000000000000000000e+00,4.000000000000000000e+01
6.972578880544726587e+01,1.000000000000000000e+00,4.300000000000000000e+01
6.972578880544726587e+01,1.000000000000000000e+00,4.100000000000000000e+01
6.972578880544726587e+01,1.000000000000000000e+00,4.200000000000000000e+01
6.972578880544726587e+01,1.000000000000000000e+00,3.900000000000000000e+01
6.972578880544726587e+01,1.000000000000000000e+00,4.100000000000000000e+01
6.972578880544726587e+01,1.000000000000000000e+00,4.200000000000000000e+01
6.972578880544726587e+01,1.000000000000000000e+00,3.900000000000000000e+01
6.972578880544726587e+01,1.000000000000000000e+00,4.100000000000000000e+01
6.972578880544726587e+01,1.000000000000000000e+00,4.000000000000000000e+01
6.972578880544726587e+01,1.000000000000000000e+00,3.800000000000000000e+01
6.972578880544726587e+01,1.000000000000000000e+00,4.300000000000000000e+01
6.972578880544726587e+01,1.000000000000000000e+00,4.000000000000000000e+01
6.972578880544726587e+01,1.000000000000000000e+00,4.100000000000000000e+01
6.972578880544726587e+01,1.000000000000000000e+00,3.800000000000000000e+01
6.972578880544726587e+01,1.000000000000000000e+00,3.900000000000000000e+01
6.972578880544726587e+01,1.000000000000000000e+00,4.200000000000000000e+01
6.972578880544726587e+01,1.000000000000000000e+00,4.100000000000000000e+01
6.972578880544726587e+01,1.000000000000000000e+00,3.600000000000000000e+01
6.972578880544726587e+01,1.000000000000000000e+00,4.600000000000000000e+01
6.972578880544726587e+01,1.000000000000000000e+00,4.200000000000000000e+01
6.972578880544726587e+01,1.000000000000000000e+00,4.200000000000000000e+01
6.972578880544726587e+01,1.000000000000000000e+00,4.100000000000000000e+01
6.972578880544726587e+01,1.000000000000000000e+00,4.100000000000000000e+01
6.972578880544726587e+01,1.000000000000000000e+00,4.300000000000000000e+01
6.972578880544726587e+01,1.000000000000000000e+00,4.300000000000000000e+01
6.972578880544726587e+01,1.000000000000000000e+00,4.400000000000000000e+01
6.972578880544726587e+01,1.000000000000000000e+00,4.300000000000000000e+01
6.972578880544726587e+01,1.000000000000000000e+00,4.300000000000000000e+01
6.972578880544726587e+01,1.000000000000000000e+00,4.000000000000000000e+01
6.972578880544726587e+01,1.000000000000000000e+00,3.900000000000000000e+01
6.972578880544726587e+01,1.000000000000000000e+00,4.000000000000000000e+01
6.972578880544726587e+01,1.000000000000000000e+00,4.200000000000000000e+01
6.972578880544726587e+01,1.000000000000000000e+00,4.000000000000000000e+01
6.972578880544726587e+01,1.000000000000000000e+00,3.800000000000000000e+01
6.972578880544726587e+01,1.000000000000000000e+00,3.700000000000000000e+01
6.972578880544726587e+01,1.000000000000000000e+00,4.000000000000000000e+01
6.972578880544726587e+01,1.000000000000000000e+00,4.100000000000000000e+01
6.972578880544726587e+01,1.000000000000000000e+00,3.900000000000000000e+01
6.972578880544726587e+01,1.000000000000000000e+00,3.900000000000000000e+01
6.972578880544726587e+01,1.000000000000000000e+00,4.000000000000000000e+01
6.972578880544726587e+01,1.000000000000000000e+00,4.000000000000000000e+01
6.972578880544726587e+01,1.000000000000000000e+00,3.800000000000000000e+01
6.972578880544726587e+01,1.000000000000000000e+00,3.900000000000000000e+01
6.972578880544726587e+01,1.000000000000000000e+00,4.300000000000000000e+01
6.972578880544726587e+01,1.000000000000000000e+00,4.000000000000000000e+01
6.972578880544726587e+01,1.000000000000000000e+00,3.700000000000000000e+01
6.972578880544726587e+01,1.000000000000000000e+00,3.900000000000000000e+01
6.972578880544726587e+01,1.000000000000000000e+00,4.200000000000000000e+01
6.972578880544726587e+01,1.000000000000000000e+00,4.000000000000000000e+01
6.972578880544726587e+01,1.000000000000000000e+00,4.000000000000000000e+01
6.972578880544726587e+01,1.000000000000000000e+00,3.500000000000000000e+01
6.972578880544726587e+01,1.000000000000000000e+00,3.900000000000000000e+01
6.972578880544726587e+01,1.000000000000000000e+00,4.000000000000000000e+01
6.972578880544726587e+01,1.000000000000000000e+00,3.700000000000000000e+01
6.972578880544726587e+01,1.000000000000000000e+00,3.600000000000000000e+01
6.972578880544726587e+01,1.000000000000000000e+00,4.100000000000000000e+01
6.972578880544726587e+01,1.000000000000000000e+00,4.000000000000000000e+01
6.972578880544726587e+01,1.000000000000000000e+00,3.800000000000000000e+01
6.972578880544726587e+01,1.000000000000000000e+00,4.000000000000000000e+01
6.972578880544726587e+01,1.000000000000000000e+00,3.500000000000000000e+01
6.972578880544726587e+01,1.000000000000000000e+00,3.700000000000000000e+01
6.972578880544726587e+01,1.000000000000000000e+00,3.700000000000000000e+01
6.972578880544726587e+01,1.000000000000000000e+00,4.100000000000000000e+01
6.972578880544726587e+01,1.000000000000000000e+00,3.900000000000000000e+01
6.972578880544726587e+01,1.000000000000000000e+00,3.900000000000000000e+01
6.972578880544726587e+01,1.000000000000000000e+00,4.100000000000000000e+01
6.972578880544726587e+01,1.000000000000000000e+00,3.700000000000000000e+01
6.972578880544726587e+01,1.000000000000000000e+00,4.000000000000000000e+01
6.972578880544726587e+01,1.000000000000000000e+00,4.300000000000000000e+01
6.972578880544726587e+01,1.000000000000000000e+00,3.900000000000000000e+01
6.972578880544726587e+01,1.000000000000000000e+00,4.000000000000000000e+01
6.972578880544726587e+01,1.000000000000000000e+00,3.400000000000000000e+01
6.972578880544726587e+01,1.000000000000000000e+00,3.800000000000000000e+01
6.972578880544726587e+01,1.000000000000000000e+00,3.700000000000000000e+01
6.972578880544726587e+01,1.000000000000000000e+00,3.800000000000000000e+01
6.972578880544726587e+01,1.000000000000000000e+00,3.800000000000000000e+01
6.972578880544726587e+01,1.000000000000000000e+00,3.800000000000000000e+01
6.972578880544726587e+01,1.000000000000000000e+00,3.900000000000000000e+01
6.972578880544726587e+01,1.000000000000000000e+00,3.900000000000000000e+01
6.972578880544726587e+01,1.000000000000000000e+00,3.700000000000000000e+01
6.972578880544726587e+01,1.000000000000000000e+00,3.500000000000000000e+01
6.972578880544726587e+01,1.000000000000000000e+00,3.600000000000000000e+01
6.972578880544726587e+01,1.000000000000000000e+00,3.800000000000000000e+01
6.972578880544726587e+01,1.000000000000000000e+00,3.500000000000000000e+01
6.972578880544726587e+01,1.000000000000000000e+00,3.600000000000000000e+01
6.972578880544726587e+01,1.000000000000000000e+00,3.600000000000000000e+01
6.972578880544726587e+01,1.000000000000000000e+00,3.600000000000000000e+01
6.972578880544726587e+01,1.000000000000000000e+00,3.800000000000000000e+01
6.972578880544726587e+01,1.000000000000000000e+00,3.700000000000000000e+01
6.972578880544726587e+01,1.000000000000000000e+00,3.800000000000000000e+01
6.972578880544726587e+01,1.000000000000000000e+00,3.400000000000000000e+01
6.972578880544726587e+01,1.000000000000000000e+00,3.700000000000000000e+01
6.972578880544726587e+01,1.000000000000000000e+00,3.800000000000000000e+01
6.972578880544726587e+01,1.000000000000000000e+00,3.900000000000000000e+01
6.972578880544726587e+01,1.000000000000000000e+00,3.900000000000000000e+01
6.972578880544726587e+01,1.000000000000000000e+00,3.800000000000000000e+01
6.972578880544726587e+01,1.000000000000000000e+00,3.300000000000000000e+01
6.972578880544726587e+01,1.000000000000000000e+00,3.700000000000000000e+01
6.972578880544726587e+01,1.000000000000000000e+00,3.600000000000000000e+01
6.972578880544726587e+01,1.000000000000000000e+00,3.900000000000000000e+01
6.972578880544726587e+01,1.000000000000000000e+00,3.700000000000000000e+01
6.972578880544726587e+01,1.000000000000000000e+00,3.700000000000000000e+01
6.972578880544726587e+01,1.000000000000000000e+00,3.400000000000000000e+01
6.972578880544726587e+01,1.000000000000000000e+00,3.500000000000000000e+01
6.972578880544726587e+01,1.000000000000000000e+00,3.500000000000000000e+01
6.972578880544726587e+01,1.000000000000000000e+00,3.300000000000000000e+01
6.972578880544726587e+01,1.000000000000000000e+00,3.300000000000000000e+01
6.972578880544726587e+01,1.000000000000000000e+00,3.200000000000000000e+01
6.972578880544726587e+01,1.000000000000000000e+00,3.800000000000000000e+01
6.972578880544726587e+01,1.000000000000000000e+00,3.800000000000000000e+01
6.972578880544726587e+01,1.000000000000000000e+00,3.300000000000000000e+01
6.972578880544726587e+01,1.000000000000000000e+00,3.500000000000000000e+01
6.972578880544726587e+01,1.000000000000000000e+00,3.500000000000000000e+01
6.972578880544726587e+01,1.000000000000000000e+00,3.700000000000000000e+01
6.972578880544726587e+01,1.000000000000000000e+00,3.000000000000000000e+01
6.972578880544726587e+01,1.000000000000000000e+00,3.500000000000000000e+01
6.972578880544726587e+01,1.000000000000000000e+00,3.500000000000000000e+01
6.972578880544726587e+01,1.000000000000000000e+00,3.500000000000000000e+01
6.972578880544726587e+01,1.000000000000000000e+00,3.500000000000000000e+01
6.972578880544726587e+01,1.000000000000000000e+00,3.300000000000000000e+01
6.972578880544726587e+01,1.000000000000000000e+00,3.800000000000000000e+01
6.972578880544726587e+01,1.000000000000000000e+00,3.900000000000000000e+01
6.972578880544726587e+01,1.000000000000000000e+00,3.300000000000000000e+01
6.972578880544726587e+01,1.000000000000000000e+00,3.600000000000000000e+01
6.972578880544726587e+01,1.000000000000000000e+00,3.700000000000000000e+01
6.972578880544726587e+01,1.000000000000000000e+00,3.500000000000000000e+01
6.972578880544726587e+01,1.000000000000000000e+00,3.400000000000000000e+01
6.972578880544726587e+01,1.000000000000000000e+00,3.100000000000000000e+01
6.972578880544726587e+01,1.000000000000000000e+00,3.200000000000000000e+01
6.972578880544726587e+01,1.000000000000000000e+00,3.300000000000000000e+01
6.972578880544726587e+01,1.000000000000000000e+00,2.900000000000000000e+01
6.972578880544726587e+01,1.000000000000000000e+00,3.200000000000000000e+01
6.972578880544726587e+01,1.000000000000000000e+00,3.200000000000000000e+01
6.972578880544726587e+01,1.000000000000000000e+00,3.200000000000000000e+01
6.972578880544726587e+01,1.000000000000000000e+00,3.300000000000000000e+01
6.972578880544726587e+01,1.000000000000000000e+00,3.500000000000000000e+01
6.972578880544726587e+01,1.000000000000000000e+00,3.300000000000000000e+01
6.972578880544726587e+01,1.000000000000000000e+00,3.100000000000000000e+01
6.972578880544726587e+01,1.000000000000000000e+00,3.300000000000000000e+01
6.972578880544726587e+01,1.000000000000000000e+00,3.700000000000000000e+01
6.972578880544726587e+01,1.000000000000000000e+00,3.200000000000000000e+01
6.972578880544726587e+01,1.000000000000000000e+00,3.300000000000000000e+01
6.972578880544726587e+01,1.000000000000000000e+00,3.400000000000000000e+01
6.972578880544726587e+01,1.000000000000000000e+00,3.100000000000000000e+01
6.972578880544726587e+01,1.000000000000000000e+00,3.300000000000000000e+01
6.972578880544726587e+01,1.000000000000000000e+00,3.200000000000000000e+01
6.972578880544726587e+01,1.000000000000000000e+00,2.900000000000000000e+01
6.972578880544726587e+01,1.000000000000000000e+00,3.500000000000000000e+01
6.972578880544726587e+01,1.000000000000000000e+00,3.400000000000000000e+01
6.972578880544726587e+01,1.000000000000000000e+00,3.200000000000000000e+01
6.972578880544726587e+01,1.000000000000000000e+00,3.100000000000000000e+01
6.972578880544726587e+01,1.000000000000000000e+00,2.700000000000000000e+01
6.972578880544726587e+01,1.000000000000000000e+00,3.300000000000000000e+01
6.972578880544726587e+01,1.000000000000000000e+00,3.300000000000000000e+01
6.972578880544726587e+01,1.000000000000000000e+00,3.300000000000000000e+01
6.972578880544726587e+01,1.000000000000000000e+00,3.300000000000000000e+01
6.972578880544726587e+01,1.000000000000000000e+00,3.400000000000000000e+01
6.972578880544726587e+01,1.000000000000000000e+00,3.300000000000000000e+01
6.972578880544726587e+01,1.000000000000000000e+00,2.900000000000000000e+01
6.972578880544726587e+01,1.000000000000000000e+00,3.300000000000000000e+01
6.972578880544726587e+01,1.000000000000000000e+00,3.200000000000000000e+01
6.972578880544726587e+01,1.000000000000000000e+00,3.000000000000000000e+01
6.972578880544726587e+01,1.000000000000000000e+00,3.000000000000000000e+01
6.972578880544726587e+01,1.000000000000000000e+00,3.100000000000000000e+01
6.972578880544726587e+01,1.000000000000000000e+00,3.100000000000000000e+01
6.972578880544726587e+01,1.000000000000000000e+00,3.300000000000000000e+01
6.972578880544726587e+01,1.000000000000000000e+00,3.200000000000000000e+01
6.972578880544726587e+01,1.000000000000000000e+00,3.100000000000000000e+01
6.972578880544726587e+01,1.000000000000000000e+00,3.300000000000000000e+01
6.972578880544726587e+01,1.000000000000000000e+00,3.200000000000000000e+01
6.972578880544726587e+01,1.000000000000000000e+00,3.100000000000000000e+01
6.972578880544726587e+01,1.000000000000000000e+00,3.100000000000000000e+01
6.972578880544726587e+01,1.000000000000000000e+00,2.900000000000000000e+01
6.972578880544726587e+01,1.000000000000000000e+00,3.000000000000000000e+01
6.972578880544726587e+01,1.000000000000000000e+00,2.900000000000000000e+01
6.972578880544726587e+01,1.000000000000000000e+00,2.800000000000000000e+01
6.972578880544726587e+01,1.000000000000000000e+00,3.100000000000000000e+01
6.972578880544726587e+01,1.000000000000000000e+00,3.100000000000000000e+01
6.972578880544726587e+01,1.000000000000000000e+00,3.300000000000000000e+01
6.972578880544726587e+01,1.000000000000000000e+00,3.100000000000000000e+01
6.972578880544726587e+01,1.000000000000000000e+00,3.100000000000000000e+01
6.972578880544726587e+01,1.000000000000000000e+00,3.000000000000000000e+01
6.972578880544726587e+01,1.000000000000000000e+00,3.100000000000000000e+01
6.972578880544726587e+01,1.000000000000000000e+00,3.100000000000000000e+01
6.972578880544726587e+01,1.000000000000000000e+00,2.900000000000000000e+01
6.972578880544726587e+01,1.000000000000000000e+00,3.000000000000000000e+01
6.972578880544726587e+01,1.000000000000000000e+00,3.000000000000000000e+01
6.972578880544726587e+01,1.000000000000000000e+00,3.000000000000000000e+01
6.972578880544726587e+01,1.000000000000000000e+00,3.200000000000000000e+01
6.972578880544726587e+01,1.000000000000000000e+00,3.000000000000000000e+01
6.972578880544726587e+01,1.000000000000000000e+00,2.800000000000000000e+01
6.972578880544726587e+01,1.000000000000000000e+00,3.100000000000000000e+01
6.972578880544726587e+01,1.000000000000000000e+00,3.100000000000000000e+01
6.972578880544726587e+01,1.000000000000000000e+00,2.800000000000000000e+01
6.972578880544726587e+01,1.000000000000000000e+00,3.000000000000000000e+01
6.972578880544726587e+01,1.000000000000000000e+00,2.700000000000000000e+01
6.972578880544726587e+01,1.000000000000000000e+00,2.700000000000000000e+01
6.972578880544726587e+01,1.000000000000000000e+00,3.300000000000000000e+01
6.972578880544726587e+01,1.000000000000000000e+00,2.500000000000000000e+01
6.972578880544726587e+01,1.000000000000000000e+00,2.800000000000000000e+01
6.972578880544726587e+01,1.000000000000000000e+00,3.000000000000000000e+01
6.972578880544726587e+01,1.000000000000000000e+00,3.100000000000000000e+01
6.972578880544726587e+01,1.000000000000000000e+00,2.700000000000000000e+01
6.972578880544726587e+01,1.000000000000000000e+00,3.000000000000000000e+01
6.972578880544726587e+01,1.000000000000000000e+00,2.900000000000000000e+01
6.972578880544726587e+01,1.000000000000000000e+00,2.800000000000000000e+01
6.972578880544726587e+01,1.000000000000000000e+00,2.900000000000000000e+01
6.972578880544726587e+01,1.000000000000000000e+00,2.500000000000000000e+01
6.972578880544726587e+01,1.000000000000000000e+00,2.800000000000000000e+01
6.972578880544726587e+01,1.000000000000000000e+00,3.200000000000000000e+01
6.972578880544726587e+01,1.000000000000000000e+00,2.600000000000000000e+01
6.972578880544726587e+01,1.000000000000000000e+00,2.700000000000000000e+01
6.972578880544726587e+01,1.000000000000000000e+00,2.600000000000000000e+01
6.972578880544726587e+01,1.000000000000000000e+00,3.000000000000000000e+01
6.972578880544726587e+01,1.000000000000000000e+00,2.600000000000000000e+01
6.972578880544726587e+01,1.000000000000000000e+00,2.900000000000000000e+01
6.972578880544726587e+01,1.000000000000000000e+00,2.600000000000000000e+01
6.972578880544726587e+01,1.000000000000000000e+00,2.400000000000000000e+01
6.972578880544726587e+01,1.000000000000000000e+00,2.800000000000000000e+01
6.972578880544726587e+01,1.000000000000000000e+00,2.400000000000000000e+01
6.972578880544726587e+01,1.000000000000000000e+00,2.700000000000000000e+01
6.972578880544726587e+01,1.000000000000000000e+00,2.900000000000000000e+01
6.972578880544726587e+01,1.000000000000000000e+00,2.700000000000000000e+01
6.972578880544726587e+01,1.000000000000000000e+00,2.700000000000000000e+01
6.972578880544726587e+01,1.000000000000000000e+00,3.000000000000000000e+01
6.972578880544726587e+01,1.000000000000000000e+00,2.800000000000000000e+01
6.972578880544726587e+01,1.000000000000000000e+00,2.500000000000000000e+01
6.972578880544726587e+01,1.000000000000000000e+00,2.800000000000000000e+01
6.972578880544726587e+01,1.000000000000000000e+00,2.900000000000000000e+01
6.972578880544726587e+01,1.000000000000000000e+00,2.400000000000000000e+01
6.972578880544726587e+01,1.000000000000000000e+00,2.500000000000000000e+01
6.972578880544726587e+01,1.000000000000000000e+00,2.600000000000000000e+01
6.972578880544726587e+01,1.000000000000000000e+00,2.400000000000000000e+01
6.972578880544726587e+01,1.000000000000000000e+00,2.600000000000000000e+01
6.972578880544726587e+01,1.000000000000000000e+00,2.500000000000000000e+01
6.972578880544726587e+01,1.000000000000000000e+00,3.200000000000000000e+01
6.972578880544726587e+01,1.000000000000000000e+00,2.800000000000000000e+01
6.972578880544726587e+01,1.000000000000000000e+00,2.500000000000000000e+01
6.972578880544726587e+01,1.000000000000000000e+00,2.600000000000000000e+01
6.972578880544726587e+01,1.000000000000000000e+00,2.100000000000000000e+01
6.972578880544726587e+01,1.000000000000000000e+00,2.600000000000000000e+01
6.972578880544726587e+01,1.000000000000000000e+00,2.500000000000000000e+01
6.972578880544726587e+01,1.000000000000000000e+00,2.800000000000000000e+01
6.972578880544726587e+01,1.000000000000000000e+00,2.400000000000000000e+01
6.972578880544726587e+01,1.000000000000000000e+00,2.600000000000000000e+01
6.972578880544726587e+01,1.000000000000000000e+00,2.500000000000000000e+01
6.972578880544726587e+01,1.000000000000000000e+00,2.300000000000000000e+01
6.972578880544726587e+01,1.000000000000000000e+00,2.600000000000000000e+01
6.972578880544726587e+01,1.000000000000000000e+00,2.400000000000000000e+01
6.972578880544726587e+01,1.000000000000000000e+00,2.400000000000000000e+01
6.972578880544726587e+01,1.000000000000000000e+00,2.200000000000000000e+01
6.972578880544726587e+01,1.000000000000000000e+00,2.600000000000000000e+01
6.972578880544726587e+01,1.000000000000000000e+00,2.800000000000000000e+01
6.972578880544726587e+01,1.000000000000000000e+00,2.900000000000000000e+01
6.972578880544726587e+01,1.000000000000000000e+00,2.600000000000000000e+01
6.972578880544726587e+01,1.000000000000000000e+00,2.600000000000000000e+01
6.972578880544726587e+01,1.000000000000000000e+00,2.000000000000000000e+01
6.972578880544726587e+01,1.000000000000000000e+00,2.700000000000000000e+01
6.972578880544726587e+01,1.000000000000000000e+00,2.200000000000000000e+01
6.972578880544726587e+01,1.000000000000000000e+00,2.400000000000000000e+01
6.972578880544726587e+01,1.000000000000000000e+00,2.300000000000000000e+01
6.972578880544726587e+01,1.000000000000000000e+00,2.400000000000000000e+01
6.972578880544726587e+01,1.000000000000000000e+00,2.300000000000000000e+01
6.972578880544726587e+01,1.000000000000000000e+00,2.600000000000000000e+01
6.972578880544726587e+01,1.000000000000000000e+00,2.500000000000000000e+01
6.972578880544726587e+01,1.000000000000000000e+00,2.500000000000000000e+01
6.972578880544726587e+01,1.000000000000000000e+00,2.400000000000000000e+01
6.972578880544726587e+01,1.000000000000000000e+00,2.300000000000000000e+01
6.972578880544726587e+01,1.000000000000000000e+00,2.300000000000000000e+01
6.972578880544726587e+01,1.000000000000000000e+00,2.100000000000000000e+01
6.972578880544726587e+01,1.000000000000000000e+00,2.100000000000000000e+01
6.972578880544726587e+01,1.000000000000000000e+00,2.000000000000000000e+01
6.972578880544726587e+01,1.000000000000000000e+00,2.100000000000000000e+01
6.972578880544726587e+01,1.000000000000000000e+00,2.600000000000000000e+01
6.972578880544726587e+01,1.000000000000000000e+00,2.200000000000000000e+01
6.972578880544726587e+01,1.000000000000000000e+00,2.200000000000000000e+01
6.972578880544726587e+01,1.000000000000000000e+00,2.300000000000000000e+01
6.972578880544726587e+01,1.000000000000000000e+00,2.400000000000000000e+01
6.972578880544726587e+01,1.000000000000000000e+00,2.300000000000000000e+01
6.972578880544726587e+01,1.000000000000000000e+00,2.200000000000000000e+01
6.972578880544726587e+01,1.000000000000000000e+00,2.200000000000000000e+01
6.972578880544726587e+01,1.000000000000000000e+00,2.200000000000000000e+01
6.972578880544726587e+01,1.000000000000000000e+00,1.600000000000000000e+01
6.972578880544726587e+01,1.000000000000000000e+00,2.500000000000000000e+01
6.972578880544726587e+01,1.000000000000000000e+00,2.200000000000000000e+01
6.972578880544726587e+01,1.000000000000000000e+00,1.900000000000000000e+01
6.972578880544726587e+01,1.000000000000000000e+00,2.500000000000000000e+01
6.972578880544726587e+01,1.000000000000000000e+00,2.400000000000000000e+01
6.972578880544726587e+01,1.000000000000000000e+00,2.300000000000000000e+01
6.972578880544726587e+01,1.000000000000000000e+00,2.400000000000000000e+01
6.972578880544726587e+01,1.000000000000000000e+00,2.100000000000000000e+01
6.972578880544726587e+01,1.000000000000000000e+00,2.100000000000000000e+01
6.972578880544726587e+01,1.000000000000000000e+00,2.400000000000000000e+01
6.972578880544726587e+01,1.000000000000000000e+00,1.900000000000000000e+01
6.972578880544726587e+01,1.000000000000000000e+00,1.700000000000000000e+01
6.972578880544726587e+01,1.000000000000000000e+00,2.100000000000000000e+01
6.972578880544726587e+01,1.000000000000000000e+00,2.000000000000000000e+01
6.972578880544726587e+01,1.000000000000000000e+00,1.900000000000000000e+01
6.972578880544726587e+01,1.000000000000000000e+00,2.100000000000000000e+01
6.972578880544726587e+01,1.000000000000000000e+00,2.300000000000000000e+01
6.972578880544726587e+01,1.000000000000000000e+00,2.200000000000000000e+01
6.972578880544726587e+01,1.000000000000000000e+00,2.000000000000000000e+01
6.972578880544726587e+01,1.000000000000000000e+00,1.700000000000000000e+01
6.972578880544726587e+01,1.000000000000000000e+00,1.900000000000000000e+01
6.972578880544726587e+01,1.000000000000000000e+00,2.100000000000000000e+01
6.972578880544726587e+01,1.000000000000000000e+00,1.800000000000000000e+01
6.972578880544726587e+01,1.000000000000000000e+00,2.100000000000000000e+01
6.972578880544726587e+01,1.000000000000000000e+00,1.900000000000000000e+01
6.972578880544726587e+01,1.000000000000000000e+00,1.900000000000000000e+01
6.972578880544726587e+01,1.000000000000000000e+00,2.200000000000000000e+01
6.972578880544726587e+01,1.000000000000000000e+00,2.300000000000000000e+01
6.972578880544726587e+01,1.000000000000000000e+00,2.000000000000000000e+01
6.972578880544726587e+01,1.000000000000000000e+00,2.000000000000000000e+01
6.972578880544726587e+01,1.000000000000000000e+00,2.000000000000000000e+01
6.972578880544726587e+01,1.000000000000000000e+00,1.900000000000000000e+01
6.972578880544726587e+01,1.000000000000000000e+00,1.900000000000000000e+01
6.972578880544726587e+01,1.000000000000000000e+00,2.000000000000000000e+01
6.972578880544726587e+01,1.000000000000000000e+00,2.200000000000000000e+01
6.972578880544726587e+01,1.000000000000000000e+00,2.000000000000000000e+01
6.972578880544726587e+01,1.000000000000000000e+00,2.200000000000000000e+01
6.972578880544726587e+01,1.000000000000000000e+00,1.900000000000000000e+01
6.972578880544726587e+01,1.000000000000000000e+00,1.600000000000000000e+01
6.972578880544726587e+01,1.000000000000000000e+00,1.600000000000000000e+01
6.972578880544726587e+01,1.000000000000000000e+00,1.900000000000000000e+01
6.972578880544726587e+01,1.000000000000000000e+00,2.000000000000000000e+01
6.972578880544726587e+01,1.000000000000000000e+00,1.800000000000000000e+01
6.972578880544726587e+01,1.000000000000000000e+00,1.800000000000000000e+01
6.972578880544726587e+01,1.000000000000000000e+00,2.000000000000000000e+01
6.972578880544726587e+01,1.000000000000000000e+00,1.500000000000000000e+01
6.972578880544726587e+01,1.000000000000000000e+00,1.900000000000000000e+01
6.972578880544726587e+01,1.000000000000000000e+00,1.900000000000000000e+01
6.972578880544726587e+01,1.000000000000000000e+00,1.700000000000000000e+01
6.972578880544726587e+01,1.000000000000000000e+00,1.800000000000000000e+01
6.972578880544726587e+01,1.000000000000000000e+00,1.700000000000000000e+01
6.972578880544726587e+01,1.000000000000000000e+00,1.800000000000000000e+01
6.972578880544726587e+01,1.000000000000000000e+00,1.600000000000000000e+01
6.972578880544726587e+01,1.000000000000000000e+00,1.800000000000000000e+01
6.972578880544726587e+01,1.000000000000000000e+00,1.800000000000000000e+01
6.972578880544726587e+01,1.000000000000000000e+00,1.500000000000000000e+01
6.972578880544726587e+01,1.000000000000000000e+00,2.000000000000000000e+01
6.972578880544726587e+01,1.000000000000000000e+00,1.300000000000000000e+01
6.972578880544726587e+01,1.000000000000000000e+00,1.800000000000000000e+01
6.972578880544726587e+01,1.000000000000000000e+00,2.000000000000000000e+01
6.972578880544726587e+01,1.000000000000000000e+00,1.600000000000000000e+01
6.972578880544726587e+01,1.000000000000000000e+00,1.700000000000000000e+01
6.972578880544726587e+01,1.000000000000000000e+00,1.600000000000000000e+01
6.972578880544726587e+01,1.000000000000000000e+00,1.800000000000000000e+01
6.972578880544726587e+01,1.000000000000000000e+00,1.700000000000000000e+01
6.972578880544726587e+01,1.000000000000000000e+00,1.900000000000000000e+01
6.972578880544726587e+01,1.000000000000000000e+00,1.700000000000000000e+01
6.972578880544726587e+01,1.000000000000000000e+00,1.800000000000000000e+01
6.972578880544726587e+01,1.000000000000000000e+00,1.900000000000000000e+01
6.972578880544726587e+01,1.000000000000000000e+00,1.900000000000000000e+01
6.972578880544726587e+01,1.000000000000000000e+00,1.800000000000000000e+01
6.972578880544726587e+01,1.000000000000000000e+00,1.500000000000000000e+01
6.972578880544726587e+01,1.000000000000000000e+00,2.000000000000000000e+01
6.972578880544726587e+01,1.000000000000000000e+00,1.800000000000000000e+01
6.972578880544726587e+01,1.000000000000000000e+00,2.200000000000000000e+01
6.972578880544726587e+01,1.000000000000000000e+00,1.600000000000000000e+01
6.972578880544726587e+01,1.000000000000000000e+00,1.600000000000000000e+01
6.972578880544726587e+01,1.000000000000000000e+00,1.900000000000000000e+01
6.972578880544726587e+01,1.000000000000000000e+00,1.400000000000000000e+01
6.972578880544726587e+01,1.000000000000000000e+00,1.400000000000000000e+01
6.972578880544726587e+01,1.000000000000000000e+00,1.400000000000000000e+01
6.972578880544726587e+01,1.000000000000000000e+00,1.300000000000000000e+01
6.972578880544726587e+01,1.000000000000000000e+00,1.500000000000000000e+01
6.972578880544726587e+01,1.000000000000000000e+00,1.600000000000000000e+01
6.972578880544726587e+01,1.000000000000000000e+00,1.400000000000000000e+01
6.972578880544726587e+01,1.000000000000000000e+00,1.700000000000000000e+01
6.972578880544726587e+01,1.000000000000000000e+00,1.400000000000000000e+01
6.972578880544726587e+01,1.000000000000000000e+00,1.300000000000000000e+01
6.972578880544726587e+01,1.000000000000000000e+00,1.400000000000000000e+01
6.972578880544726587e+01,1.000000000000000000e+00,1.400000000000000000e+01
6.972578880544726587e+01,1.000000000000000000e+00,1.800000000000000000e+01
6.972578880544726587e+01,1.000000000000000000e+00,1.100000000000000000e+01
6.972578880544726587e+01,1.000000000000000000e+00,1.300000000000000000e+01
6.972578880544726587e+01,1.000000000000000000e+00,1.600000000000000000e+01
6.972578880544726587e+01,1.000000000000000000e+00,1.500000000000000000e+01
6.972578880544726587e+01,1.000000000000000000e+00,1.400000000000000000e+01
6.972578880544726587e+01,1.000000000000000000e+00,1.100000000000000000e+01
6.972578880544726587e+01,1.000000000000000000e+00,1.800000000000000000e+01
6.972578880544726587e+01,1.000000000000000000e+00,1.600000000000000000e+01
6.972578880544726587e+01,1.000000000000000000e+00,1.400000000000000000e+01
6.972578880544726587e+01,1.000000000000000000e+00,1.300000000000000000e+01
6.972578880544726587e+01,1.000000000000000000e+00,1.500000000000000000e+01
6.972578880544726587e+01,1.000000000000000000e+00,1.300000000000000000e+01
6.972578880544726587e+01,1.000000000000000000e+00,1.200000000000000000e+01
6.972578880544726587e+01,1.000000000000000000e+00,1.200000000000000000e+01
6.972578880544726587e+01,1.000000000000000000e+00,1.100000000000000000e+01
6.972578880544726587e+01,1.000000000000000000e+00,1.300000000000000000e+01
6.972578880544726587e+01,1.000000000000000000e+00,1.200000000000000000e+01
6.972578880544726587e+01,1.000000000000000000e+00,1.100000000000000000e+01
6.972578880544726587e+01,1.000000000000000000e+00,1.200000000000000000e+01
6.972578880544726587e+01,1.000000000000000000e+00,1.500000000000000000e+01
6.972578880544726587e+01,1.000000000000000000e+00,1.100000000000000000e+01
6.972578880544726587e+01,1.000000000000000000e+00,1.600000000000000000e+01
6.972578880544726587e+01,1.000000000000000000e+00,9.000000000000000000e+00
6.972578880544726587e+01,1.000000000000000000e+00,1.300000000000000000e+01
6.972578880544726587e+01,1.000000000000000000e+00,1.300000000000000000e+01
6.972578880544726587e+01,1.000000000000000000e+00,1.200000000000000000e+01
6.972578880544726587e+01,1.000000000000000000e+00,1.200000000000000000e+01
6.972578880544726587e+01,1.000000000000000000e+00,1.000000000000000000e+01
6.972578880544726587e+01,1.000000000000000000e+00,1.300000000000000000e+01
6.972578880544726587e+01,1.000000000000000000e+00,1.200000000000000000e+01
6.972578880544726587e+01,1.000000000000000000e+00,1.100000000000000000e+01
6.972578880544726587e+01,1.000000000000000000e+00,6.000000000000000000e+00
6.972578880544726587e+01,1.000000000000000000e+00,1.400000000000000000e+01
6.972578880544726587e+01,1.000000000000000000e+00,1.000000000000000000e+01
6.972578880544726587e+01,1.000000000000000000e+00,1.400000000000000000e+01
6.972578880544726587e+01,1.000000000000000000e+00,1.500000000000000000e+01
6.972578880544726587e+01,1.000000000000000000e+00,1.300000000000000000e+01
6.972578880544726587e+01,1.000000000000000000e+00,1.000000000000000000e+01
6.972578880544726587e+01,1.000000000000000000e+00,1.200000000000000000e+01
6.972578880544726587e+01,1.000000000000000000e+00,1.100000000000000000e+01
6.972578880544726587e+01,1.000000000000000000e+00,1.000000000000000000e+01
6.972578880544726587e+01,1.000000000000000000e+00,1.100000000000000000e+01
6.972578880544726587e+01,1.000000000000000000e+00,1.000000000000000000e+01
6.972578880544726587e+01,1.000000000000000000e+00,7.000000000000000000e+00
6.972578880544726587e+01,1.000000000000000000e+00,1.000000000000000000e+01
6.972578880544726587e+01,1.000000000000000000e+00,1.300000000000000000e+01
6.972578880544726587e+01,1.000000000000000000e+00,1.300000000000000000e+01
6.972578880544726587e+01,1.000000000000000000e+00,9.000000000000000000e+00
6.972578880544726587e+01,1.000000000000000000e+00,1.300000000000000000e+01
6.972578880544726587e+01,1.000000000000000000e+00,1.200000000000000000e+01
6.972578880544726587e+01,1.000000000000000000e+00,1.200000000000000000e+01
6.972578880544726587e+01,1.000000000000000000e+00,1.100000000000000000e+01
6.972578880544726587e+01,1.000000000000000000e+00,1.100000000000000000e+01
6.972578880544726587e+01,1.000000000000000000e+00,1.000000000000000000e+01
6.972578880544726587e+01,1.000000000000000000e+00,9.000000000000000000e+00
6.972578880544726587e+01,1.000000000000000000e+00,1.100000000000000000e+01
6.972578880544726587e+01,1.000000000000000000e+00,1.000000000000000000e+01
6.972578880544726587e+01,1.000000000000000000e+00,1.200000000000000000e+01
6.972578880544726587e+01,1.000000000000000000e+00,1.000000000000000000e+01
6.972578880544726587e+01,1.000000000000000000e+00,9.000000000000000000e+00
6.972578880544726587e+01,1.000000000000000000e+00,9.000000000000000000e+00
6.972578880544726587e+01,1.000000000000000000e+00,8.000000000000000000e+00
6.972578880544726587e+01,1.000000000000000000e+00,1.300000000000000000e+01
6.972578880544726587e+01,1.000000000000000000e+00,6.000000000000000000e+00
6.972578880544726587e+01,1.000000000000000000e+00,8.000000000000000000e+00
6.972578880544726587e+01,1.000000000000000000e+00,7.000000000000000000e+00
6.972578880544726587e+01,1.000000000000000000e+00,1.200000000000000000e+01
6.972578880544726587e+01,1.000000000000000000e+00,6.000000000000000000e+00
6.972578880544726587e+01,1.000000000000000000e+00,7.000000000000000000e+00
6.972578880544726587e+01,1.000000000000000000e+00,1.200000000000000000e+01
6.972578880544726587e+01,1.000000000000000000e+00,8.000000000000000000e+00
6.972578880544726587e+01,1.000000000000000000e+00,6.000000000000000000e+00
6.972578880544726587e+01,1.000000000000000000e+00,9.000000000000000000e+00
6.972578880544726587e+01,1.000000000000000000e+00,1.000000000000000000e+01
6.972578880544726587e+01,1.000000000000000000e+00,1.000000000000000000e+01
6.972578880544726587e+01,1.000000000000000000e+00,1.000000000000000000e+01
6.972578880544726587e+01,1.000000000000000000e+00,1.100000000000000000e+01
6.972578880544726587e+01,1.000000000000000000e+00,8.000000000000000000e+00
6.972578880544726587e+01,1.000000000000000000e+00,1.300000000000000000e+01
6.972578880544726587e+01,1.000000000000000000e+00,8.000000000000000000e+00
6.972578880544726587e+01,1.000000000000000000e+00,9.000000000000000000e+00
6.972578880544726587e+01,1.000000000000000000e+00,8.000000000000000000e+00
6.972578880544726587e+01,1.000000000000000000e+00,8.000000000000000000e+00
6.972578880544726587e+01,1.000000000000000000e+00,1.000000000000000000e+01
6.972578880544726587e+01,1.000000000000000000e+00,8.000000000000000000e+00
6.972578880544726587e+01,1.000000000000000000e+00,8.000000000000000000e+00
6.972578880544726587e+01,1.000000000000000000e+00,8.000000000000000000e+00
6.972578880544726587e+01,1.000000000000000000e+00,9.000000000000000000e+00
6.972578880544726587e+01,1.000000000000000000e+00,1.000000000000000000e+01
6.972578880544726587e+01,1.000000000000000000e+00,3.000000000000000000e+00
6.972578880544726587e+01,1.000000000000000000e+00,7.000000000000000000e+00
6.972578880544726587e+01,1.000000000000000000e+00,7.000000000000000000e+00
6.972578880544726587e+01,1.000000000000000000e+00,9.000000000000000000e+00
6.972578880544726587e+01,1.000000000000000000e+00,4.000000000000000000e+00
6.972578880544726587e+01,1.000000000000000000e+00,7.000000000000000000e+00
6.972578880544726587e+01,1.000000000000000000e+00,6.000000000000000000e+00
6.972578880544726587e+01,1.000000000000000000e+00,6.000000000000000000e+00
6.972578880544726587e+01,1.000000000000000000e+00,5.000000000000000000e+00
6.972578880544726587e+01,1.000000000000000000e+00,5.000000000000000000e+00
6.972578880544726587e+01,1.000000000000000000e+00,5.000000000000000000e+00
6.972578880544726587e+01,1.000000000000000000e+00,7.000000000000000000e+00
6.972578880544726587e+01,1.000000000000000000e+00,7.000000000000000000e+00
6.972578880544726587e+01,1.000000000000000000e+00,7.000000000000000000e+00
6.972578880544726587e+01,1.000000000000000000e+00,8.000000000000000000e+00
6.972578880544726587e+01,1.000000000000000000e+00,6.000000000000000000e+00
6.972578880544726587e+01,1.000000000000000000e+00,8.000000000000000000e+00
6.972578880544726587e+01,1.000000000000000000e+00,6.000000000000000000e+00
6.972578880544726587e+01,1.000000000000000000e+00,3.000000000000000000e+00
6.972578880544726587e+01,1.000000000000000000e+00,2.000000000000000000e+00
6.972578880544726587e+01,1.000000000000000000e+00,8.000000000000000000e+00
6.972578880544726587e+01,1.000000000000000000e+00,5.000000000000000000e+00
6.972578880544726587e+01,1.000000000000000000e+00,7.000000000000000000e+00
6.972578880544726587e+01,1.000000000000000000e+00,8.000000000000000000e+00
6.972578880544726587e+01,1.000000000000000000e+00,3.000000000000000000e+00
6.972578880544726587e+01,1.000000000000000000e+00,5.000000000000000000e+00
6.972578880544726587e+01,1.000000000000000000e+00,5.000000000000000000e+00
6.972578880544726587e+01,1.000000000000000000e+00,6.000000000000000000e+00
6.972578880544726587e+01,1.000000000000000000e+00,6.000000000000000000e+00
6.972578880544726587e+01,1.000000000000000000e+00,7.000000000000000000e+00
6.972578880544726587e+01,1.000000000000000000e+00,4.000000000000000000e+00
6.972578880544726587e+01,1.000000000000000000e+00,7.000000000000000000e+00
6.972578880544726587e+01,1.000000000000000000e+00,7.000000000000000000e+00
6.972578880544726587e+01,1.000000000000000000e+00,5.000000000000000000e+00
6.972578880544726587e+01,1.000000000000000000e+00,5.000000000000000000e+00
6.972578880544726587e+01,1.000000000000000000e+00,5.000000000000000000e+00
6.972578880544726587e+01,1.000000000000000000e+00,7.000000000000000000e+00
6.972578880544726587e+01,1.000000000000000000e+00,5.000000000000000000e+00
6.972578880544726587e+01,1.000000000000000000e+00,7.000000000000000000e+00
6.972578880544726587e+01,1.000000000000000000e+00,2.000000000000000000e+00
6.972578880544726587e+01,1.000000000000000000e+00,8.000000000000000000e+00
6.972578880544726587e+01,1.000000000000000000e+00,5.000000000000000000e+00
6.972578880544726587e+01,1.000000000000000000e+00,5.000000000000000000e+00
6.972578880544726587e+01,1.000000000000000000e+00,3.000000000000000000e+00
6.972578880544726587e+01,1.000000000000000000e+00,6.000000000000000000e+00
6.972578880544726587e+01,1.000000000000000000e+00,8.000000000000000000e+00
6.972578880544726587e+01,1.000000000000000000e+00,5.000000000000000000e+00
6.972578880544726587e+01,1.000000000000000000e+00,3.000000000000000000e+00
6.972578880544726587e+01,1.000000000000000000e+00,3.000000000000000000e+00
6.972578880544726587e+01,1.000000000000000000e+00,3.000000000000000000e+00
6.972578880544726587e+01,1.000000000000000000e+00,5.000000000000000000e+00
6.972578880544726587e+01,1.000000000000000000e+00,0.000000000000000000e+00
6.972578880544726587e+01,1.000000000000000000e+00,6.000000000000000000e+00
6.972578880544726587e+01,1.000000000000000000e+00,2.000000000000000000e+00
6.972578880544726587e+01,1.000000000000000000e+00,0.000000000000000000e+00
6.972578880544726587e+01,1.000000000000000000e+00,5.000000000000000000e+00
6.972578880544726587e+01,1.000000000000000000e+00,6.000000000000000000e+00
6.972578880544726587e+01,1.000000000000000000e+00,1.000000000000000000e+00
6.972578880544726587e+01,1.000000000000000000e+00,7.000000000000000000e+00
6.972578880544726587e+01,1.000000000000000000e+00,6.000000000000000000e+00
6.972578880544726587e+01,1.000000000000000000e+00,6.000000000000000000e+00
6.972578880544726587e+01,1.000000000000000000e+00,2.000000000000000000e+00
6.972578880544726587e+01,1.000000000000000000e+00,2.000000000000000000e+00
6.972578880544726587e+01,1.000000000000000000e+00,2.000000000000000000e+00
6.972578880544726587e+01,1.000000000000000000e+00,2.000000000000000000e+00
6.972578880544726587e+01,1.000000000000000000e+00,2.000000000000000000e+00
6.972578880544726587e+01,1.000000000000000000e+00,-1.000000000000000000e+00
6.972578880544726587e+01,1.000000000000000000e+00,2.000000000000000000e+00
6.972578880544726587e+01,1.000000000000000000e+00,2.000000000000000000e+00
6.972578880544726587e+01,1.000000000000000000e+00,5.000000000000000000e+00
6.972578880544726587e+01,1.000000000000000000e+00,3.000000000000000000e+00
6.972578880544726587e+01,1.000000000000000000e+00,5.000000000000000000e+00
6.972578880544726587e+01,1.000000000000000000e+00,5.000000000000000000e+00
6.972578880544726587e+01,1.000000000000000000e+00,1.000000000000000000e+00
6.972578880544726587e+01,1.000000000000000000e+00,5.000000000000000000e+00
6.972578880544726587e+01,1.000000000000000000e+00,6.000000000000000000e+00
6.972578880544726587e+01,1.000000000000000000e+00,2.000000000000000000e+00
6.972578880544726587e+01,1.000000000000000000e+00,0.000000000000000000e+00
6.972578880544726587e+01,1.000000000000000000e+00,-2.000000000000000000e+00
6.972578880544726587e+01,1.000000000000000000e+00,0.000000000000000000e+00
6.972578880544726587e+01,1.000000000000000000e+00,3.000000000000000000e+00
6.972578880544726587e+01,1.000000000000000000e+00,-1.000000000000000000e+00
6.972578880544726587e+01,1.000000000000000000e+00,2.000000000000000000e+00
6.972578880544726587e+01,1.000000000000000000e+00,4.000000000000000000e+00
6.972578880544726587e+01,1.000000000000000000e+00,0.000000000000000000e+00
6.972578880544726587e+01,1.000000000000000000e+00,1.000000000000000000e+00
6.972578880544726587e+01,1.000000000000000000e+00,-1.000000000000000000e+00
6.972578880544726587e+01,1.000000000000000000e+00,4.000000000000000000e+00
6.972578880544726587e+01,1.000000000000000000e+00,3.000000000000000000e+00
6.972578880544726587e+01,1.000000000000000000e+00,4.000000000000000000e+00
6.972578880544726587e+01,1.000000000000000000e+00,1.000000000000000000e+00
6.972578880544726587e+01,1.000000000000000000e+00,5.000000000000000000e+00
6.972578880544726587e+01,1.000000000000000000e+00,0.000000000000000000e+00
6.972578880544726587e+01,1.000000000000000000e+00,3.000000000000000000e+00
6.972578880544726587e+01,1.000000000000000000e+00,3.000000000000000000e+00
6.972578880544726587e+01,1.000000000000000000e+00,1.000000000000000000e+00
6.972578880544726587e+01,1.000000000000000000e+00,0.000000000000000000e+00
6.972578880544726587e+01,1.000000000000000000e+00,2.000000000000000000e+00
6.972578880544726587e+01,1.000000000000000000e+00,-2.000000000000000000e+00
6.972578880544726587e+01,1.000000000000000000e+00,0.000000000000000000e+00
6.972578880544726587e+01,1.000000000000000000e+00,3.000000000000000000e+00
6.972578880544726587e+01,1.000000000000000000e+00,0.000000000000000000e+00
6.972578880544726587e+01,1.000000000000000000e+00,0.000000000000000000e+00
6.972578880544726587e+01,1.000000000000000000e+00,0.000000000000000000e+00
6.972578880544726587e+01,1.000000000000000000e+00,1.000000000000000000e+00
6.972578880544726587e+01,1.000000000000000000e+00,4.000000000000000000e+00
6.972578880544726587e+01,1.000000000000000000e+00,3.000000000000000000e+00
6.972578880544726587e+01,1.000000000000000000e+00,0.000000000000000000e+00
6.972578880544726587e+01,1.000000000000000000e+00,2.000000000000000000e+00
6.972578880544726587e+01,1.000000000000000000e+00,0.000000000000000000e+00
6.972578880544726587e+01,1.000000000000000000e+00,0.000000000000000000e+00
6.972578880544726587e+01,1.000000000000000000e+00,-1.000000000000000000e+00
6.972578880544726587e+01,1.000000000000000000e+00,-2.000000000000000000e+00
6.972578880544726587e+01,1.000000000000000000e+00,1.000000000000000000e+00
6.972578880544726587e+01,1.000000000000000000e+00,2.000000000000000000e+00
6.972578880544726587e+01,1.000000000000000000e+00,0.000000000000000000e+00
6.972578880544726587e+01,1.000000000000000000e+00,2.000000000000000000e+00
6.972578880544726587e+01,1.000000000000000000e+00,1.000000000000000000e+00
6.972578880544726587e+01,1.000000000000000000e+00,0.000000000000000000e+00
6.972578880544726587e+01,1.000000000000000000e+00,-2.000000000000000000e+00
6.972578880544726587e+01,1.000000000000000000e+00,1.000000000000000000e+00
6.972578880544726587e+01,1.000000000000000000e+00,0.000000000000000000e+00
6.972578880544726587e+01,1.000000000000000000e+00,0.000000000000000000e+00
6.972578880544726587e+01,1.000000000000000000e+00,0.000000000000000000e+00
6.972578880544726587e+01,1.000000000000000000e+00,-2.000000000000000000e+00
6.972578880544726587e+01,1.000000000000000000e+00,-2.000000000000000000e+00
6.972578880544726587e+01,1.000000000000000000e+00,-2.000000000000000000e+00
6.972578880544726587e+01,1.000000000000000000e+00,1.000000000000000000e+00
6.972578880544726587e+01,1.000000000000000000e+00,0.000000000000000000e+00
6.972578880544726587e+01,1.000000000000000000e+00,-1.000000000000000000e+00
6.972578880544726587e+01,1.000000000000000000e+00,0.000000000000000000e+00
6.972578880544726587e+01,1.000000000000000000e+00,2.000000000000000000e+00
6.972578880544726587e+01,1.000000000000000000e+00,-5.000000000000000000e+00
6.972578880544726587e+01,1.000000000000000000e+00,3.000000000000000000e+00
6.972578880544726587e+01,1.000000000000000000e+00,0.000000000000000000e+00
6.972578880544726587e+01,1.000000000000000000e+00,-4.000000000000000000e+00
6.972578880544726587e+01,1.000000000000000000e+00,0.000000000000000000e+00
6.972578880544726587e+01,1.000000000000000000e+00,-3.000000000000000000e+00
6.972578880544726587e+01,1.000000000000000000e+00,0.000000000000000000e+00
6.972578880544726587e+01,1.000000000000000000e+00,-2.000000000000000000e+00
6.972578880544726587e+01,1.000000000000000000e+00,-1.000000000000000000e+00
6.972578880544726587e+01,1.000000000000000000e+00,-1.000000000000000000e+00
6.972578880544726587e+01,1.000000000000000000e+00,0.000000000000000000e+00
6.972578880544726587e+01,1.000000000000000000e+00,0.000000000000000000e+00
6.972578880544726587e+01,1.000000000000000000e+00,-6.000000000000000000e+00
6.972578880544726587e+01,1.000000000000000000e+00,-2.000000000000000000e+00
6.972578880544726587e+01,1.000000000000000000e+00,0.000000000000000000e+00
6.972578880544726587e+01,1.000000000000000000e+00,-4.000000000000000000e+00
6.972578880544726587e+01,1.000000000000000000e+00,0.000000000000000000e+00
6.972578880544726587e+01,1.000000000000000000e+00,-1.000000000000000000e+00
6.972578880544726587e+01,1.000000000000000000e+00,-2.000000000000000000e+00
6.972578880544726587e+01,1.000000000000000000e+00,0.000000000000000000e+00
6.972578880544726587e+01,1.000000000000000000e+00,0.000000000000000000e+00
6.972578880544726587e+01,1.000000000000000000e+00,-2.000000000000000000e+00
6.972578880544726587e+01,1.000000000000000000e+00,-1.000000000000000000e+00
6.972578880544726587e+01,1.000000000000000000e+00,-3.000000000000000000e+00
6.972578880544726587e+01,1.000000000000000000e+00,-6.000000000000000000e+00
6.972578880544726587e+01,1.000000000000000000e+00,-4.000000000000000000e+00
6.972578880544726587e+01,1.000000000000000000e+00,-1.000000000000000000e+00
6.972578880544726587e+01,1.000000000000000000e+00,-2.000000000000000000e+00
6.972578880544726587e+01,1.000000000000000000e+00,-3.000000000000000000e+00
6.972578880544726587e+01,1.000000000000000000e+00,0.000000000000000000e+00
6.972578880544726587e+01,1.000000000000000000e+00,-4.000000000000000000e+00
6.972578880544726587e+01,1.000000000000000000e+00,0.000000000000000000e+00
6.972578880544726587e+01,1.000000000000000000e+00,-3.000000000000000000e+00
6.972578880544726587e+01,1.000000000000000000e+00,-1.000000000000000000e+00
6.972578880544726587e+01,1.000000000000000000e+00,-5.000000000000000000e+00
6.972578880544726587e+01,1.000000000000000000e+00,-1.000000000000000000e+00
6.972578880544726587e+01,1.000000000000000000e+00,-2.000000000000000000e+00
6.972578880544726587e+01,1.000000000000000000e+00,0.000000000000000000e+00
6.972578880544726587e+01,1.000000000000000000e+00,-1.000000000000000000e+00
6.972578880544726587e+01,1.000000000000000000e+00,0.000000000000000000e+00
6.972578880544726587e+01,1.000000000000000000e+00,0.000000000000000000e+00
6.972578880544726587e+01,1.000000000000000000e+00,0.000000000000000000e+00
6.972578880544726587e+01,1.000000000000000000e+00,-2.000000000000000000e+00
6.972578880544726587e+01,1.000000000000000000e+00,-5.000000000000000000e+00
6.972578880544726587e+01,1.000000000000000000e+00,-1.000000000000000000e+00
6.972578880544726587e+01,1.000000000000000000e+00,-4.000000000000000000e+00
6.972578880544726587e+01,1.000000000000000000e+00,-2.000000000000000000e+00
6.972578880544726587e+01,1.000000000000000000e+00,-6.000000000000000000e+00
6.972578880544726587e+01,1.000000000000000000e+00,-1.000000000000000000e+00
6.972578880544726587e+01,1.000000000000000000e+00,-5.000000000000000000e+00
6.972578880544726587e+01,1.000000000000000000e+00,-2.000000000000000000e+00
6.972578880544726587e+01,1.000000000000000000e+00,-5.000000000000000000e+00
6.972578880544726587e+01,1.000000000000000000e+00,-7.000000000000000000e+00
6.972578880544726587e+01,1.000000000000000000e+00,-4.000000000000000000e+00
6.972578880544726587e+01,1.000000000000000000e+00,-3.000000000000000000e+00
6.972578880544726587e+01,1.000000000000000000e+00,-5.000000000000000000e+00
6.972578880544726587e+01,1.000000000000000000e+00,0.000000000000000000e+00
6.972578880544726587e+01,1.000000000000000000e+00,0.000000000000000000e+00
6.972578880544726587e+01,1.000000000000000000e+00,-6.000000000000000000e+00
6.972578880544726587e+01,1.000000000000000000e+00,-7.000000000000000000e+00
6.972578880544726587e+01,1.000000000000000000e+00,-5.000000000000000000e+00
6.972578880544726587e+01,1.000000000000000000e+00,-4.000000000000000000e+00
6.972578880544726587e+01,1.000000000000000000e+00,-5.000000000000000000e+00
6.972578880544726587e+01,1.000000000000000000e+00,-5.000000000000000000e+00
6.972578880544726587e+01,1.000000000000000000e+00,-4.000000000000000000e+00
6.972578880544726587e+01,1.000000000000000000e+00,-7.000000000000000000e+00
6.972578880544726587e+01,1.000000000000000000e+00,-6.000000000000000000e+00
6.972578880544726587e+01,1.000000000000000000e+00,-6.000000000000000000e+00
6.972578880544726587e+01,1.000000000000000000e+00,-3.000000000000000000e+00
6.972578880544726587e+01,1.000000000000000000e+00,-3.000000000000000000e+00
6.972578880544726587e+01,1.000000000000000000e+00,-3.000000000000000000e+00
6.972578880544726587e+01,1.000000000000000000e+00,-5.000000000000000000e+00
6.972578880544726587e+01,1.000000000000000000e+00,-6.000000000000000000e+00
6.972578880544726587e+01,1.000000000000000000e+00,-4.000000000000000000e+00
6.972578880544726587e+01,1.000000000000000000e+00,0.000000000000000000e+00
6.972578880544726587e+01,1.000000000000000000e+00,-5.000000000000000000e+00
6.972578880544726587e+01,1.000000000000000000e+00,-7.000000000000000000e+00
6.972578880544726587e+01,1.000000000000000000e+00,-2.000000000000000000e+00
6.972578880544726587e+01,1.000000000000000000e+00,-4.000000000000000000e+00
6.972578880544726587e+01,1.000000000000000000e+00,-4.000000000000000000e+00
6.972578880544726587e+01,1.000000000000000000e+00,-4.000000000000000000e+00
6.972578880544726587e+01,1.000000000000000000e+00,-2.000000000000000000e+00
6.972578880544726587e+01,1.000000000000000000e+00,-5.000000000000000000e+00
6.972578880544726587e+01,1.000000000000000000e+00,-3.000000000000000000e+00
6.972578880544726587e+01,1.000000000000000000e+00,-3.000000000000000000e+00
6.972578880544726587e+01,1.000000000000000000e+00,-5.000000000000000000e+00
6.972578880544726587e+01,1.000000000000000000e+00,-8.000000000000000000e+00
6.972578880544726587e+01,1.000000000000000000e+00,-8.000000000000000000e+00
6.972578880544726587e+01,1.000000000000000000e+00,-5.000000000000000000e+00
6.972578880544726587e+01,1.000000000000000000e+00,-5.000000000000000000e+00
6.972578880544726587e+01,1.000000000000000000e+00,-4.000000000000000000e+00
6.972578880544726587e+01,1.000000000000000000e+00,-5.000000000000000000e+00
6.972578880544726587e+01,1.000000000000000000e+00,-6.000000000000000000e+00
6.972578880544726587e+01,1.000000000000000000e+00,-1.000000000000000000e+00
6.972578880544726587e+01,1.000000000000000000e+00,-2.000000000000000000e+00
6.972578880544726587e+01,1.000000000000000000e+00,-7.000000000000000000e+00
6.972578880544726587e+01,1.000000000000000000e+00,-5.000000000000000000e+00
6.972578880544726587e+01,1.000000000000000000e+00,-5.000000000000000000e+00
6.972578880544726587e+01,1.000000000000000000e+00,-7.000000000000000000e+00
6.972578880544726587e+01,1.000000000000000000e+00,-5.000000000000000000e+00
6.972578880544726587e+01,1.000000000000000000e+00,-8.000000000000000000e+00
6.972578880544726587e+01,1.000000000000000000e+00,-5.000000000000000000e+00
6.972578880544726587e+01,1.000000000000000000e+00,-5.000000000000000000e+00
6.972578880544726587e+01,1.000000000000000000e+00,-3.000000000000000000e+00
6.972578880544726587e+01,1.000000000000000000e+00,-4.000000000000000000e+00
6.972578880544726587e+01,1.000000000000000000e+00,-8.000000000000000000e+00
6.972578880544726587e+01,1.000000000000000000e+00,-6.000000000000000000e+00
6.972578880544726587e+01,1.000000000000000000e+00,-8.000000000000000000e+00
6.972578880544726587e+01,1.000000000000000000e+00,-7.000000000000000000e+00
6.972578880544726587e+01,1.000000000000000000e+00,-4.000000000000000000e+00
6.972578880544726587e+01,1.000000000000000000e+00,-9.000000000000000000e+00
6.972578880544726587e+01,1.000000000000000000e+00,-6.000000000000000000e+00
6.972578880544726587e+01,1.000000000000000000e+00,-8.000000000000000000e+00
6.972578880544726587e+01,1.000000000000000000e+00,-7.000000000000000000e+00
6.972578880544726587e+01,1.000000000000000000e+00,-5.000000000000000000e+00
6.972578880544726587e+01,1.000000000000000000e+00,-9.000000000000000000e+00
6.972578880544726587e+01,1.000000000000000000e+00,-6.000000000000000000e+00
6.972578880544726587e+01,1.000000000000000000e+00,-4.000000000000000000e+00
6.972578880544726587e+01,1.000000000000000000e+00,-6.000000000000000000e+00
6.972578880544726587e+01,1.000000000000000000e+00,-6.000000000000000000e+00
6.972578880544726587e+01,1.000000000000000000e+00,-2.000000000000000000e+00
6.972578880544726587e+01,1.000000000000000000e+00,-2.000000000000000000e+00
6.972578880544726587e+01,1.000000000000000000e+00,-5.000000000000000000e+00
6.972578880544726587e+01,1.000000000000000000e+00,-3.000000000000000000e+00
6.972578880544726587e+01,1.000000000000000000e+00,-7.000000000000000000e+00
6.972578880544726587e+01,1.000000000000000000e+00,-7.000000000000000000e+00
6.972578880544726587e+01,1.000000000000000000e+00,-6.000000000000000000e+00
6.972578880544726587e+01,1.000000000000000000e+00,-5.000000000000000000e+00
6.972578880544726587e+01,1.000000000000000000e+00,-1.000000000000000000e+01
6.972578880544726587e+01,1.000000000000000000e+00,-7.000000000000000000e+00
6.972578880544726587e+01,1.000000000000000000e+00,-6.000000000000000000e+00
6.972578880544726587e+01,1.000000000000000000e+00,-4.000000000000000000e+00
6.972578880544726587e+01,1.000000000000000000e+00,-5.000000000000000000e+00
6.972578880544726587e+01,1.000000000000000000e+00,-9.000000000000000000e+00
6.972578880544726587e+01,1.000000000000000000e+00,-8.000000000000000000e+00
6.972578880544726587e+01,1.000000000000000000e+00,-8.000000000000000000e+00
6.972578880544726587e+01,1.000000000000000000e+00,-4.000000000000000000e+00
6.972578880544726587e+01,1.000000000000000000e+00,-9.000000000000000000e+00
6.972578880544726587e+01,1.000000000000000000e+00,-9.000000000000000000e+00
6.972578880544726587e+01,1.000000000000000000e+00,-8.000000000000000000e+00
6.972578880544726587e+01,1.000000000000000000e+00,-5.000000000000000000e+00
6.972578880544726587e+01,1.000000000000000000e+00,-8.000000000000000000e+00
6.972578880544726587e+01,1.000000000000000000e+00,-6.000000000000000000e+00
6.972578880544726587e+01,1.000000000000000000e+00,-8.000000000000000000e+00
6.972578880544726587e+01,1.000000000000000000e+00,-6.000000000000000000e+00
6.972578880544726587e+01,1.000000000000000000e+00,-4.000000000000000000e+00
6.972578880544726587e+01,1.000000000000000000e+00,-5.000000000000000000e+00
6.972578880544726587e+01,1.000000000000000000e+00,-6.000000000000000000e+00
6.972578880544726587e+01,1.000000000000000000e+00,-8.000000000000000000e+00
6.972578880544726587e+01,1.000000000000000000e+00,-5.000000000000000000e+00
6.972578880544726587e+01,1.000000000000000000e+00,-9.000000000000000000e+00
6.972578880544726587e+01,1.000000000000000000e+00,-5.000000000000000000e+00
6.972578880544726587e+01,1.000000000000000000e+00,-1.200000000000000000e+01
6.972578880544726587e+01,1.000000000000000000e+00,-8.000000000000000000e+00
6.972578880544726587e+01,1.000000000000000000e+00,-8.000000000000000000e+00
6.972578880544726587e+01,1.000000000000000000e+00,-1.100000000000000000e+01
6.972578880544726587e+01,1.000000000000000000e+00,-7.000000000000000000e+00
6.972578880544726587e+01,1.000000000000000000e+00,-1.000000000000000000e+01
6.972578880544726587e+01,1.000000000000000000e+00,-1.000000000000000000e+01
6.972578880544726587e+01,1.000000000000000000e+00,-7.000000000000000000e+00
6.972578880544726587e+01,1.000000000000000000e+00,-1.200000000000000000e+01
6.972578880544726587e+01,1.000000000000000000e+00,-8.000000000000000000e+00
6.972578880544726587e+01,1.000000000000000000e+00,-8.000000000000000000e+00
6.972578880544726587e+01,1.000000000000000000e+00,-8.000000000000000000e+00
6.972578880544726587e+01,1.000000000000000000e+00,-7.000000000000000000e+00
6.972578880544726587e+01,1.000000000000000000e+00,-9.000000000000000000e+00
6.972578880544726587e+01,1.000000000000000000e+00,-5.000000000000000000e+00
6.972578880544726587e+01,1.000000000000000000e+00,-6.000000000000000000e+00
6.972578880544726587e+01,1.000000000000000000e+00,-6.000000000000000000e+00
6.972578880544726587e+01,1.000000000000000000e+00,-1.100000000000000000e+01
6.972578880544726587e+01,1.000000000000000000e+00,-9.000000000000000000e+00
6.972578880544726587e+01,1.000000000000000000e+00,-8.000000000000000000e+00
6.972578880544726587e+01,1.000000000000000000e+00,-1.000000000000000000e+01
6.972578880544726587e+01,1.000000000000000000e+00,-1.100000000000000000e+01
6.972578880544726587e+01,1.000000000000000000e+00,-9.000000000000000000e+00
6.972578880544726587e+01,1.000000000000000000e+00,-1.100000000000000000e+01
6.972578880544726587e+01,1.000000000000000000e+00,-1.000000000000000000e+01
6.972578880544726587e+01,1.000000000000000000e+00,-7.000000000000000000e+00
6.972578880544726587e+01,1.000000000000000000e+00,-6.000000000000000000e+00
6.972578880544726587e+01,1.000000000000000000e+00,-9.000000000000000000e+00
6.972578880544726587e+01,1.000000000000000000e+00,-1.300000000000000000e+01
6.972578880544726587e+01,1.000000000000000000e+00,-8.000000000000000000e+00
6.972578880544726587e+01,1.000000000000000000e+00,-8.000000000000000000e+00
6.972578880544726587e+01,1.000000000000000000e+00,-8.000000000000000000e+00
6.972578880544726587e+01,1.000000000000000000e+00,-1.000000000000000000e+01
6.972578880544726587e+01,1.000000000000000000e+00,-7.000000000000000000e+00
6.972578880544726587e+01,1.000000000000000000e+00,-8.000000000000000000e+00
6.972578880544726587e+01,1.000000000000000000e+00,-1.000000000000000000e+01
6.972578880544726587e+01,1.000000000000000000e+00,-9.000000000000000000e+00
6.972578880544726587e+01,1.000000000000000000e+00,-1.200000000000000000e+01
6.972578880544726587e+01,1.000000000000000000e+00,-6.000000000000000000e+00
6.972578880544726587e+01,1.000000000000000000e+00,-1.100000000000000000e+01
6.972578880544726587e+01,1.000000000000000000e+00,-7.000000000000000000e+00
6.972578880544726587e+01,1.000000000000000000e+00,-1.000000000000000000e+01
6.972578880544726587e+01,1.000000000000000000e+00,-9.000000000000000000e+00
6.972578880544726587e+01,1.000000000000000000e+00,-7.000000000000000000e+00
6.972578880544726587e+01,1.000000000000000000e+00,-8.000000000000000000e+00
6.972578880544726587e+01,1.000000000000000000e+00,-1.000000000000000000e+01
6.972578880544726587e+01,1.000000000000000000e+00,-7.000000000000000000e+00
6.972578880544726587e+01,1.000000000000000000e+00,-8.000000000000000000e+00
6.972578880544726587e+01,1.000000000000000000e+00,-1.000000000000000000e+01
6.972578880544726587e+01,1.000000000000000000e+00,-8.000000000000000000e+00
6.972578880544726587e+01,1.000000000000000000e+00,-1.000000000000000000e+01
6.972578880544726587e+01,1.000000000000000000e+00,-9.000000000000000000e+00
6.972578880544726587e+01,1.000000000000000000e+00,-1.100000000000000000e+01
6.972578880544726587e+01,1.000000000000000000e+00,-1.000000000000000000e+01
6.972578880544726587e+01,1.000000000000000000e+00,-1.100000000000000000e+01
6.972578880544726587e+01,1.000000000000000000e+00,-9.000000000000000000e+00
6.972578880544726587e+01,1.000000000000000000e+00,-1.000000000000000000e+01
6.972578880544726587e+01,1.000000000000000000e+00,-1.000000000000000000e+01
6.972578880544726587e+01,1.000000000000000000e+00,-1.000000000000000000e+01
6.972578880544726587e+01,1.000000000000000000e+00,-1.000000000000000000e+01
6.972578880544726587e+01,1.000000000000000000e+00,-9.000000000000000000e+00
6.972578880544726587e+01,1.000000000000000000e+00,-1.000000000000000000e+01
6.972578880544726587e+01,1.000000000000000000e+00,-8.000000000000000000e+00
6.972578880544726587e+01,1.000000000000000000e+00,-8.000000000000000000e+00
6.972578880544726587e+01,1.000000000000000000e+00,-1.000000000000000000e+01
6.972578880544726587e+01,1.000000000000000000e+00,-8.000000000000000000e+00
6.972578880544726587e+01,1.000000000000000000e+00,-1.000000000000000000e+01
6.972578880544726587e+01,1.000000000000000000e+00,-1.100000000000000000e+01
6.972578880544726587e+01,1.000000000000000000e+00,-9.000000000000000000e+00
6.972578880544726587e+01,1.000000000000000000e+00,-1.000000000000000000e+01
6.972578880544726587e+01,1.000000000000000000e+00,-1.100000000000000000e+01
6.972578880544726587e+01,1.000000000000000000e+00,-9.000000000000000000e+00
6.972578880544726587e+01,1.000000000000000000e+00,-1.100000000000000000e+01
6.972578880544726587e+01,1.000000000000000000e+00,-7.000000000000000000e+00
6.972578880544726587e+01,1.000000000000000000e+00,-1.100000000000000000e+01
6.972578880544726587e+01,1.000000000000000000e+00,-6.000000000000000000e+00
6.972578880544726587e+01,1.000000000000000000e+00,-1.000000000000000000e+01
6.972578880544726587e+01,1.000000000000000000e+00,-1.000000000000000000e+01
6.972578880544726587e+01,1.000000000000000000e+00,-1.200000000000000000e+01
6.972578880544726587e+01,1.000000000000000000e+00,-1.000000000000000000e+01
6.972578880544726587e+01,1.000000000000000000e+00,-1.000000000000000000e+01
6.972578880544726587e+01,1.000000000000000000e+00,-7.000000000000000000e+00
6.972578880544726587e+01,1.000000000000000000e+00,-1.000000000000000000e+01
6.972578880544726587e+01,1.000000000000000000e+00,-1.300000000000000000e+01
6.972578880544726587e+01,1.000000000000000000e+00,-1.500000000000000000e+01
6.972578880544726587e+01,1.000000000000000000e+00,-1.200000000000000000e+01
6.972578880544726587e+01,1.000000000000000000e+00,-8.000000000000000000e+00
6.972578880544726587e+01,1.000000000000000000e+00,-1.100000000000000000e+01
6.972578880544726587e+01,1.000000000000000000e+00,-1.000000000000000000e+01
6.972578880544726587e+01,1.000000000000000000e+00,-7.000000000000000000e+00
6.972578880544726587e+01,1.000000000000000000e+00,-9.000000000000000000e+00
6.972578880544726587e+01,1.000000000000000000e+00,-1.100000000000000000e+01
6.972578880544726587e+01,1.000000000000000000e+00,-1.000000000000000000e+01
6.972578880544726587e+01,1.000000000000000000e+00,-1.100000000000000000e+01
6.972578880544726587e+01,1.000000000000000000e+00,-9.000000000000000000e+00
6.972578880544726587e+01,1.000000000000000000e+00,-1.000000000000000000e+01
6.972578880544726587e+01,1.000000000000000000e+00,-7.000000000000000000e+00
6.972578880544726587e+01,1.000000000000000000e+00,-1.100000000000000000e+01
6.972578880544726587e+01,1.000000000000000000e+00,-8.000000000000000000e+00
6.972578880544726587e+01,1.000000000000000000e+00,-9.000000000000000000e+00
6.972578880544726587e+01,1.000000000000000000e+00,-1.000000000000000000e+01
6.972578880544726587e+01,1.000000000000000000e+00,-1.300000000000000000e+01
6.972578880544726587e+01,1.000000000000000000e+00,-9.000000000000000000e+00
6.972578880544726587e+01,1.000000000000000000e+00,-9.000000000000000000e+00
6.972578880544726587e+01,1.000000000000000000e+00,-6.000000000000000000e+00
6.972578880544726587e+01,1.000000000000000000e+00,-1.000000000000000000e+01
6.972578880544726587e+01,1.000000000000000000e+00,-9.000000000000000000e+00
6.972578880544726587e+01,1.000000000000000000e+00,-1.000000000000000000e+01
6.972578880544726587e+01,1.000000000000000000e+00,-7.000000000000000000e+00
6.972578880544726587e+01,1.000000000000000000e+00,-9.000000000000000000e+00
6.972578880544726587e+01,1.000000000000000000e+00,-1.200000000000000000e+01
6.972578880544726587e+01,1.000000000000000000e+00,-1.000000000000000000e+01
6.972578880544726587e+01,1.000000000000000000e+00,-7.000000000000000000e+00
6.972578880544726587e+01,1.000000000000000000e+00,-7.000000000000000000e+00
6.972578880544726587e+01,1.000000000000000000e+00,-7.000000000000000000e+00
6.972578880544726587e+01,1.000000000000000000e+00,-7.000000000000000000e+00
6.972578880544726587e+01,1.000000000000000000e+00,-1.000000000000000000e+01
6.972578880544726587e+01,1.000000000000000000e+00,-1.100000000000000000e+01
6.972578880544726587e+01,1.000000000000000000e+00,-1.100000000000000000e+01
6.972578880544726587e+01,1.000000000000000000e+00,-7.000000000000000000e+00
6.972578880544726587e+01,1.000000000000000000e+00,-1.300000000000000000e+01
6.972578880544726587e+01,1.000000000000000000e+00,-9.000000000000000000e+00
6.972578880544726587e+01,1.000000000000000000e+00,-8.000000000000000000e+00
6.972578880544726587e+01,1.000000000000000000e+00,-1.000000000000000000e+01
6.972578880544726587e+01,1.000000000000000000e+00,-1.000000000000000000e+01
6.972578880544726587e+01,1.000000000000000000e+00,-1.100000000000000000e+01
6.972578880544726587e+01,1.000000000000000000e+00,-8.000000000000000000e+00
6.972578880544726587e+01,1.000000000000000000e+00,-8.000000000000000000e+00
6.972578880544726587e+01,1.000000000000000000e+00,-1.400000000000000000e+01
6.972578880544726587e+01,1.000000000000000000e+00,-1.200000000000000000e+01
6.972578880544726587e+01,1.000000000000000000e+00,-1.100000000000000000e+01
6.972578880544726587e+01,1.000000000000000000e+00,-8.000000000000000000e+00
6.972578880544726587e+01,1.000000000000000000e+00,-1.100000000000000000e+01
6.972578880544726587e+01,1.000000000000000000e+00,-8.000000000000000000e+00
6.972578880544726587e+01,1.000000000000000000e+00,-7.000000000000000000e+00
6.972578880544726587e+01,1.000000000000000000e+00,-9.000000000000000000e+00
6.972578880544726587e+01,1.000000000000000000e+00,-1.000000000000000000e+01
6.972578880544726587e+01,1.000000000000000000e+00,-1.000000000000000000e+01
6.972578880544726587e+01,1.000000000000000000e+00,-1.000000000000000000e+01
6.972578880544726587e+01,1.000000000000000000e+00,-1.100000000000000000e+01
6.972578880544726587e+01,1.000000000000000000e+00,-9.000000000000000000e+00
6.972578880544726587e+01,1.000000000000000000e+00,-8.000000000000000000e+00
6.972578880544726587e+01,1.000000000000000000e+00,-1.000000000000000000e+01
6.972578880544726587e+01,1.000000000000000000e+00,-8.000000000000000000e+00
6.972578880544726587e+01,1.000000000000000000e+00,-1.200000000000000000e+01
6.972578880544726587e+01,1.000000000000000000e+00,-1.300000000000000000e+01
6.972578880544726587e+01,1.000000000000000000e+00,-6.000000000000000000e+00
6.972578880544726587e+01,1.000000000000000000e+00,-1.200000000000000000e+01
6.972578880544726587e+01,1.000000000000000000e+00,-1.000000000000000000e+01
6.972578880544726587e+01,1.000000000000000000e+00,-1.200000000000000000e+01
6.972578880544726587e+01,1.000000000000000000e+00,-1.100000000000000000e+01
6.972578880544726587e+01,1.000000000000000000e+00,-9.000000000000000000e+00
6.972578880544726587e+01,1.000000000000000000e+00,-1.300000000000000000e+01
6.972578880544726587e+01,1.000000000000000000e+00,-1.000000000000000000e+01
6.972578880544726587e+01,1.000000000000000000e+00,-9.000000000000000000e+00
6.972578880544726587e+01,1.000000000000000000e+00,-1.100000000000000000e+01
6.972578880544726587e+01,1.000000000000000000e+00,-1.000000000000000000e+01
6.972578880544726587e+01,1.000000000000000000e+00,-9.000000000000000000e+00
6.972578880544726587e+01,1.000000000000000000e+00,-9.000000000000000000e+00
6.972578880544726587e+01,1.000000000000000000e+00,-1.000000000000000000e+01
6.972578880544726587e+01,1.000000000000000000e+00,-8.000000000000000000e+00
6.972578880544726587e+01,1.000000000000000000e+00,-9.000000000000000000e+00
6.972578880544726587e+01,1.000000000000000000e+00,-8.000000000000000000e+00
6.972578880544726587e+01,1.000000000000000000e+00,-6.000000000000000000e+00
6.972578880544726587e+01,1.000000000000000000e+00,-7.000000000000000000e+00
6.972578880544726587e+01,1.000000000000000000e+00,-8.000000000000000000e+00
6.972578880544726587e+01,1.000000000000000000e+00,-1.300000000000000000e+01
6.972578880544726587e+01,1.000000000000000000e+00,-9.000000000000000000e+00
6.972578880544726587e+01,1.000000000000000000e+00,-1.000000000000000000e+01
6.972578880544726587e+01,1.000000000000000000e+00,-1.400000000000000000e+01
6.972578880544726587e+01,1.000000000000000000e+00,-1.200000000000000000e+01
6.972578880544726587e+01,1.000000000000000000e+00,-8.000000000000000000e+00
6.972578880544726587e+01,1.000000000000000000e+00,-1.000000000000000000e+01
6.972578880544726587e+01,1.000000000000000000e+00,-1.300000000000000000e+01
6.972578880544726587e+01,1.000000000000000000e+00,-1.100000000000000000e+01
6.972578880544726587e+01,1.000000000000000000e+00,-8.000000000000000000e+00
6.972578880544726587e+01,1.000000000000000000e+00,-9.000000000000000000e+00
6.972578880544726587e+01,1.000000000000000000e+00,-9.000000000000000000e+00
6.972578880544726587e+01,1.000000000000000000e+00,-1.100000000000000000e+01
6.972578880544726587e+01,1.000000000000000000e+00,-6.000000000000000000e+00
6.972578880544726587e+01,1.000000000000000000e+00,-8.000000000000000000e+00
6.972578880544726587e+01,1.000000000000000000e+00,-9.000000000000000000e+00
6.972578880544726587e+01,1.000000000000000000e+00,-1.100000000000000000e+01
6.972578880544726587e+01,1.000000000000000000e+00,-6.000000000000000000e+00
6.972578880544726587e+01,1.000000000000000000e+00,-1.100000000000000000e+01
6.972578880544726587e+01,1.000000000000000000e+00,-8.000000000000000000e+00
6.972578880544726587e+01,1.000000000000000000e+00,-1.000000000000000000e+01
6.972578880544726587e+01,1.000000000000000000e+00,-1.100000000000000000e+01
6.972578880544726587e+01,1.000000000000000000e+00,-8.000000000000000000e+00
6.972578880544726587e+01,1.000000000000000000e+00,-1.000000000000000000e+01
6.972578880544726587e+01,1.000000000000000000e+00,-9.000000000000000000e+00
6.972578880544726587e+01,1.000000000000000000e+00,-6.000000000000000000e+00
6.972578880544726587e+01,1.000000000000000000e+00,-8.000000000000000000e+00
6.972578880544726587e+01,1.000000000000000000e+00,-8.000000000000000000e+00
6.972578880544726587e+01,1.000000000000000000e+00,-1.100000000000000000e+01
6.972578880544726587e+01,1.000000000000000000e+00,-7.000000000000000000e+00
6.972578880544726587e+01,1.000000000000000000e+00,-9.000000000000000000e+00
6.972578880544726587e+01,1.000000000000000000e+00,-1.300000000000000000e+01
6.972578880544726587e+01,1.000000000000000000e+00,-9.000000000000000000e+00
6.972578880544726587e+01,1.000000000000000000e+00,-9.000000000000000000e+00
6.972578880544726587e+01,1.000000000000000000e+00,-9.000000000000000000e+00
6.972578880544726587e+01,1.000000000000000000e+00,-7.000000000000000000e+00
6.972578880544726587e+01,1.000000000000000000e+00,-1.000000000000000000e+01
6.972578880544726587e+01,1.000000000000000000e+00,-1.100000000000000000e+01
6.972578880544726587e+01,1.000000000000000000e+00,-9.000000000000000000e+00
6.972578880544726587e+01,1.000000000000000000e+00,-1.100000000000000000e+01
6.972578880544726587e+01,1.000000000000000000e+00,-1.100000000000000000e+01
6.972578880544726587e+01,1.000000000000000000e+00,-6.000000000000000000e+00
6.972578880544726587e+01,1.000000000000000000e+00,-1.000000000000000000e+01
6.972578880544726587e+01,1.000000000000000000e+00,-1.100000000000000000e+01
6.972578880544726587e+01,1.000000000000000000e+00,-1.200000000000000000e+01
6.972578880544726587e+01,1.000000000000000000e+00,-8.000000000000000000e+00
6.972578880544726587e+01,1.000000000000000000e+00,-1.200000000000000000e+01
6.972578880544726587e+01,1.000000000000000000e+00,-1.400000000000000000e+01
6.972578880544726587e+01,1.000000000000000000e+00,-1.300000000000000000e+01
6.972578880544726587e+01,1.000000000000000000e+00,-1.000000000000000000e+01
6.972578880544726587e+01,1.000000000000000000e+00,-9.000000000000000000e+00
6.972578880544726587e+01,1.000000000000000000e+00,-9.000000000000000000e+00
6.972578880544726587e+01,1.000000000000000000e+00,-4.000000000000000000e+00
6.972578880544726587e+01,1.000000000000000000e+00,-7.000000000000000000e+00
6.972578880544726587e+01,1.000000000000000000e+00,-4.000000000000000000e+00
6.972578880544726587e+01,1.000000000000000000e+00,-9.000000000000000000e+00
6.972578880544726587e+01,1.000000000000000000e+00,-7.000000000000000000e+00
6.972578880544726587e+01,1.000000000000000000e+00,-7.000000000000000000e+00
6.972578880544726587e+01,1.000000000000000000e+00,-1.200000000000000000e+01
6.972578880544726587e+01,1.000000000000000000e+00,-8.000000000000000000e+00
6.972578880544726587e+01,1.000000000000000000e+00,-9.000000000000000000e+00
6.972578880544726587e+01,1.000000000000000000e+00,-9.000000000000000000e+00
6.972578880544726587e+01,1.000000000000000000e+00,-9.000000000000000000e+00
6.972578880544726587e+01,1.000000000000000000e+00,-1.000000000000000000e+01
6.972578880544726587e+01,1.000000000000000000e+00,-9.000000000000000000e+00
6.972578880544726587e+01,1.000000000000000000e+00,-1.000000000000000000e+01
6.972578880544726587e+01,1.000000000000000000e+00,-6.000000000000000000e+00
6.972578880544726587e+01,1.000000000000000000e+00,-9.000000000000000000e+00
6.972578880544726587e+01,1.000000000000000000e+00,-6.000000000000000000e+00
6.972578880544726587e+01,1.000000000000000000e+00,-1.000000000000000000e+01
6.972578880544726587e+01,1.000000000000000000e+00,-7.000000000000000000e+00
6.972578880544726587e+01,1.000000000000000000e+00,-9.000000000000000000e+00
6.972578880544726587e+01,1.000000000000000000e+00,-9.000000000000000000e+00
6.972578880544726587e+01,1.000000000000000000e+00,-1.000000000000000000e+01
6.972578880544726587e+01,1.000000000000000000e+00,-6.000000000000000000e+00
6.972578880544726587e+01,1.000000000000000000e+00,-1.100000000000000000e+01
6.972578880544726587e+01,1.000000000000000000e+00,-9.000000000000000000e+00
6.972578880544726587e+01,1.000000000000000000e+00,-1.000000000000000000e+01
6.972578880544726587e+01,1.000000000000000000e+00,-8.000000000000000000e+00
6.972578880544726587e+01,1.000000000000000000e+00,-6.000000000000000000e+00
6.972578880544726587e+01,1.000000000000000000e+00,-8.000000000000000000e+00
6.972578880544726587e+01,1.000000000000000000e+00,-9.000000000000000000e+00
6.972578880544726587e+01,1.000000000000000000e+00,-1.000000000000000000e+01
7.629399415373245574e+01,0.000000000000000000e+00,0.000000000000000000e+00
7.656356932267775051e+01,0.000000000000000000e+00,0.000000000000000000e+00
8.095029031004358444e+01,0.000000000000000000e+00,0.000000000000000000e+00
7.529607801861017435e+01,0.000000000000000000e+00,0.000000000000000000e+00
7.853944237362389913e+01,0.000000000000000000e+00,0.000000000000000000e+00
7.470698458706866063e+01,0.000000000000000000e+00,0.000000000000000000e+00
7.812473437403345145e+01,0.000000000000000000e+00,0.000000000000000000e+00
7.728218221302401503e+01,0.000000000000000000e+00,0.000000000000000000e+00
7.684388494133010283e+01,0.000000000000000000e+00,0.000000000000000000e+00
7.932240885130902086e+01,0.000000000000000000e+00,0.000000000000000000e+00
7.990482745307070900e+01,0.000000000000000000e+00,0.000000000000000000e+00
7.936957132403881587e+01,0.000000000000000000e+00,0.000000000000000000e+00
8.165608959901567232e+01,0.000000000000000000e+00,0.000000000000000000e+00
7.881515748012451184e+01,0.000000000000000000e+00,0.000000000000000000e+00
8.064373889451010768e+01,0.000000000000000000e+00,0.000000000000000000e+00
7.671804270742951815e+01,0.000000000000000000e+00,0.000000000000000000e+00
7.825194936276292879e+01,0.000000000000000000e+00,0.000000000000000000e+00
7.553027742558988678e+01,0.000000000000000000e+00,0.000000000000000000e+00
7.718450654358888130e+01,0.000000000000000000e+00,0.000000000000000000e+00
7.809129978371294101e+01,0.000000000000000000e+00,0.000000000000000000e+00
7.852029122583341803e+01,0.000000000000000000e+00,0.000000000000000000e+00
7.640861149502090655e+01,0.000000000000000000e+00,0.000000000000000000e+00
7.637735269562013229e+01,0.000000000000000000e+00,0.000000000000000000e+00
7.577490730297178345e+01,0.000000000000000000e+00,0.000000000000000000e+00
7.905827713948715996e+01,0.000000000000000000e+00,0.000000000000000000e+00
7.641012200818977362e+01,0.000000000000000000e+00,0.000000000000000000e+00
7.789435664110223456e+01,0.000000000000000000e+00,0.000000000000000000e+00
7.809319532219718951e+01,0.000000000000000000e+00,0.000000000000000000e+00
7.763588176530409157e+01,0.000000000000000000e+00,0.000000000000000000e+00
7.903795052508920094e+01,0.000000000000000000e+00,0.000000000000000000e+00
7.850063917983351303e+01,0.000000000000000000e+00,0.000000000000000000e+00
7.753620080362473743e+01,0.000000000000000000e+00,0.000000000000000000e+00
7.491349648788892068e+01,0.000000000000000000e+00,0.000000000000000000e+00
7.811937659008961532e+01,0.000000000000000000e+00,0.000000000000000000e+00
7.954849389644495261e+01,0.000000000000000000e+00,0.000000000000000000e+00
7.728022126073297215e+01,0.000000000000000000e+00,0.000000000000000000e+00
7.905465009517514829e+01,0.000000000000000000e+00,0.000000000000000000e+00
7.859065176318887325e+01,0.000000000000000000e+00,0.000000000000000000e+00
8.075570120681236119e+01,0.000000000000000000e+00,0.000000000000000000e+00
7.642086983807759282e+01,0.000000000000000000e+00,0.000000000000000000e+00
7.781437401431776379e+01,0.000000000000000000e+00,0.000000000000000000e+00
7.916909604378716381e+01,0.000000000000000000e+00,0.000000000000000000e+00
7.817490999275257479e+01,0.000000000000000000e+00,0.000000000000000000e+00
7.650690186416531446e+01,0.000000000000000000e+00,0.000000000000000000e+00
7.426645667007744578e+01,0.000000000000000000e+00,0.000000000000000000e+00
7.969003889736296742e+01,0.000000000000000000e+00,0.000000000000000000e+00
7.856603058681999130e+01,0.000000000000000000e+00,0.000000000000000000e+00
7.506907408365825063e+01,0.000000000000000000e+00,0.000000000000000000e+00
7.729254981730539953e+01,0.000000000000000000e+00,0.000000000000000000e+00
7.811934597673675285e+01,0.000000000000000000e+00,0.000000000000000000e+00
7.630882055395173325e+01,0.000000000000000000e+00,0.000000000000000000e+00
7.785340052527180887e+01,0.000000000000000000e+00,0.000000000000000000e+00
7.786073640833758702e+01,0.000000000000000000e+00,0.000000000000000000e+00
7.726196148353371029e+01,0.000000000000000000e+00,0.000000000000000000e+00
7.591517843089518180e+01,0.000000000000000000e+00,0.000000000000000000e+00
8.044857111585612586e+01,0.000000000000000000e+00,0.000000000000000000e+00
7.697769392893529528e+01,0.000000000000000000e+00,0.000000000000000000e+00
7.692146884735161905e+01,0.000000000000000000e+00,0.000000000000000000e+00
7.826123840780181240e+01,0.000000000000000000e+00,0.000000000000000000e+00
7.451931601478838729e+01,0.000000000000000000e+00,0.000000000000000000e+00
7.488971244399075999e+01,0.000000000000000000e+00,0.000000000000000000e+00
7.734697585963617428e+01,0.000000000000000000e+00,0.000000000000000000e+00
7.625725110280814079e+01,0.000000000000000000e+00,0.000000000000000000e+00
7.655412783667847521e+01,0.000000000000000000e+00,0.000000000000000000e+00
7.801065258232340227e+01,0.000000000000000000e+00,0.000000000000000000e+00
7.505986056532235295e+01,0.000000000000000000e+00,0.000000000000000000e+00
7.619253029872086813e+01,0.000000000000000000e+00,0.000000000000000000e+00
7.583262355220546169e+01,0.000000000000000000e+00,0.000000000000000000e+00
7.377536160053088565e+01,0.000000000000000000e+00,0.000000000000000000e+00
7.606020967957152834e+01,0.000000000000000000e+00,0.000000000000000000e+00
7.617632912033739956e+01,0.000000000000000000e+00,0.000000000000000000e+00
7.741551489200979574e+01,0.000000000000000000e+00,0.000000000000000000e+00
7.711347053723325473e+01,0.000000000000000000e+00,0.000000000000000000e+00
7.340727784912998288e+01,0.000000000000000000e+00,0.000000000000000000e+00
7.840672962462285511e+01,0.000000000000000000e+00,0.000000000000000000e+00
7.759848607882636884e+01,0.000000000000000000e+00,0.000000000000000000e+00
7.711799935315252696e+01,0.000000000000000000e+00,0.000000000000000000e+00
7.515872110953247898e+01,0.000000000000000000e+00,0.000000000000000000e+00
7.532869398852132292e+01,0.000000000000000000e+00,0.000000000000000000e+00
7.792587801516421564e+01,0.000000000000000000e+00,0.000000000000000000e+00
7.543494058872531127e+01,0.000000000000000000e+00,0.000000000000000000e+00
7.490951658755810172e+01,0.000000000000000000e+00,0.000000000000000000e+00
7.751891765255254541e+01,0.000000000000000000e+00,0.000000000000000000e+00
7.748757309834010698e+01,0.000000000000000000e+00,0.000000000000000000e+00
7.325937319580933149e+01,0.000000000000000000e+00,0.000000000000000000e+00
7.134213615732605263e+01,0.000000000000000000e+00,0.000000000000000000e+00
7.491704769107029449e+01,0.000000000000000000e+00,0.000000000000000000e+00
7.192737271009187339e+01,0.000000000000000000e+00,0.000000000000000000e+00
7.369684292155530159e+01,0.000000000000000000e+00,0.000000000000000000e+00
7.696506459070741357e+01,0.000000000000000000e+00,0.000000000000000000e+00
7.384542905294972570e+01,0.000000000000000000e+00,0.000000000000000000e+00
7.610140424377597412e+01,0.000000000000000000e+00,0.000000000000000000e+00
7.470594697060414546e+01,0.000000000000000000e+00,0.000000000000000000e+00
7.751660142869006620e+01,0.000000000000000000e+00,0.000000000000000000e+00
7.540928465846567974e+01,0.000000000000000000e+00,0.000000000000000000e+00
8.097688010227903987e+01,0.000000000000000000e+00,0.000000000000000000e+00
7.435208439243797329e+01,0.000000000000000000e+00,0.000000000000000000e+00
7.380414682429466211e+01,0.000000000000000000e+00,0.000000000000000000e+00
7.613974493607473448e+01,0.000000000000000000e+00,0.000000000000000000e+00
7.548818175962753685e+01,0.000000000000000000e+00,0.000000000000000000e+00
7.692559178697702293e+01,0.000000000000000000e+00,0.000000000000000000e+00
7.574026380755834964e+01,0.000000000000000000e+00,0.000000000000000000e+00
7.271172415479321671e+01,0.000000000000000000e+00,0.000000000000000000e+00
7.464080752043575728e+01,0.000000000000000000e+00,0.000000000000000000e+00
7.607652352783537708e+01,0.000000000000000000e+00,0.000000000000000000e+00
7.870218512552794721e+01,0.000000000000000000e+00,0.000000000000000000e+00
7.524618903964896788e+01,0.000000000000000000e+00,0.000000000000000000e+00
7.553472275208173414e+01,0.000000000000000000e+00,0.000000000000000000e+00
7.223866637226305443e+01,0.000000000000000000e+00,0.000000000000000000e+00
7.478617195052875388e+01,0.000000000000000000e+00,0.000000000000000000e+00
7.459151352734366469e+01,0.000000000000000000e+00,0.000000000000000000e+00
7.081926592810617649e+01,0.000000000000000000e+00,0.000000000000000000e+00
7.100575625632384913e+01,0.000000000000000000e+00,0.000000000000000000e+00
7.268281183781027721e+01,0.000000000000000000e+00,0.000000000000000000e+00
7.489304616603156717e+01,0.000000000000000000e+00,0.000000000000000000e+00
7.693012239960918919e+01,0.000000000000000000e+00,0.000000000000000000e+00
7.634763569570553443e+01,0.000000000000000000e+00,0.000000000000000000e+00
7.551892569782940257e+01,0.000000000000000000e+00,0.000000000000000000e+00
7.426959542251420032e+01,0.000000000000000000e+00,0.000000000000000000e+00
7.520731989514270310e+01,0.000000000000000000e+00,0.000000000000000000e+00
7.949512363765622069e+01,0.000000000000000000e+00,0.000000000000000000e+00
7.668997141714392285e+01,0.000000000000000000e+00,0.000000000000000000e+00
7.450864819093879987e+01,0.000000000000000000e+00,0.000000000000000000e+00
7.530759180176764289e+01,0.000000000000000000e+00,0.000000000000000000e+00
7.459267025952199504e+01,0.000000000000000000e+00,0.000000000000000000e+00
7.648728707674104044e+01,0.000000000000000000e+00,0.000000000000000000e+00
7.369393322843964711e+01,0.000000000000000000e+00,0.000000000000000000e+00
7.460688171577115213e+01,0.000000000000000000e+00,0.000000000000000000e+00
7.323075177353661047e+01,0.000000000000000000e+00,0.000000000000000000e+00
7.370827525060454377e+01,0.000000000000000000e+00,0.000000000000000000e+00
7.459432758101871741e+01,0.000000000000000000e+00,0.000000000000000000e+00
7.735270344013555643e+01,0.000000000000000000e+00,0.000000000000000000e+00
7.897880267988826120e+01,0.000000000000000000e+00,0.000000000000000000e+00
7.433700659398525090e+01,0.000000000000000000e+00,0.000000000000000000e+00
7.148060105492257321e+01,0.000000000000000000e+00,0.000000000000000000e+00
7.416181035250394871e+01,0.000000000000000000e+00,0.000000000000000000e+00
7.489231294145145057e+01,0.000000000000000000e+00,0.000000000000000000e+00
7.272318909767334105e+01,0.000000000000000000e+00,0.000000000000000000e+00
7.384509290859693920e+01,0.000000000000000000e+00,0.000000000000000000e+00
7.643125666569956422e+01,0.000000000000000000e+00,0.000000000000000000e+00
7.319184163778915320e+01,0.000000000000000000e+00,0.000000000000000000e+00
7.477097033620786704e+01,0.000000000000000000e+00,0.000000000000000000e+00
6.858311648595831400e+01,0.000000000000000000e+00,0.000000000000000000e+00
7.163774456460134843e+01,0.000000000000000000e+00,0.000000000000000000e+00
7.531226168014393352e+01,0.000000000000000000e+00,0.000000000000000000e+00
7.438717740071429319e+01,0.000000000000000000e+00,0.000000000000000000e+00
7.024540816446899782e+01,0.000000000000000000e+00,0.000000000000000000e+00
7.183542747505835280e+01,0.000000000000000000e+00,0.000000000000000000e+00
7.431148424768954897e+01,0.000000000000000000e+00,0.000000000000000000e+00
7.509046190065016901e+01,0.000000000000000000e+00,0.000000000000000000e+00
6.893682728376538194e+01,0.000000000000000000e+00,0.000000000000000000e+00
7.491067171621206455e+01,0.000000000000000000e+00,0.000000000000000000e+00
6.901728108430090458e+01,0.000000000000000000e+00,0.000000000000000000e+00
7.141540667974905432e+01,0.000000000000000000e+00,0.000000000000000000e+00
7.393253686480584008e+01,0.000000000000000000e+00,0.000000000000000000e+00
7.541679693228580561e+01,0.000000000000000000e+00,0.000000000000000000e+00
7.238870177803323713e+01,0.000000000000000000e+00,0.000000000000000000e+00
7.345398705533565931e+01,0.000000000000000000e+00,0.000000000000000000e+00
7.173062808683567937e+01,0.000000000000000000e+00,0.000000000000000000e+00
7.168235084858083894e+01,0.000000000000000000e+00,0.000000000000000000e+00
7.186216269129070611e+01,0.000000000000000000e+00,0.000000000000000000e+00
7.366951266973042323e+01,0.000000000000000000e+00,0.000000000000000000e+00
7.190289691473182643e+01,0.000000000000000000e+00,0.000000000000000000e+00
7.027504295730088302e+01,0.000000000000000000e+00,0.000000000000000000e+00
6.990607505142999401e+01,0.000000000000000000e+00,0.000000000000000000e+00
7.009696825904389073e+01,0.000000000000000000e+00,0.000000000000000000e+00
6.944566264574461911e+01,0.000000000000000000e+00,0.000000000000000000e+00
7.268959291666402578e+01,0.000000000000000000e+00,0.000000000000000000e+00
7.219500539554289276e+01,0.000000000000000000e+00,0.000000000000000000e+00
7.393138593160838923e+01,0.000000000000000000e+00,0.000000000000000000e+00
7.191908766701023126e+01,0.000000000000000000e+00,0.000000000000000000e+00
7.335364547987235539e+01,0.000000000000000000e+00,0.000000000000000000e+00
7.370630824155657024e+01,0.000000000000000000e+00,0.000000000000000000e+00
7.237457682398839154e+01,0.000000000000000000e+00,0.000000000000000000e+00
7.300748569661875820e+01,0.000000000000000000e+00,0.000000000000000000e+00
7.047514469633195233e+01,0.000000000000000000e+00,0.000000000000000000e+00
7.198300425251505885e+01,0.000000000000000000e+00,0.000000000000000000e+00
7.230285017780104795e+01,0.000000000000000000e+00,0.000000000000000000e+00
7.248576547169538742e+01,0.000000000000000000e+00,0.000000000000000000e+00
6.740932163269644661e+01,0.000000000000000000e+00,0.000000000000000000e+00
7.159159617297690659e+01,0.000000000000000000e+00,0.000000000000000000e+00
7.142512454036706515e+01,0.000000000000000000e+00,0.000000000000000000e+00
7.216118877238959328e+01,0.000000000000000000e+00,0.000000000000000000e+00
7.047215232007131647e+01,0.000000000000000000e+00,0.000000000000000000e+00
7.204509193914888954e+01,0.000000000000000000e+00,0.000000000000000000e+00
7.655882376695700486e+01,0.000000000000000000e+00,0.000000000000000000e+00
7.202335724825188379e+01,0.000000000000000000e+00,0.000000000000000000e+00
7.165456832710461299e+01,0.000000000000000000e+00,0.000000000000000000e+00
6.932576025977927259e+01,0.000000000000000000e+00,0.000000000000000000e+00
7.151071774816789173e+01,0.000000000000000000e+00,0.000000000000000000e+00
6.849557546765743155e+01,0.000000000000000000e+00,0.000000000000000000e+00
7.099190284540296147e+01,0.000000000000000000e+00,0.000000000000000000e+00
7.087519154970711099e+01,0.000000000000000000e+00,0.000000000000000000e+00
7.026106605715908415e+01,0.000000000000000000e+00,0.000000000000000000e+00
6.849608566349360217e+01,0.000000000000000000e+00,0.000000000000000000e+00
6.901613743135682455e+01,0.000000000000000000e+00,0.000000000000000000e+00
6.687827089866767949e+01,0.000000000000000000e+00,0.000000000000000000e+00
7.312562666392449273e+01,0.000000000000000000e+00,0.000000000000000000e+00
6.987108001754529596e+01,0.000000000000000000e+00,0.000000000000000000e+00
7.185666081566040475e+01,0.000000000000000000e+00,0.000000000000000000e+00
7.171166499089474655e+01,0.000000000000000000e+00,0.000000000000000000e+00
6.600796820026910439e+01,0.000000000000000000e+00,0.000000000000000000e+00
7.216105679691557384e+01,0.000000000000000000e+00,0.000000000000000000e+00
7.039216728456578664e+01,0.000000000000000000e+00,0.000000000000000000e+00
7.140178715071802173e+01,0.000000000000000000e+00,0.000000000000000000e+00
6.863580261902524171e+01,0.000000000000000000e+00,0.000000000000000000e+00
6.988078579341674867e+01,0.000000000000000000e+00,0.000000000000000000e+00
6.959720626178201996e+01,0.000000000000000000e+00,0.000000000000000000e+00
7.246632309317989495e+01,0.000000000000000000e+00,0.000000000000000000e+00
7.034607318269638654e+01,0.000000000000000000e+00,0.000000000000000000e+00
7.005808676604964091e+01,0.000000000000000000e+00,0.000000000000000000e+00
7.025360366065697804e+01,0.000000000000000000e+00,0.000000000000000000e+00
6.843401897315672500e+01,0.000000000000000000e+00,0.000000000000000000e+00
7.018530781453222289e+01,0.000000000000000000e+00,0.000000000000000000e+00
6.811871602173501117e+01,0.000000000000000000e+00,0.000000000000000000e+00
7.296700485212153353e+01,0.000000000000000000e+00,0.000000000000000000e+00
6.815545881510634274e+01,0.000000000000000000e+00,0.000000000000000000e+00
7.034320147053895766e+01,0.000000000000000000e+00,0.000000000000000000e+00
7.120979627149988289e+01,0.000000000000000000e+00,0.000000000000000000e+00
6.464192606686114573e+01,0.000000000000000000e+00,0.000000000000000000e+00
7.080874844038812910e+01,0.000000000000000000e+00,0.000000000000000000e+00
7.400460987587193529e+01,0.000000000000000000e+00,0.000000000000000000e+00
6.920567835439979376e+01,0.000000000000000000e+00,0.000000000000000000e+00
7.073448768637362605e+01,0.000000000000000000e+00,0.000000000000000000e+00
6.954583701612746438e+01,0.000000000000000000e+00,0.000000000000000000e+00
6.909794665732900398e+01,0.000000000000000000e+00,0.000000000000000000e+00
6.402067036795639865e+01,0.000000000000000000e+00,0.000000000000000000e+00
7.013773200718920009e+01,0.000000000000000000e+00,0.000000000000000000e+00
6.683304699935914073e+01,0.000000000000000000e+00,0.000000000000000000e+00
6.495212643612349268e+01,0.000000000000000000e+00,0.000000000000000000e+00
6.818399730073208787e+01,0.000000000000000000e+00,0.000000000000000000e+00
7.080686403540039464e+01,0.000000000000000000e+00,0.000000000000000000e+00
7.159975220570711940e+01,0.000000000000000000e+00,0.000000000000000000e+00
6.596445061240622465e+01,0.000000000000000000e+00,0.000000000000000000e+00
6.761865231861446546e+01,0.000000000000000000e+00,0.000000000000000000e+00
7.028146828054963180e+01,0.000000000000000000e+00,0.000000000000000000e+00
6.624614557112262503e+01,0.000000000000000000e+00,0.000000000000000000e+00
6.795508310422822262e+01,0.000000000000000000e+00,0.000000000000000000e+00
6.883147975959558096e+01,0.000000000000000000e+00,0.000000000000000000e+00
6.646831891671752146e+01,0.000000000000000000e+00,0.000000000000000000e+00
6.692612667950034222e+01,0.000000000000000000e+00,0.000000000000000000e+00
6.753434258314803174e+01,0.000000000000000000e+00,0.000000000000000000e+00
6.733137109073332738e+01,0.000000000000000000e+00,0.000000000000000000e+00
6.480672705127362576e+01,0.000000000000000000e+00,0.000000000000000000e+00
6.722467247541425195e+01,0.000000000000000000e+00,0.000000000000000000e+00
6.783729885190693665e+01,0.000000000000000000e+00,0.000000000000000000e+00
6.893550484747294149e+01,0.000000000000000000e+00,0.000000000000000000e+00
6.748753676582576588e+01,0.000000000000000000e+00,0.000000000000000000e+00
6.816871571781051387e+01,0.000000000000000000e+00,0.000000000000000000e+00
6.904723522604329844e+01,0.000000000000000000e+00,0.000000000000000000e+00
6.718056767884428382e+01,0.000000000000000000e+00,0.000000000000000000e+00
6.815820237660288683e+01,0.000000000000000000e+00,0.000000000000000000e+00
6.609344200568675376e+01,0.000000000000000000e+00,0.000000000000000000e+00
6.548999447257801876e+01,0.000000000000000000e+00,0.000000000000000000e+00
6.301922914873988901e+01,0.000000000000000000e+00,0.000000000000000000e+00
6.419732197183176936e+01,0.000000000000000000e+00,0.000000000000000000e+00
6.821788160274566337e+01,0.000000000000000000e+00,0.000000000000000000e+00
7.081340582858942412e+01,0.000000000000000000e+00,0.000000000000000000e+00
6.813843968012064067e+01,0.000000000000000000e+00,0.000000000000000000e+00
6.404552164451875740e+01,0.000000000000000000e+00,0.000000000000000000e+00
6.369650992855781624e+01,0.000000000000000000e+00,0.000000000000000000e+00
6.739065268127207275e+01,0.000000000000000000e+00,0.000000000000000000e+00
6.552129595586826838e+01,0.000000000000000000e+00,0.000000000000000000e+00
6.689225436306983852e+01,0.000000000000000000e+00,0.000000000000000000e+00
6.804982194839509191e+01,0.000000000000000000e+00,0.000000000000000000e+00
6.828287906258761097e+01,0.000000000000000000e+00,0.000000000000000000e+00
6.362074652340655234e+01,0.000000000000000000e+00,0.000000000000000000e+00
6.637179565359213029e+01,0.000000000000000000e+00,0.000000000000000000e+00
6.876905220801845076e+01,0.000000000000000000e+00,0.000000000000000000e+00
6.755181386222339768e+01,0.000000000000000000e+00,0.000000000000000000e+00
6.450651593239309989e+01,0.000000000000000000e+00,0.000000000000000000e+00
6.521859301447707935e+01,0.000000000000000000e+00,0.000000000000000000e+00
6.332217629103753609e+01,0.000000000000000000e+00,0.000000000000000000e+00
6.567582958057747078e+01,0.000000000000000000e+00,0.000000000000000000e+00
6.543476421354881722e+01,0.000000000000000000e+00,0.000000000000000000e+00
6.813102426469774286e+01,0.000000000000000000e+00,0.000000000000000000e+00
6.908832613322437055e+01,0.000000000000000000e+00,0.000000000000000000e+00
6.474525433641946393e+01,0.000000000000000000e+00,0.000000000000000000e+00
6.329228187579327880e+01,0.000000000000000000e+00,0.000000000000000000e+00
6.302847378444138116e+01,0.000000000000000000e+00,0.000000000000000000e+00
6.660192695641819682e+01,0.000000000000000000e+00,0.000000000000000000e+00
6.874702940795583572e+01,0.000000000000000000e+00,0.000000000000000000e+00
6.397173017358807101e+01,0.000000000000000000e+00,0.000000000000000000e+00
5.987522970356424423e+01,0.000000000000000000e+00,0.000000000000000000e+00
6.311300614705460532e+01,0.000000000000000000e+00,0.000000000000000000e+00
6.163733962993480020e+01,0.000000000000000000e+00,0.000000000000000000e+00
6.369719579195729153e+01,0.000000000000000000e+00,0.000000000000000000e+00
6.392535117728821348e+01,0.000000000000000000e+00,0.000000000000000000e+00
6.336460033500589617e+01,0.000000000000000000e+00,0.000000000000000000e+00
6.448312588635684506e+01,0.000000000000000000e+00,0.000000000000000000e+00
6.511677587826868319e+01,0.000000000000000000e+00,0.000000000000000000e+00
6.104578315018393653e+01,0.000000000000000000e+00,0.000000000000000000e+00
6.649511029455091204e+01,0.000000000000000000e+00,0.000000000000000000e+00
6.519742936307761738e+01,0.000000000000000000e+00,0.000000000000000000e+00
6.494501959738749974e+01,0.000000000000000000e+00,0.000000000000000000e+00
6.487263628686629602e+01,0.000000000000000000e+00,0.000000000000000000e+00
6.555465869819721547e+01,0.000000000000000000e+00,0.000000000000000000e+00
6.317370161563046338e+01,0.000000000000000000e+00,0.000000000000000000e+00
6.139798268893104449e+01,0.000000000000000000e+00,0.000000000000000000e+00
6.385796537733383360e+01,0.000000000000000000e+00,0.000000000000000000e+00
6.157998719383571284e+01,0.000000000000000000e+00,0.000000000000000000e+00
6.357270738767442708e+01,0.000000000000000000e+00,0.000000000000000000e+00
6.434392467740184429e+01,0.000000000000000000e+00,0.000000000000000000e+00
6.669995079132213789e+01,0.000000000000000000e+00,0.000000000000000000e+00
5.889445497677543528e+01,0.000000000000000000e+00,0.000000000000000000e+00
6.041907129716557279e+01,0.000000000000000000e+00,0.000000000000000000e+00
6.041098462961517868e+01,0.000000000000000000e+00,0.000000000000000000e+00
6.368884794411312811e+01,0.000000000000000000e+00,0.000000000000000000e+00
6.760943968174410657e+01,0.000000000000000000e+00,0.000000000000000000e+00
6.838944013764532315e+01,0.000000000000000000e+00,0.000000000000000000e+00
6.580203202602658052e+01,0.000000000000000000e+00,0.000000000000000000e+00
6.482661726338749020e+01,0.000000000000000000e+00,0.000000000000000000e+00
6.226735059742043887e+01,0.000000000000000000e+00,0.000000000000000000e+00
6.134915789843179823e+01,0.000000000000000000e+00,0.000000000000000000e+00
6.266302119518807956e+01,0.000000000000000000e+00,0.000000000000000000e+00
6.263311471137743069e+01,0.000000000000000000e+00,0.000000000000000000e+00
6.178242273284944019e+01,0.000000000000000000e+00,0.000000000000000000e+00
6.136019279089154566e+01,0.000000000000000000e+00,0.000000000000000000e+00
6.178684783118959700e+01,0.000000000000000000e+00,0.000000000000000000e+00
5.882540598019734546e+01,0.000000000000000000e+00,0.000000000000000000e+00
6.373806307977216079e+01,0.000000000000000000e+00,0.000000000000000000e+00
6.329092573581336723e+01,0.000000000000000000e+00,0.000000000000000000e+00
6.205989983151832945e+01,0.000000000000000000e+00,0.000000000000000000e+00
6.449349039161285191e+01,0.000000000000000000e+00,0.000000000000000000e+00
6.439919574668095947e+01,0.000000000000000000e+00,0.000000000000000000e+00
5.992547407579819208e+01,0.000000000000000000e+00,0.000000000000000000e+00
6.348914380696707838e+01,0.000000000000000000e+00,0.000000000000000000e+00
6.077526907526739564e+01,0.000000000000000000e+00,0.000000000000000000e+00
6.012481691859229471e+01,0.000000000000000000e+00,0.000000000000000000e+00
5.877326849820986610e+01,0.000000000000000000e+00,0.000000000000000000e+00
6.224941684330948277e+01,0.000000000000000000e+00,0.000000000000000000e+00
6.209353601954271085e+01,0.000000000000000000e+00,0.000000000000000000e+00
5.855304065675317560e+01,0.000000000000000000e+00,0.000000000000000000e+00
5.747585921432796852e+01,0.000000000000000000e+00,0.000000000000000000e+00
5.974170834096663896e+01,0.000000000000000000e+00,0.000000000000000000e+00
6.127640166921415954e+01,0.000000000000000000e+00,0.000000000000000000e+00
6.025833870857224639e+01,0.000000000000000000e+00,0.000000000000000000e+00
6.018455666480399913e+01,0.000000000000000000e+00,0.000000000000000000e+00
6.008391631564503399e+01,0.000000000000000000e+00,0.000000000000000000e+00
5.795228095560322146e+01,0.000000000000000000e+00,0.000000000000000000e+00
5.961225290284980360e+01,0.000000000000000000e+00,0.000000000000000000e+00
5.662016118801690823e+01,0.000000000000000000e+00,0.000000000000000000e+00
6.047927018114769737e+01,0.000000000000000000e+00,0.000000000000000000e+00
5.932326642366646041e+01,0.000000000000000000e+00,0.000000000000000000e+00
6.131178874575318360e+01,0.000000000000000000e+00,0.000000000000000000e+00
6.256675359233963718e+01,0.000000000000000000e+00,0.000000000000000000e+00
6.322058424598687054e+01,0.000000000000000000e+00,0.000000000000000000e+00
6.086361018307928816e+01,0.000000000000000000e+00,0.000000000000000000e+00
6.017776847122242145e+01,0.000000000000000000e+00,0.000000000000000000e+00
6.225741962697128429e+01,0.000000000000000000e+00,0.000000000000000000e+00
5.437922237253420832e+01,0.000000000000000000e+00,0.000000000000000000e+00
6.196847010904529185e+01,0.000000000000000000e+00,0.000000000000000000e+00
6.173164077187693266e+01,0.000000000000000000e+00,0.000000000000000000e+00
5.864615422576135018e+01,0.000000000000000000e+00,0.000000000000000000e+00
5.855737087046633604e+01,0.000000000000000000e+00,0.000000000000000000e+00
5.748969172484650869e+01,0.000000000000000000e+00,0.000000000000000000e+00
5.768846432683952230e+01,0.000000000000000000e+00,0.000000000000000000e+00
5.709934536690012408e+01,0.000000000000000000e+00,0.000000000000000000e+00
6.123788943180192490e+01,0.000000000000000000e+00,0.000000000000000000e+00
6.187154862635886587e+01,0.000000000000000000e+00,0.000000000000000000e+00
5.973489902274545926e+01,0.000000000000000000e+00,0.000000000000000000e+00
6.114423105802577396e+01,0.000000000000000000e+00,0.000000000000000000e+00
5.738317289228512408e+01,0.000000000000000000e+00,0.000000000000000000e+00
5.934960143161131896e+01,0.000000000000000000e+00,0.000000000000000000e+00
5.823749044419835741e+01,0.000000000000000000e+00,0.000000000000000000e+00
5.586034204520029078e+01,0.000000000000000000e+00,0.000000000000000000e+00
5.914671498040976161e+01,0.000000000000000000e+00,0.000000000000000000e+00
5.865313969647190362e+01,0.000000000000000000e+00,0.000000000000000000e+00
5.660007701206013309e+01,0.000000000000000000e+00,0.000000000000000000e+00
5.771213193721496282e+01,0.000000000000000000e+00,0.000000000000000000e+00
6.090543265512908988e+01,0.000000000000000000e+00,0.000000000000000000e+00
5.653636551521163511e+01,0.000000000000000000e+00,0.000000000000000000e+00
5.872536446540025423e+01,0.000000000000000000e+00,0.000000000000000000e+00
5.891307089381140827e+01,0.000000000000000000e+00,0.000000000000000000e+00
5.604438411935485220e+01,0.000000000000000000e+00,0.000000000000000000e+00
5.760888028546363415e+01,0.000000000000000000e+00,0.000000000000000000e+00
5.559051918972880202e+01,0.000000000000000000e+00,0.000000000000000000e+00
5.766628182694363858e+01,0.000000000000000000e+00,0.000000000000000000e+00
5.957458400050276026e+01,0.000000000000000000e+00,0.000000000000000000e+00
5.916411951821316251e+01,0.000000000000000000e+00,0.000000000000000000e+00
5.457941080214505547e+01,0.000000000000000000e+00,0.000000000000000000e+00
5.792889434170518825e+01,0.000000000000000000e+00,0.000000000000000000e+00
5.658771005694369904e+01,0.000000000000000000e+00,0.000000000000000000e+00
5.992791055967578728e+01,0.000000000000000000e+00,0.000000000000000000e+00
5.550497413728408702e+01,0.000000000000000000e+00,0.000000000000000000e+00
5.456807916283151627e+01,0.000000000000000000e+00,0.000000000000000000e+00
5.667685793197134814e+01,0.000000000000000000e+00,0.000000000000000000e+00
5.575092991719129287e+01,0.000000000000000000e+00,0.000000000000000000e+00
5.743420110862938088e+01,0.000000000000000000e+00,0.000000000000000000e+00
5.692687535403882038e+01,0.000000000000000000e+00,0.000000000000000000e+00
5.710516338486750954e+01,0.000000000000000000e+00,0.000000000000000000e+00
5.475997400318758679e+01,0.000000000000000000e+00,0.000000000000000000e+00
5.818561531644998297e+01,0.000000000000000000e+00,0.000000000000000000e+00
5.512072608823627462e+01,0.000000000000000000e+00,0.000000000000000000e+00
5.656771404967315675e+01,0.000000000000000000e+00,0.000000000000000000e+00
5.745172857577828296e+01,0.000000000000000000e+00,0.000000000000000000e+00
5.721711009291207262e+01,0.000000000000000000e+00,0.000000000000000000e+00
5.637438549818391209e+01,0.000000000000000000e+00,0.000000000000000000e+00
5.384848260692626809e+01,0.000000000000000000e+00,0.000000000000000000e+00
5.142377703302901892e+01,0.000000000000000000e+00,0.000000000000000000e+00
5.899011441591441240e+01,0.000000000000000000e+00,0.000000000000000000e+00
5.750470991051866321e+01,0.000000000000000000e+00,0.000000000000000000e+00
5.592168155915334182e+01,0.000000000000000000e+00,0.000000000000000000e+00
5.795825750660597464e+01,0.000000000000000000e+00,0.000000000000000000e+00
5.647177545608095528e+01,0.000000000000000000e+00,0.000000000000000000e+00
5.388289961404503714e+01,0.000000000000000000e+00,0.000000000000000000e+00
5.419152744672250321e+01,0.000000000000000000e+00,0.000000000000000000e+00
5.530100009215941270e+01,0.000000000000000000e+00,0.000000000000000000e+00
5.462977139976194962e+01,0.000000000000000000e+00,0.000000000000000000e+00
5.503069822313572246e+01,0.000000000000000000e+00,0.000000000000000000e+00
5.563115018445081006e+01,0.000000000000000000e+00,0.000000000000000000e+00
5.505911749051142579e+01,0.000000000000000000e+00,0.000000000000000000e+00
5.228570675340264273e+01,0.000000000000000000e+00,0.000000000000000000e+00
5.227934075536031600e+01,0.000000000000000000e+00,0.000000000000000000e+00
5.468597762341363477e+01,0.000000000000000000e+00,0.000000000000000000e+00
5.386662765800169694e+01,0.000000000000000000e+00,0.000000000000000000e+00
5.330100894362174557e+01,0.000000000000000000e+00,0.000000000000000000e+00
5.884821359456252310e+01,0.000000000000000000e+00,0.000000000000000000e+00
5.414274662229180279e+01,0.000000000000000000e+00,0.000000000000000000e+00
5.716634408040902571e+01,0.000000000000000000e+00,0.000000000000000000e+00
6.126628009473874670e+01,0.000000000000000000e+00,0.000000000000000000e+00
5.038234058829828399e+01,0.000000000000000000e+00,0.000000000000000000e+00
5.422619391811316092e+01,0.000000000000000000e+00,0.000000000000000000e+00
5.354863430206003727e+01,0.000000000000000000e+00,0.000000000000000000e+00
5.496267168168375150e+01,0.000000000000000000e+00,0.000000000000000000e+00
5.390338905289370075e+01,0.000000000000000000e+00,0.000000000000000000e+00
5.355009206620188422e+01,0.000000000000000000e+00,0.000000000000000000e+00
5.293713839834897783e+01,0.000000000000000000e+00,0.000000000000000000e+00
5.216989950089662642e+01,0.000000000000000000e+00,0.000000000000000000e+00
5.505200874518634180e+01,0.000000000000000000e+00,0.000000000000000000e+00
5.246088833639490900e+01,0.000000000000000000e+00,0.000000000000000000e+00
5.117131424145726726e+01,0.000000000000000000e+00,0.000000000000000000e+00
5.440938953782077903e+01,0.000000000000000000e+00,0.000000000000000000e+00
5.429264170793683775e+01,0.000000000000000000e+00,0.000000000000000000e+00
5.398013218698931581e+01,0.000000000000000000e+00,0.000000000000000000e+00
5.123931995411816587e+01,0.000000000000000000e+00,0.000000000000000000e+00
5.510749064178111922e+01,0.000000000000000000e+00,0.000000000000000000e+00
5.264454400175234383e+01,0.000000000000000000e+00,0.000000000000000000e+00
5.028262480872221829e+01,0.000000000000000000e+00,0.000000000000000000e+00
5.384364256577280372e+01,0.000000000000000000e+00,0.000000000000000000e+00
4.928553697662368904e+01,0.000000000000000000e+00,0.000000000000000000e+00
5.148069183949574068e+01,0.000000000000000000e+00,0.000000000000000000e+00
5.656845910402128652e+01,0.000000000000000000e+00,0.000000000000000000e+00
4.981336803869606911e+01,0.000000000000000000e+00,0.000000000000000000e+00
5.480578378511540905e+01,0.000000000000000000e+00,0.000000000000000000e+00
4.991605406440476855e+01,0.000000000000000000e+00,0.000000000000000000e+00
4.841238378483961213e+01,0.000000000000000000e+00,0.000000000000000000e+00
5.153698169186859701e+01,0.000000000000000000e+00,0.000000000000000000e+00
5.149363312217059274e+01,0.000000000000000000e+00,0.000000000000000000e+00
5.501091314085377348e+01,0.000000000000000000e+00,0.000000000000000000e+00
5.300364748155397621e+01,0.000000000000000000e+00,0.000000000000000000e+00
5.017194820174106695e+01,0.000000000000000000e+00,0.000000000000000000e+00
5.224623092259312074e+01,0.000000000000000000e+00,0.000000000000000000e+00
5.004493906952948379e+01,0.000000000000000000e+00,0.000000000000000000e+00
5.229341382545862871e+01,0.000000000000000000e+00,0.000000000000000000e+00
5.247859114879408793e+01,0.000000000000000000e+00,0.000000000000000000e+00
5.563559355167247134e+01,0.000000000000000000e+00,0.000000000000000000e+00
5.241773673223763552e+01,0.000000000000000000e+00,0.000000000000000000e+00
5.075140658739866950e+01,0.000000000000000000e+00,0.000000000000000000e+00
5.029455275532495762e+01,0.000000000000000000e+00,0.000000000000000000e+00
5.248464239400722420e+01,0.000000000000000000e+00,0.000000000000000000e+00
5.156655473379161947e+01,0.000000000000000000e+00,0.000000000000000000e+00
4.976452182278475789e+01,0.000000000000000000e+00,0.000000000000000000e+00
5.010552691051923091e+01,0.000000000000000000e+00,0.000000000000000000e+00
4.696336445414733163e+01,0.000000000000000000e+00,0.000000000000000000e+00
4.749338013879022213e+01,0.000000000000000000e+00,0.000000000000000000e+00
5.134865235357028013e+01,0.000000000000000000e+00,0.000000000000000000e+00
5.348602239979787498e+01,0.000000000000000000e+00,0.000000000000000000e+00
5.229147944836199002e+01,0.000000000000000000e+00,0.000000000000000000e+00
5.418614590572101264e+01,0.000000000000000000e+00,0.000000000000000000e+00
4.765887081622555144e+01,0.000000000000000000e+00,0.000000000000000000e+00
4.920732489729483916e+01,0.000000000000000000e+00,0.000000000000000000e+00
4.921097634382627461e+01,0.000000000000000000e+00,0.000000000000000000e+00
5.390916380311352896e+01,0.000000000000000000e+00,0.000000000000000000e+00
5.211127041770840407e+01,0.000000000000000000e+00,0.000000000000000000e+00
4.912473733897259365e+01,0.000000000000000000e+00,0.000000000000000000e+00
4.550378419853375078e+01,0.000000000000000000e+00,0.000000000000000000e+00
4.663262267936642047e+01,0.000000000000000000e+00,0.000000000000000000e+00
5.194191748043664347e+01,0.000000000000000000e+00,0.000000000000000000e+00
4.944457189155418320e+01,0.000000000000000000e+00,0.000000000000000000e+00
4.810899394961959530e+01,0.000000000000000000e+00,0.000000000000000000e+00
4.886772950161024198e+01,0.000000000000000000e+00,0.000000000000000000e+00
4.378316154181127473e+01,0.000000000000000000e+00,0.000000000000000000e+00
5.306404042145852884e+01,0.000000000000000000e+00,0.000000000000000000e+00
4.953888859536762368e+01,0.000000000000000000e+00,0.000000000000000000e+00
5.055139770158787371e+01,0.000000000000000000e+00,0.000000000000000000e+00
4.651005990757141006e+01,0.000000000000000000e+00,0.000000000000000000e+00
5.022265691939061583e+01,0.000000000000000000e+00,0.000000000000000000e+00
4.936429657443810726e+01,0.000000000000000000e+00,0.000000000000000000e+00
4.734204675056349032e+01,0.000000000000000000e+00,0.000000000000000000e+00
4.718351308740904670e+01,0.000000000000000000e+00,0.000000000000000000e+00
4.601415349433093382e+01,0.000000000000000000e+00,0.000000000000000000e+00
4.822235056615901527e+01,0.000000000000000000e+00,0.000000000000000000e+00
4.742497691922638836e+01,0.000000000000000000e+00,0.000000000000000000e+00
5.226986689229577365e+01,0.000000000000000000e+00,0.000000000000000000e+00
5.294510716501135761e+01,0.000000000000000000e+00,0.000000000000000000e+00
5.060999716709331153e+01,0.000000000000000000e+00,0.000000000000000000e+00
4.799927600414374496e+01,0.000000000000000000e+00,0.000000000000000000e+00
4.895657165788684750e+01,0.000000000000000000e+00,0.000000000000000000e+00
4.790353186750427028e+01,0.000000000000000000e+00,0.000000000000000000e+00
4.814183498387646409e+01,0.000000000000000000e+00,0.000000000000000000e+00
4.821593464111627014e+01,0.000000000000000000e+00,0.000000000000000000e+00
4.898634013995325631e+01,0.000000000000000000e+00,0.000000000000000000e+00
4.856072653924837113e+01,0.000000000000000000e+00,0.000000000000000000e+00
4.719806026985697400e+01,0.000000000000000000e+00,0.000000000000000000e+00
5.133034115528724328e+01,0.000000000000000000e+00,0.000000000000000000e+00
4.463895538112253547e+01,0.000000000000000000e+00,0.000000000000000000e+00
4.628858435185509990e+01,0.000000000000000000e+00,0.000000000000000000e+00
4.242263321166210943e+01,0.000000000000000000e+00,0.000000000000000000e+00
4.217130303670548841e+01,0.000000000000000000e+00,0.000000000000000000e+00
4.618002455983702959e+01,0.000000000000000000e+00,0.000000000000000000e+00
4.725423237075028737e+01,0.000000000000000000e+00,0.000000000000000000e+00
4.642308797099628492e+01,0.000000000000000000e+00,0.000000000000000000e+00
4.393499334689742852e+01,0.000000000000000000e+00,0.000000000000000000e+00
4.968106494489228453e+01,0.000000000000000000e+00,0.000000000000000000e+00
4.808653746330233503e+01,0.000000000000000000e+00,0.000000000000000000e+00
4.507938624044673048e+01,0.000000000000000000e+00,0.000000000000000000e+00
4.383713011808610815e+01,0.000000000000000000e+00,0.000000000000000000e+00
4.649310428643241977e+01,0.000000000000000000e+00,0.000000000000000000e+00
4.585461089092309805e+01,0.000000000000000000e+00,0.000000000000000000e+00
4.454547629912325135e+01,0.000000000000000000e+00,0.000000000000000000e+00
4.245168337198643371e+01,0.000000000000000000e+00,0.000000000000000000e+00
4.353869628086764720e+01,0.000000000000000000e+00,0.000000000000000000e+00
4.377764128539561739e+01,0.000000000000000000e+00,0.000000000000000000e+00
4.487081016871766792e+01,0.000000000000000000e+00,0.000000000000000000e+00
4.452288675234957793e+01,0.000000000000000000e+00,0.000000000000000000e+00
4.673671065570000138e+01,0.000000000000000000e+00,0.000000000000000000e+00
4.185496733349106080e+01,0.000000000000000000e+00,0.000000000000000000e+00
4.430512906532370465e+01,0.000000000000000000e+00,0.000000000000000000e+00
4.148248064788302258e+01,0.000000000000000000e+00,0.000000000000000000e+00
4.138417529596602407e+01,0.000000000000000000e+00,0.000000000000000000e+00
4.618960349668487453e+01,0.000000000000000000e+00,0.000000000000000000e+00
4.345752568313828590e+01,0.000000000000000000e+00,0.000000000000000000e+00
4.526866237493038625e+01,0.000000000000000000e+00,0.000000000000000000e+00
4.623426308145945995e+01,0.000000000000000000e+00,0.000000000000000000e+00
4.525901788864801034e+01,0.000000000000000000e+00,0.000000000000000000e+00
4.789638351110374970e+01,0.000000000000000000e+00,0.000000000000000000e+00
4.095173202671438162e+01,0.000000000000000000e+00,0.000000000000000000e+00
4.751263770226755412e+01,0.000000000000000000e+00,0.000000000000000000e+00
4.379607821006185731e+01,0.000000000000000000e+00,0.000000000000000000e+00
4.741133874752256361e+01,0.000000000000000000e+00,0.000000000000000000e+00
4.527203999065317674e+01,0.000000000000000000e+00,0.000000000000000000e+00
4.294210175317881095e+01,0.000000000000000000e+00,0.000000000000000000e+00
4.546593504761001014e+01,0.000000000000000000e+00,0.000000000000000000e+00
4.317544371141447357e+01,0.000000000000000000e+00,0.000000000000000000e+00
4.249120650082129202e+01,0.000000000000000000e+00,0.000000000000000000e+00
4.472126361236988856e+01,0.000000000000000000e+00,0.000000000000000000e+00
4.291665371669308371e+01,0.000000000000000000e+00,0.000000000000000000e+00
4.102827059351138672e+01,0.000000000000000000e+00,0.000000000000000000e+00
4.297794364702106407e+01,0.000000000000000000e+00,0.000000000000000000e+00
4.487145963928708881e+01,0.000000000000000000e+00,0.000000000000000000e+00
4.185482751223550224e+01,0.000000000000000000e+00,0.000000000000000000e+00
4.753522019551665068e+01,0.000000000000000000e+00,0.000000000000000000e+00
4.404732161360976761e+01,0.000000000000000000e+00,0.000000000000000000e+00
4.260159811658567719e+01,0.000000000000000000e+00,0.000000000000000000e+00
4.357921673600022672e+01,0.000000000000000000e+00,0.000000000000000000e+00
3.961438745899324942e+01,0.000000000000000000e+00,0.000000000000000000e+00
4.388621437257076963e+01,0.000000000000000000e+00,0.000000000000000000e+00
4.292066277304328281e+01,0.000000000000000000e+00,0.000000000000000000e+00
4.226700695763086912e+01,0.000000000000000000e+00,0.000000000000000000e+00
4.423177036597454759e+01,0.000000000000000000e+00,0.000000000000000000e+00
4.455732291169628922e+01,0.000000000000000000e+00,0.000000000000000000e+00
4.134518065639485940e+01,0.000000000000000000e+00,0.000000000000000000e+00
4.475667114843559347e+01,0.000000000000000000e+00,0.000000000000000000e+00
4.235297610523459610e+01,0.000000000000000000e+00,0.000000000000000000e+00
4.443982652230108954e+01,0.000000000000000000e+00,0.000000000000000000e+00
4.233606964378353155e+01,0.000000000000000000e+00,0.000000000000000000e+00
4.196417339388347045e+01,0.000000000000000000e+00,0.000000000000000000e+00
4.047576841035659356e+01,0.000000000000000000e+00,0.000000000000000000e+00
4.310985677327636978e+01,0.000000000000000000e+00,0.000000000000000000e+00
4.095410880051456104e+01,0.000000000000000000e+00,0.000000000000000000e+00
4.051121335587848904e+01,0.000000000000000000e+00,0.000000000000000000e+00
4.333379541046230088e+01,0.000000000000000000e+00,0.000000000000000000e+00
4.363879302070400712e+01,0.000000000000000000e+00,0.000000000000000000e+00
4.193494589373435844e+01,0.000000000000000000e+00,0.000000000000000000e+00
4.506066413501815759e+01,0.000000000000000000e+00,0.000000000000000000e+00
3.936679081019059367e+01,0.000000000000000000e+00,0.000000000000000000e+00
4.067526453299716849e+01,0.000000000000000000e+00,0.000000000000000000e+00
4.145058496654175428e+01,0.000000000000000000e+00,0.000000000000000000e+00
4.341726716849855450e+01,0.000000000000000000e+00,0.000000000000000000e+00
4.197630790740895890e+01,0.000000000000000000e+00,0.000000000000000000e+00
4.112801991373559929e+01,0.000000000000000000e+00,0.000000000000000000e+00
4.135099169328133684e+01,0.000000000000000000e+00,0.000000000000000000e+00
4.249618912497789580e+01,0.000000000000000000e+00,0.000000000000000000e+00
4.166423107701773887e+01,0.000000000000000000e+00,0.000000000000000000e+00
4.094218585628276230e+01,0.000000000000000000e+00,0.000000000000000000e+00
4.060376914957544159e+01,0.000000000000000000e+00,0.000000000000000000e+00
4.139600588982302298e+01,0.000000000000000000e+00,0.000000000000000000e+00
4.239052412523222557e+01,0.000000000000000000e+00,0.000000000000000000e+00
3.796239896644765821e+01,0.000000000000000000e+00,0.000000000000000000e+00
4.326054576081804015e+01,0.000000000000000000e+00,0.000000000000000000e+00
3.632852535265037375e+01,0.000000000000000000e+00,0.000000000000000000e+00
3.892754562875705915e+01,0.000000000000000000e+00,0.000000000000000000e+00
3.957156064772886594e+01,0.000000000000000000e+00,0.000000000000000000e+00
3.896596174633103260e+01,0.000000000000000000e+00,0.000000000000000000e+00
3.941034491568267839e+01,0.000000000000000000e+00,0.000000000000000000e+00
4.183351422218101590e+01,0.000000000000000000e+00,0.000000000000000000e+00
3.914702812705901636e+01,0.000000000000000000e+00,0.000000000000000000e+00
3.453462125115960646e+01,0.000000000000000000e+00,0.000000000000000000e+00
4.094372429060385343e+01,0.000000000000000000e+00,0.000000000000000000e+00
3.912448896593388525e+01,0.000000000000000000e+00,0.000000000000000000e+00
4.040754238875400972e+01,0.000000000000000000e+00,0.000000000000000000e+00
3.955345284278026696e+01,0.000000000000000000e+00,0.000000000000000000e+00
3.620375041209635469e+01,0.000000000000000000e+00,0.000000000000000000e+00
3.803727384771414677e+01,0.000000000000000000e+00,0.000000000000000000e+00
3.882741729991428059e+01,0.000000000000000000e+00,0.000000000000000000e+00
4.001206864356817050e+01,0.000000000000000000e+00,0.000000000000000000e+00
3.895607070969171559e+01,0.000000000000000000e+00,0.000000000000000000e+00
3.834325035940385362e+01,0.000000000000000000e+00,0.000000000000000000e+00
3.893684254546302981e+01,0.000000000000000000e+00,0.000000000000000000e+00
3.548373949661436200e+01,0.000000000000000000e+00,0.000000000000000000e+00
3.730121973210126640e+01,0.000000000000000000e+00,0.000000000000000000e+00
4.109859111155427058e+01,0.000000000000000000e+00,0.000000000000000000e+00
3.755281596138421207e+01,0.000000000000000000e+00,0.000000000000000000e+00
3.926890451829424222e+01,0.000000000000000000e+00,0.000000000000000000e+00
3.661064311623750456e+01,0.000000000000000000e+00,0.000000000000000000e+00
3.975134209478243008e+01,0.000000000000000000e+00,0.000000000000000000e+00
3.747300328680821480e+01,0.000000000000000000e+00,0.000000000000000000e+00
3.612177669991989859e+01,0.000000000000000000e+00,0.000000000000000000e+00
3.919854640947337288e+01,0.000000000000000000e+00,0.000000000000000000e+00
4.105599647237289673e+01,0.000000000000000000e+00,0.000000000000000000e+00
3.675854903063473955e+01,0.000000000000000000e+00,0.000000000000000000e+00
3.538963243377460799e+01,0.000000000000000000e+00,0.000000000000000000e+00
3.688048664455573800e+01,0.000000000000000000e+00,0.000000000000000000e+00
3.754837621318656460e+01,0.000000000000000000e+00,0.000000000000000000e+00
3.806398394736074664e+01,0.000000000000000000e+00,0.000000000000000000e+00
3.290417734147020923e+01,0.000000000000000000e+00,0.000000000000000000e+00
3.734339242538060688e+01,0.000000000000000000e+00,0.000000000000000000e+00
3.986527201750361371e+01,0.000000000000000000e+00,0.000000000000000000e+00
3.827657394966092852e+01,0.000000000000000000e+00,0.000000000000000000e+00
3.710354264132388380e+01,0.000000000000000000e+00,0.000000000000000000e+00
4.173938288921165451e+01,0.000000000000000000e+00,0.000000000000000000e+00
3.432736348831550544e+01,0.000000000000000000e+00,0.000000000000000000e+00
3.711482586675179363e+01,0.000000000000000000e+00,0.000000000000000000e+00
4.150412787242336776e+01,0.000000000000000000e+00,0.000000000000000000e+00
3.548295152080083881e+01,0.000000000000000000e+00,0.000000000000000000e+00
3.669235802654038281e+01,0.000000000000000000e+00,0.000000000000000000e+00
3.719401994843787662e+01,0.000000000000000000e+00,0.000000000000000000e+00
3.826346787492045820e+01,0.000000000000000000e+00,0.000000000000000000e+00
3.467322865213040473e+01,0.000000000000000000e+00,0.000000000000000000e+00
3.686351833656946297e+01,0.000000000000000000e+00,0.000000000000000000e+00
3.446238190012862646e+01,0.000000000000000000e+00,0.000000000000000000e+00
3.944662585569831492e+01,0.000000000000000000e+00,0.000000000000000000e+00
3.624882056830880117e+01,0.000000000000000000e+00,0.000000000000000000e+00
3.860803480933686416e+01,0.000000000000000000e+00,0.000000000000000000e+00
3.433014752862529662e+01,0.000000000000000000e+00,0.000000000000000000e+00
3.606517647060373832e+01,0.000000000000000000e+00,0.000000000000000000e+00
3.371956780901566475e+01,0.000000000000000000e+00,0.000000000000000000e+00
4.002619174986894279e+01,0.000000000000000000e+00,0.000000000000000000e+00
3.444160035184393109e+01,0.000000000000000000e+00,0.000000000000000000e+00
4.133899599721340223e+01,0.000000000000000000e+00,0.000000000000000000e+00
3.335990343045002504e+01,0.000000000000000000e+00,0.000000000000000000e+00
3.546158406088300552e+01,0.000000000000000000e+00,0.000000000000000000e+00
3.315921379776509070e+01,0.000000000000000000e+00,0.000000000000000000e+00
3.506388854624621843e+01,0.000000000000000000e+00,0.000000000000000000e+00
3.552852758371174247e+01,0.000000000000000000e+00,0.000000000000000000e+00
3.180679082172635219e+01,0.000000000000000000e+00,0.000000000000000000e+00
3.808398594105958779e+01,0.000000000000000000e+00,0.000000000000000000e+00
3.544297703380651399e+01,0.000000000000000000e+00,0.000000000000000000e+00
3.785202740416755773e+01,0.000000000000000000e+00,0.000000000000000000e+00
3.476978273108382211e+01,0.000000000000000000e+00,0.000000000000000000e+00
3.626753907339510619e+01,0.000000000000000000e+00,0.000000000000000000e+00
3.448386703392063168e+01,0.000000000000000000e+00,0.000000000000000000e+00
3.448294988251259241e+01,0.000000000000000000e+00,0.000000000000000000e+00
3.314070516303723224e+01,0.000000000000000000e+00,0.000000000000000000e+00
3.212053202589098078e+01,0.000000000000000000e+00,0.000000000000000000e+00
3.774785767717989415e+01,0.000000000000000000e+00,0.000000000000000000e+00
3.658366678192346910e+01,0.000000000000000000e+00,0.000000000000000000e+00
3.663172203539760829e+01,0.000000000000000000e+00,0.000000000000000000e+00
3.708135761340808756e+01,0.000000000000000000e+00,0.000000000000000000e+00
3.281313483698099276e+01,0.000000000000000000e+00,0.000000000000000000e+00
3.218410749654356096e+01,0.000000000000000000e+00,0.000000000000000000e+00
3.649771926729128069e+01,0.000000000000000000e+00,0.000000000000000000e+00
3.497126095310257199e+01,0.000000000000000000e+00,0.000000000000000000e+00
3.220472024094102892e+01,0.000000000000000000e+00,0.000000000000000000e+00
3.360381545940973069e+01,0.000000000000000000e+00,0.000000000000000000e+00
3.346571800984306577e+01,0.000000000000000000e+00,0.000000000000000000e+00
3.396610965258842896e+01,0.000000000000000000e+00,0.000000000000000000e+00
3.063766213217101608e+01,0.000000000000000000e+00,0.000000000000000000e+00
3.511164548233624316e+01,0.000000000000000000e+00,0.000000000000000000e+00
3.087337040665194010e+01,0.000000000000000000e+00,0.000000000000000000e+00
3.572988199156039002e+01,0.000000000000000000e+00,0.000000000000000000e+00
3.003959030455662571e+01,0.000000000000000000e+00,0.000000000000000000e+00
3.933116509978692932e+01,0.000000000000000000e+00,0.000000000000000000e+00
3.475626996280426084e+01,0.000000000000000000e+00,0.000000000000000000e+00
3.469366975180883372e+01,0.000000000000000000e+00,0.000000000000000000e+00
3.355659619115201764e+01,0.000000000000000000e+00,0.000000000000000000e+00
3.560907418460763552e+01,0.000000000000000000e+00,0.000000000000000000e+00
3.482234650269503362e+01,0.000000000000000000e+00,0.000000000000000000e+00
3.508470013805988685e+01,0.000000000000000000e+00,0.000000000000000000e+00
3.107459742176229511e+01,0.000000000000000000e+00,0.000000000000000000e+00
3.199988319282403282e+01,0.000000000000000000e+00,0.000000000000000000e+00
3.275964076320386198e+01,0.000000000000000000e+00,0.000000000000000000e+00
2.936409852591526004e+01,0.000000000000000000e+00,0.000000000000000000e+00
3.219226217713910643e+01,0.000000000000000000e+00,0.000000000000000000e+00
3.353532725354578048e+01,0.000000000000000000e+00,0.000000000000000000e+00
3.437895664266459050e+01,0.000000000000000000e+00,0.000000000000000000e+00
2.928602364048776252e+01,0.000000000000000000e+00,0.000000000000000000e+00
3.429497329724693344e+01,0.000000000000000000e+00,0.000000000000000000e+00
3.337918360015027019e+01,0.000000000000000000e+00,0.000000000000000000e+00
3.378204200665059176e+01,0.000000000000000000e+00,0.000000000000000000e+00
3.323641012879051004e+01,0.000000000000000000e+00,0.000000000000000000e+00
3.375870061909490261e+01,0.000000000000000000e+00,0.000000000000000000e+00
3.073432422552810195e+01,0.000000000000000000e+00,0.000000000000000000e+00
3.161289885175017389e+01,0.000000000000000000e+00,0.000000000000000000e+00
3.068663798257500019e+01,0.000000000000000000e+00,0.000000000000000000e+00
2.988411943032594209e+01,0.000000000000000000e+00,0.000000000000000000e+00
3.344997729669550779e+01,0.000000000000000000e+00,0.000000000000000000e+00
2.981038314328953476e+01,0.000000000000000000e+00,0.000000000000000000e+00
3.328676532859594062e+01,0.000000000000000000e+00,0.000000000000000000e+00
3.132999235618027356e+01,0.000000000000000000e+00,0.000000000000000000e+00
3.639819580478153682e+01,0.000000000000000000e+00,0.000000000000000000e+00
3.387624132994113779e+01,0.000000000000000000e+00,0.000000000000000000e+00
3.080421933749876473e+01,0.000000000000000000e+00,0.000000000000000000e+00
3.436540537502653336e+01,0.000000000000000000e+00,0.000000000000000000e+00
3.349082067458134304e+01,0.000000000000000000e+00,0.000000000000000000e+00
3.172327843604746889e+01,0.000000000000000000e+00,0.000000000000000000e+00
3.239641307028434625e+01,0.000000000000000000e+00,0.000000000000000000e+00
2.964748139747434763e+01,0.000000000000000000e+00,0.000000000000000000e+00
3.332210967168853699e+01,0.000000000000000000e+00,0.000000000000000000e+00
3.044131245143331554e+01,0.000000000000000000e+00,0.000000000000000000e+00
2.914838473595285251e+01,0.000000000000000000e+00,0.000000000000000000e+00
3.169032944470442104e+01,0.000000000000000000e+00,0.000000000000000000e+00
3.150307101529520892e+01,0.000000000000000000e+00,0.000000000000000000e+00
2.925366373700870781e+01,0.000000000000000000e+00,0.000000000000000000e+00
3.306134899424858276e+01,0.000000000000000000e+00,0.000000000000000000e+00
2.940759343451779628e+01,0.000000000000000000e+00,0.000000000000000000e+00
3.519798809128650419e+01,0.000000000000000000e+00,0.000000000000000000e+00
3.021650951684178210e+01,0.000000000000000000e+00,0.000000000000000000e+00
3.023134409375461118e+01,0.000000000000000000e+00,0.000000000000000000e+00
3.304821082243341124e+01,0.000000000000000000e+00,0.000000000000000000e+00
3.253630961960860191e+01,0.000000000000000000e+00,0.000000000000000000e+00
2.851002384306904247e+01,0.000000000000000000e+00,0.000000000000000000e+00
3.246318118184204593e+01,0.000000000000000000e+00,0.000000000000000000e+00
3.344314513918153864e+01,0.000000000000000000e+00,0.000000000000000000e+00
3.232014145689733908e+01,0.000000000000000000e+00,0.000000000000000000e+00
3.426926466145550165e+01,0.000000000000000000e+00,0.000000000000000000e+00
3.013283571151242057e+01,0.000000000000000000e+00,0.000000000000000000e+00
3.175800573232141133e+01,0.000000000000000000e+00,0.000000000000000000e+00
2.954202797946790682e+01,0.000000000000000000e+00,0.000000000000000000e+00
2.874557690128202481e+01,0.000000000000000000e+00,0.000000000000000000e+00
2.883774886396392390e+01,0.000000000000000000e+00,0.000000000000000000e+00
2.812217487354458356e+01,0.000000000000000000e+00,0.000000000000000000e+00
2.700488602014104700e+01,0.000000000000000000e+00,0.000000000000000000e+00
2.960695229780039384e+01,0.000000000000000000e+00,0.000000000000000000e+00
2.802232734474102926e+01,0.000000000000000000e+00,0.000000000000000000e+00
2.958614308406552595e+01,0.000000000000000000e+00,0.000000000000000000e+00
2.850548417980706617e+01,0.000000000000000000e+00,0.000000000000000000e+00
2.956475793249546413e+01,0.000000000000000000e+00,0.000000000000000000e+00
2.846626390130206374e+01,0.000000000000000000e+00,0.000000000000000000e+00
3.125805706796507621e+01,0.000000000000000000e+00,0.000000000000000000e+00
2.908616910443786807e+01,0.000000000000000000e+00,0.000000000000000000e+00
2.950763084463229902e+01,0.000000000000000000e+00,0.000000000000000000e+00
2.333269781275227572e+01,0.000000000000000000e+00,0.000000000000000000e+00
3.064006233843594273e+01,0.000000000000000000e+00,0.000000000000000000e+00
2.758246164249143462e+01,0.000000000000000000e+00,0.000000000000000000e+00
2.907354645485889222e+01,0.000000000000000000e+00,0.000000000000000000e+00
3.009461724805713700e+01,0.000000000000000000e+00,0.000000000000000000e+00
2.829149781812264308e+01,0.000000000000000000e+00,0.000000000000000000e+00
3.065747648069051223e+01,0.000000000000000000e+00,0.000000000000000000e+00
2.857935675692382915e+01,0.000000000000000000e+00,0.000000000000000000e+00
2.547233700147338098e+01,0.000000000000000000e+00,0.000000000000000000e+00
2.923675384677918743e+01,0.000000000000000000e+00,0.000000000000000000e+00
2.905183449768158255e+01,0.000000000000000000e+00,0.000000000000000000e+00
2.792500223083143140e+01,0.000000000000000000e+00,0.000000000000000000e+00
3.034590832660204995e+01,0.000000000000000000e+00,0.000000000000000000e+00
2.847222071681761690e+01,0.000000000000000000e+00,0.000000000000000000e+00
2.775429868032606606e+01,0.000000000000000000e+00,0.000000000000000000e+00
2.909086232536603944e+01,0.000000000000000000e+00,0.000000000000000000e+00
2.966755431109601204e+01,0.000000000000000000e+00,0.000000000000000000e+00
2.583102987601311185e+01,0.000000000000000000e+00,0.000000000000000000e+00
2.852251420962588568e+01,0.000000000000000000e+00,0.000000000000000000e+00
2.645127873183634293e+01,0.000000000000000000e+00,0.000000000000000000e+00
3.097174318825981132e+01,0.000000000000000000e+00,0.000000000000000000e+00
2.802218410006149441e+01,0.000000000000000000e+00,0.000000000000000000e+00
2.838793483414732322e+01,0.000000000000000000e+00,0.000000000000000000e+00
2.773317351838820244e+01,0.000000000000000000e+00,0.000000000000000000e+00
2.638526188227362113e+01,0.000000000000000000e+00,0.000000000000000000e+00
2.688765571141926358e+01,0.000000000000000000e+00,0.000000000000000000e+00
2.753023577002234035e+01,0.000000000000000000e+00,0.000000000000000000e+00
3.017354745962357754e+01,0.000000000000000000e+00,0.000000000000000000e+00
2.994570537680016997e+01,0.000000000000000000e+00,0.000000000000000000e+00
2.928543808229596124e+01,0.000000000000000000e+00,0.000000000000000000e+00
3.416741293186113637e+01,0.000000000000000000e+00,0.000000000000000000e+00
2.871853486588810611e+01,0.000000000000000000e+00,0.000000000000000000e+00
2.606248488784960315e+01,0.000000000000000000e+00,0.000000000000000000e+00
2.584318190297235773e+01,0.000000000000000000e+00,0.000000000000000000e+00
2.465610032343238700e+01,0.000000000000000000e+00,0.000000000000000000e+00
2.809306853875816046e+01,0.000000000000000000e+00,0.000000000000000000e+00
3.193737640732998884e+01,0.000000000000000000e+00,0.000000000000000000e+00
2.710154379256298895e+01,0.000000000000000000e+00,0.000000000000000000e+00
2.953443545699679973e+01,0.000000000000000000e+00,0.000000000000000000e+00
2.686152379320505190e+01,0.000000000000000000e+00,0.000000000000000000e+00
2.356731569299357432e+01,0.000000000000000000e+00,0.000000000000000000e+00
2.673702849645034973e+01,0.000000000000000000e+00,0.000000000000000000e+00
2.340313737906939195e+01,0.000000000000000000e+00,0.000000000000000000e+00
2.173286208852856305e+01,0.000000000000000000e+00,0.000000000000000000e+00
2.980624592753786928e+01,0.000000000000000000e+00,0.000000000000000000e+00
2.681481677269809794e+01,0.000000000000000000e+00,0.000000000000000000e+00
2.640571010028864052e+01,0.000000000000000000e+00,0.000000000000000000e+00
2.638766491443276507e+01,0.000000000000000000e+00,0.000000000000000000e+00
2.375512508322209726e+01,0.000000000000000000e+00,0.000000000000000000e+00
2.463024455136533319e+01,0.000000000000000000e+00,0.000000000000000000e+00
2.852443804174897579e+01,0.000000000000000000e+00,0.000000000000000000e+00
2.672741636674255972e+01,0.000000000000000000e+00,0.000000000000000000e+00
2.326100253749243763e+01,0.000000000000000000e+00,0.000000000000000000e+00
2.670379297699876275e+01,0.000000000000000000e+00,0.000000000000000000e+00
2.586608771343815150e+01,0.000000000000000000e+00,0.000000000000000000e+00
2.409497100133219760e+01,0.000000000000000000e+00,0.000000000000000000e+00
2.459535798631869241e+01,0.000000000000000000e+00,0.000000000000000000e+00
2.609994593512038108e+01,0.000000000000000000e+00,0.000000000000000000e+00
2.305819021202876939e+01,0.000000000000000000e+00,0.000000000000000000e+00
2.786775333208867877e+01,0.000000000000000000e+00,0.000000000000000000e+00
2.783234785989803939e+01,0.000000000000000000e+00,0.000000000000000000e+00
2.646610222587354500e+01,0.000000000000000000e+00,0.000000000000000000e+00
2.402105114479524417e+01,0.000000000000000000e+00,0.000000000000000000e+00
2.288094752252067110e+01,0.000000000000000000e+00,0.000000000000000000e+00
2.663519410678567212e+01,0.000000000000000000e+00,0.000000000000000000e+00
2.495085450945334671e+01,0.000000000000000000e+00,0.000000000000000000e+00
2.379905374039146793e+01,0.000000000000000000e+00,0.000000000000000000e+00
2.553106226790866629e+01,0.000000000000000000e+00,0.000000000000000000e+00
2.876357737931806469e+01,0.000000000000000000e+00,0.000000000000000000e+00
2.539822548936120938e+01,0.000000000000000000e+00,0.000000000000000000e+00
2.812724923964658430e+01,0.000000000000000000e+00,0.000000000000000000e+00
3.021069479364713928e+01,0.000000000000000000e+00,0.000000000000000000e+00
2.446037811862924372e+01,0.000000000000000000e+00,0.000000000000000000e+00
2.342861487565891210e+01,0.000000000000000000e+00,0.000000000000000000e+00
2.618506223219696594e+01,0.000000000000000000e+00,0.000000000000000000e+00
2.457978523824450434e+01,0.000000000000000000e+00,0.000000000000000000e+00
2.203770692844617329e+01,0.000000000000000000e+00,0.000000000000000000e+00
2.342840443567874331e+01,0.000000000000000000e+00,0.000000000000000000e+00
2.319829102515056007e+01,0.000000000000000000e+00,0.000000000000000000e+00
2.821939300108953574e+01,0.000000000000000000e+00,0.000000000000000000e+00
2.373651214185579406e+01,0.000000000000000000e+00,0.000000000000000000e+00
2.168178854075065942e+01,0.000000000000000000e+00,0.000000000000000000e+00
2.666612882168243814e+01,0.000000000000000000e+00,0.000000000000000000e+00
2.815152635578818163e+01,0.000000000000000000e+00,0.000000000000000000e+00
2.450885978194978776e+01,0.000000000000000000e+00,0.000000000000000000e+00
2.270161693397745140e+01,0.000000000000000000e+00,0.000000000000000000e+00
2.523777452961664025e+01,0.000000000000000000e+00,0.000000000000000000e+00
2.474913042953989617e+01,0.000000000000000000e+00,0.000000000000000000e+00
2.096399578854678580e+01,0.000000000000000000e+00,0.000000000000000000e+00
2.711842317287411319e+01,0.000000000000000000e+00,0.000000000000000000e+00
2.279106379680690253e+01,0.000000000000000000e+00,0.000000000000000000e+00
2.496560441991121593e+01,0.000000000000000000e+00,0.000000000000000000e+00
2.211467525099530107e+01,0.000000000000000000e+00,0.000000000000000000e+00
2.224510253045930597e+01,0.000000000000000000e+00,0.000000000000000000e+00
2.582803279543992403e+01,0.000000000000000000e+00,0.000000000000000000e+00
2.542180964501894636e+01,0.000000000000000000e+00,0.000000000000000000e+00
2.104563592405555994e+01,0.000000000000000000e+00,0.000000000000000000e+00
2.544933604817301642e+01,0.000000000000000000e+00,0.000000000000000000e+00
2.128060528773755777e+01,0.000000000000000000e+00,0.000000000000000000e+00
1.951233189017010616e+01,0.000000000000000000e+00,0.000000000000000000e+00
2.309603644220230123e+01,0.000000000000000000e+00,0.000000000000000000e+00
2.672148612426468972e+01,0.000000000000000000e+00,0.000000000000000000e+00
2.540914434574778014e+01,0.000000000000000000e+00,0.000000000000000000e+00
2.378417298410769121e+01,0.000000000000000000e+00,0.000000000000000000e+00
2.813728389849618949e+01,0.000000000000000000e+00,0.000000000000000000e+00
2.630331916374557721e+01,0.000000000000000000e+00,0.000000000000000000e+00
2.572639809807569478e+01,0.000000000000000000e+00,0.000000000000000000e+00
2.380416540103815848e+01,0.000000000000000000e+00,0.000000000000000000e+00
2.371492589620824631e+01,0.000000000000000000e+00,0.000000000000000000e+00
2.380805413449836294e+01,0.000000000000000000e+00,0.000000000000000000e+00
2.461929801045938859e+01,0.000000000000000000e+00,0.000000000000000000e+00
2.466635413828473133e+01,0.000000000000000000e+00,0.000000000000000000e+00
2.380034686727966786e+01,0.000000000000000000e+00,0.000000000000000000e+00
2.319973965393558046e+01,0.000000000000000000e+00,0.000000000000000000e+00
2.320901020125288738e+01,0.000000000000000000e+00,0.000000000000000000e+00
2.239905267777807651e+01,0.000000000000000000e+00,0.000000000000000000e+00
2.217772112891057645e+01,0.000000000000000000e+00,0.000000000000000000e+00
2.307657140021423814e+01,0.000000000000000000e+00,0.000000000000000000e+00
2.464201069012883138e+01,0.000000000000000000e+00,0.000000000000000000e+00
2.285707123610260538e+01,0.000000000000000000e+00,0.000000000000000000e+00
1.928534617173083276e+01,0.000000000000000000e+00,0.000000000000000000e+00
2.301615189236039072e+01,0.000000000000000000e+00,0.000000000000000000e+00
2.000120716178661695e+01,0.000000000000000000e+00,0.000000000000000000e+00
2.711838863019686841e+01,0.000000000000000000e+00,0.000000000000000000e+00
2.331859494602553440e+01,0.000000000000000000e+00,0.000000000000000000e+00
2.469609610954562484e+01,0.000000000000000000e+00,0.000000000000000000e+00
2.442980471882114912e+01,0.000000000000000000e+00,0.000000000000000000e+00
2.308661160320460937e+01,0.000000000000000000e+00,0.000000000000000000e+00
2.020298165650206101e+01,0.000000000000000000e+00,0.000000000000000000e+00
2.099201618728742602e+01,0.000000000000000000e+00,0.000000000000000000e+00
2.191606873571491221e+01,0.000000000000000000e+00,0.000000000000000000e+00
2.208519824493909667e+01,0.000000000000000000e+00,0.000000000000000000e+00
2.172658293319267031e+01,0.000000000000000000e+00,0.000000000000000000e+00
2.231179756140555881e+01,0.000000000000000000e+00,0.000000000000000000e+00
2.680931629451700005e+01,0.000000000000000000e+00,0.000000000000000000e+00
2.381739017797417546e+01,0.000000000000000000e+00,0.000000000000000000e+00
2.253851296980896990e+01,0.000000000000000000e+00,0.000000000000000000e+00
2.379759737303209732e+01,0.000000000000000000e+00,0.000000000000000000e+00
2.721694000516867007e+01,0.000000000000000000e+00,0.000000000000000000e+00
1.953667924206821027e+01,0.000000000000000000e+00,0.000000000000000000e+00
2.299673481158781385e+01,0.000000000000000000e+00,0.000000000000000000e+00
2.455979691504157358e+01,0.000000000000000000e+00,0.000000000000000000e+00
2.497308389813979801e+01,0.000000000000000000e+00,0.000000000000000000e+00
2.406539441411966607e+01,0.000000000000000000e+00,0.000000000000000000e+00
2.176415652092369157e+01,0.000000000000000000e+00,0.000000000000000000e+00
2.159563101380985728e+01,0.000000000000000000e+00,0.000000000000000000e+00
2.377150392890763086e+01,0.000000000000000000e+00,0.000000000000000000e+00
2.398924565028811529e+01,0.000000000000000000e+00,0.000000000000000000e+00
2.406221945098724291e+01,0.000000000000000000e+00,0.000000000000000000e+00
2.201851328192936919e+01,0.000000000000000000e+00,0.000000000000000000e+00
1.917259647640322484e+01,0.000000000000000000e+00,0.000000000000000000e+00
2.563370878970324540e+01,0.000000000000000000e+00,0.000000000000000000e+00
1.972247112689072424e+01,0.000000000000000000e+00,0.000000000000000000e+00
2.048408047429407119e+01,0.000000000000000000e+00,0.000000000000000000e+00
2.574749161488050220e+01,0.000000000000000000e+00,0.000000000000000000e+00
2.227673404367896381e+01,0.000000000000000000e+00,0.000000000000000000e+00
1.971227358961681020e+01,0.000000000000000000e+00,0.000000000000000000e+00
2.413290771092898979e+01,0.000000000000000000e+00,0.000000000000000000e+00
1.994155086388435905e+01,0.000000000000000000e+00,0.000000000000000000e+00
2.414198146559625968e+01,0.000000000000000000e+00,0.000000000000000000e+00
1.852866379465318758e+01,0.000000000000000000e+00,0.000000000000000000e+00
1.857870152139869191e+01,0.000000000000000000e+00,0.000000000000000000e+00
2.155697100915071118e+01,0.000000000000000000e+00,0.000000000000000000e+00
2.546955216402876587e+01,0.000000000000000000e+00,0.000000000000000000e+00
2.374049191635632994e+01,0.000000000000000000e+00,0.000000000000000000e+00
2.276995166222029354e+01,0.000000000000000000e+00,0.000000000000000000e+00
1.981223397803574571e+01,0.000000000000000000e+00,0.000000000000000000e+00
2.036666276997753044e+01,0.000000000000000000e+00,0.000000000000000000e+00
2.319133925618030645e+01,0.000000000000000000e+00,0.000000000000000000e+00
2.248543699205117008e+01,0.000000000000000000e+00,0.000000000000000000e+00
2.566281411903367982e+01,0.000000000000000000e+00,0.000000000000000000e+00
2.015963376399525231e+01,0.000000000000000000e+00,0.000000000000000000e+00
2.039700372133330930e+01,0.000000000000000000e+00,0.000000000000000000e+00
2.117667332267919988e+01,0.000000000000000000e+00,0.000000000000000000e+00
2.425351970759522047e+01,0.000000000000000000e+00,0.000000000000000000e+00
1.849813718306853971e+01,0.000000000000000000e+00,0.000000000000000000e+00
2.074948336128712967e+01,0.000000000000000000e+00,0.000000000000000000e+00
2.024211621759510749e+01,0.000000000000000000e+00,0.000000000000000000e+00
1.998648979987162733e+01,0.000000000000000000e+00,0.000000000000000000e+00
2.147257230566797048e+01,0.000000000000000000e+00,0.000000000000000000e+00
2.223183808994284050e+01,0.000000000000000000e+00,0.000000000000000000e+00
2.315296422448108871e+01,0.000000000000000000e+00,0.000000000000000000e+00
2.276738805061401649e+01,0.000000000000000000e+00,0.000000000000000000e+00
2.430796068142912958e+01,0.000000000000000000e+00,0.000000000000000000e+00
1.977406780062118230e+01,0.000000000000000000e+00,0.000000000000000000e+00
2.101258339194939850e+01,0.000000000000000000e+00,0.000000000000000000e+00
2.754686776848304319e+01,0.000000000000000000e+00,0.000000000000000000e+00
1.816582080229147422e+01,0.000000000000000000e+00,0.000000000000000000e+00
2.002710765692509298e+01,0.000000000000000000e+00,0.000000000000000000e+00
2.175814697273941078e+01,0.000000000000000000e+00,0.000000000000000000e+00
2.103165281885001647e+01,0.000000000000000000e+00,0.000000000000000000e+00
2.187907679219766521e+01,0.000000000000000000e+00,0.000000000000000000e+00
2.479002568804442319e+01,0.000000000000000000e+00,0.000000000000000000e+00
2.418678906637443049e+01,0.000000000000000000e+00,0.000000000000000000e+00
2.430863589052974305e+01,0.000000000000000000e+00,0.000000000000000000e+00
2.159233970336097386e+01,0.000000000000000000e+00,0.000000000000000000e+00
2.040054103464840196e+01,0.000000000000000000e+00,0.000000000000000000e+00
1.954498597056941378e+01,0.000000000000000000e+00,0.000000000000000000e+00
2.085240064742209043e+01,0.000000000000000000e+00,0.000000000000000000e+00
2.370711818087909251e+01,0.000000000000000000e+00,0.000000000000000000e+00
1.917370233325853235e+01,0.000000000000000000e+00,0.000000000000000000e+00
2.248322286693747074e+01,0.000000000000000000e+00,0.000000000000000000e+00
2.254054984354501556e+01,0.000000000000000000e+00,0.000000000000000000e+00
2.384471205752912581e+01,0.000000000000000000e+00,0.000000000000000000e+00
2.060489297092632910e+01,0.000000000000000000e+00,0.000000000000000000e+00
1.924499544229425041e+01,0.000000000000000000e+00,0.000000000000000000e+00
2.064000856678063300e+01,0.000000000000000000e+00,0.000000000000000000e+00
2.168872915516523747e+01,0.000000000000000000e+00,0.000000000000000000e+00
2.170341009165350599e+01,0.000000000000000000e+00,0.000000000000000000e+00
2.264424223171916140e+01,0.000000000000000000e+00,0.000000000000000000e+00
2.037772764335800346e+01,0.000000000000000000e+00,0.000000000000000000e+00
1.771190909970939487e+01,0.000000000000000000e+00,0.000000000000000000e+00
2.293157829775628542e+01,0.000000000000000000e+00,0.000000000000000000e+00
2.083640516187621117e+01,0.000000000000000000e+00,0.000000000000000000e+00
2.151432276799620524e+01,0.000000000000000000e+00,0.000000000000000000e+00
2.097300327773205098e+01,0.000000000000000000e+00,0.000000000000000000e+00
2.297214847023333562e+01,0.000000000000000000e+00,0.000000000000000000e+00
2.040295210142208404e+01,0.000000000000000000e+00,0.000000000000000000e+00
2.163133360352259160e+01,0.000000000000000000e+00,0.000000000000000000e+00
1.759652843463669214e+01,0.000000000000000000e+00,0.000000000000000000e+00
2.406402278529750660e+01,0.000000000000000000e+00,0.000000000000000000e+00
2.074082998485590679e+01,0.000000000000000000e+00,0.000000000000000000e+00
1.649225375042534836e+01,0.000000000000000000e+00,0.000000000000000000e+00
1.760391115907494353e+01,0.000000000000000000e+00,0.000000000000000000e+00
1.669757042094778754e+01,0.000000000000000000e+00,0.000000000000000000e+00
2.073177278802450019e+01,0.000000000000000000e+00,0.000000000000000000e+00
2.420814008660111227e+01,0.000000000000000000e+00,0.000000000000000000e+00
1.688751525503109363e+01,0.000000000000000000e+00,0.000000000000000000e+00
2.154458706936175361e+01,0.000000000000000000e+00,0.000000000000000000e+00
2.156138202658312508e+01,0.000000000000000000e+00,0.000000000000000000e+00
1.993369018038205809e+01,0.000000000000000000e+00,0.000000000000000000e+00
1.713869613700480343e+01,0.000000000000000000e+00,0.000000000000000000e+00
2.135547251919081191e+01,0.000000000000000000e+00,0.000000000000000000e+00
1.988263217336520583e+01,0.000000000000000000e+00,0.000000000000000000e+00
1.503507534233067844e+01,0.000000000000000000e+00,0.000000000000000000e+00
2.002739662637684859e+01,0.000000000000000000e+00,0.000000000000000000e+00
1.845387288100721079e+01,0.000000000000000000e+00,0.000000000000000000e+00
1.786142772405435863e+01,0.000000000000000000e+00,0.000000000000000000e+00
2.077827360909279619e+01,0.000000000000000000e+00,0.000000000000000000e+00
1.887217673675919727e+01,0.000000000000000000e+00,0.000000000000000000e+00
2.227233989372306411e+01,0.000000000000000000e+00,0.000000000000000000e+00
2.271874880048600787e+01,0.000000000000000000e+00,0.000000000000000000e+00
2.123275671270324594e+01,0.000000000000000000e+00,0.000000000000000000e+00
1.973292406274613242e+01,0.000000000000000000e+00,0.000000000000000000e+00
2.259993316227591009e+01,0.000000000000000000e+00,0.000000000000000000e+00
1.949361756678156254e+01,0.000000000000000000e+00,0.000000000000000000e+00
2.347107204884311926e+01,0.000000000000000000e+00,0.000000000000000000e+00
2.189390350552314146e+01,0.000000000000000000e+00,0.000000000000000000e+00
1.991147302641049066e+01,0.000000000000000000e+00,0.000000000000000000e+00
2.002003468701960998e+01,0.000000000000000000e+00,0.000000000000000000e+00
1.833852799066108474e+01,0.000000000000000000e+00,0.000000000000000000e+00
2.150391915932393516e+01,0.000000000000000000e+00,0.000000000000000000e+00
2.153791041309511911e+01,0.000000000000000000e+00,0.000000000000000000e+00
1.955977598634565595e+01,0.000000000000000000e+00,0.000000000000000000e+00
1.785538988453045306e+01,0.000000000000000000e+00,0.000000000000000000e+00
2.059871275081839315e+01,0.000000000000000000e+00,0.000000000000000000e+00
2.113896477386663619e+01,0.000000000000000000e+00,0.000000000000000000e+00
2.036569956020239403e+01,0.000000000000000000e+00,0.000000000000000000e+00
1.848949880965459514e+01,0.000000000000000000e+00,0.000000000000000000e+00
2.194038871812682956e+01,0.000000000000000000e+00,0.000000000000000000e+00
2.068165962573908345e+01,0.000000000000000000e+00,0.000000000000000000e+00
2.133611731576663573e+01,0.000000000000000000e+00,0.000000000000000000e+00
1.984545959190456799e+01,0.000000000000000000e+00,0.000000000000000000e+00
1.834976670997395942e+01,0.000000000000000000e+00,0.000000000000000000e+00
1.943928112386265994e+01,0.000000000000000000e+00,0.000000000000000000e+00
1.750877717631008323e+01,0.000000000000000000e+00,0.000000000000000000e+00
2.133479669783881150e+01,0.000000000000000000e+00,0.000000000000000000e+00
2.078939945716587445e+01,0.000000000000000000e+00,0.000000000000000000e+00
2.152756812831871969e+01,0.000000000000000000e+00,0.000000000000000000e+00
2.195393720164000584e+01,0.000000000000000000e+00,0.000000000000000000e+00
2.207576195733906843e+01,0.000000000000000000e+00,0.000000000000000000e+00
1.851753653687660162e+01,0.000000000000000000e+00,0.000000000000000000e+00
2.085442150350564816e+01,0.000000000000000000e+00,0.000000000000000000e+00
2.079429192916194324e+01,0.000000000000000000e+00,0.000000000000000000e+00
2.061914943916976739e+01,0.000000000000000000e+00,0.000000000000000000e+00
1.831557789180490659e+01,0.000000000000000000e+00,0.000000000000000000e+00
1.881627826611437015e+01,0.000000000000000000e+00,0.000000000000000000e+00
2.057534177142827758e+01,0.000000000000000000e+00,0.000000000000000000e+00
2.311678925152172326e+01,0.000000000000000000e+00,0.000000000000000000e+00
2.226675140199000680e+01,0.000000000000000000e+00,0.000000000000000000e+00
1.566064139043738734e+01,0.000000000000000000e+00,0.000000000000000000e+00
2.476244942331323884e+01,0.000000000000000000e+00,0.000000000000000000e+00
1.841946347741984624e+01,0.000000000000000000e+00,0.000000000000000000e+00
1.883956564007786483e+01,0.000000000000000000e+00,0.000000000000000000e+00
1.587963558611520476e+01,0.000000000000000000e+00,0.000000000000000000e+00
2.260260664290356303e+01,0.000000000000000000e+00,0.000000000000000000e+00
2.100535640129092840e+01,0.000000000000000000e+00,0.000000000000000000e+00
1.943955077014173582e+01,0.000000000000000000e+00,0.000000000000000000e+00
1.884041399357276347e+01,0.000000000000000000e+00,0.000000000000000000e+00
2.296442013362466383e+01,0.000000000000000000e+00,0.000000000000000000e+00
2.512906989149900738e+01,0.000000000000000000e+00,0.000000000000000000e+00
1.918814164712675208e+01,0.000000000000000000e+00,0.000000000000000000e+00
1.986580406824381839e+01,0.000000000000000000e+00,0.000000000000000000e+00
1.910097935700246552e+01,0.000000000000000000e+00,0.000000000000000000e+00
1.943084059340094072e+01,0.000000000000000000e+00,0.000000000000000000e+00
2.284508433904237279e+01,0.000000000000000000e+00,0.000000000000000000e+00
1.956704527276979277e+01,0.000000000000000000e+00,0.000000000000000000e+00
2.016141235879296190e+01,0.000000000000000000e+00,0.000000000000000000e+00
1.860973329169498669e+01,0.000000000000000000e+00,0.000000000000000000e+00
1.907770903754544278e+01,0.000000000000000000e+00,0.000000000000000000e+00
2.492924861628019784e+01,0.000000000000000000e+00,0.000000000000000000e+00
1.622862576386954814e+01,0.000000000000000000e+00,0.000000000000000000e+00
2.391648743085109530e+01,0.000000000000000000e+00,0.000000000000000000e+00
2.504383603706961381e+01,0.000000000000000000e+00,0.000000000000000000e+00
2.012640298967249564e+01,0.000000000000000000e+00,0.000000000000000000e+00
1.695435614994938689e+01,0.000000000000000000e+00,0.000000000000000000e+00
2.326523461529847125e+01,0.000000000000000000e+00,0.000000000000000000e+00
1.840516333013665928e+01,0.000000000000000000e+00,0.000000000000000000e+00
2.529583194661770307e+01,0.000000000000000000e+00,0.000000000000000000e+00
2.410288508925794204e+01,0.000000000000000000e+00,0.000000000000000000e+00
2.225645800454500289e+01,0.000000000000000000e+00,0.000000000000000000e+00
2.130747229466994241e+01,0.000000000000000000e+00,0.000000000000000000e+00
2.034777478281212026e+01,0.000000000000000000e+00,0.000000000000000000e+00
2.021478477913743532e+01,0.000000000000000000e+00,0.000000000000000000e+00
1.612842829760447216e+01,0.000000000000000000e+00,0.000000000000000000e+00
2.127625573255168945e+01,0.000000000000000000e+00,0.000000000000000000e+00
2.291066490471389372e+01,0.000000000000000000e+00,0.000000000000000000e+00
1.942758130021303842e+01,0.000000000000000000e+00,0.000000000000000000e+00
2.060532113256161324e+01,0.000000000000000000e+00,0.000000000000000000e+00
1.861921769465509158e+01,0.000000000000000000e+00,0.000000000000000000e+00
2.047794206683419560e+01,0.000000000000000000e+00,0.000000000000000000e+00
2.001092861874186823e+01,0.000000000000000000e+00,0.000000000000000000e+00
2.197802382464402982e+01,0.000000000000000000e+00,0.000000000000000000e+00
2.172391660317205719e+01,0.000000000000000000e+00,0.000000000000000000e+00
2.234063386767444115e+01,0.000000000000000000e+00,0.000000000000000000e+00
1.758905046631295122e+01,0.000000000000000000e+00,0.000000000000000000e+00
2.145944608468366255e+01,0.000000000000000000e+00,0.000000000000000000e+00
1.831684199295948190e+01,0.000000000000000000e+00,0.000000000000000000e+00
2.136439874690137941e+01,0.000000000000000000e+00,0.000000000000000000e+00
2.112407651005835518e+01,0.000000000000000000e+00,0.000000000000000000e+00
1.881281676506184297e+01,0.000000000000000000e+00,0.000000000000000000e+00
1.995931206189695217e+01,0.000000000000000000e+00,0.000000000000000000e+00
2.156484556757320803e+01,0.000000000000000000e+00,0.000000000000000000e+00
2.359615687993070310e+01,0.000000000000000000e+00,0.000000000000000000e+00
1.783358453525988807e+01,0.000000000000000000e+00,0.000000000000000000e+00
1.908266245193445698e+01,0.000000000000000000e+00,0.000000000000000000e+00
2.000463308448557243e+01,0.000000000000000000e+00,0.000000000000000000e+00
2.080647288537923245e+01,0.000000000000000000e+00,0.000000000000000000e+00
1.850896402810737840e+01,0.000000000000000000e+00,0.000000000000000000e+00
1.892676677100683591e+01,0.000000000000000000e+00,0.000000000000000000e+00
2.131521777657137307e+01,0.000000000000000000e+00,0.000000000000000000e+00
1.758830196519445366e+01,0.000000000000000000e+00,0.000000000000000000e+00
2.037191895854594037e+01,0.000000000000000000e+00,0.000000000000000000e+00
1.584783341131090495e+01,0.000000000000000000e+00,0.000000000000000000e+00
1.900172741070727511e+01,0.000000000000000000e+00,0.000000000000000000e+00
1.882551685541002939e+01,0.000000000000000000e+00,0.000000000000000000e+00
1.814430786064750478e+01,0.000000000000000000e+00,0.000000000000000000e+00
2.353952056990726405e+01,0.000000000000000000e+00,0.000000000000000000e+00
2.104480570577337062e+01,0.000000000000000000e+00,0.000000000000000000e+00
2.095030697874388537e+01,0.000000000000000000e+00,0.000000000000000000e+00
2.522343130952197043e+01,0.000000000000000000e+00,0.000000000000000000e+00
1.950412161848525372e+01,0.000000000000000000e+00,0.000000000000000000e+00
1.969801929208831126e+01,0.000000000000000000e+00,0.000000000000000000e+00
1.893923484667480750e+01,0.000000000000000000e+00,0.000000000000000000e+00
1.843597201625079407e+01,0.000000000000000000e+00,0.000000000000000000e+00
2.260155125286025068e+01,0.000000000000000000e+00,0.000000000000000000e+00
2.016872401165270645e+01,0.000000000000000000e+00,0.000000000000000000e+00
2.340750171667132662e+01,0.000000000000000000e+00,0.000000000000000000e+00
2.223589441231750641e+01,0.000000000000000000e+00,0.000000000000000000e+00
1.897776620689249327e+01,0.000000000000000000e+00,0.000000000000000000e+00
2.179831586708429114e+01,0.000000000000000000e+00,0.000000000000000000e+00
1.820808904507011761e+01,0.000000000000000000e+00,0.000000000000000000e+00
2.039148771969180629e+01,0.000000000000000000e+00,0.000000000000000000e+00
2.255597864648105855e+01,0.000000000000000000e+00,0.000000000000000000e+00
1.883607437281685293e+01,0.000000000000000000e+00,0.000000000000000000e+00
1.880050872782330273e+01,0.000000000000000000e+00,0.000000000000000000e+00
2.115542597709879047e+01,0.000000000000000000e+00,0.000000000000000000e+00
2.239271889945016270e+01,0.000000000000000000e+00,0.000000000000000000e+00
1.989393494671363172e+01,0.000000000000000000e+00,0.000000000000000000e+00
1.949992939601701281e+01,0.000000000000000000e+00,0.000000000000000000e+00
1.929452793668290056e+01,0.000000000000000000e+00,0.000000000000000000e+00
1.912412850762181193e+01,0.000000000000000000e+00,0.000000000000000000e+00
1.998520350713221916e+01,0.000000000000000000e+00,0.000000000000000000e+00
2.197601879579910999e+01,0.000000000000000000e+00,0.000000000000000000e+00
2.300150422420939833e+01,0.000000000000000000e+00,0.000000000000000000e+00
2.070860972483813711e+01,0.000000000000000000e+00,0.000000000000000000e+00
1.863741327527641189e+01,0.000000000000000000e+00,0.000000000000000000e+00
1.872131917096927722e+01,0.000000000000000000e+00,0.000000000000000000e+00
2.095025318552526272e+01,0.000000000000000000e+00,0.000000000000000000e+00
1.829349369791158963e+01,0.000000000000000000e+00,0.000000000000000000e+00
2.251925446481579129e+01,0.000000000000000000e+00,0.000000000000000000e+00
1.748302899270221289e+01,0.000000000000000000e+00,0.000000000000000000e+00
2.102085101284988866e+01,0.000000000000000000e+00,0.000000000000000000e+00
2.319782182063996601e+01,0.000000000000000000e+00,0.000000000000000000e+00
2.077941985966870675e+01,0.000000000000000000e+00,0.000000000000000000e+00
2.203621106324263934e+01,0.000000000000000000e+00,0.000000000000000000e+00
2.353608970152156132e+01,0.000000000000000000e+00,0.000000000000000000e+00
1.984766016359604635e+01,0.000000000000000000e+00,0.000000000000000000e+00
2.132692076600950770e+01,0.000000000000000000e+00,0.000000000000000000e+00
1.693576129670439201e+01,0.000000000000000000e+00,0.000000000000000000e+00
1.949663416438763264e+01,0.000000000000000000e+00,0.000000000000000000e+00
2.322222107973767180e+01,0.000000000000000000e+00,0.000000000000000000e+00
2.034262384642163823e+01,0.000000000000000000e+00,0.000000000000000000e+00
1.846414707950021139e+01,0.000000000000000000e+00,0.000000000000000000e+00
2.109146346251715087e+01,0.000000000000000000e+00,0.000000000000000000e+00
2.293271556596405958e+01,0.000000000000000000e+00,0.000000000000000000e+00
2.289976457083964689e+01,0.000000000000000000e+00,0.000000000000000000e+00
1.745950092745595583e+01,0.000000000000000000e+00,0.000000000000000000e+00
2.489556659239016057e+01,0.000000000000000000e+00,0.000000000000000000e+00
2.001627684466982160e+01,0.000000000000000000e+00,0.000000000000000000e+00
1.700910096476038547e+01,0.000000000000000000e+00,0.000000000000000000e+00
1.856363235535205902e+01,0.000000000000000000e+00,0.000000000000000000e+00
1.981174101520451813e+01,0.000000000000000000e+00,0.000000000000000000e+00
2.574830337018985205e+01,0.000000000000000000e+00,0.000000000000000000e+00
2.131494352319016627e+01,0.000000000000000000e+00,0.000000000000000000e+00
2.343224250847768175e+01,0.000000000000000000e+00,0.000000000000000000e+00
1.965882767143529364e+01,0.000000000000000000e+00,0.000000000000000000e+00
2.167522151857230384e+01,0.000000000000000000e+00,0.000000000000000000e+00
2.056670730380246681e+01,0.000000000000000000e+00,0.000000000000000000e+00
2.151938174510481261e+01,0.000000000000000000e+00,0.000000000000000000e+00
2.263935417602877820e+01,0.000000000000000000e+00,0.000000000000000000e+00
1.995644918064408202e+01,0.000000000000000000e+00,0.000000000000000000e+00
2.131263572522487593e+01,0.000000000000000000e+00,0.000000000000000000e+00
2.526590021131701747e+01,0.000000000000000000e+00,0.000000000000000000e+00
1.821201323561032481e+01,0.000000000000000000e+00,0.000000000000000000e+00
2.017114798346943871e+01,0.000000000000000000e+00,0.000000000000000000e+00
2.031791236999545802e+01,0.000000000000000000e+00,0.000000000000000000e+00
2.089271451104804456e+01,0.000000000000000000e+00,0.000000000000000000e+00
2.306363421957307480e+01,0.000000000000000000e+00,0.000000000000000000e+00
2.134903591178465021e+01,0.000000000000000000e+00,0.000000000000000000e+00
2.078222438241150272e+01,0.000000000000000000e+00,0.000000000000000000e+00
2.046809956778267292e+01,0.000000000000000000e+00,0.000000000000000000e+00
2.414907946304771258e+01,0.000000000000000000e+00,0.000000000000000000e+00
2.139589792048366945e+01,0.000000000000000000e+00,0.000000000000000000e+00
1.954521116102948852e+01,0.000000000000000000e+00,0.000000000000000000e+00
2.274366999948444601e+01,0.000000000000000000e+00,0.000000000000000000e+00
2.083527938355647890e+01,0.000000000000000000e+00,0.000000000000000000e+00
2.127088883279870046e+01,0.000000000000000000e+00,0.000000000000000000e+00
2.253044803543916075e+01,0.000000000000000000e+00,0.000000000000000000e+00
2.376096418018548562e+01,0.000000000000000000e+00,0.000000000000000000e+00
2.277200427883497369e+01,0.000000000000000000e+00,0.000000000000000000e+00
2.016167692940216227e+01,0.000000000000000000e+00,0.000000000000000000e+00
1.802193737268800433e+01,0.000000000000000000e+00,0.000000000000000000e+00
2.316445455673551734e+01,0.000000000000000000e+00,0.000000000000000000e+00
2.533505886090811288e+01,0.000000000000000000e+00,0.000000000000000000e+00
2.154288432095415118e+01,0.000000000000000000e+00,0.000000000000000000e+00
2.078769068282225874e+01,0.000000000000000000e+00,0.000000000000000000e+00
2.319006782470664518e+01,0.000000000000000000e+00,0.000000000000000000e+00
2.262685660931811782e+01,0.000000000000000000e+00,0.000000000000000000e+00
2.143405395260508328e+01,0.000000000000000000e+00,0.000000000000000000e+00
2.187022203656442443e+01,0.000000000000000000e+00,0.000000000000000000e+00
2.523970806307662329e+01,0.000000000000000000e+00,0.000000000000000000e+00
2.428091012146205685e+01,0.000000000000000000e+00,0.000000000000000000e+00
2.045680464657469955e+01,0.000000000000000000e+00,0.000000000000000000e+00
2.492042433976386562e+01,0.000000000000000000e+00,0.000000000000000000e+00
2.126302700627315190e+01,0.000000000000000000e+00,0.000000000000000000e+00
2.471137528839004460e+01,0.000000000000000000e+00,0.000000000000000000e+00
2.368475978424580575e+01,0.000000000000000000e+00,0.000000000000000000e+00
2.013456792796925754e+01,0.000000000000000000e+00,0.000000000000000000e+00
1.976245792099977905e+01,0.000000000000000000e+00,0.000000000000000000e+00
1.964709605865867204e+01,0.000000000000000000e+00,0.000000000000000000e+00
2.508859789977750765e+01,0.000000000000000000e+00,0.000000000000000000e+00
2.232270948205846750e+01,0.000000000000000000e+00,0.000000000000000000e+00
2.601828853702520661e+01,0.000000000000000000e+00,0.000000000000000000e+00
2.014078371109035004e+01,0.000000000000000000e+00,0.000000000000000000e+00
2.225064373596672951e+01,0.000000000000000000e+00,0.000000000000000000e+00
1.995697171009224036e+01,0.000000000000000000e+00,0.000000000000000000e+00
2.380107681954664045e+01,0.000000000000000000e+00,0.000000000000000000e+00
2.133111829056150199e+01,0.000000000000000000e+00,0.000000000000000000e+00
2.159352369406067140e+01,0.000000000000000000e+00,0.000000000000000000e+00
2.187241425801692429e+01,0.000000000000000000e+00,0.000000000000000000e+00
2.406736576933650085e+01,0.000000000000000000e+00,0.000000000000000000e+00
2.541455575382062904e+01,0.000000000000000000e+00,0.000000000000000000e+00
2.143416496158234352e+01,0.000000000000000000e+00,0.000000000000000000e+00
2.012489274174301812e+01,0.000000000000000000e+00,0.000000000000000000e+00
2.126206949327805873e+01,0.000000000000000000e+00,0.000000000000000000e+00
2.363058041832320555e+01,0.000000000000000000e+00,0.000000000000000000e+00
2.174971922933530877e+01,0.000000000000000000e+00,0.000000000000000000e+00
2.363894012389616606e+01,0.000000000000000000e+00,0.000000000000000000e+00
2.170192527007191075e+01,0.000000000000000000e+00,0.000000000000000000e+00
2.451165021405823197e+01,0.000000000000000000e+00,0.000000000000000000e+00
2.399041616287350465e+01,0.000000000000000000e+00,0.000000000000000000e+00
2.504129433151287998e+01,0.000000000000000000e+00,0.000000000000000000e+00
2.179295607771039300e+01,0.000000000000000000e+00,0.000000000000000000e+00
2.626100755189133196e+01,0.000000000000000000e+00,0.000000000000000000e+00
2.650114765374560122e+01,0.000000000000000000e+00,0.000000000000000000e+00
2.237667974057556464e+01,0.000000000000000000e+00,0.000000000000000000e+00
2.545818225300720172e+01,0.000000000000000000e+00,0.000000000000000000e+00
1.765579230701957414e+01,0.000000000000000000e+00,0.000000000000000000e+00
2.727632319151758367e+01,0.000000000000000000e+00,0.000000000000000000e+00
2.269108735662859999e+01,0.000000000000000000e+00,0.000000000000000000e+00
2.245982301147479987e+01,0.000000000000000000e+00,0.000000000000000000e+00
2.161920702733200272e+01,0.000000000000000000e+00,0.000000000000000000e+00
2.137502309098820419e+01,0.000000000000000000e+00,0.000000000000000000e+00
2.477259432508097348e+01,0.000000000000000000e+00,0.000000000000000000e+00
2.166825932349311756e+01,0.000000000000000000e+00,0.000000000000000000e+00
2.804085747486035274e+01,0.000000000000000000e+00,0.000000000000000000e+00
2.425599681954217601e+01,0.000000000000000000e+00,0.000000000000000000e+00
2.379440969183469079e+01,0.000000000000000000e+00,0.000000000000000000e+00
2.424741462578795392e+01,0.000000000000000000e+00,0.000000000000000000e+00
2.121594689871662709e+01,0.000000000000000000e+00,0.000000000000000000e+00
2.170222095935596585e+01,0.000000000000000000e+00,0.000000000000000000e+00
2.102599778731898894e+01,0.000000000000000000e+00,0.000000000000000000e+00
2.326434948543626291e+01,0.000000000000000000e+00,0.000000000000000000e+00
2.480946278234575431e+01,0.000000000000000000e+00,0.000000000000000000e+00
2.338440149217439057e+01,0.000000000000000000e+00,0.000000000000000000e+00
2.221177688657879301e+01,0.000000000000000000e+00,0.000000000000000000e+00
2.405192627062326594e+01,0.000000000000000000e+00,0.000000000000000000e+00
2.272953017934063524e+01,0.000000000000000000e+00,0.000000000000000000e+00
2.596694912146320178e+01,0.000000000000000000e+00,0.000000000000000000e+00
2.665496929021509231e+01,0.000000000000000000e+00,0.000000000000000000e+00
2.106765119608877868e+01,0.000000000000000000e+00,0.000000000000000000e+00
2.443182237354669795e+01,0.000000000000000000e+00,0.000000000000000000e+00
2.651672202659255362e+01,0.000000000000000000e+00,0.000000000000000000e+00
2.638460306609867345e+01,0.000000000000000000e+00,0.000000000000000000e+00
2.400157128445322030e+01,0.000000000000000000e+00,0.000000000000000000e+00
2.619517123756730825e+01,0.000000000000000000e+00,0.000000000000000000e+00
2.334610439371347113e+01,0.000000000000000000e+00,0.000000000000000000e+00
2.583364989939832057e+01,0.000000000000000000e+00,0.000000000000000000e+00
2.409444807114632781e+01,0.000000000000000000e+00,0.000000000000000000e+00
2.341788993519480044e+01,0.000000000000000000e+00,0.000000000000000000e+00
2.796677666976733434e+01,0.000000000000000000e+00,0.000000000000000000e+00
2.521903679754064598e+01,0.000000000000000000e+00,0.000000000000000000e+00
2.803287119225814905e+01,0.000000000000000000e+00,0.000000000000000000e+00
2.331328056827897299e+01,0.000000000000000000e+00,0.000000000000000000e+00
2.542937235600918200e+01,0.000000000000000000e+00,0.000000000000000000e+00
2.271314198517272231e+01,0.000000000000000000e+00,0.000000000000000000e+00
2.498996578180345196e+01,0.000000000000000000e+00,0.000000000000000000e+00
2.946922904149661449e+01,0.000000000000000000e+00,0.000000000000000000e+00
2.545890294580609492e+01,0.000000000000000000e+00,0.000000000000000000e+00
2.316859075832605441e+01,0.000000000000000000e+00,0.000000000000000000e+00
2.438584328851434790e+01,0.000000000000000000e+00,0.000000000000000000e+00
2.471350873878681043e+01,0.000000000000000000e+00,0.000000000000000000e+00
2.647445675924970132e+01,0.000000000000000000e+00,0.000000000000000000e+00
2.554721515392042974e+01,0.000000000000000000e+00,0.000000000000000000e+00
2.267956963637085011e+01,0.000000000000000000e+00,0.000000000000000000e+00
2.786749727861959514e+01,0.000000000000000000e+00,0.000000000000000000e+00
2.482081675928077047e+01,0.000000000000000000e+00,0.000000000000000000e+00
2.998357194424418992e+01,0.000000000000000000e+00,0.000000000000000000e+00
2.761608104730568769e+01,0.000000000000000000e+00,0.000000000000000000e+00
2.319464720863507168e+01,0.000000000000000000e+00,0.000000000000000000e+00
2.530526059761640667e+01,0.000000000000000000e+00,0.000000000000000000e+00
2.834981192755827450e+01,0.000000000000000000e+00,0.000000000000000000e+00
2.788966750589922938e+01,0.000000000000000000e+00,0.000000000000000000e+00
2.464885643191033893e+01,0.000000000000000000e+00,0.000000000000000000e+00
2.569864911121375783e+01,0.000000000000000000e+00,0.000000000000000000e+00
2.899219824243674282e+01,0.000000000000000000e+00,0.000000000000000000e+00
2.833731568708543236e+01,0.000000000000000000e+00,0.000000000000000000e+00
2.225567979815085806e+01,0.000000000000000000e+00,0.000000000000000000e+00
2.884794234003987512e+01,0.000000000000000000e+00,0.000000000000000000e+00
3.086606171467062865e+01,0.000000000000000000e+00,0.000000000000000000e+00
2.518663088691330643e+01,0.000000000000000000e+00,0.000000000000000000e+00
2.480069823736701906e+01,0.000000000000000000e+00,0.000000000000000000e+00
2.532701818785895043e+01,0.000000000000000000e+00,0.000000000000000000e+00
2.668986720944801405e+01,0.000000000000000000e+00,0.000000000000000000e+00
2.518664399053637482e+01,0.000000000000000000e+00,0.000000000000000000e+00
2.543487233771475786e+01,0.000000000000000000e+00,0.000000000000000000e+00
2.818817434422246038e+01,0.000000000000000000e+00,0.000000000000000000e+00
2.753748556754006671e+01,0.000000000000000000e+00,0.000000000000000000e+00
2.553728349923241936e+01,0.000000000000000000e+00,0.000000000000000000e+00
2.790176286991770027e+01,0.000000000000000000e+00,0.000000000000000000e+00
2.747249566255867137e+01,0.000000000000000000e+00,0.000000000000000000e+00
2.713034348001387741e+01,0.000000000000000000e+00,0.000000000000000000e+00
2.783969235553783861e+01,0.000000000000000000e+00,0.000000000000000000e+00
2.825512076858874622e+01,0.000000000000000000e+00,0.000000000000000000e+00
2.632406303769381140e+01,0.000000000000000000e+00,0.000000000000000000e+00
2.686004103318211733e+01,0.000000000000000000e+00,0.000000000000000000e+00
2.826192382199867836e+01,0.000000000000000000e+00,0.000000000000000000e+00
2.992169493845823780e+01,0.000000000000000000e+00,0.000000000000000000e+00
2.698562438823946152e+01,0.000000000000000000e+00,0.000000000000000000e+00
3.276447181354896543e+01,0.000000000000000000e+00,0.000000000000000000e+00
2.773429015345537962e+01,0.000000000000000000e+00,0.000000000000000000e+00
3.167011064426689870e+01,0.000000000000000000e+00,0.000000000000000000e+00
2.833303046211043963e+01,0.000000000000000000e+00,0.000000000000000000e+00
2.605977777006888729e+01,0.000000000000000000e+00,0.000000000000000000e+00
2.937792407313423837e+01,0.000000000000000000e+00,0.000000000000000000e+00
2.549167846324541387e+01,0.000000000000000000e+00,0.000000000000000000e+00
3.057339152912530977e+01,0.000000000000000000e+00,0.000000000000000000e+00
2.978955150020590992e+01,0.000000000000000000e+00,0.000000000000000000e+00
2.795483556446939133e+01,0.000000000000000000e+00,0.000000000000000000e+00
2.617764803128043738e+01,0.000000000000000000e+00,0.000000000000000000e+00
2.878846617898709681e+01,0.000000000000000000e+00,0.000000000000000000e+00
2.979015553138254901e+01,0.000000000000000000e+00,0.000000000000000000e+00
2.934830237322508850e+01,0.000000000000000000e+00,0.000000000000000000e+00
2.592425020800859414e+01,0.000000000000000000e+00,0.000000000000000000e+00
3.230267917490998286e+01,0.000000000000000000e+00,0.000000000000000000e+00
2.799700174851107448e+01,0.000000000000000000e+00,0.000000000000000000e+00
2.859971035012204155e+01,0.000000000000000000e+00,0.000000000000000000e+00
2.719247662536354682e+01,0.000000000000000000e+00,0.000000000000000000e+00
2.717440180830885765e+01,0.000000000000000000e+00,0.000000000000000000e+00
3.051073658114333753e+01,0.000000000000000000e+00,0.000000000000000000e+00
3.039185592829286975e+01,0.000000000000000000e+00,0.000000000000000000e+00
3.021534088580003896e+01,0.000000000000000000e+00,0.000000000000000000e+00
2.525446811671432812e+01,0.000000000000000000e+00,0.000000000000000000e+00
2.725837349393102116e+01,0.000000000000000000e+00,0.000000000000000000e+00
3.051665534226921750e+01,0.000000000000000000e+00,0.000000000000000000e+00
3.037446730671864259e+01,0.000000000000000000e+00,0.000000000000000000e+00
2.901119091380724768e+01,0.000000000000000000e+00,0.000000000000000000e+00
2.505750440734120943e+01,0.000000000000000000e+00,0.000000000000000000e+00
3.113148402575527385e+01,0.000000000000000000e+00,0.000000000000000000e+00
3.057649748952975344e+01,0.000000000000000000e+00,0.000000000000000000e+00
3.163007194360736918e+01,0.000000000000000000e+00,0.000000000000000000e+00
2.868902006435137508e+01,0.000000000000000000e+00,0.000000000000000000e+00
3.146976233414207513e+01,0.000000000000000000e+00,0.000000000000000000e+00
2.487175797816684053e+01,0.000000000000000000e+00,0.000000000000000000e+00
3.241503471844626461e+01,0.000000000000000000e+00,0.000000000000000000e+00
2.923887038452540210e+01,0.000000000000000000e+00,0.000000000000000000e+00
3.020449179315339450e+01,0.000000000000000000e+00,0.000000000000000000e+00
2.962852922137514255e+01,0.000000000000000000e+00,0.000000000000000000e+00
2.686634784027750200e+01,0.000000000000000000e+00,0.000000000000000000e+00
2.862259432606039411e+01,0.000000000000000000e+00,0.000000000000000000e+00
3.224389301749936010e+01,0.000000000000000000e+00,0.000000000000000000e+00
3.014163028815203660e+01,0.000000000000000000e+00,0.000000000000000000e+00
2.694708512485683372e+01,0.000000000000000000e+00,0.000000000000000000e+00
2.990285839247535904e+01,0.000000000000000000e+00,0.000000000000000000e+00
2.782377129662364013e+01,0.000000000000000000e+00,0.000000000000000000e+00
2.989431410412425549e+01,0.000000000000000000e+00,0.000000000000000000e+00
3.140264273944267259e+01,0.000000000000000000e+00,0.000000000000000000e+00
3.194455527416484841e+01,0.000000000000000000e+00,0.000000000000000000e+00
2.660936171390248006e+01,0.000000000000000000e+00,0.000000000000000000e+00
2.937510234705607814e+01,0.000000000000000000e+00,0.000000000000000000e+00
3.077084799787395042e+01,0.000000000000000000e+00,0.000000000000000000e+00
2.760773156685976915e+01,0.000000000000000000e+00,0.000000000000000000e+00
3.262616628369919169e+01,0.000000000000000000e+00,0.000000000000000000e+00
3.294308895707195006e+01,0.000000000000000000e+00,0.000000000000000000e+00
2.942676206829447239e+01,0.000000000000000000e+00,0.000000000000000000e+00
3.094906383353686152e+01,0.000000000000000000e+00,0.000000000000000000e+00
2.921664257931726993e+01,0.000000000000000000e+00,0.000000000000000000e+00
3.213235393160254461e+01,0.000000000000000000e+00,0.000000000000000000e+00
3.326075929614164295e+01,0.000000000000000000e+00,0.000000000000000000e+00
3.252216790835625204e+01,0.000000000000000000e+00,0.000000000000000000e+00
3.163666360290469015e+01,0.000000000000000000e+00,0.000000000000000000e+00
3.061232857665596896e+01,0.000000000000000000e+00,0.000000000000000000e+00
2.826495289523228038e+01,0.000000000000000000e+00,0.000000000000000000e+00
3.176428635801864786e+01,0.000000000000000000e+00,0.000000000000000000e+00
2.862475772607396607e+01,0.000000000000000000e+00,0.000000000000000000e+00
3.075074034481419005e+01,0.000000000000000000e+00,0.000000000000000000e+00
3.007569919915351164e+01,0.000000000000000000e+00,0.000000000000000000e+00
3.136789589020332869e+01,0.000000000000000000e+00,0.000000000000000000e+00
3.103548470348196275e+01,0.000000000000000000e+00,0.000000000000000000e+00
3.046048752663101311e+01,0.000000000000000000e+00,0.000000000000000000e+00
2.981160074132310100e+01,0.000000000000000000e+00,0.000000000000000000e+00
2.860178726651349379e+01,0.000000000000000000e+00,0.000000000000000000e+00
3.045215744791430978e+01,0.000000000000000000e+00,0.000000000000000000e+00
3.210051401168757224e+01,0.000000000000000000e+00,0.000000000000000000e+00
3.462044697050276909e+01,0.000000000000000000e+00,0.000000000000000000e+00
3.501111492241852119e+01,0.000000000000000000e+00,0.000000000000000000e+00
2.891073844493894640e+01,0.000000000000000000e+00,0.000000000000000000e+00
3.017675005186719872e+01,0.000000000000000000e+00,0.000000000000000000e+00
3.381913514324793368e+01,0.000000000000000000e+00,0.000000000000000000e+00
3.371239077658810857e+01,0.000000000000000000e+00,0.000000000000000000e+00
3.422955600821991595e+01,0.000000000000000000e+00,0.000000000000000000e+00
3.125804494218536433e+01,0.000000000000000000e+00,0.000000000000000000e+00
3.223028283786073445e+01,0.000000000000000000e+00,0.000000000000000000e+00
3.337042338060925317e+01,0.000000000000000000e+00,0.000000000000000000e+00
3.014685561170258765e+01,0.000000000000000000e+00,0.000000000000000000e+00
3.741741792091814034e+01,0.000000000000000000e+00,0.000000000000000000e+00
3.001088670590987206e+01,0.000000000000000000e+00,0.000000000000000000e+00
3.155636761184302230e+01,0.000000000000000000e+00,0.000000000000000000e+00
3.317721557395766041e+01,0.000000000000000000e+00,0.000000000000000000e+00
3.277972468499551439e+01,0.000000000000000000e+00,0.000000000000000000e+00
3.166869974530962395e+01,0.000000000000000000e+00,0.000000000000000000e+00
3.164285628745405887e+01,0.000000000000000000e+00,0.000000000000000000e+00
3.422701159829698270e+01,0.000000000000000000e+00,0.000000000000000000e+00
3.156131602892052967e+01,0.000000000000000000e+00,0.000000000000000000e+00
3.720511565355778316e+01,0.000000000000000000e+00,0.000000000000000000e+00
3.302341120512514294e+01,0.000000000000000000e+00,0.000000000000000000e+00
3.225520036949477287e+01,0.000000000000000000e+00,0.000000000000000000e+00
3.439094976189517894e+01,0.000000000000000000e+00,0.000000000000000000e+00
3.566756857658852908e+01,0.000000000000000000e+00,0.000000000000000000e+00
3.549236725935618608e+01,0.000000000000000000e+00,0.000000000000000000e+00
3.833044955486703032e+01,0.000000000000000000e+00,0.000000000000000000e+00
3.752962910535245555e+01,0.000000000000000000e+00,0.000000000000000000e+00
3.374865335124356136e+01,0.000000000000000000e+00,0.000000000000000000e+00
3.470088715182089345e+01,0.000000000000000000e+00,0.000000000000000000e+00
3.406809511869685991e+01,0.000000000000000000e+00,0.000000000000000000e+00
3.555424750557365599e+01,0.000000000000000000e+00,0.000000000000000000e+00
3.434374402057607512e+01,0.000000000000000000e+00,0.000000000000000000e+00
3.458387751046466008e+01,0.000000000000000000e+00,0.000000000000000000e+00
3.421864217480604964e+01,0.000000000000000000e+00,0.000000000000000000e+00
3.315633046985612964e+01,0.000000000000000000e+00,0.000000000000000000e+00
3.318632983450889640e+01,0.000000000000000000e+00,0.000000000000000000e+00
3.332802696853415370e+01,0.000000000000000000e+00,0.000000000000000000e+00
3.279497037174509444e+01,0.000000000000000000e+00,0.000000000000000000e+00
3.177531962448404457e+01,0.000000000000000000e+00,0.000000000000000000e+00
3.379480750409535972e+01,0.000000000000000000e+00,0.000000000000000000e+00
3.296027667544384343e+01,0.000000000000000000e+00,0.000000000000000000e+00
3.492778396527399565e+01,0.000000000000000000e+00,0.000000000000000000e+00
3.343479047578846064e+01,0.000000000000000000e+00,0.000000000000000000e+00
3.290575894106539323e+01,0.000000000000000000e+00,0.000000000000000000e+00
3.382483525594381035e+01,0.000000000000000000e+00,0.000000000000000000e+00
3.560052193678602350e+01,0.000000000000000000e+00,0.000000000000000000e+00
3.505772795832042021e+01,0.000000000000000000e+00,0.000000000000000000e+00
3.513270429484347801e+01,0.000000000000000000e+00,0.000000000000000000e+00
3.503916201687778198e+01,0.000000000000000000e+00,0.000000000000000000e+00
3.305835397319731328e+01,0.000000000000000000e+00,0.000000000000000000e+00
3.804377274505640116e+01,0.000000000000000000e+00,0.000000000000000000e+00
3.363533499176254793e+01,0.000000000000000000e+00,0.000000000000000000e+00
3.717103080132047666e+01,0.000000000000000000e+00,0.000000000000000000e+00
3.645895054443851535e+01,0.000000000000000000e+00,0.000000000000000000e+00
3.668928252028229053e+01,0.000000000000000000e+00,0.000000000000000000e+00
3.720858990052622062e+01,0.000000000000000000e+00,0.000000000000000000e+00
3.504275509453470505e+01,0.000000000000000000e+00,0.000000000000000000e+00
3.346720742420211536e+01,0.000000000000000000e+00,0.000000000000000000e+00
3.616802028583842343e+01,0.000000000000000000e+00,0.000000000000000000e+00
3.643096940606604761e+01,0.000000000000000000e+00,0.000000000000000000e+00
3.776474228967894931e+01,0.000000000000000000e+00,0.000000000000000000e+00
3.894280214030673193e+01,0.000000000000000000e+00,0.000000000000000000e+00
3.755676376476004918e+01,0.000000000000000000e+00,0.000000000000000000e+00
3.544735737608092307e+01,0.000000000000000000e+00,0.000000000000000000e+00
3.437437226122076339e+01,0.000000000000000000e+00,0.000000000000000000e+00
3.386203647420302332e+01,0.000000000000000000e+00,0.000000000000000000e+00
3.885574894894323705e+01,0.000000000000000000e+00,0.000000000000000000e+00
3.797048073501132137e+01,0.000000000000000000e+00,0.000000000000000000e+00
3.770865849834236627e+01,0.000000000000000000e+00,0.000000000000000000e+00
4.006638819107750038e+01,0.000000000000000000e+00,0.000000000000000000e+00
3.760744536688893191e+01,0.000000000000000000e+00,0.000000000000000000e+00
3.544911710097552060e+01,0.000000000000000000e+00,0.000000000000000000e+00
3.635425768994136320e+01,0.000000000000000000e+00,0.000000000000000000e+00
3.582911716885304543e+01,0.000000000000000000e+00,0.000000000000000000e+00
3.847272899160130066e+01,0.000000000000000000e+00,0.000000000000000000e+00
3.245282596652728557e+01,0.000000000000000000e+00,0.000000000000000000e+00
3.951379149882671982e+01,0.000000000000000000e+00,0.000000000000000000e+00
4.047126923007790111e+01,0.000000000000000000e+00,0.000000000000000000e+00
3.783426758987673111e+01,0.000000000000000000e+00,0.000000000000000000e+00
3.780660251806537531e+01,0.000000000000000000e+00,0.000000000000000000e+00
3.913399660672539682e+01,0.000000000000000000e+00,0.000000000000000000e+00
3.532506446626190666e+01,0.000000000000000000e+00,0.000000000000000000e+00
3.741322091876759259e+01,0.000000000000000000e+00,0.000000000000000000e+00
3.582513039230161667e+01,0.000000000000000000e+00,0.000000000000000000e+00
3.924715067830783966e+01,0.000000000000000000e+00,0.000000000000000000e+00
3.855922371042638730e+01,0.000000000000000000e+00,0.000000000000000000e+00
3.908378284598443031e+01,0.000000000000000000e+00,0.000000000000000000e+00
4.042183453346740407e+01,0.000000000000000000e+00,0.000000000000000000e+00
3.728788466660864742e+01,0.000000000000000000e+00,0.000000000000000000e+00
3.620148060724105932e+01,0.000000000000000000e+00,0.000000000000000000e+00
3.873826731592182426e+01,0.000000000000000000e+00,0.000000000000000000e+00
3.707948192970058443e+01,0.000000000000000000e+00,0.000000000000000000e+00
3.883510124980988820e+01,0.000000000000000000e+00,0.000000000000000000e+00
4.200657253263399582e+01,0.000000000000000000e+00,0.000000000000000000e+00
3.969896849825171614e+01,0.000000000000000000e+00,0.000000000000000000e+00
4.190506796045009708e+01,0.000000000000000000e+00,0.000000000000000000e+00
3.956935085848233769e+01,0.000000000000000000e+00,0.000000000000000000e+00
3.702913196941457130e+01,0.000000000000000000e+00,0.000000000000000000e+00
3.701123253276659852e+01,0.000000000000000000e+00,0.000000000000000000e+00
3.790132908108171250e+01,0.000000000000000000e+00,0.000000000000000000e+00
3.934482887457915012e+01,0.000000000000000000e+00,0.000000000000000000e+00
4.012103325317572455e+01,0.000000000000000000e+00,0.000000000000000000e+00
3.734710098054388538e+01,0.000000000000000000e+00,0.000000000000000000e+00
3.831834674723361900e+01,0.000000000000000000e+00,0.000000000000000000e+00
4.073614266146464047e+01,0.000000000000000000e+00,0.000000000000000000e+00
3.772466979208946469e+01,0.000000000000000000e+00,0.000000000000000000e+00
3.910779929468304772e+01,0.000000000000000000e+00,0.000000000000000000e+00
3.730581491833709151e+01,0.000000000000000000e+00,0.000000000000000000e+00
4.047131600107982763e+01,0.000000000000000000e+00,0.000000000000000000e+00
3.771256026440277509e+01,0.000000000000000000e+00,0.000000000000000000e+00
4.530363689095598545e+01,0.000000000000000000e+00,0.000000000000000000e+00
3.930485636581506981e+01,0.000000000000000000e+00,0.000000000000000000e+00
4.075985878117313632e+01,0.000000000000000000e+00,0.000000000000000000e+00
3.797008930385206327e+01,0.000000000000000000e+00,0.000000000000000000e+00
4.161139994995433966e+01,0.000000000000000000e+00,0.000000000000000000e+00
4.296659616283177741e+01,0.000000000000000000e+00,0.000000000000000000e+00
4.269903778416133378e+01,0.000000000000000000e+00,0.000000000000000000e+00
4.472073227762903258e+01,0.000000000000000000e+00,0.000000000000000000e+00
3.972599426318985394e+01,0.000000000000000000e+00,0.000000000000000000e+00
4.158670519770773666e+01,0.000000000000000000e+00,0.000000000000000000e+00
3.779675080731522030e+01,0.000000000000000000e+00,0.000000000000000000e+00
4.189221029446019884e+01,0.000000000000000000e+00,0.000000000000000000e+00
4.216181809888837506e+01,0.000000000000000000e+00,0.000000000000000000e+00
4.065876663188983997e+01,0.000000000000000000e+00,0.000000000000000000e+00
4.261427795955610520e+01,0.000000000000000000e+00,0.000000000000000000e+00
3.860688857703154042e+01,0.000000000000000000e+00,0.000000000000000000e+00
4.024123480107126483e+01,0.000000000000000000e+00,0.000000000000000000e+00
4.607841701243985710e+01,0.000000000000000000e+00,0.000000000000000000e+00
3.921713131594569290e+01,0.000000000000000000e+00,0.000000000000000000e+00
3.874495946076592645e+01,0.000000000000000000e+00,0.000000000000000000e+00
4.060318680252528623e+01,0.000000000000000000e+00,0.000000000000000000e+00
4.255259685446423390e+01,0.000000000000000000e+00,0.000000000000000000e+00
4.029877752183645612e+01,0.000000000000000000e+00,0.000000000000000000e+00
4.220611064396392464e+01,0.000000000000000000e+00,0.000000000000000000e+00
3.981481405265873974e+01,0.000000000000000000e+00,0.000000000000000000e+00
4.222285386427294895e+01,0.000000000000000000e+00,0.000000000000000000e+00
4.333735427785283179e+01,0.000000000000000000e+00,0.000000000000000000e+00
4.077166512076514948e+01,0.000000000000000000e+00,0.000000000000000000e+00
4.106889624543193662e+01,0.000000000000000000e+00,0.000000000000000000e+00
4.293955795909918294e+01,0.000000000000000000e+00,0.000000000000000000e+00
4.122992134509337347e+01,0.000000000000000000e+00,0.000000000000000000e+00
4.344612764995547138e+01,0.000000000000000000e+00,0.000000000000000000e+00
4.249405298486798443e+01,0.000000000000000000e+00,0.000000000000000000e+00
3.758234107977104799e+01,0.000000000000000000e+00,0.000000000000000000e+00
4.048845811839130704e+01,0.000000000000000000e+00,0.000000000000000000e+00
4.363496566935862830e+01,0.000000000000000000e+00,0.000000000000000000e+00
4.069016786788090911e+01,0.000000000000000000e+00,0.000000000000000000e+00
4.219339441371049304e+01,0.000000000000000000e+00,0.000000000000000000e+00
4.124215915448841940e+01,0.000000000000000000e+00,0.000000000000000000e+00
4.269228307573870040e+01,0.000000000000000000e+00,0.000000000000000000e+00
3.974861206533842051e+01,0.000000000000000000e+00,0.000000000000000000e+00
4.331622580921403198e+01,0.000000000000000000e+00,0.000000000000000000e+00
4.447218816143468700e+01,0.000000000000000000e+00,0.000000000000000000e+00
4.419854274924076520e+01,0.000000000000000000e+00,0.000000000000000000e+00
3.937770843859222936e+01,0.000000000000000000e+00,0.000000000000000000e+00
4.330099244663622926e+01,0.000000000000000000e+00,0.000000000000000000e+00
4.775944202722642018e+01,0.000000000000000000e+00,0.000000000000000000e+00
4.461001141314341112e+01,0.000000000000000000e+00,0.000000000000000000e+00
4.398202694555382664e+01,0.000000000000000000e+00,0.000000000000000000e+00
4.587883439229096894e+01,0.000000000000000000e+00,0.000000000000000000e+00
4.260035906858971089e+01,0.000000000000000000e+00,0.000000000000000000e+00
4.587334599291273918e+01,0.000000000000000000e+00,0.000000000000000000e+00
4.342920017048939485e+01,0.000000000000000000e+00,0.000000000000000000e+00
4.302372107451189720e+01,0.000000000000000000e+00,0.000000000000000000e+00
4.642042316842835703e+01,0.000000000000000000e+00,0.000000000000000000e+00
4.479005810611260330e+01,0.000000000000000000e+00,0.000000000000000000e+00
4.540568908938904258e+01,0.000000000000000000e+00,0.000000000000000000e+00
4.087840416779449981e+01,0.000000000000000000e+00,0.000000000000000000e+00
4.746122277310709592e+01,0.000000000000000000e+00,0.000000000000000000e+00
4.408013754341972401e+01,0.000000000000000000e+00,0.000000000000000000e+00
4.337219400719602191e+01,0.000000000000000000e+00,0.000000000000000000e+00
4.426399248095923156e+01,0.000000000000000000e+00,0.000000000000000000e+00
4.268706976611348836e+01,0.000000000000000000e+00,0.000000000000000000e+00
4.773980458525760184e+01,0.000000000000000000e+00,0.000000000000000000e+00
4.490506028356274726e+01,0.000000000000000000e+00,0.000000000000000000e+00
4.848500570054392966e+01,0.000000000000000000e+00,0.000000000000000000e+00
4.286072436135268759e+01,0.000000000000000000e+00,0.000000000000000000e+00
4.710332877773448956e+01,0.000000000000000000e+00,0.000000000000000000e+00
4.699955662796672584e+01,0.000000000000000000e+00,0.000000000000000000e+00
4.553156391526009372e+01,0.000000000000000000e+00,0.000000000000000000e+00
4.325178879875234372e+01,0.000000000000000000e+00,0.000000000000000000e+00
4.449327612812175659e+01,0.000000000000000000e+00,0.000000000000000000e+00
4.796797096978864516e+01,0.000000000000000000e+00,0.000000000000000000e+00
4.750365231072498773e+01,0.000000000000000000e+00,0.000000000000000000e+00
4.616369052332504452e+01,0.000000000000000000e+00,0.000000000000000000e+00
4.557216470833951405e+01,0.000000000000000000e+00,0.000000000000000000e+00
4.462720599498374696e+01,0.000000000000000000e+00,0.000000000000000000e+00
5.133425485158377910e+01,0.000000000000000000e+00,0.000000000000000000e+00
4.506979221513928735e+01,0.000000000000000000e+00,0.000000000000000000e+00
4.331386986550117513e+01,0.000000000000000000e+00,0.000000000000000000e+00
4.693523272226855170e+01,0.000000000000000000e+00,0.000000000000000000e+00
4.826996399619634559e+01,0.000000000000000000e+00,0.000000000000000000e+00
4.464326195109580198e+01,0.000000000000000000e+00,0.000000000000000000e+00
4.624071432034914153e+01,0.000000000000000000e+00,0.000000000000000000e+00
4.431183606370396433e+01,0.000000000000000000e+00,0.000000000000000000e+00
4.674476069574820514e+01,0.000000000000000000e+00,0.000000000000000000e+00
4.446682912045893232e+01,0.000000000000000000e+00,0.000000000000000000e+00
4.555963160979524673e+01,0.000000000000000000e+00,0.000000000000000000e+00
4.481399704205647083e+01,0.000000000000000000e+00,0.000000000000000000e+00
4.881450729563908197e+01,0.000000000000000000e+00,0.000000000000000000e+00
4.849658276793451961e+01,0.000000000000000000e+00,0.000000000000000000e+00
4.419010389925346516e+01,0.000000000000000000e+00,0.000000000000000000e+00
4.848534422401872490e+01,0.000000000000000000e+00,0.000000000000000000e+00
4.862810400924068688e+01,0.000000000000000000e+00,0.000000000000000000e+00
4.735043534226328177e+01,0.000000000000000000e+00,0.000000000000000000e+00
5.001134750696765252e+01,0.000000000000000000e+00,0.000000000000000000e+00
5.241385184404352060e+01,0.000000000000000000e+00,0.000000000000000000e+00
4.710018101337811913e+01,0.000000000000000000e+00,0.000000000000000000e+00
5.006468252840024036e+01,0.000000000000000000e+00,0.000000000000000000e+00
4.577245638389806004e+01,0.000000000000000000e+00,0.000000000000000000e+00
4.766267826520795836e+01,0.000000000000000000e+00,0.000000000000000000e+00
4.894741045871792551e+01,0.000000000000000000e+00,0.000000000000000000e+00
4.728286483439112686e+01,0.000000000000000000e+00,0.000000000000000000e+00
5.029237591316605460e+01,0.000000000000000000e+00,0.000000000000000000e+00
4.723436967392655106e+01,0.000000000000000000e+00,0.000000000000000000e+00
4.960952646280770040e+01,0.000000000000000000e+00,0.000000000000000000e+00
4.678624295838491776e+01,0.000000000000000000e+00,0.000000000000000000e+00
4.969097637648800259e+01,0.000000000000000000e+00,0.000000000000000000e+00
5.209838397926019837e+01,0.000000000000000000e+00,0.000000000000000000e+00
4.226233054709845050e+01,0.000000000000000000e+00,0.000000000000000000e+00
4.715340641183392023e+01,0.000000000000000000e+00,0.000000000000000000e+00
4.947321860710993491e+01,0.000000000000000000e+00,0.000000000000000000e+00
4.833416656915844811e+01,0.000000000000000000e+00,0.000000000000000000e+00
4.751161044126249067e+01,0.000000000000000000e+00,0.000000000000000000e+00
4.837509407240938231e+01,0.000000000000000000e+00,0.000000000000000000e+00
4.980210247199310203e+01,0.000000000000000000e+00,0.000000000000000000e+00
4.972193226118946541e+01,0.000000000000000000e+00,0.000000000000000000e+00
4.912412715730996382e+01,0.000000000000000000e+00,0.000000000000000000e+00
4.958093457981597396e+01,0.000000000000000000e+00,0.000000000000000000e+00
5.218614074129347813e+01,0.000000000000000000e+00,0.000000000000000000e+00
4.909472970842863759e+01,0.000000000000000000e+00,0.000000000000000000e+00
4.875839254494759700e+01,0.000000000000000000e+00,0.000000000000000000e+00
5.244661106624889868e+01,0.000000000000000000e+00,0.000000000000000000e+00
5.235422939382721808e+01,0.000000000000000000e+00,0.000000000000000000e+00
5.423059886759192949e+01,0.000000000000000000e+00,0.000000000000000000e+00
5.144602129827401171e+01,0.000000000000000000e+00,0.000000000000000000e+00
5.340044819798342246e+01,0.000000000000000000e+00,0.000000000000000000e+00
5.025489172792910608e+01,0.000000000000000000e+00,0.000000000000000000e+00
4.762431011386036772e+01,0.000000000000000000e+00,0.000000000000000000e+00
4.965366051129056757e+01,0.000000000000000000e+00,0.000000000000000000e+00
5.065134529448393153e+01,0.000000000000000000e+00,0.000000000000000000e+00
4.804755686375283119e+01,0.000000000000000000e+00,0.000000000000000000e+00
4.714209028829203163e+01,0.000000000000000000e+00,0.000000000000000000e+00
5.057026248198544494e+01,0.000000000000000000e+00,0.000000000000000000e+00
4.656636057344297086e+01,0.000000000000000000e+00,0.000000000000000000e+00
5.287009085225919591e+01,0.000000000000000000e+00,0.000000000000000000e+00
5.189900124592574571e+01,0.000000000000000000e+00,0.000000000000000000e+00
5.401076106988917047e+01,0.000000000000000000e+00,0.000000000000000000e+00
5.206288137328572674e+01,0.000000000000000000e+00,0.000000000000000000e+00
5.123069837370425006e+01,0.000000000000000000e+00,0.000000000000000000e+00
4.865023802406786047e+01,0.000000000000000000e+00,0.000000000000000000e+00
5.288558285854936258e+01,0.000000000000000000e+00,0.000000000000000000e+00
4.946237952442136532e+01,0.000000000000000000e+00,0.000000000000000000e+00
5.016918376181716610e+01,0.000000000000000000e+00,0.000000000000000000e+00
5.140603223384660225e+01,0.000000000000000000e+00,0.000000000000000000e+00
4.817952413788385968e+01,0.000000000000000000e+00,0.000000000000000000e+00
5.296424498226842559e+01,0.000000000000000000e+00,0.000000000000000000e+00
5.314403305189576088e+01,0.000000000000000000e+00,0.000000000000000000e+00
5.107002172613994873e+01,0.000000000000000000e+00,0.000000000000000000e+00
5.085340172311437357e+01,0.000000000000000000e+00,0.000000000000000000e+00
5.120057511049405008e+01,0.000000000000000000e+00,0.000000000000000000e+00
5.129646656661883242e+01,0.000000000000000000e+00,0.000000000000000000e+00
5.172360666508107840e+01,0.000000000000000000e+00,0.000000000000000000e+00
5.394649847650711649e+01,0.000000000000000000e+00,0.000000000000000000e+00
5.429423820722990257e+01,0.000000000000000000e+00,0.000000000000000000e+00
4.951064194892008175e+01,0.000000000000000000e+00,0.000000000000000000e+00
5.392055826167958799e+01,0.000000000000000000e+00,0.000000000000000000e+00
5.327043030466418827e+01,0.000000000000000000e+00,0.000000000000000000e+00
5.197700305611816418e+01,0.000000000000000000e+00,0.000000000000000000e+00
5.095678920915491972e+01,0.000000000000000000e+00,0.000000000000000000e+00
5.169463916457061714e+01,0.000000000000000000e+00,0.000000000000000000e+00
5.211373894720607325e+01,0.000000000000000000e+00,0.000000000000000000e+00
5.488274078131733091e+01,0.000000000000000000e+00,0.000000000000000000e+00
5.395936764252036966e+01,0.000000000000000000e+00,0.000000000000000000e+00
5.533372113021322036e+01,0.000000000000000000e+00,0.000000000000000000e+00
5.292771728853789170e+01,0.000000000000000000e+00,0.000000000000000000e+00
5.789635578110018344e+01,0.000000000000000000e+00,0.000000000000000000e+00
5.077789233517476930e+01,0.000000000000000000e+00,0.000000000000000000e+00
4.924466783256310265e+01,0.000000000000000000e+00,0.000000000000000000e+00
5.301126721890017279e+01,0.000000000000000000e+00,0.000000000000000000e+00
5.180992873538073695e+01,0.000000000000000000e+00,0.000000000000000000e+00
5.242203203881216922e+01,0.000000000000000000e+00,0.000000000000000000e+00
5.442475259876061244e+01,0.000000000000000000e+00,0.000000000000000000e+00
5.709650934781674181e+01,0.000000000000000000e+00,0.000000000000000000e+00
5.107176907756575446e+01,0.000000000000000000e+00,0.000000000000000000e+00
5.641068543174034744e+01,0.000000000000000000e+00,0.000000000000000000e+00
5.598695289132012221e+01,0.000000000000000000e+00,0.000000000000000000e+00
5.055864358698057259e+01,0.000000000000000000e+00,0.000000000000000000e+00
5.139082123282348391e+01,0.000000000000000000e+00,0.000000000000000000e+00
5.235584582142672616e+01,0.000000000000000000e+00,0.000000000000000000e+00
5.335553414474358647e+01,0.000000000000000000e+00,0.000000000000000000e+00
5.386540356512707461e+01,0.000000000000000000e+00,0.000000000000000000e+00
5.592643936013063666e+01,0.000000000000000000e+00,0.000000000000000000e+00
5.748673634225152540e+01,0.000000000000000000e+00,0.000000000000000000e+00
5.403753546308041678e+01,0.000000000000000000e+00,0.000000000000000000e+00
5.674462738357878777e+01,0.000000000000000000e+00,0.000000000000000000e+00
5.274256087229574774e+01,0.000000000000000000e+00,0.000000000000000000e+00
5.193582977212192020e+01,0.000000000000000000e+00,0.000000000000000000e+00
5.285254518112516564e+01,0.000000000000000000e+00,0.000000000000000000e+00
5.303946173612167314e+01,0.000000000000000000e+00,0.000000000000000000e+00
5.617206500770090116e+01,0.000000000000000000e+00,0.000000000000000000e+00
5.384426359771727277e+01,0.000000000000000000e+00,0.000000000000000000e+00
5.682981966512193850e+01,0.000000000000000000e+00,0.000000000000000000e+00
5.203645709070488579e+01,0.000000000000000000e+00,0.000000000000000000e+00
5.355137428511541486e+01,0.000000000000000000e+00,0.000000000000000000e+00
5.324390384490699546e+01,0.000000000000000000e+00,0.000000000000000000e+00
5.550732704196364864e+01,0.000000000000000000e+00,0.000000000000000000e+00
5.625237309158282528e+01,0.000000000000000000e+00,0.000000000000000000e+00
5.334068694232220054e+01,0.000000000000000000e+00,0.000000000000000000e+00
5.400915045629952971e+01,0.000000000000000000e+00,0.000000000000000000e+00
5.772372665938026870e+01,0.000000000000000000e+00,0.000000000000000000e+00
5.786812155639763944e+01,0.000000000000000000e+00,0.000000000000000000e+00
5.707445317890665848e+01,0.000000000000000000e+00,0.000000000000000000e+00
5.828852195985463425e+01,0.000000000000000000e+00,0.000000000000000000e+00
5.982364779328427318e+01,0.000000000000000000e+00,0.000000000000000000e+00
5.610716416957461661e+01,0.000000000000000000e+00,0.000000000000000000e+00
5.419470692827680125e+01,0.000000000000000000e+00,0.000000000000000000e+00
5.697756066017526422e+01,0.000000000000000000e+00,0.000000000000000000e+00
6.114198444315434955e+01,0.000000000000000000e+00,0.000000000000000000e+00
6.080400056342542570e+01,0.000000000000000000e+00,0.000000000000000000e+00
5.719687371747324534e+01,0.000000000000000000e+00,0.000000000000000000e+00
5.752507533716669030e+01,0.000000000000000000e+00,0.000000000000000000e+00
5.561481578023682459e+01,0.000000000000000000e+00,0.000000000000000000e+00
5.714347087542514458e+01,0.000000000000000000e+00,0.000000000000000000e+00
5.636593300002554940e+01,0.000000000000000000e+00,0.000000000000000000e+00
5.544735665071646480e+01,0.000000000000000000e+00,0.000000000000000000e+00
5.514055987656619351e+01,0.000000000000000000e+00,0.000000000000000000e+00
5.619948491244091571e+01,0.000000000000000000e+00,0.000000000000000000e+00
5.698526281286760309e+01,0.000000000000000000e+00,0.000000000000000000e+00
5.900442011534217102e+01,0.000000000000000000e+00,0.000000000000000000e+00
5.760361131359940146e+01,0.000000000000000000e+00,0.000000000000000000e+00
5.473038489831834852e+01,0.000000000000000000e+00,0.000000000000000000e+00
5.230617815223610734e+01,0.000000000000000000e+00,0.000000000000000000e+00
5.763372715787981093e+01,0.000000000000000000e+00,0.000000000000000000e+00
5.789527974336206029e+01,0.000000000000000000e+00,0.000000000000000000e+00
5.826802825975736511e+01,0.000000000000000000e+00,0.000000000000000000e+00
5.596102018928742439e+01,0.000000000000000000e+00,0.000000000000000000e+00
5.994100481187385299e+01,0.000000000000000000e+00,0.000000000000000000e+00
6.135930344654118329e+01,0.000000000000000000e+00,0.000000000000000000e+00
5.509547334406221353e+01,0.000000000000000000e+00,0.000000000000000000e+00
5.408342017359945686e+01,0.000000000000000000e+00,0.000000000000000000e+00
6.131910261660072337e+01,0.000000000000000000e+00,0.000000000000000000e+00
5.809852452813716184e+01,0.000000000000000000e+00,0.000000000000000000e+00
5.657317576963524175e+01,0.000000000000000000e+00,0.000000000000000000e+00
5.928441508374672964e+01,0.000000000000000000e+00,0.000000000000000000e+00
6.339267165232812573e+01,0.000000000000000000e+00,0.000000000000000000e+00
5.857604210312969428e+01,0.000000000000000000e+00,0.000000000000000000e+00
6.111365040654098379e+01,0.000000000000000000e+00,0.000000000000000000e+00
6.078185724112307753e+01,0.000000000000000000e+00,0.000000000000000000e+00
6.069584281710287144e+01,0.000000000000000000e+00,0.000000000000000000e+00
5.975741434701112098e+01,0.000000000000000000e+00,0.000000000000000000e+00
5.774678721849746665e+01,0.000000000000000000e+00,0.000000000000000000e+00
5.902554932319876713e+01,0.000000000000000000e+00,0.000000000000000000e+00
6.401578062623542564e+01,0.000000000000000000e+00,0.000000000000000000e+00
5.937371896982061514e+01,0.000000000000000000e+00,0.000000000000000000e+00
5.806424782521843753e+01,0.000000000000000000e+00,0.000000000000000000e+00
5.648452332823078592e+01,0.000000000000000000e+00,0.000000000000000000e+00
6.294604862931057454e+01,0.000000000000000000e+00,0.000000000000000000e+00
5.677128578738576437e+01,0.000000000000000000e+00,0.000000000000000000e+00
6.142939355056795847e+01,0.000000000000000000e+00,0.000000000000000000e+00
6.195332627974956807e+01,0.000000000000000000e+00,0.000000000000000000e+00
6.116225872031687061e+01,0.000000000000000000e+00,0.000000000000000000e+00
6.016433608655246701e+01,0.000000000000000000e+00,0.000000000000000000e+00
5.981911351693393897e+01,0.000000000000000000e+00,0.000000000000000000e+00
5.981758195651256216e+01,0.000000000000000000e+00,0.000000000000000000e+00
5.960649395594703037e+01,0.000000000000000000e+00,0.000000000000000000e+00
5.824305748784259151e+01,0.000000000000000000e+00,0.000000000000000000e+00
6.153502360058529064e+01,0.000000000000000000e+00,0.000000000000000000e+00
6.099865277505680439e+01,0.000000000000000000e+00,0.000000000000000000e+00
5.786665650205125644e+01,0.000000000000000000e+00,0.000000000000000000e+00
6.128093638767382600e+01,0.000000000000000000e+00,0.000000000000000000e+00
5.951960002785054371e+01,0.000000000000000000e+00,0.000000000000000000e+00
6.121922941493873793e+01,0.000000000000000000e+00,0.000000000000000000e+00
6.290448401554685631e+01,0.000000000000000000e+00,0.000000000000000000e+00
5.781237381994786517e+01,0.000000000000000000e+00,0.000000000000000000e+00
6.153877073776571649e+01,0.000000000000000000e+00,0.000000000000000000e+00
6.153007064778825708e+01,0.000000000000000000e+00,0.000000000000000000e+00
6.429958611575133887e+01,0.000000000000000000e+00,0.000000000000000000e+00
6.232717315349657383e+01,0.000000000000000000e+00,0.000000000000000000e+00
6.329990689124682035e+01,0.000000000000000000e+00,0.000000000000000000e+00
6.280475767325136616e+01,0.000000000000000000e+00,0.000000000000000000e+00
6.132124025448572269e+01,0.000000000000000000e+00,0.000000000000000000e+00
6.445644330057965021e+01,0.000000000000000000e+00,0.000000000000000000e+00
6.314600784965367808e+01,0.000000000000000000e+00,0.000000000000000000e+00
5.980215743713153387e+01,0.000000000000000000e+00,0.000000000000000000e+00
6.021210757326407759e+01,0.000000000000000000e+00,0.000000000000000000e+00
6.034177457278222789e+01,0.000000000000000000e+00,0.000000000000000000e+00
6.186210636821460440e+01,0.000000000000000000e+00,0.000000000000000000e+00
6.396232327832234432e+01,0.000000000000000000e+00,0.000000000000000000e+00
6.225989057792079251e+01,0.000000000000000000e+00,0.000000000000000000e+00
6.343269306734539725e+01,0.000000000000000000e+00,0.000000000000000000e+00
6.124723854414814639e+01,0.000000000000000000e+00,0.000000000000000000e+00
6.148013527419129076e+01,0.000000000000000000e+00,0.000000000000000000e+00
5.766602651707941618e+01,0.000000000000000000e+00,0.000000000000000000e+00
6.393864639246318404e+01,0.000000000000000000e+00,0.000000000000000000e+00
6.085604613324719736e+01,0.000000000000000000e+00,0.000000000000000000e+00
6.577202854564711743e+01,0.000000000000000000e+00,0.000000000000000000e+00
6.271048529714576603e+01,0.000000000000000000e+00,0.000000000000000000e+00
5.926196975175214732e+01,0.000000000000000000e+00,0.000000000000000000e+00
6.398077220039677826e+01,0.000000000000000000e+00,0.000000000000000000e+00
6.178378284055164471e+01,0.000000000000000000e+00,0.000000000000000000e+00
6.070740527439283341e+01,0.000000000000000000e+00,0.000000000000000000e+00
6.439626469168001677e+01,0.000000000000000000e+00,0.000000000000000000e+00
6.310408777225210031e+01,0.000000000000000000e+00,0.000000000000000000e+00
6.307595009336152003e+01,0.000000000000000000e+00,0.000000000000000000e+00
6.263676705695129954e+01,0.000000000000000000e+00,0.000000000000000000e+00
6.498572306059875814e+01,0.000000000000000000e+00,0.000000000000000000e+00
6.002177121406207760e+01,0.000000000000000000e+00,0.000000000000000000e+00
5.979372240006608052e+01,0.000000000000000000e+00,0.000000000000000000e+00
6.580578040979467858e+01,0.000000000000000000e+00,0.000000000000000000e+00
6.339677514017636639e+01,0.000000000000000000e+00,0.000000000000000000e+00
6.175009768013482869e+01,0.000000000000000000e+00,0.000000000000000000e+00
6.627657324499975289e+01,0.000000000000000000e+00,0.000000000000000000e+00
6.385569317877340723e+01,0.000000000000000000e+00,0.000000000000000000e+00
6.486966328678990124e+01,0.000000000000000000e+00,0.000000000000000000e+00
6.580654459218683883e+01,0.000000000000000000e+00,0.000000000000000000e+00
6.649908690065197447e+01,0.000000000000000000e+00,0.000000000000000000e+00
6.673016029928689363e+01,0.000000000000000000e+00,0.000000000000000000e+00
6.124248233393608842e+01,0.000000000000000000e+00,0.000000000000000000e+00
6.321583367403357556e+01,0.000000000000000000e+00,0.000000000000000000e+00
6.286333285673635629e+01,0.000000000000000000e+00,0.000000000000000000e+00
6.696891488979710516e+01,0.000000000000000000e+00,0.000000000000000000e+00
6.183647871765137438e+01,0.000000000000000000e+00,0.000000000000000000e+00
6.513090674804780633e+01,0.000000000000000000e+00,0.000000000000000000e+00
6.535244695928804504e+01,0.000000000000000000e+00,0.000000000000000000e+00
6.545422320098295188e+01,0.000000000000000000e+00,0.000000000000000000e+00
6.460759097750269575e+01,0.000000000000000000e+00,0.000000000000000000e+00
6.609933793642014166e+01,0.000000000000000000e+00,0.000000000000000000e+00
6.450606414630665597e+01,0.000000000000000000e+00,0.000000000000000000e+00
6.537122005612381770e+01,0.000000000000000000e+00,0.000000000000000000e+00
6.231419129734943141e+01,0.000000000000000000e+00,0.000000000000000000e+00
6.573325316359739645e+01,0.000000000000000000e+00,0.000000000000000000e+00
6.384457773753896959e+01,0.000000000000000000e+00,0.000000000000000000e+00
6.460910044968484556e+01,0.000000000000000000e+00,0.000000000000000000e+00
6.789905668607738676e+01,0.000000000000000000e+00,0.000000000000000000e+00
6.755420575643273651e+01,0.000000000000000000e+00,0.000000000000000000e+00
6.267707281754138648e+01,0.000000000000000000e+00,0.000000000000000000e+00
5.981700201689277918e+01,0.000000000000000000e+00,0.000000000000000000e+00
6.684292762905742791e+01,0.000000000000000000e+00,0.000000000000000000e+00
6.586929905906127658e+01,0.000000000000000000e+00,0.000000000000000000e+00
6.626577866176882026e+01,0.000000000000000000e+00,0.000000000000000000e+00
6.511804360795687785e+01,0.000000000000000000e+00,0.000000000000000000e+00
6.546633351358009634e+01,0.000000000000000000e+00,0.000000000000000000e+00
6.928849775403462274e+01,0.000000000000000000e+00,0.000000000000000000e+00
6.487373158686915531e+01,0.000000000000000000e+00,0.000000000000000000e+00
6.712813175959250600e+01,0.000000000000000000e+00,0.000000000000000000e+00
6.800467722425088368e+01,0.000000000000000000e+00,0.000000000000000000e+00
6.813344964489573385e+01,0.000000000000000000e+00,0.000000000000000000e+00
6.845419442606799976e+01,0.000000000000000000e+00,0.000000000000000000e+00
6.832875790067208754e+01,0.000000000000000000e+00,0.000000000000000000e+00
6.471180596765077553e+01,0.000000000000000000e+00,0.000000000000000000e+00
6.320419610607541472e+01,0.000000000000000000e+00,0.000000000000000000e+00
6.781239354355975024e+01,0.000000000000000000e+00,0.000000000000000000e+00
6.759579373682899472e+01,0.000000000000000000e+00,0.000000000000000000e+00
6.838337571784791180e+01,0.000000000000000000e+00,0.000000000000000000e+00
6.365505125092028749e+01,0.000000000000000000e+00,0.000000000000000000e+00
6.960091221723416766e+01,0.000000000000000000e+00,0.000000000000000000e+00
6.631657977371094148e+01,0.000000000000000000e+00,0.000000000000000000e+00
7.085876665071101854e+01,0.000000000000000000e+00,0.000000000000000000e+00
6.763684046117937498e+01,0.000000000000000000e+00,0.000000000000000000e+00
7.123045770045601444e+01,0.000000000000000000e+00,0.000000000000000000e+00
6.748136444443989035e+01,0.000000000000000000e+00,0.000000000000000000e+00
6.579054466345800734e+01,0.000000000000000000e+00,0.000000000000000000e+00
6.517884357626589065e+01,0.000000000000000000e+00,0.000000000000000000e+00
6.567347360907363907e+01,0.000000000000000000e+00,0.000000000000000000e+00
6.849730885829372085e+01,0.000000000000000000e+00,0.000000000000000000e+00
6.908774556301958114e+01,0.000000000000000000e+00,0.000000000000000000e+00
6.905314616801162231e+01,0.000000000000000000e+00,0.000000000000000000e+00
6.525566775009444598e+01,0.000000000000000000e+00,0.000000000000000000e+00
6.971576269779785662e+01,0.000000000000000000e+00,0.000000000000000000e+00
6.549954559494145201e+01,0.000000000000000000e+00,0.000000000000000000e+00
6.972982445332958434e+01,0.000000000000000000e+00,0.000000000000000000e+00
6.487698454386372759e+01,0.000000000000000000e+00,0.000000000000000000e+00
7.106361645858625309e+01,0.000000000000000000e+00,0.000000000000000000e+00
7.201353327554097916e+01,0.000000000000000000e+00,0.000000000000000000e+00
7.044690051663125985e+01,0.000000000000000000e+00,0.000000000000000000e+00
7.027042962060852460e+01,0.000000000000000000e+00,0.000000000000000000e+00
6.884365447207505895e+01,0.000000000000000000e+00,0.000000000000000000e+00
6.730339652100619219e+01,0.000000000000000000e+00,0.000000000000000000e+00
6.641829137411311024e+01,0.000000000000000000e+00,0.000000000000000000e+00
7.053185208847170884e+01,0.000000000000000000e+00,0.000000000000000000e+00
6.948457250188864975e+01,0.000000000000000000e+00,0.000000000000000000e+00
6.595143412411705697e+01,0.000000000000000000e+00,0.000000000000000000e+00
6.924848744141007728e+01,0.000000000000000000e+00,0.000000000000000000e+00
7.119649175169973887e+01,0.000000000000000000e+00,0.000000000000000000e+00
6.916274053318824144e+01,0.000000000000000000e+00,0.000000000000000000e+00
6.868659167787295416e+01,0.000000000000000000e+00,0.000000000000000000e+00
7.133886297738035864e+01,0.000000000000000000e+00,0.000000000000000000e+00
7.013492303986188858e+01,0.000000000000000000e+00,0.000000000000000000e+00
6.819317064303265852e+01,0.000000000000000000e+00,0.000000000000000000e+00
6.512485113286810190e+01,0.000000000000000000e+00,0.000000000000000000e+00
6.961639882898808196e+01,0.000000000000000000e+00,0.000000000000000000e+00
7.052909259099064343e+01,0.000000000000000000e+00,0.000000000000000000e+00
7.164491923776951410e+01,0.000000000000000000e+00,0.000000000000000000e+00
6.917101388850677779e+01,0.000000000000000000e+00,0.000000000000000000e+00
7.153188241169775097e+01,0.000000000000000000e+00,0.000000000000000000e+00
7.127662104527671261e+01,0.000000000000000000e+00,0.000000000000000000e+00
6.946371947205682318e+01,0.000000000000000000e+00,0.000000000000000000e+00
7.065894163258003857e+01,0.000000000000000000e+00,0.000000000000000000e+00
6.916083936757490847e+01,0.000000000000000000e+00,0.000000000000000000e+00
7.009443177592862639e+01,0.000000000000000000e+00,0.000000000000000000e+00
7.120201854100001526e+01,0.000000000000000000e+00,0.000000000000000000e+00
7.197065809427868999e+01,0.000000000000000000e+00,0.000000000000000000e+00
7.212142674089011507e+01,0.000000000000000000e+00,0.000000000000000000e+00
6.998862970946836981e+01,0.000000000000000000e+00,0.000000000000000000e+00
7.076449479232002204e+01,0.000000000000000000e+00,0.000000000000000000e+00
6.929978110494286625e+01,0.000000000000000000e+00,0.000000000000000000e+00
7.001660257479727534e+01,0.000000000000000000e+00,0.000000000000000000e+00
6.952246351560891924e+01,0.000000000000000000e+00,0.000000000000000000e+00
6.873776563217160174e+01,0.000000000000000000e+00,0.000000000000000000e+00
7.052590849352256441e+01,0.000000000000000000e+00,0.000000000000000000e+00
7.091902065577345127e+01,0.000000000000000000e+00,0.000000000000000000e+00
7.075564109828148673e+01,0.000000000000000000e+00,0.000000000000000000e+00
7.271227585178932884e+01,0.000000000000000000e+00,0.000000000000000000e+00
7.024889662378718924e+01,0.000000000000000000e+00,0.000000000000000000e+00
6.808960465021905861e+01,0.000000000000000000e+00,0.000000000000000000e+00
6.769542772185943136e+01,0.000000000000000000e+00,0.000000000000000000e+00
6.790448837716976982e+01,0.000000000000000000e+00,0.000000000000000000e+00
6.852187303481443337e+01,0.000000000000000000e+00,0.000000000000000000e+00
7.286008477243737502e+01,0.000000000000000000e+00,0.000000000000000000e+00
6.870665509530539339e+01,0.000000000000000000e+00,0.000000000000000000e+00
6.973127046317431166e+01,0.000000000000000000e+00,0.000000000000000000e+00
7.167555145888024981e+01,0.000000000000000000e+00,0.000000000000000000e+00
6.597300713546285067e+01,0.000000000000000000e+00,0.000000000000000000e+00
7.447226942929525251e+01,0.000000000000000000e+00,0.000000000000000000e+00
6.826912755360974927e+01,0.000000000000000000e+00,0.000000000000000000e+00
7.313094958762218312e+01,0.000000000000000000e+00,0.000000000000000000e+00
7.136424465903914438e+01,0.000000000000000000e+00,0.000000000000000000e+00
7.080369177745345155e+01,0.000000000000000000e+00,0.000000000000000000e+00
7.320477736976975791e+01,0.000000000000000000e+00,0.000000000000000000e+00
7.228106237022133485e+01,0.000000000000000000e+00,0.000000000000000000e+00
7.149319147459975454e+01,0.000000000000000000e+00,0.000000000000000000e+00
7.075654570316471847e+01,0.000000000000000000e+00,0.000000000000000000e+00
6.997877549223065330e+01,0.000000000000000000e+00,0.000000000000000000e+00
7.565732253193307599e+01,0.000000000000000000e+00,0.000000000000000000e+00
6.784131091875570974e+01,0.000000000000000000e+00,0.000000000000000000e+00
7.061420340113417637e+01,0.000000000000000000e+00,0.000000000000000000e+00
6.809236903777389216e+01,0.000000000000000000e+00,0.000000000000000000e+00
7.206785588401957909e+01,0.000000000000000000e+00,0.000000000000000000e+00
7.122763561932124787e+01,0.000000000000000000e+00,0.000000000000000000e+00
7.215372126899424643e+01,0.000000000000000000e+00,0.000000000000000000e+00
7.319526872075925894e+01,0.000000000000000000e+00,0.000000000000000000e+00
7.267353654587637379e+01,0.000000000000000000e+00,0.000000000000000000e+00
7.304676702195824589e+01,0.000000000000000000e+00,0.000000000000000000e+00
6.934080151671111025e+01,0.000000000000000000e+00,0.000000000000000000e+00
7.032756926023941446e+01,0.000000000000000000e+00,0.000000000000000000e+00
7.247389692861825949e+01,0.000000000000000000e+00,0.000000000000000000e+00
7.172678542542969637e+01,0.000000000000000000e+00,0.000000000000000000e+00
7.339822568410448866e+01,0.000000000000000000e+00,0.000000000000000000e+00
7.220762434065355251e+01,0.000000000000000000e+00,0.000000000000000000e+00
7.283788167120620471e+01,0.000000000000000000e+00,0.000000000000000000e+00
7.144622413527081051e+01,0.000000000000000000e+00,0.000000000000000000e+00
7.026558264168313883e+01,0.000000000000000000e+00,0.000000000000000000e+00
7.325608970895341088e+01,0.000000000000000000e+00,0.000000000000000000e+00
7.253164087481789579e+01,0.000000000000000000e+00,0.000000000000000000e+00
7.394928719228775549e+01,0.000000000000000000e+00,0.000000000000000000e+00
7.195509891425945170e+01,0.000000000000000000e+00,0.000000000000000000e+00
7.689686476555606021e+01,0.000000000000000000e+00,0.000000000000000000e+00
7.260535434843779967e+01,0.000000000000000000e+00,0.000000000000000000e+00
7.221827621220924698e+01,0.000000000000000000e+00,0.000000000000000000e+00
7.588169245564650112e+01,0.000000000000000000e+00,0.000000000000000000e+00
7.541638210851772328e+01,0.000000000000000000e+00,0.000000000000000000e+00
7.094241767727200454e+01,0.000000000000000000e+00,0.000000000000000000e+00
7.153523552127361995e+01,0.000000000000000000e+00,0.000000000000000000e+00
7.423032098696167225e+01,0.000000000000000000e+00,0.000000000000000000e+00
7.551805625358207408e+01,0.000000000000000000e+00,0.000000000000000000e+00
7.191765091312502989e+01,0.000000000000000000e+00,0.000000000000000000e+00
7.213635321334287198e+01,0.000000000000000000e+00,0.000000000000000000e+00
7.271475047987307505e+01,0.000000000000000000e+00,0.000000000000000000e+00
7.578939812809794319e+01,0.000000000000000000e+00,0.000000000000000000e+00
7.404481869888415702e+01,0.000000000000000000e+00,0.000000000000000000e+00
7.483483721246622622e+01,0.000000000000000000e+00,0.000000000000000000e+00
7.945760317423156494e+01,0.000000000000000000e+00,0.000000000000000000e+00
7.418886124402881421e+01,0.000000000000000000e+00,0.000000000000000000e+00
7.351925127131580950e+01,0.000000000000000000e+00,0.000000000000000000e+00
7.431977520080776856e+01,0.000000000000000000e+00,0.000000000000000000e+00
7.568289902560063354e+01,0.000000000000000000e+00,0.000000000000000000e+00
7.291235222371273039e+01,0.000000000000000000e+00,0.000000000000000000e+00
7.438579092029742412e+01,0.000000000000000000e+00,0.000000000000000000e+00
7.468526810309731445e+01,0.000000000000000000e+00,0.000000000000000000e+00
7.417281322236993901e+01,0.000000000000000000e+00,0.000000000000000000e+00
7.180253031848140211e+01,0.000000000000000000e+00,0.000000000000000000e+00
7.184556859361480008e+01,0.000000000000000000e+00,0.000000000000000000e+00
7.612480436249447280e+01,0.000000000000000000e+00,0.000000000000000000e+00
7.497124873511124576e+01,0.000000000000000000e+00,0.000000000000000000e+00
7.081057945717780910e+01,0.000000000000000000e+00,0.000000000000000000e+00
7.280917788415142411e+01,0.000000000000000000e+00,0.000000000000000000e+00
7.542627706260435616e+01,0.000000000000000000e+00,0.000000000000000000e+00
7.407693035171129736e+01,0.000000000000000000e+00,0.000000000000000000e+00
7.460824178974394272e+01,0.000000000000000000e+00,0.000000000000000000e+00
7.713292875091714507e+01,0.000000000000000000e+00,0.000000000000000000e+00
7.266871492958001966e+01,0.000000000000000000e+00,0.000000000000000000e+00
7.214088716577030880e+01,0.000000000000000000e+00,0.000000000000000000e+00
7.260048681407712934e+01,0.000000000000000000e+00,0.000000000000000000e+00
7.344802333581013443e+01,0.000000000000000000e+00,0.000000000000000000e+00
7.579753905326171548e+01,0.000000000000000000e+00,0.000000000000000000e+00
7.430343519506618577e+01,0.000000000000000000e+00,0.000000000000000000e+00
7.520851217424967672e+01,0.000000000000000000e+00,0.000000000000000000e+00
7.449777743749099557e+01,0.000000000000000000e+00,0.000000000000000000e+00
7.287889505639694221e+01,0.000000000000000000e+00,0.000000000000000000e+00
7.481922480054230107e+01,0.000000000000000000e+00,0.000000000000000000e+00
7.666047828255983632e+01,0.000000000000000000e+00,0.000000000000000000e+00
7.564399122316052626e+01,0.000000000000000000e+00,0.000000000000000000e+00
7.431262522983656993e+01,0.000000000000000000e+00,0.000000000000000000e+00
7.287662797692183858e+01,0.000000000000000000e+00,0.000000000000000000e+00
7.427683160480481206e+01,0.000000000000000000e+00,0.000000000000000000e+00
7.700789137243978644e+01,0.000000000000000000e+00,0.000000000000000000e+00
7.661373595118787705e+01,0.000000000000000000e+00,0.000000000000000000e+00
7.773877244371297479e+01,0.000000000000000000e+00,0.000000000000000000e+00
7.392200767699152664e+01,0.000000000000000000e+00,0.000000000000000000e+00
7.363080550187974893e+01,0.000000000000000000e+00,0.000000000000000000e+00
7.500029977640662082e+01,0.000000000000000000e+00,0.000000000000000000e+00
7.047993806750282886e+01,0.000000000000000000e+00,0.000000000000000000e+00
7.582338111465131192e+01,0.000000000000000000e+00,0.000000000000000000e+00
7.525164974335075385e+01,0.000000000000000000e+00,0.000000000000000000e+00
7.446072201025278048e+01,0.000000000000000000e+00,0.000000000000000000e+00
7.849458978902227102e+01,0.000000000000000000e+00,0.000000000000000000e+00
7.550458045732362677e+01,0.000000000000000000e+00,0.000000000000000000e+00
7.173091178394304279e+01,0.000000000000000000e+00,0.000000000000000000e+00
7.660294771658315938e+01,0.000000000000000000e+00,0.000000000000000000e+00
7.630062214480658156e+01,0.000000000000000000e+00,0.000000000000000000e+00
7.855810069585187705e+01,0.000000000000000000e+00,0.000000000000000000e+00
7.414757142642166343e+01,0.000000000000000000e+00,0.000000000000000000e+00
7.840356197881469313e+01,0.000000000000000000e+00,0.000000000000000000e+00
7.517680776476581173e+01,0.000000000000000000e+00,0.000000000000000000e+00
7.619803253493803652e+01,0.000000000000000000e+00,0.000000000000000000e+00
7.657166765438861944e+01,0.000000000000000000e+00,0.000000000000000000e+00
7.672294677154181386e+01,0.000000000000000000e+00,0.000000000000000000e+00
7.673273911488054466e+01,0.000000000000000000e+00,0.000000000000000000e+00
7.692937500930791828e+01,0.000000000000000000e+00,0.000000000000000000e+00
7.779007104532621497e+01,0.000000000000000000e+00,0.000000000000000000e+00
7.821664401949217904e+01,0.000000000000000000e+00,0.000000000000000000e+00
7.751334229035715850e+01,0.000000000000000000e+00,0.000000000000000000e+00
7.519657362123513167e+01,0.000000000000000000e+00,0.000000000000000000e+00
7.654499863580063845e+01,0.000000000000000000e+00,0.000000000000000000e+00
7.656551529412362811e+01,0.000000000000000000e+00,0.000000000000000000e+00
7.293800147953913893e+01,0.000000000000000000e+00,0.000000000000000000e+00
7.877661048633677865e+01,0.000000000000000000e+00,0.000000000000000000e+00
7.219179989688845467e+01,0.000000000000000000e+00,0.000000000000000000e+00
7.669183270344498737e+01,0.000000000000000000e+00,0.000000000000000000e+00
7.642607924505398387e+01,0.000000000000000000e+00,0.000000000000000000e+00
7.544830394215442482e+01,0.000000000000000000e+00,0.000000000000000000e+00
7.831405814999938286e+01,0.000000000000000000e+00,0.000000000000000000e+00
7.507501360009781877e+01,0.000000000000000000e+00,0.000000000000000000e+00
8.070544150552650819e+01,0.000000000000000000e+00,0.000000000000000000e+00
8.090410500476902200e+01,0.000000000000000000e+00,0.000000000000000000e+00
7.768903507417995513e+01,0.000000000000000000e+00,0.000000000000000000e+00
7.516132799497715666e+01,0.000000000000000000e+00,0.000000000000000000e+00
7.623039010155711992e+01,0.000000000000000000e+00,0.000000000000000000e+00
7.662563902347707767e+01,0.000000000000000000e+00,0.000000000000000000e+00
7.938497350229279448e+01,0.000000000000000000e+00,0.000000000000000000e+00
7.590042935005867264e+01,0.000000000000000000e+00,0.000000000000000000e+00
7.640985062772000447e+01,0.000000000000000000e+00,0.000000000000000000e+00
7.894939551320511839e+01,0.000000000000000000e+00,0.000000000000000000e+00
7.737067068125631408e+01,0.000000000000000000e+00,0.000000000000000000e+00
7.454086156222301440e+01,0.000000000000000000e+00,0.000000000000000000e+00
7.585932321479317864e+01,0.000000000000000000e+00,0.000000000000000000e+00
7.911075067690556750e+01,0.000000000000000000e+00,0.000000000000000000e+00
7.791056871035853248e+01,0.000000000000000000e+00,0.000000000000000000e+00
7.709185121333614177e+01,0.000000000000000000e+00,0.000000000000000000e+00
7.940229350693381605e+01,0.000000000000000000e+00,0.000000000000000000e+00
7.641633287887923132e+01,0.000000000000000000e+00,0.000000000000000000e+00
7.697107109294222482e+01,0.000000000000000000e+00,0.000000000000000000e+00
7.421565195727214359e+01,0.000000000000000000e+00,0.000000000000000000e+00
7.793048836165948501e+01,0.000000000000000000e+00,0.000000000000000000e+00
7.545755758490419396e+01,0.000000000000000000e+00,0.000000000000000000e+00
7.630355037761644610e+01,0.000000000000000000e+00,0.000000000000000000e+00
8.017369697709293064e+01,0.000000000000000000e+00,0.000000000000000000e+00
7.548304656417316494e+01,0.000000000000000000e+00,0.000000000000000000e+00
7.889311129711650494e+01,0.000000000000000000e+00,0.000000000000000000e+00
7.671437795106976409e+01,0.000000000000000000e+00,0.000000000000000000e+00
7.702011376356375649e+01,0.000000000000000000e+00,0.000000000000000000e+00
7.723878210125249666e+01,0.000000000000000000e+00,0.000000000000000000e+00
7.946851044136506914e+01,0.000000000000000000e+00,0.000000000000000000e+00
7.378064235909869240e+01,0.000000000000000000e+00,0.000000000000000000e+00
7.790108613544856553e+01,0.000000000000000000e+00,0.000000000000000000e+00
7.576215335633371240e+01,0.000000000000000000e+00,0.000000000000000000e+00
7.864895484856157282e+01,0.000000000000000000e+00,0.000000000000000000e+00
7.895650934467285254e+01,0.000000000000000000e+00,0.000000000000000000e+00
7.545124331668544926e+01,0.000000000000000000e+00,0.000000000000000000e+00
7.881050882492145604e+01,0.000000000000000000e+00,0.000000000000000000e+00
7.794224496565537663e+01,0.000000000000000000e+00,0.000000000000000000e+00
7.763174714766959994e+01,0.000000000000000000e+00,0.000000000000000000e+00
7.955943214821525089e+01,0.000000000000000000e+00,0.000000000000000000e+00
7.700347365666166866e+01,0.000000000000000000e+00,0.000000000000000000e+00
7.687723383919700382e+01,0.000000000000000000e+00,0.000000000000000000e+00
7.865333629268094739e+01,0.000000000000000000e+00,0.000000000000000000e+00
7.694753117625566574e+01,0.000000000000000000e+00,0.000000000000000000e+00
7.780151580144801926e+01,0.000000000000000000e+00,0.000000000000000000e+00
7.824021408207808292e+01,0.000000000000000000e+00,0.000000000000000000e+00
7.772358845962642704e+01,0.000000000000000000e+00,0.000000000000000000e+00
7.669533941524419163e+01,0.000000000000000000e+00,0.000000000000000000e+00
7.859416617550657236e+01,0.000000000000000000e+00,0.000000000000000000e+00
7.661946717321843892e+01,0.000000000000000000e+00,0.000000000000000000e+00
7.589086455657296426e+01,0.000000000000000000e+00,0.000000000000000000e+00
7.966785521324227659e+01,0.000000000000000000e+00,0.000000000000000000e+00
7.838586806235532833e+01,0.000000000000000000e+00,0.000000000000000000e+00
7.717382080526667210e+01,0.000000000000000000e+00,0.000000000000000000e+00
8.159839661718240222e+01,0.000000000000000000e+00,0.000000000000000000e+00
7.960501898893652140e+01,0.000000000000000000e+00,0.000000000000000000e+00
8.071523482732195021e+01,0.000000000000000000e+00,0.000000000000000000e+00
7.699370529132137619e+01,0.000000000000000000e+00,0.000000000000000000e+00
7.775882494010781443e+01,0.000000000000000000e+00,0.000000000000000000e+00
7.620331917738060667e+01,0.000000000000000000e+00,0.000000000000000000e+00
7.811479455094519153e+01,0.000000000000000000e+00,0.000000000000000000e+00
7.841226925788251378e+01,0.000000000000000000e+00,0.000000000000000000e+00
8.112981214190412516e+01,0.000000000000000000e+00,0.000000000000000000e+00
8.224993379274826566e+01,0.000000000000000000e+00,0.000000000000000000e+00
7.571761987781485459e+01,0.000000000000000000e+00,0.000000000000000000e+00
7.859429625615014459e+01,0.000000000000000000e+00,0.000000000000000000e+00
7.914214999418469176e+01,0.000000000000000000e+00,0.000000000000000000e+00
7.919955451432765869e+01,0.000000000000000000e+00,0.000000000000000000e+00
7.587556040114671418e+01,0.000000000000000000e+00,0.000000000000000000e+00
7.756294734843747563e+01,0.000000000000000000e+00,0.000000000000000000e+00
7.874123168178077492e+01,0.000000000000000000e+00,0.000000000000000000e+00
8.209617449728628458e+01,0.000000000000000000e+00,0.000000000000000000e+00
7.872066878251409605e+01,0.000000000000000000e+00,0.000000000000000000e+00
8.108151918028741534e+01,0.000000000000000000e+00,0.000000000000000000e+00
7.925039469589295038e+01,0.000000000000000000e+00,0.000000000000000000e+00
8.278127903971595458e+01,0.000000000000000000e+00,0.000000000000000000e+00
7.970959443460658633e+01,0.000000000000000000e+00,0.000000000000000000e+00
8.097418834700246748e+01,0.000000000000000000e+00,0.000000000000000000e+00
7.838998930819204247e+01,0.000000000000000000e+00,0.000000000000000000e+00
7.897053471854133022e+01,0.000000000000000000e+00,0.000000000000000000e+00
7.563765049693418518e+01,0.000000000000000000e+00,0.000000000000000000e+00
7.632414595728758400e+01,0.000000000000000000e+00,0.000000000000000000e+00
7.722037028495250865e+01,0.000000000000000000e+00,0.000000000000000000e+00
7.985143594124657795e+01,0.000000000000000000e+00,0.000000000000000000e+00
7.848293699824029090e+01,0.000000000000000000e+00,0.000000000000000000e+00
7.874604664999138492e+01,0.000000000000000000e+00,0.000000000000000000e+00
8.284122265705994437e+01,0.000000000000000000e+00,0.000000000000000000e+00
8.068428659059844676e+01,0.000000000000000000e+00,0.000000000000000000e+00
7.981173819474317099e+01,0.000000000000000000e+00,0.000000000000000000e+00
7.922112733580799215e+01,0.000000000000000000e+00,0.000000000000000000e+00
8.232631857561499089e+01,0.000000000000000000e+00,0.000000000000000000e+00
7.588390917954227177e+01,0.000000000000000000e+00,0.000000000000000000e+00
7.588125060141953782e+01,0.000000000000000000e+00,0.000000000000000000e+00
7.764684754954083701e+01,0.000000000000000000e+00,0.000000000000000000e+00
7.937898319527589308e+01,0.000000000000000000e+00,0.000000000000000000e+00
8.168492631035515217e+01,0.000000000000000000e+00,0.000000000000000000e+00
8.155913434366746628e+01,0.000000000000000000e+00,0.000000000000000000e+00
8.449682270295657815e+01,0.000000000000000000e+00,0.000000000000000000e+00
8.201418843467385500e+01,0.000000000000000000e+00,0.000000000000000000e+00
8.197288578406008241e+01,0.000000000000000000e+00,0.000000000000000000e+00
8.002870145493611176e+01,0.000000000000000000e+00,0.000000000000000000e+00
8.030194760929703079e+01,0.000000000000000000e+00,0.000000000000000000e+00
7.673415958679359505e+01,0.000000000000000000e+00,0.000000000000000000e+00
7.892601265088680407e+01,0.000000000000000000e+00,0.000000000000000000e+00
8.160666144882529238e+01,0.000000000000000000e+00,0.000000000000000000e+00
7.441264250610575459e+01,0.000000000000000000e+00,0.000000000000000000e+00
8.039539106975435345e+01,0.000000000000000000e+00,0.000000000000000000e+00
8.174242705631351669e+01,0.000000000000000000e+00,0.000000000000000000e+00
7.829326123891368638e+01,0.000000000000000000e+00,0.000000000000000000e+00
8.446589917495933264e+01,0.000000000000000000e+00,0.000000000000000000e+00
7.961114142064516841e+01,0.000000000000000000e+00,0.000000000000000000e+00
7.955556509753989758e+01,0.000000000000000000e+00,0.000000000000000000e+00
7.965152771193164938e+01,0.000000000000000000e+00,0.000000000000000000e+00
8.108092937230047426e+01,0.000000000000000000e+00,0.000000000000000000e+00
7.905641040266174002e+01,0.000000000000000000e+00,0.000000000000000000e+00
8.087326436845638966e+01,0.000000000000000000e+00,0.000000000000000000e+00
7.920180253653647640e+01,0.000000000000000000e+00,0.000000000000000000e+00
8.019288484545870688e+01,0.000000000000000000e+00,0.000000000000000000e+00
7.916213871977812744e+01,0.000000000000000000e+00,0.000000000000000000e+00
8.024480679865719424e+01,0.000000000000000000e+00,0.000000000000000000e+00
7.930381722928231625e+01,0.000000000000000000e+00,0.000000000000000000e+00
7.647971863365711442e+01,0.000000000000000000e+00,0.000000000000000000e+00
7.761738361177695822e+01,0.000000000000000000e+00,0.000000000000000000e+00
8.050243768677177059e+01,0.000000000000000000e+00,0.000000000000000000e+00
7.821347412764434637e+01,0.000000000000000000e+00,0.000000000000000000e+00
7.770306795582789050e+01,0.000000000000000000e+00,0.000000000000000000e+00
7.923703375998306342e+01,0.000000000000000000e+00,0.000000000000000000e+00
8.290767426417380648e+01,0.000000000000000000e+00,0.000000000000000000e+00
8.131712022575543131e+01,0.000000000000000000e+00,0.000000000000000000e+00
7.885007025250848756e+01,0.000000000000000000e+00,0.000000000000000000e+00
8.125954352117224744e+01,0.000000000000000000e+00,0.000000000000000000e+00
7.587214623892751320e+01,0.000000000000000000e+00,0.000000000000000000e+00
8.176975434198749326e+01,0.000000000000000000e+00,0.000000000000000000e+00
7.943607533813434429e+01,0.000000000000000000e+00,0.000000000000000000e+00
7.971454536364292665e+01,0.000000000000000000e+00,0.000000000000000000e+00
7.623997572253725252e+01,0.000000000000000000e+00,0.000000000000000000e+00
8.132683409390409679e+01,0.000000000000000000e+00,0.000000000000000000e+00
8.088744737175056798e+01,0.000000000000000000e+00,0.000000000000000000e+00
7.924587155785934556e+01,0.000000000000000000e+00,0.000000000000000000e+00
8.111101866871072730e+01,0.000000000000000000e+00,0.000000000000000000e+00
7.928269418956899983e+01,0.000000000000000000e+00,0.000000000000000000e+00
7.805699470899969583e+01,0.000000000000000000e+00,0.000000000000000000e+00
7.584115240123750823e+01,0.000000000000000000e+00,0.000000000000000000e+00
8.001837635554836936e+01,0.000000000000000000e+00,0.000000000000000000e+00
7.974438180769735141e+01,0.000000000000000000e+00,0.000000000000000000e+00
8.031488628750538794e+01,0.000000000000000000e+00,0.000000000000000000e+00
8.070113428471833572e+01,0.000000000000000000e+00,0.000000000000000000e+00
7.934756300196340817e+01,0.000000000000000000e+00,0.000000000000000000e+00
7.548089066386188506e+01,0.000000000000000000e+00,0.000000000000000000e+00
7.831658521186876953e+01,0.000000000000000000e+00,0.000000000000000000e+00
8.311020816590460925e+01,0.000000000000000000e+00,0.000000000000000000e+00
8.034935585833939342e+01,0.000000000000000000e+00,0.000000000000000000e+00
8.124998835287779286e+01,0.000000000000000000e+00,0.000000000000000000e+00
7.922829583246225127e+01,0.000000000000000000e+00,0.000000000000000000e+00
7.826967684375608769e+01,0.000000000000000000e+00,0.000000000000000000e+00
7.720196391947236236e+01,0.000000000000000000e+00,0.000000000000000000e+00
7.947295013164016098e+01,0.000000000000000000e+00,0.000000000000000000e+00
8.434265291247638174e+01,0.000000000000000000e+00,0.000000000000000000e+00
7.942734254023180540e+01,0.000000000000000000e+00,0.000000000000000000e+00
8.162547529576798411e+01,0.000000000000000000e+00,0.000000000000000000e+00
7.953050776184845461e+01,0.000000000000000000e+00,0.000000000000000000e+00
7.968347027470092314e+01,0.000000000000000000e+00,0.000000000000000000e+00
8.006289216180566370e+01,0.000000000000000000e+00,0.000000000000000000e+00
8.025535929076463049e+01,0.000000000000000000e+00,0.000000000000000000e+00
8.434145041273495735e+01,0.000000000000000000e+00,0.000000000000000000e+00
7.952189700566913189e+01,0.000000000000000000e+00,0.000000000000000000e+00
8.015962282391262761e+01,0.000000000000000000e+00,0.000000000000000000e+00
8.072398926802273422e+01,0.000000000000000000e+00,0.000000000000000000e+00
8.002704152317527075e+01,0.000000000000000000e+00,0.000000000000000000e+00
7.683147253829210399e+01,0.000000000000000000e+00,0.000000000000000000e+00
8.046774750674383370e+01,0.000000000000000000e+00,0.000000000000000000e+00
8.237028954255944768e+01,0.000000000000000000e+00,0.000000000000000000e+00
8.040866118305092414e+01,0.000000000000000000e+00,0.000000000000000000e+00
8.119663140032059800e+01,0.000000000000000000e+00,0.000000000000000000e+00
7.936813254665179329e+01,0.000000000000000000e+00,0.000000000000000000e+00
7.726282586184302659e+01,0.000000000000000000e+00,0.000000000000000000e+00
8.016855313588807519e+01,0.000000000000000000e+00,0.000000000000000000e+00
7.830492033004991015e+01,0.000000000000000000e+00,0.000000000000000000e+00
7.945541358549770905e+01,0.000000000000000000e+00,0.000000000000000000e+00
7.788031398071584022e+01,0.000000000000000000e+00,0.000000000000000000e+00
7.896860459433473522e+01,0.000000000000000000e+00,0.000000000000000000e+00
8.144112614842903497e+01,0.000000000000000000e+00,0.000000000000000000e+00
8.159714881051348812e+01,0.000000000000000000e+00,0.000000000000000000e+00
7.985357666625938577e+01,0.000000000000000000e+00,0.000000000000000000e+00
8.079980981556748532e+01,0.000000000000000000e+00,0.000000000000000000e+00
7.657672024440148562e+01,0.000000000000000000e+00,0.000000000000000000e+00
7.955983493483032021e+01,0.000000000000000000e+00,0.000000000000000000e+00
7.823857448636046286e+01,0.000000000000000000e+00,0.000000000000000000e+00
8.069392626439977789e+01,0.000000000000000000e+00,0.000000000000000000e+00
7.943198097312803441e+01,0.000000000000000000e+00,0.000000000000000000e+00
8.159099218705230783e+01,0.000000000000000000e+00,0.000000000000000000e+00
8.153087780121548178e+01,0.000000000000000000e+00,0.000000000000000000e+00
8.103441996170195694e+01,0.000000000000000000e+00,0.000000000000000000e+00
7.931385722753306311e+01,0.000000000000000000e+00,0.000000000000000000e+00
7.809265435128754973e+01,0.000000000000000000e+00,0.000000000000000000e+00
8.103620830992923629e+01,0.000000000000000000e+00,0.000000000000000000e+00
8.176485998024897128e+01,0.000000000000000000e+00,0.000000000000000000e+00
8.153854139511334154e+01,0.000000000000000000e+00,0.000000000000000000e+00
8.005652265460818739e+01,0.000000000000000000e+00,0.000000000000000000e+00
8.014787557215746006e+01,0.000000000000000000e+00,0.000000000000000000e+00
8.051898303884490815e+01,0.000000000000000000e+00,0.000000000000000000e+00
7.907405591197183981e+01,0.000000000000000000e+00,0.000000000000000000e+00
8.174170038005182448e+01,0.000000000000000000e+00,0.000000000000000000e+00
7.992091912197514603e+01,0.000000000000000000e+00,0.000000000000000000e+00
7.572563111160496874e+01,0.000000000000000000e+00,0.000000000000000000e+00
8.245134574689441820e+01,0.000000000000000000e+00,0.000000000000000000e+00
7.962315264599980935e+01,0.000000000000000000e+00,0.000000000000000000e+00
8.190230685311138359e+01,0.000000000000000000e+00,0.000000000000000000e+00
8.109822675434030259e+01,0.000000000000000000e+00,0.000000000000000000e+00
7.995527004473098032e+01,0.000000000000000000e+00,0.000000000000000000e+00
7.888557740720837330e+01,0.000000000000000000e+00,0.000000000000000000e+00
8.118748041843221586e+01,0.000000000000000000e+00,0.000000000000000000e+00
7.735752016775133200e+01,0.000000000000000000e+00,0.000000000000000000e+00
8.307996239727796706e+01,0.000000000000000000e+00,0.000000000000000000e+00
7.924218312560120125e+01,0.000000000000000000e+00,0.000000000000000000e+00
7.742585256475314281e+01,0.000000000000000000e+00,0.000000000000000000e+00
8.120290497764737836e+01,0.000000000000000000e+00,0.000000000000000000e+00
7.640339022828773352e+01,0.000000000000000000e+00,0.000000000000000000e+00
7.568704803947282755e+01,0.000000000000000000e+00,0.000000000000000000e+00
7.764644054324706701e+01,0.000000000000000000e+00,0.000000000000000000e+00
7.976093185716511869e+01,0.000000000000000000e+00,0.000000000000000000e+00
8.231377330464022180e+01,0.000000000000000000e+00,0.000000000000000000e+00
7.931757058091983481e+01,0.000000000000000000e+00,0.000000000000000000e+00
7.831187128669817810e+01,0.000000000000000000e+00,0.000000000000000000e+00
7.850870099527149648e+01,0.000000000000000000e+00,0.000000000000000000e+00
7.938949779897616565e+01,0.000000000000000000e+00,0.000000000000000000e+00
8.080042420464113206e+01,0.000000000000000000e+00,0.000000000000000000e+00
7.856623289935514265e+01,0.000000000000000000e+00,0.000000000000000000e+00
8.136165971310316536e+01,0.000000000000000000e+00,0.000000000000000000e+00
7.892912066958733419e+01,0.000000000000000000e+00,0.000000000000000000e+00
7.958144322411560267e+01,0.000000000000000000e+00,0.000000000000000000e+00
7.708209736111926702e+01,0.000000000000000000e+00,0.000000000000000000e+00
7.908150483859867563e+01,0.000000000000000000e+00,0.000000000000000000e+00
7.924390685633223086e+01,0.000000000000000000e+00,0.000000000000000000e+00
8.040840947425866148e+01,0.000000000000000000e+00,0.000000000000000000e+00
7.784690420894419560e+01,0.000000000000000000e+00,0.000000000000000000e+00
7.865087534676301573e+01,0.000000000000000000e+00,0.000000000000000000e+00
7.674587887256420515e+01,0.000000000000000000e+00,0.000000000000000000e+00
8.448936126520422363e+01,0.000000000000000000e+00,0.000000000000000000e+00
7.970599080579829376e+01,0.000000000000000000e+00,0.000000000000000000e+00
7.984793903317702757e+01,0.000000000000000000e+00,0.000000000000000000e+00
7.859503606570596901e+01,0.000000000000000000e+00,0.000000000000000000e+00
8.368455962248189905e+01,0.000000000000000000e+00,0.000000000000000000e+00
7.738234267805322020e+01,0.000000000000000000e+00,0.000000000000000000e+00
8.154955927396149207e+01,0.000000000000000000e+00,0.000000000000000000e+00
8.349633660958721748e+01,0.000000000000000000e+00,0.000000000000000000e+00
7.870877781774053972e+01,0.000000000000000000e+00,0.000000000000000000e+00
7.858426410682081098e+01,0.000000000000000000e+00,0.000000000000000000e+00
8.070570489977508544e+01,0.000000000000000000e+00,0.000000000000000000e+00
7.965673334327973976e+01,0.000000000000000000e+00,0.000000000000000000e+00
7.815916795638240444e+01,0.000000000000000000e+00,0.000000000000000000e+00
7.550539345463306518e+01,0.000000000000000000e+00,0.000000000000000000e+00
7.830047104295900340e+01,0.000000000000000000e+00,0.000000000000000000e+00
7.865847841547213193e+01,0.000000000000000000e+00,0.000000000000000000e+00
8.043284411246000332e+01,0.000000000000000000e+00,0.000000000000000000e+00
8.163678226605267696e+01,0.000000000000000000e+00,0.000000000000000000e+00
8.341426859296750251e+01,0.000000000000000000e+00,0.000000000000000000e+00
7.948595550945753985e+01,0.000000000000000000e+00,0.000000000000000000e+00
7.951718660795425819e+01,0.000000000000000000e+00,0.000000000000000000e+00
7.606732787590337352e+01,0.000000000000000000e+00,0.000000000000000000e+00
7.618851401624192476e+01,0.000000000000000000e+00,0.000000000000000000e+00
8.075183639060354324e+01,0.000000000000000000e+00,0.000000000000000000e+00
8.199517188931049816e+01,0.000000000000000000e+00,0.000000000000000000e+00
7.902095389596614439e+01,0.000000000000000000e+00,0.000000000000000000e+00
7.785309345836716943e+01,0.000000000000000000e+00,0.000000000000000000e+00
7.759133913831077223e+01,0.000000000000000000e+00,0.000000000000000000e+00
8.218795409693150589e+01,0.000000000000000000e+00,0.000000000000000000e+00
8.053497999389136908e+01,0.000000000000000000e+00,0.000000000000000000e+00
7.971958398789347200e+01,0.000000000000000000e+00,0.000000000000000000e+00
7.851007114875447712e+01,0.000000000000000000e+00,0.000000000000000000e+00
7.884734005454652106e+01,0.000000000000000000e+00,0.000000000000000000e+00
7.726778760322562789e+01,0.000000000000000000e+00,0.000000000000000000e+00
7.867294126938044485e+01,0.000000000000000000e+00,0.000000000000000000e+00
8.002960609206483866e+01,0.000000000000000000e+00,0.000000000000000000e+00
8.080924708304634407e+01,0.000000000000000000e+00,0.000000000000000000e+00
7.890931343341031834e+01,0.000000000000000000e+00,0.000000000000000000e+00
7.791883220143921562e+01,0.000000000000000000e+00,0.000000000000000000e+00
8.054628448794910867e+01,0.000000000000000000e+00,0.000000000000000000e+00
7.486300023026619499e+01,0.000000000000000000e+00,0.000000000000000000e+00
8.089744204495605118e+01,0.000000000000000000e+00,0.000000000000000000e+00
8.051057729741293656e+01,0.000000000000000000e+00,0.000000000000000000e+00
7.548480860682953164e+01,0.000000000000000000e+00,0.000000000000000000e+00
8.129638441101148771e+01,0.000000000000000000e+00,0.000000000000000000e+00
7.495527775401500037e+01,0.000000000000000000e+00,0.000000000000000000e+00
8.048583678053165613e+01,0.000000000000000000e+00,0.000000000000000000e+00
7.575543801729578774e+01,0.000000000000000000e+00,0.000000000000000000e+00
7.964563619333382860e+01,0.000000000000000000e+00,0.000000000000000000e+00
8.094537428411348401e+01,0.000000000000000000e+00,0.000000000000000000e+00
7.811953395395632072e+01,0.000000000000000000e+00,0.000000000000000000e+00
7.817342786334340587e+01,0.000000000000000000e+00,0.000000000000000000e+00
7.545500140022305402e+01,0.000000000000000000e+00,0.000000000000000000e+00
8.089704536552460468e+01,0.000000000000000000e+00,0.000000000000000000e+00
7.854359327030006455e+01,0.000000000000000000e+00,0.000000000000000000e+00
8.019999019837973719e+01,0.000000000000000000e+00,0.000000000000000000e+00
8.010203295428136983e+01,0.000000000000000000e+00,0.000000000000000000e+00
7.836679332902691897e+01,0.000000000000000000e+00,0.000000000000000000e+00
7.855257709470274108e+01,0.000000000000000000e+00,0.000000000000000000e+00
7.862973468272818423e+01,0.000000000000000000e+00,0.000000000000000000e+00
7.655242935999835652e+01,0.000000000000000000e+00,0.000000000000000000e+00
7.825437339611158905e+01,0.000000000000000000e+00,0.000000000000000000e+00
7.907556151108141762e+01,0.000000000000000000e+00,0.000000000000000000e+00
8.011359538041284623e+01,0.000000000000000000e+00,0.000000000000000000e+00
7.579596202939285376e+01,0.000000000000000000e+00,0.000000000000000000e+00
7.734744328007531067e+01,0.000000000000000000e+00,0.000000000000000000e+00
7.591608227294616995e+01,0.000000000000000000e+00,0.000000000000000000e+00
7.632557451798304271e+01,0.000000000000000000e+00,0.000000000000000000e+00
8.213451253834807630e+01,0.000000000000000000e+00,0.000000000000000000e+00
7.300660972570580043e+01,0.000000000000000000e+00,0.000000000000000000e+00
7.479681839258527987e+01,0.000000000000000000e+00,0.000000000000000000e+00
7.946435455874458853e+01,0.000000000000000000e+00,0.000000000000000000e+00
7.752287709471008270e+01,0.000000000000000000e+00,0.000000000000000000e+00
7.573934882736071472e+01,0.000000000000000000e+00,0.000000000000000000e+00
8.143807102781372009e+01,0.000000000000000000e+00,0.000000000000000000e+00
7.663909964643539752e+01,0.000000000000000000e+00,0.000000000000000000e+00
7.573892516741889835e+01,0.000000000000000000e+00,0.000000000000000000e+00
7.862398508761533833e+01,0.000000000000000000e+00,0.000000000000000000e+00
7.536183534803272721e+01,0.000000000000000000e+00,0.000000000000000000e+00
7.881370370133768688e+01,0.000000000000000000e+00,0.000000000000000000e+00
7.450703451914877462e+01,0.000000000000000000e+00,0.000000000000000000e+00
7.673107928066563943e+01,0.000000000000000000e+00,0.000000000000000000e+00
7.705532127938448639e+01,0.000000000000000000e+00,0.000000000000000000e+00
7.637884039111378343e+01,0.000000000000000000e+00,0.000000000000000000e+00
7.652291147590091214e+01,0.000000000000000000e+00,0.000000000000000000e+00
7.462385635870634815e+01,0.000000000000000000e+00,0.000000000000000000e+00
7.534436875356720975e+01,0.000000000000000000e+00,0.000000000000000000e+00
7.675153339550467990e+01,0.000000000000000000e+00,0.000000000000000000e+00
7.843632222686053979e+01,0.000000000000000000e+00,0.000000000000000000e+00
7.856876248654300809e+01,0.000000000000000000e+00,0.000000000000000000e+00
7.975227593304160223e+01,0.000000000000000000e+00,0.000000000000000000e+00
8.029701116904711000e+01,0.000000000000000000e+00,0.000000000000000000e+00
7.772372398063976107e+01,0.000000000000000000e+00,0.000000000000000000e+00
7.782060783545392724e+01,0.000000000000000000e+00,0.000000000000000000e+00
7.754413604224210133e+01,0.000000000000000000e+00,0.000000000000000000e+00
7.761279095234812075e+01,0.000000000000000000e+00,0.000000000000000000e+00
7.421131200825480789e+01,0.000000000000000000e+00,0.000000000000000000e+00
7.288271862495741971e+01,0.000000000000000000e+00,0.000000000000000000e+00
7.868010236650204092e+01,0.000000000000000000e+00,0.000000000000000000e+00
7.748632710670692347e+01,0.000000000000000000e+00,0.000000000000000000e+00
7.357475473376410946e+01,0.000000000000000000e+00,0.000000000000000000e+00
7.722518511395286112e+01,0.000000000000000000e+00,0.000000000000000000e+00
7.570871100392645303e+01,0.000000000000000000e+00,0.000000000000000000e+00
7.390640896883847688e+01,0.000000000000000000e+00,0.000000000000000000e+00
7.800003908929274132e+01,0.000000000000000000e+00,0.000000000000000000e+00
7.639919154137407986e+01,0.000000000000000000e+00,0.000000000000000000e+00
7.912182152835953275e+01,0.000000000000000000e+00,0.000000000000000000e+00
7.841685431636228998e+01,0.000000000000000000e+00,0.000000000000000000e+00
7.997537060912914342e+01,0.000000000000000000e+00,0.000000000000000000e+00
7.727086690902558530e+01,0.000000000000000000e+00,0.000000000000000000e+00
7.547437026351441602e+01,0.000000000000000000e+00,0.000000000000000000e+00
7.661436497553222580e+01,0.000000000000000000e+00,0.000000000000000000e+00
7.625457475889079717e+01,0.000000000000000000e+00,0.000000000000000000e+00
7.305617989692782999e+01,0.000000000000000000e+00,0.000000000000000000e+00
7.798513808629436994e+01,0.000000000000000000e+00,0.000000000000000000e+00
7.744615799265091027e+01,0.000000000000000000e+00,0.000000000000000000e+00
7.747696337074252426e+01,0.000000000000000000e+00,0.000000000000000000e+00
7.416566139567619587e+01,0.000000000000000000e+00,0.000000000000000000e+00
7.709605795083500368e+01,0.000000000000000000e+00,0.000000000000000000e+00
7.602090457109214583e+01,0.000000000000000000e+00,0.000000000000000000e+00
7.399302190033920112e+01,0.000000000000000000e+00,0.000000000000000000e+00
7.933505479288284334e+01,0.000000000000000000e+00,0.000000000000000000e+00
7.671729893510952536e+01,0.000000000000000000e+00,0.000000000000000000e+00
7.668707760634671899e+01,0.000000000000000000e+00,0.000000000000000000e+00
7.749806925846979766e+01,0.000000000000000000e+00,0.000000000000000000e+00
7.348569101598950226e+01,0.000000000000000000e+00,0.000000000000000000e+00
7.292032106212829490e+01,0.000000000000000000e+00,0.000000000000000000e+00
7.408179099787869859e+01,0.000000000000000000e+00,0.000000000000000000e+00
7.348161420601071825e+01,0.000000000000000000e+00,0.000000000000000000e+00
7.674588299020230409e+01,0.000000000000000000e+00,0.000000000000000000e+00
7.064855230684086962e+01,0.000000000000000000e+00,0.000000000000000000e+00
7.417430772128737715e+01,0.000000000000000000e+00,0.000000000000000000e+00
7.633397466473495285e+01,0.000000000000000000e+00,0.000000000000000000e+00
7.321158668295103666e+01,0.000000000000000000e+00,0.000000000000000000e+00
7.500664495879810545e+01,0.000000000000000000e+00,0.000000000000000000e+00
7.802278871928618287e+01,0.000000000000000000e+00,0.000000000000000000e+00
7.340790767355527180e+01,0.000000000000000000e+00,0.000000000000000000e+00
7.164735394444493011e+01,0.000000000000000000e+00,0.000000000000000000e+00
7.797910697658534218e+01,0.000000000000000000e+00,0.000000000000000000e+00
7.637103527168382300e+01,0.000000000000000000e+00,0.000000000000000000e+00
7.340021077209571843e+01,0.000000000000000000e+00,0.000000000000000000e+00
7.571778424209415448e+01,0.000000000000000000e+00,0.000000000000000000e+00
7.374468756637894273e+01,0.000000000000000000e+00,0.000000000000000000e+00
7.086350464105304070e+01,0.000000000000000000e+00,0.000000000000000000e+00
7.294738113110906852e+01,0.000000000000000000e+00,0.000000000000000000e+00
7.238071103749354052e+01,0.000000000000000000e+00,0.000000000000000000e+00
7.269865957941298973e+01,0.000000000000000000e+00,0.000000000000000000e+00
7.833936395355875959e+01,0.000000000000000000e+00,0.000000000000000000e+00
7.297849865147598791e+01,0.000000000000000000e+00,0.000000000000000000e+00
7.593463378663074081e+01,0.000000000000000000e+00,0.000000000000000000e+00
7.311749104492842832e+01,0.000000000000000000e+00,0.000000000000000000e+00
7.577117088145712387e+01,0.000000000000000000e+00,0.000000000000000000e+00
7.090656620155012035e+01,0.000000000000000000e+00,0.000000000000000000e+00
7.703197113209752445e+01,0.000000000000000000e+00,0.000000000000000000e+00
7.568723052474958024e+01,0.000000000000000000e+00,0.000000000000000000e+00
7.540861923360557739e+01,0.000000000000000000e+00,0.000000000000000000e+00
7.663876760664801679e+01,0.000000000000000000e+00,0.000000000000000000e+00
7.403774352872525810e+01,0.000000000000000000e+00,0.000000000000000000e+00
7.596351305261879361e+01,0.000000000000000000e+00,0.000000000000000000e+00
7.307867102457456099e+01,0.000000000000000000e+00,0.000000000000000000e+00
7.531086574173833981e+01,0.000000000000000000e+00,0.000000000000000000e+00
7.319379917093803556e+01,0.000000000000000000e+00,0.000000000000000000e+00
7.398138168075844590e+01,0.000000000000000000e+00,0.000000000000000000e+00
7.158807666348715770e+01,0.000000000000000000e+00,0.000000000000000000e+00
7.757540468010364521e+01,0.000000000000000000e+00,0.000000000000000000e+00
7.229749845499998173e+01,0.000000000000000000e+00,0.000000000000000000e+00
7.442651507133636812e+01,0.000000000000000000e+00,0.000000000000000000e+00
7.317811038972712367e+01,0.000000000000000000e+00,0.000000000000000000e+00
6.969831944969359938e+01,0.000000000000000000e+00,0.000000000000000000e+00
7.157800067670982003e+01,0.000000000000000000e+00,0.000000000000000000e+00
7.115253843030983205e+01,0.000000000000000000e+00,0.000000000000000000e+00
7.403032617274132576e+01,0.000000000000000000e+00,0.000000000000000000e+00
7.495905666226803987e+01,0.000000000000000000e+00,0.000000000000000000e+00
7.522384866841139228e+01,0.000000000000000000e+00,0.000000000000000000e+00
7.315407002301171246e+01,0.000000000000000000e+00,0.000000000000000000e+00
7.247567289571460947e+01,0.000000000000000000e+00,0.000000000000000000e+00
7.161883732033909666e+01,0.000000000000000000e+00,0.000000000000000000e+00
7.518814916048287955e+01,0.000000000000000000e+00,0.000000000000000000e+00
7.385877531239758298e+01,0.000000000000000000e+00,0.000000000000000000e+00
7.342302149362097907e+01,0.000000000000000000e+00,0.000000000000000000e+00
7.349059542811887979e+01,0.000000000000000000e+00,0.000000000000000000e+00
7.512796494242893175e+01,0.000000000000000000e+00,0.000000000000000000e+00
7.243713153191434628e+01,0.000000000000000000e+00,0.000000000000000000e+00
7.114409186087985404e+01,0.000000000000000000e+00,0.000000000000000000e+00
7.380877799524567706e+01,0.000000000000000000e+00,0.000000000000000000e+00
7.207901696865108931e+01,0.000000000000000000e+00,0.000000000000000000e+00
7.574015755281355666e+01,0.000000000000000000e+00,0.000000000000000000e+00
7.295709531753539068e+01,0.000000000000000000e+00,0.000000000000000000e+00
7.088984416904830255e+01,0.000000000000000000e+00,0.000000000000000000e+00
7.238045945698722505e+01,0.000000000000000000e+00,0.000000000000000000e+00
7.237069847900474429e+01,0.000000000000000000e+00,0.000000000000000000e+00
7.248185621812355350e+01,0.000000000000000000e+00,0.000000000000000000e+00
7.185998833407083453e+01,0.000000000000000000e+00,0.000000000000000000e+00
7.101547702727658873e+01,0.000000000000000000e+00,0.000000000000000000e+00
6.933413627636403476e+01,0.000000000000000000e+00,0.000000000000000000e+00
7.368192676555898402e+01,0.000000000000000000e+00,0.000000000000000000e+00
7.075979887610647268e+01,0.000000000000000000e+00,0.000000000000000000e+00
7.161334028095619431e+01,0.000000000000000000e+00,0.000000000000000000e+00
7.439077275455085214e+01,0.000000000000000000e+00,0.000000000000000000e+00
7.020848007391488466e+01,0.000000000000000000e+00,0.000000000000000000e+00
7.397673577612987117e+01,0.000000000000000000e+00,0.000000000000000000e+00
7.108860699114862314e+01,0.000000000000000000e+00,0.000000000000000000e+00
7.305951592184494814e+01,0.000000000000000000e+00,0.000000000000000000e+00
7.376486833311099645e+01,0.000000000000000000e+00,0.000000000000000000e+00
7.425899568415114516e+01,0.000000000000000000e+00,0.000000000000000000e+00
7.322144901892363578e+01,0.000000000000000000e+00,0.000000000000000000e+00
7.025286384352676805e+01,0.000000000000000000e+00,0.000000000000000000e+00
6.918427806263376567e+01,0.000000000000000000e+00,0.000000000000000000e+00
7.173058998384105678e+01,0.000000000000000000e+00,0.000000000000000000e+00
6.919516664171088394e+01,0.000000000000000000e+00,0.000000000000000000e+00
7.037106839030585093e+01,0.000000000000000000e+00,0.000000000000000000e+00
7.312939037923072760e+01,0.000000000000000000e+00,0.000000000000000000e+00
7.024917515485364561e+01,0.000000000000000000e+00,0.000000000000000000e+00
7.288951008715417856e+01,0.000000000000000000e+00,0.000000000000000000e+00
7.082023292037875706e+01,0.000000000000000000e+00,0.000000000000000000e+00
6.649175591469159485e+01,0.000000000000000000e+00,0.000000000000000000e+00
7.225136764369102593e+01,0.000000000000000000e+00,0.000000000000000000e+00
7.340761991668799169e+01,0.000000000000000000e+00,0.000000000000000000e+00
6.984019468030835753e+01,0.000000000000000000e+00,0.000000000000000000e+00
7.014065394221508143e+01,0.000000000000000000e+00,0.000000000000000000e+00
7.256628315282404174e+01,0.000000000000000000e+00,0.000000000000000000e+00
7.273492364588045689e+01,0.000000000000000000e+00,0.000000000000000000e+00
7.030066450265822198e+01,0.000000000000000000e+00,0.000000000000000000e+00
7.087056164271027114e+01,0.000000000000000000e+00,0.000000000000000000e+00
7.194945031323437945e+01,0.000000000000000000e+00,0.000000000000000000e+00
7.192321434291632443e+01,0.000000000000000000e+00,0.000000000000000000e+00
6.999766975783580847e+01,0.000000000000000000e+00,0.000000000000000000e+00
6.989750307595647882e+01,0.000000000000000000e+00,0.000000000000000000e+00
7.086926597212463719e+01,0.000000000000000000e+00,0.000000000000000000e+00
7.041388632737854891e+01,0.000000000000000000e+00,0.000000000000000000e+00
7.267632628211752888e+01,0.000000000000000000e+00,0.000000000000000000e+00
6.906630804785049804e+01,0.000000000000000000e+00,0.000000000000000000e+00
7.133885297149188887e+01,0.000000000000000000e+00,0.000000000000000000e+00
6.500815667894045191e+01,0.000000000000000000e+00,0.000000000000000000e+00
6.924011643657371451e+01,0.000000000000000000e+00,0.000000000000000000e+00
7.168656736686286024e+01,0.000000000000000000e+00,0.000000000000000000e+00
6.796728511832489517e+01,0.000000000000000000e+00,0.000000000000000000e+00
6.913792083646517028e+01,0.000000000000000000e+00,0.000000000000000000e+00
6.863876932004356490e+01,0.000000000000000000e+00,0.000000000000000000e+00
6.953525237337663611e+01,0.000000000000000000e+00,0.000000000000000000e+00
6.714428639099487839e+01,0.000000000000000000e+00,0.000000000000000000e+00
6.734234456867712026e+01,0.000000000000000000e+00,0.000000000000000000e+00
6.545764597804748064e+01,0.000000000000000000e+00,0.000000000000000000e+00
6.939869274725299420e+01,0.000000000000000000e+00,0.000000000000000000e+00
7.137445107846411929e+01,0.000000000000000000e+00,0.000000000000000000e+00
6.712882863935379874e+01,0.000000000000000000e+00,0.000000000000000000e+00
7.023100230219486662e+01,0.000000000000000000e+00,0.000000000000000000e+00
7.176578497214984509e+01,0.000000000000000000e+00,0.000000000000000000e+00
6.729929138885670170e+01,0.000000000000000000e+00,0.000000000000000000e+00
6.913366452384357785e+01,0.000000000000000000e+00,0.000000000000000000e+00
6.933466514612557319e+01,0.000000000000000000e+00,0.000000000000000000e+00
6.998785443259578187e+01,0.000000000000000000e+00,0.000000000000000000e+00
6.742828169451354370e+01,0.000000000000000000e+00,0.000000000000000000e+00
6.797457176106975396e+01,0.000000000000000000e+00,0.000000000000000000e+00
6.734228604875033852e+01,0.000000000000000000e+00,0.000000000000000000e+00
7.096474842469538657e+01,0.000000000000000000e+00,0.000000000000000000e+00
7.144957132763180141e+01,0.000000000000000000e+00,0.000000000000000000e+00
6.865007948130404714e+01,0.000000000000000000e+00,0.000000000000000000e+00
6.863539582387826954e+01,0.000000000000000000e+00,0.000000000000000000e+00
6.859863730239649726e+01,0.000000000000000000e+00,0.000000000000000000e+00
6.902793111666201753e+01,0.000000000000000000e+00,0.000000000000000000e+00
6.372142643571561393e+01,0.000000000000000000e+00,0.000000000000000000e+00
6.904782731839036103e+01,0.000000000000000000e+00,0.000000000000000000e+00
7.185128310042188104e+01,0.000000000000000000e+00,0.000000000000000000e+00
6.578077592050036060e+01,0.000000000000000000e+00,0.000000000000000000e+00
6.890541828403762281e+01,0.000000000000000000e+00,0.000000000000000000e+00
7.057494211491466274e+01,0.000000000000000000e+00,0.000000000000000000e+00
6.690070899500912560e+01,0.000000000000000000e+00,0.000000000000000000e+00
6.780259743977370590e+01,0.000000000000000000e+00,0.000000000000000000e+00
6.713596841954506544e+01,0.000000000000000000e+00,0.000000000000000000e+00
6.742838544758542696e+01,0.000000000000000000e+00,0.000000000000000000e+00
6.873009132740121174e+01,0.000000000000000000e+00,0.000000000000000000e+00
6.939452943364783266e+01,0.000000000000000000e+00,0.000000000000000000e+00
6.604481360137361889e+01,0.000000000000000000e+00,0.000000000000000000e+00
6.759491796233616867e+01,0.000000000000000000e+00,0.000000000000000000e+00
6.587789693270296709e+01,0.000000000000000000e+00,0.000000000000000000e+00
6.877078273029479760e+01,0.000000000000000000e+00,0.000000000000000000e+00
6.785942170097935389e+01,0.000000000000000000e+00,0.000000000000000000e+00
6.372628404037249794e+01,0.000000000000000000e+00,0.000000000000000000e+00
6.540768589788581266e+01,0.000000000000000000e+00,0.000000000000000000e+00
6.559457160149675303e+01,0.000000000000000000e+00,0.000000000000000000e+00
6.805558619070926341e+01,0.000000000000000000e+00,0.000000000000000000e+00
6.751652540657885027e+01,0.000000000000000000e+00,0.000000000000000000e+00
6.785122920177524009e+01,0.000000000000000000e+00,0.000000000000000000e+00
6.682856301415715450e+01,0.000000000000000000e+00,0.000000000000000000e+00
6.650416099434207240e+01,0.000000000000000000e+00,0.000000000000000000e+00
6.590545177882552252e+01,0.000000000000000000e+00,0.000000000000000000e+00
6.506378243684658003e+01,0.000000000000000000e+00,0.000000000000000000e+00
6.988385983653171252e+01,0.000000000000000000e+00,0.000000000000000000e+00
6.552537925823278897e+01,0.000000000000000000e+00,0.000000000000000000e+00
6.553557172038728140e+01,0.000000000000000000e+00,0.000000000000000000e+00
6.502453195440615730e+01,0.000000000000000000e+00,0.000000000000000000e+00
6.499569198832753614e+01,0.000000000000000000e+00,0.000000000000000000e+00
6.369296597764081724e+01,0.000000000000000000e+00,0.000000000000000000e+00
6.584558833170899561e+01,0.000000000000000000e+00,0.000000000000000000e+00
6.370114877069142523e+01,0.000000000000000000e+00,0.000000000000000000e+00
6.446753718947614686e+01,0.000000000000000000e+00,0.000000000000000000e+00
6.604733763979054117e+01,0.000000000000000000e+00,0.000000000000000000e+00
6.762771414332628694e+01,0.000000000000000000e+00,0.000000000000000000e+00
6.537592890959990655e+01,0.000000000000000000e+00,0.000000000000000000e+00
5.542951611624805963e+01,0.000000000000000000e+00,0.000000000000000000e+00
6.818776139319815854e+01,0.000000000000000000e+00,0.000000000000000000e+00
6.693852730475339285e+01,0.000000000000000000e+00,0.000000000000000000e+00
6.590455576683166328e+01,0.000000000000000000e+00,0.000000000000000000e+00
6.546686877356603418e+01,0.000000000000000000e+00,0.000000000000000000e+00
7.200888259530653102e+01,0.000000000000000000e+00,0.000000000000000000e+00
6.659772391316614915e+01,0.000000000000000000e+00,0.000000000000000000e+00
6.235060642999972913e+01,0.000000000000000000e+00,0.000000000000000000e+00
6.782029458712594305e+01,0.000000000000000000e+00,0.000000000000000000e+00
6.520219930136678954e+01,0.000000000000000000e+00,0.000000000000000000e+00
6.420343608285334369e+01,0.000000000000000000e+00,0.000000000000000000e+00
6.810249982142597958e+01,0.000000000000000000e+00,0.000000000000000000e+00
6.329061232028839612e+01,0.000000000000000000e+00,0.000000000000000000e+00
6.452668969757367279e+01,0.000000000000000000e+00,0.000000000000000000e+00
6.702282297301871949e+01,0.000000000000000000e+00,0.000000000000000000e+00
6.520631572251508601e+01,0.000000000000000000e+00,0.000000000000000000e+00
6.311219993635825176e+01,0.000000000000000000e+00,0.000000000000000000e+00
6.663147633986565666e+01,0.000000000000000000e+00,0.000000000000000000e+00
6.482108083622814831e+01,0.000000000000000000e+00,0.000000000000000000e+00
6.482014650058505367e+01,0.000000000000000000e+00,0.000000000000000000e+00
6.211033324246354681e+01,0.000000000000000000e+00,0.000000000000000000e+00
6.511377827760873060e+01,0.000000000000000000e+00,0.000000000000000000e+00
6.380023038373857247e+01,0.000000000000000000e+00,0.000000000000000000e+00
6.332446512901148594e+01,0.000000000000000000e+00,0.000000000000000000e+00
6.428512234250096924e+01,0.000000000000000000e+00,0.000000000000000000e+00
6.536899664511082619e+01,0.000000000000000000e+00,0.000000000000000000e+00
6.462640463567541360e+01,0.000000000000000000e+00,0.000000000000000000e+00
6.236604078898731274e+01,0.000000000000000000e+00,0.000000000000000000e+00
5.979519462065687918e+01,0.000000000000000000e+00,0.000000000000000000e+00
6.235276931311890536e+01,0.000000000000000000e+00,0.000000000000000000e+00
6.335012949025422557e+01,0.000000000000000000e+00,0.000000000000000000e+00
6.793480959479492753e+01,0.000000000000000000e+00,0.000000000000000000e+00
6.174835183339754963e+01,0.000000000000000000e+00,0.000000000000000000e+00
6.030070782180977318e+01,0.000000000000000000e+00,0.000000000000000000e+00
6.239520252061787886e+01,0.000000000000000000e+00,0.000000000000000000e+00
6.500148193688545462e+01,0.000000000000000000e+00,0.000000000000000000e+00
6.418513702248154118e+01,0.000000000000000000e+00,0.000000000000000000e+00
6.400055180169441371e+01,0.000000000000000000e+00,0.000000000000000000e+00
6.298498307392640783e+01,0.000000000000000000e+00,0.000000000000000000e+00
6.549990607393638697e+01,0.000000000000000000e+00,0.000000000000000000e+00
6.881041409789837360e+01,0.000000000000000000e+00,0.000000000000000000e+00
6.427960859452771558e+01,0.000000000000000000e+00,0.000000000000000000e+00
6.281204472699148766e+01,0.000000000000000000e+00,0.000000000000000000e+00
5.911364810999076269e+01,0.000000000000000000e+00,0.000000000000000000e+00
6.200308554363161306e+01,0.000000000000000000e+00,0.000000000000000000e+00
6.358073459694486473e+01,0.000000000000000000e+00,0.000000000000000000e+00
6.085916184734133338e+01,0.000000000000000000e+00,0.000000000000000000e+00
6.060774328973060676e+01,0.000000000000000000e+00,0.000000000000000000e+00
6.168603453633613753e+01,0.000000000000000000e+00,0.000000000000000000e+00
6.560446514046395805e+01,0.000000000000000000e+00,0.000000000000000000e+00
6.242344566913827464e+01,0.000000000000000000e+00,0.000000000000000000e+00
6.024618139314468124e+01,0.000000000000000000e+00,0.000000000000000000e+00
6.247604591815036912e+01,0.000000000000000000e+00,0.000000000000000000e+00
6.195698532700768624e+01,0.000000000000000000e+00,0.000000000000000000e+00
6.276905291965662315e+01,0.000000000000000000e+00,0.000000000000000000e+00
6.258219037927886319e+01,0.000000000000000000e+00,0.000000000000000000e+00
6.028042726463036161e+01,0.000000000000000000e+00,0.000000000000000000e+00
6.489547360420566235e+01,0.000000000000000000e+00,0.000000000000000000e+00
6.336268476527667559e+01,0.000000000000000000e+00,0.000000000000000000e+00
5.989278242090227167e+01,0.000000000000000000e+00,0.000000000000000000e+00
6.106417788654762546e+01,0.000000000000000000e+00,0.000000000000000000e+00
6.407920873218635904e+01,0.000000000000000000e+00,0.000000000000000000e+00
6.105415252504386814e+01,0.000000000000000000e+00,0.000000000000000000e+00
5.776294464533638262e+01,0.000000000000000000e+00,0.000000000000000000e+00
5.928628162169655980e+01,0.000000000000000000e+00,0.000000000000000000e+00
5.924476862428394242e+01,0.000000000000000000e+00,0.000000000000000000e+00
6.290714056823775735e+01,0.000000000000000000e+00,0.000000000000000000e+00
5.820578390292921966e+01,0.000000000000000000e+00,0.000000000000000000e+00
6.075055717198301863e+01,0.000000000000000000e+00,0.000000000000000000e+00
6.034400916399145842e+01,0.000000000000000000e+00,0.000000000000000000e+00
6.036846390045428024e+01,0.000000000000000000e+00,0.000000000000000000e+00
6.236281233813814140e+01,0.000000000000000000e+00,0.000000000000000000e+00
6.176066748603155077e+01,0.000000000000000000e+00,0.000000000000000000e+00
5.993993975789773998e+01,0.000000000000000000e+00,0.000000000000000000e+00
6.280294548114917319e+01,0.000000000000000000e+00,0.000000000000000000e+00
6.229771595393526695e+01,0.000000000000000000e+00,0.000000000000000000e+00
6.065420750747856005e+01,0.000000000000000000e+00,0.000000000000000000e+00
6.144279704656047159e+01,0.000000000000000000e+00,0.000000000000000000e+00
5.898603739232267884e+01,0.000000000000000000e+00,0.000000000000000000e+00
6.111721510904565946e+01,0.000000000000000000e+00,0.000000000000000000e+00
5.930857226178115127e+01,0.000000000000000000e+00,0.000000000000000000e+00
6.227953959144301166e+01,0.000000000000000000e+00,0.000000000000000000e+00
6.341034574135595392e+01,0.000000000000000000e+00,0.000000000000000000e+00
6.073872911875343306e+01,0.000000000000000000e+00,0.000000000000000000e+00
5.876342813621069894e+01,0.000000000000000000e+00,0.000000000000000000e+00
6.077834315114497343e+01,0.000000000000000000e+00,0.000000000000000000e+00
5.682801354088178414e+01,0.000000000000000000e+00,0.000000000000000000e+00
6.080982416422142478e+01,0.000000000000000000e+00,0.000000000000000000e+00
5.801033880812662602e+01,0.000000000000000000e+00,0.000000000000000000e+00
6.116821044551507924e+01,0.000000000000000000e+00,0.000000000000000000e+00
6.125828902413220334e+01,0.000000000000000000e+00,0.000000000000000000e+00
5.754382427675352574e+01,0.000000000000000000e+00,0.000000000000000000e+00
5.875759399028628849e+01,0.000000000000000000e+00,0.000000000000000000e+00
5.797598476224760589e+01,0.000000000000000000e+00,0.000000000000000000e+00
5.866502243854909437e+01,0.000000000000000000e+00,0.000000000000000000e+00
5.780899851753859053e+01,0.000000000000000000e+00,0.000000000000000000e+00
5.836272605125232360e+01,0.000000000000000000e+00,0.000000000000000000e+00
6.264278101093525208e+01,0.000000000000000000e+00,0.000000000000000000e+00
5.960467637518136996e+01,0.000000000000000000e+00,0.000000000000000000e+00
5.652635381320111208e+01,0.000000000000000000e+00,0.000000000000000000e+00
5.433148849125518609e+01,0.000000000000000000e+00,0.000000000000000000e+00
5.763836660691668357e+01,0.000000000000000000e+00,0.000000000000000000e+00
6.317503665313788019e+01,0.000000000000000000e+00,0.000000000000000000e+00
5.447310675209954667e+01,0.000000000000000000e+00,0.000000000000000000e+00
6.074137488544091923e+01,0.000000000000000000e+00,0.000000000000000000e+00
5.811318020607568968e+01,0.000000000000000000e+00,0.000000000000000000e+00
5.705242946444333541e+01,0.000000000000000000e+00,0.000000000000000000e+00
5.268442096269181008e+01,0.000000000000000000e+00,0.000000000000000000e+00
5.744685481754491718e+01,0.000000000000000000e+00,0.000000000000000000e+00
5.950708897544872400e+01,0.000000000000000000e+00,0.000000000000000000e+00
5.877349422305854887e+01,0.000000000000000000e+00,0.000000000000000000e+00
5.842607427995114477e+01,0.000000000000000000e+00,0.000000000000000000e+00
5.827102818424237540e+01,0.000000000000000000e+00,0.000000000000000000e+00
5.573508491728626524e+01,0.000000000000000000e+00,0.000000000000000000e+00
5.428205879063364137e+01,0.000000000000000000e+00,0.000000000000000000e+00
5.729168913057336709e+01,0.000000000000000000e+00,0.000000000000000000e+00
5.631463509338556861e+01,0.000000000000000000e+00,0.000000000000000000e+00
5.540035840811734147e+01,0.000000000000000000e+00,0.000000000000000000e+00
5.479359161722234717e+01,0.000000000000000000e+00,0.000000000000000000e+00
5.722748371963886171e+01,0.000000000000000000e+00,0.000000000000000000e+00
5.744651481227799650e+01,0.000000000000000000e+00,0.000000000000000000e+00
5.632919286213654431e+01,0.000000000000000000e+00,0.000000000000000000e+00
5.895749377634256660e+01,0.000000000000000000e+00,0.000000000000000000e+00
5.996366072943857972e+01,0.000000000000000000e+00,0.000000000000000000e+00
5.478273062392185011e+01,0.000000000000000000e+00,0.000000000000000000e+00
5.724726109068227942e+01,0.000000000000000000e+00,0.000000000000000000e+00
5.737199925528010169e+01,0.000000000000000000e+00,0.000000000000000000e+00
5.568769262206131287e+01,0.000000000000000000e+00,0.000000000000000000e+00
5.761759520824305980e+01,0.000000000000000000e+00,0.000000000000000000e+00
5.551799498308699299e+01,0.000000000000000000e+00,0.000000000000000000e+00
5.985432870140540729e+01,0.000000000000000000e+00,0.000000000000000000e+00
5.546620520542112587e+01,0.000000000000000000e+00,0.000000000000000000e+00
5.729833378625624363e+01,0.000000000000000000e+00,0.000000000000000000e+00
5.827791782655697972e+01,0.000000000000000000e+00,0.000000000000000000e+00
5.729396221952818280e+01,0.000000000000000000e+00,0.000000000000000000e+00
5.468804257996046658e+01,0.000000000000000000e+00,0.000000000000000000e+00
5.725162149375348264e+01,0.000000000000000000e+00,0.000000000000000000e+00
5.313507234807381963e+01,0.000000000000000000e+00,0.000000000000000000e+00
5.641600154906495845e+01,0.000000000000000000e+00,0.000000000000000000e+00
5.613194827600113257e+01,0.000000000000000000e+00,0.000000000000000000e+00
5.685178109434964000e+01,0.000000000000000000e+00,0.000000000000000000e+00
5.485305115861100944e+01,0.000000000000000000e+00,0.000000000000000000e+00
5.515745538047311669e+01,0.000000000000000000e+00,0.000000000000000000e+00
5.353218905054971088e+01,0.000000000000000000e+00,0.000000000000000000e+00
5.453293079789137465e+01,0.000000000000000000e+00,0.000000000000000000e+00
6.082146602558505322e+01,0.000000000000000000e+00,0.000000000000000000e+00
5.240411495255793994e+01,0.000000000000000000e+00,0.000000000000000000e+00
5.448773494285553198e+01,0.000000000000000000e+00,0.000000000000000000e+00
5.154384150823695876e+01,0.000000000000000000e+00,0.000000000000000000e+00
5.209541841944146512e+01,0.000000000000000000e+00,0.000000000000000000e+00
5.432117254077079593e+01,0.000000000000000000e+00,0.000000000000000000e+00
5.262586233116778800e+01,0.000000000000000000e+00,0.000000000000000000e+00
5.123377073557843886e+01,0.000000000000000000e+00,0.000000000000000000e+00
5.254065015935951521e+01,0.000000000000000000e+00,0.000000000000000000e+00
5.374394500370507188e+01,0.000000000000000000e+00,0.000000000000000000e+00
5.593388503866528083e+01,0.000000000000000000e+00,0.000000000000000000e+00
5.284896277876022452e+01,0.000000000000000000e+00,0.000000000000000000e+00
5.016625562493213408e+01,0.000000000000000000e+00,0.000000000000000000e+00
5.601757906167275536e+01,0.000000000000000000e+00,0.000000000000000000e+00
5.365980704417206937e+01,0.000000000000000000e+00,0.000000000000000000e+00
5.502543527393134326e+01,0.000000000000000000e+00,0.000000000000000000e+00
5.303210660149134981e+01,0.000000000000000000e+00,0.000000000000000000e+00
5.324287420224268175e+01,0.000000000000000000e+00,0.000000000000000000e+00
5.394625169931946829e+01,0.000000000000000000e+00,0.000000000000000000e+00
5.475442574889224545e+01,0.000000000000000000e+00,0.000000000000000000e+00
5.416333192439310551e+01,0.000000000000000000e+00,0.000000000000000000e+00
5.280181337533666408e+01,0.000000000000000000e+00,0.000000000000000000e+00
5.354703142956984863e+01,0.000000000000000000e+00,0.000000000000000000e+00
5.147619056635131329e+01,0.000000000000000000e+00,0.000000000000000000e+00
5.297011150155894654e+01,0.000000000000000000e+00,0.000000000000000000e+00
5.546320153901379513e+01,0.000000000000000000e+00,0.000000000000000000e+00
5.457985534471113453e+01,0.000000000000000000e+00,0.000000000000000000e+00
5.168989809267120705e+01,0.000000000000000000e+00,0.000000000000000000e+00
5.054454148542377112e+01,0.000000000000000000e+00,0.000000000000000000e+00
5.219067543576390023e+01,0.000000000000000000e+00,0.000000000000000000e+00
5.543259586539127071e+01,0.000000000000000000e+00,0.000000000000000000e+00
4.869637166120069338e+01,0.000000000000000000e+00,0.000000000000000000e+00
5.429370592048887545e+01,0.000000000000000000e+00,0.000000000000000000e+00
5.239926619309859035e+01,0.000000000000000000e+00,0.000000000000000000e+00
5.219723810494173932e+01,0.000000000000000000e+00,0.000000000000000000e+00
5.459688374134372424e+01,0.000000000000000000e+00,0.000000000000000000e+00
5.009757674206405653e+01,0.000000000000000000e+00,0.000000000000000000e+00
5.294921072038382448e+01,0.000000000000000000e+00,0.000000000000000000e+00
5.048808714844965806e+01,0.000000000000000000e+00,0.000000000000000000e+00
4.931278102934209073e+01,0.000000000000000000e+00,0.000000000000000000e+00
5.081491770194639201e+01,0.000000000000000000e+00,0.000000000000000000e+00
5.423117247308266542e+01,0.000000000000000000e+00,0.000000000000000000e+00
5.176833701034622237e+01,0.000000000000000000e+00,0.000000000000000000e+00
5.410794030977123725e+01,0.000000000000000000e+00,0.000000000000000000e+00
5.360911881513938226e+01,0.000000000000000000e+00,0.000000000000000000e+00
5.221853381345128042e+01,0.000000000000000000e+00,0.000000000000000000e+00
5.250020669487654601e+01,0.000000000000000000e+00,0.000000000000000000e+00
5.695470973126656844e+01,0.000000000000000000e+00,0.000000000000000000e+00
5.010368083431814057e+01,0.000000000000000000e+00,0.000000000000000000e+00
5.056543363227183363e+01,0.000000000000000000e+00,0.000000000000000000e+00
5.139749733989701497e+01,0.000000000000000000e+00,0.000000000000000000e+00
5.241778868019045490e+01,0.000000000000000000e+00,0.000000000000000000e+00
5.009471498758367147e+01,0.000000000000000000e+00,0.000000000000000000e+00
5.313748755834305371e+01,0.000000000000000000e+00,0.000000000000000000e+00
5.175461874321322853e+01,0.000000000000000000e+00,0.000000000000000000e+00
4.986405875055186954e+01,0.000000000000000000e+00,0.000000000000000000e+00
5.035262072098850439e+01,0.000000000000000000e+00,0.000000000000000000e+00
4.943456449579623069e+01,0.000000000000000000e+00,0.000000000000000000e+00
4.970961881521715497e+01,0.000000000000000000e+00,0.000000000000000000e+00
4.814155091814912169e+01,0.000000000000000000e+00,0.000000000000000000e+00
5.122200007606949868e+01,0.000000000000000000e+00,0.000000000000000000e+00
4.978226443374628474e+01,0.000000000000000000e+00,0.000000000000000000e+00
5.027930390510589831e+01,0.000000000000000000e+00,0.000000000000000000e+00
5.106749944517891038e+01,0.000000000000000000e+00,0.000000000000000000e+00
4.888210762004877807e+01,0.000000000000000000e+00,0.000000000000000000e+00
4.936105856425380267e+01,0.000000000000000000e+00,0.000000000000000000e+00
4.997141138093855517e+01,0.000000000000000000e+00,0.000000000000000000e+00
5.131470958399327031e+01,0.000000000000000000e+00,0.000000000000000000e+00
4.829115407374957414e+01,0.000000000000000000e+00,0.000000000000000000e+00
4.629357859552938237e+01,0.000000000000000000e+00,0.000000000000000000e+00
4.797402286608272703e+01,0.000000000000000000e+00,0.000000000000000000e+00
4.667958209974464268e+01,0.000000000000000000e+00,0.000000000000000000e+00
5.072170508936451228e+01,0.000000000000000000e+00,0.000000000000000000e+00
4.890219929008412691e+01,0.000000000000000000e+00,0.000000000000000000e+00
4.619781263114430203e+01,0.000000000000000000e+00,0.000000000000000000e+00
4.818618959486128261e+01,0.000000000000000000e+00,0.000000000000000000e+00
4.630318152716969848e+01,0.000000000000000000e+00,0.000000000000000000e+00
4.938307000303635874e+01,0.000000000000000000e+00,0.000000000000000000e+00
5.021230252592385312e+01,0.000000000000000000e+00,0.000000000000000000e+00
4.525707531067952516e+01,0.000000000000000000e+00,0.000000000000000000e+00
4.718487115172268886e+01,0.000000000000000000e+00,0.000000000000000000e+00
4.512357729629876246e+01,0.000000000000000000e+00,0.000000000000000000e+00
4.992347814733820144e+01,0.000000000000000000e+00,0.000000000000000000e+00
5.165301203626688675e+01,0.000000000000000000e+00,0.000000000000000000e+00
4.580919446311898469e+01,0.000000000000000000e+00,0.000000000000000000e+00
4.846124364131272699e+01,0.000000000000000000e+00,0.000000000000000000e+00
4.593833440027977844e+01,0.000000000000000000e+00,0.000000000000000000e+00
5.118070544341362194e+01,0.000000000000000000e+00,0.000000000000000000e+00
4.830941326602135888e+01,0.000000000000000000e+00,0.000000000000000000e+00
4.926223751676653251e+01,0.000000000000000000e+00,0.000000000000000000e+00
5.026749324664155694e+01,0.000000000000000000e+00,0.000000000000000000e+00
4.790352852548308249e+01,0.000000000000000000e+00,0.000000000000000000e+00
4.721658511357538401e+01,0.000000000000000000e+00,0.000000000000000000e+00
4.545000157607263702e+01,0.000000000000000000e+00,0.000000000000000000e+00
4.399609858562974551e+01,0.000000000000000000e+00,0.000000000000000000e+00
4.707945282942502274e+01,0.000000000000000000e+00,0.000000000000000000e+00
4.690919935629526094e+01,0.000000000000000000e+00,0.000000000000000000e+00
4.672598646381446486e+01,0.000000000000000000e+00,0.000000000000000000e+00
4.936151345625286524e+01,0.000000000000000000e+00,0.000000000000000000e+00
4.719939322296603024e+01,0.000000000000000000e+00,0.000000000000000000e+00
4.816555096310857209e+01,0.000000000000000000e+00,0.000000000000000000e+00
4.978257392548869831e+01,0.000000000000000000e+00,0.000000000000000000e+00
4.781510340974788420e+01,0.000000000000000000e+00,0.000000000000000000e+00
4.796786935140733732e+01,0.000000000000000000e+00,0.000000000000000000e+00
4.726724679724888034e+01,0.000000000000000000e+00,0.000000000000000000e+00
4.846696841679447232e+01,0.000000000000000000e+00,0.000000000000000000e+00
4.781918858041976250e+01,0.000000000000000000e+00,0.000000000000000000e+00
4.722908870594773134e+01,0.000000000000000000e+00,0.000000000000000000e+00
4.681343925727684763e+01,0.000000000000000000e+00,0.000000000000000000e+00
4.426424846379558886e+01,0.000000000000000000e+00,0.000000000000000000e+00
4.790495609223713558e+01,0.000000000000000000e+00,0.000000000000000000e+00
4.651981837706960476e+01,0.000000000000000000e+00,0.000000000000000000e+00
4.837673148458054584e+01,0.000000000000000000e+00,0.000000000000000000e+00
4.641836976579507024e+01,0.000000000000000000e+00,0.000000000000000000e+00
4.618923125771873828e+01,0.000000000000000000e+00,0.000000000000000000e+00
4.561698578762219825e+01,0.000000000000000000e+00,0.000000000000000000e+00
4.717627621545153005e+01,0.000000000000000000e+00,0.000000000000000000e+00
4.553481571666989680e+01,0.000000000000000000e+00,0.000000000000000000e+00
4.504613394600452381e+01,0.000000000000000000e+00,0.000000000000000000e+00
4.932210714531986895e+01,0.000000000000000000e+00,0.000000000000000000e+00
4.078996360646925012e+01,0.000000000000000000e+00,0.000000000000000000e+00
4.477676686904497672e+01,0.000000000000000000e+00,0.000000000000000000e+00
4.756230980385364404e+01,0.000000000000000000e+00,0.000000000000000000e+00
4.306850498609971112e+01,0.000000000000000000e+00,0.000000000000000000e+00
4.428539327412642734e+01,0.000000000000000000e+00,0.000000000000000000e+00
4.200781252378470043e+01,0.000000000000000000e+00,0.000000000000000000e+00
4.125656953286977568e+01,0.000000000000000000e+00,0.000000000000000000e+00
4.633239699664660805e+01,0.000000000000000000e+00,0.000000000000000000e+00
4.471493137107114535e+01,0.000000000000000000e+00,0.000000000000000000e+00
4.438573122492562817e+01,0.000000000000000000e+00,0.000000000000000000e+00
4.830136136793147728e+01,0.000000000000000000e+00,0.000000000000000000e+00
4.179816996019432196e+01,0.000000000000000000e+00,0.000000000000000000e+00
4.305407572611915157e+01,0.000000000000000000e+00,0.000000000000000000e+00
4.258667526751193577e+01,0.000000000000000000e+00,0.000000000000000000e+00
4.601168992563751914e+01,0.000000000000000000e+00,0.000000000000000000e+00
4.433031551997766684e+01,0.000000000000000000e+00,0.000000000000000000e+00
4.710976750397630042e+01,0.000000000000000000e+00,0.000000000000000000e+00
4.797522711563685505e+01,0.000000000000000000e+00,0.000000000000000000e+00
4.248332725783123465e+01,0.000000000000000000e+00,0.000000000000000000e+00
3.919360624837141671e+01,0.000000000000000000e+00,0.000000000000000000e+00
4.360280054430493379e+01,0.000000000000000000e+00,0.000000000000000000e+00
3.808534247141985674e+01,0.000000000000000000e+00,0.000000000000000000e+00
4.469843244441116070e+01,0.000000000000000000e+00,0.000000000000000000e+00
4.484222789719798641e+01,0.000000000000000000e+00,0.000000000000000000e+00
4.461709473760604538e+01,0.000000000000000000e+00,0.000000000000000000e+00
4.094615519085881061e+01,0.000000000000000000e+00,0.000000000000000000e+00
4.222212961848061497e+01,0.000000000000000000e+00,0.000000000000000000e+00
4.521998861715718476e+01,0.000000000000000000e+00,0.000000000000000000e+00
4.116127431375121404e+01,0.000000000000000000e+00,0.000000000000000000e+00
4.232786567165923941e+01,0.000000000000000000e+00,0.000000000000000000e+00
4.336511446029099659e+01,0.000000000000000000e+00,0.000000000000000000e+00
4.315283422619068432e+01,0.000000000000000000e+00,0.000000000000000000e+00
4.175086165114126402e+01,0.000000000000000000e+00,0.000000000000000000e+00
4.151261736258652491e+01,0.000000000000000000e+00,0.000000000000000000e+00
4.356338220837513830e+01,0.000000000000000000e+00,0.000000000000000000e+00
4.223902778777748068e+01,0.000000000000000000e+00,0.000000000000000000e+00
4.059210392837800896e+01,0.000000000000000000e+00,0.000000000000000000e+00
4.207012363555053724e+01,0.000000000000000000e+00,0.000000000000000000e+00
4.206212598577914719e+01,0.000000000000000000e+00,0.000000000000000000e+00
4.051930008468723798e+01,0.000000000000000000e+00,0.000000000000000000e+00
3.950228208131684937e+01,0.000000000000000000e+00,0.000000000000000000e+00
3.832163664961056782e+01,0.000000000000000000e+00,0.000000000000000000e+00
3.893613406145867373e+01,0.000000000000000000e+00,0.000000000000000000e+00
4.309825893024224541e+01,0.000000000000000000e+00,0.000000000000000000e+00
4.024247443261970858e+01,0.000000000000000000e+00,0.000000000000000000e+00
4.186289299118246277e+01,0.000000000000000000e+00,0.000000000000000000e+00
4.131879305545179903e+01,0.000000000000000000e+00,0.000000000000000000e+00
4.395923450568585622e+01,0.000000000000000000e+00,0.000000000000000000e+00
4.127600768107362228e+01,0.000000000000000000e+00,0.000000000000000000e+00
4.088101382392712679e+01,0.000000000000000000e+00,0.000000000000000000e+00
4.181494532439119638e+01,0.000000000000000000e+00,0.000000000000000000e+00
4.126503810334143196e+01,0.000000000000000000e+00,0.000000000000000000e+00
4.225553124764064705e+01,0.000000000000000000e+00,0.000000000000000000e+00
4.068482185990573896e+01,0.000000000000000000e+00,0.000000000000000000e+00
4.095798624397099275e+01,0.000000000000000000e+00,0.000000000000000000e+00
4.141996245039655378e+01,0.000000000000000000e+00,0.000000000000000000e+00
4.259366457363434932e+01,0.000000000000000000e+00,0.000000000000000000e+00
4.162447513581609826e+01,0.000000000000000000e+00,0.000000000000000000e+00
3.839630509471164999e+01,0.000000000000000000e+00,0.000000000000000000e+00
4.018749698917385160e+01,0.000000000000000000e+00,0.000000000000000000e+00
3.918440895686462255e+01,0.000000000000000000e+00,0.000000000000000000e+00
4.487740345621058680e+01,0.000000000000000000e+00,0.000000000000000000e+00
4.061399061944602096e+01,0.000000000000000000e+00,0.000000000000000000e+00
3.863843082811003171e+01,0.000000000000000000e+00,0.000000000000000000e+00
3.894196280944015598e+01,0.000000000000000000e+00,0.000000000000000000e+00
3.849330232357149839e+01,0.000000000000000000e+00,0.000000000000000000e+00
3.658005182500762942e+01,0.000000000000000000e+00,0.000000000000000000e+00
3.978630318393828702e+01,0.000000000000000000e+00,0.000000000000000000e+00
3.781991888153888226e+01,0.000000000000000000e+00,0.000000000000000000e+00
4.261027776186198679e+01,0.000000000000000000e+00,0.000000000000000000e+00
3.693912991108902588e+01,0.000000000000000000e+00,0.000000000000000000e+00
3.782723290445411379e+01,0.000000000000000000e+00,0.000000000000000000e+00
4.294697241794038689e+01,0.000000000000000000e+00,0.000000000000000000e+00
3.968824665683750652e+01,0.000000000000000000e+00,0.000000000000000000e+00
4.153135021505303826e+01,0.000000000000000000e+00,0.000000000000000000e+00
4.035944402940943121e+01,0.000000000000000000e+00,0.000000000000000000e+00
3.657076866414215743e+01,0.000000000000000000e+00,0.000000000000000000e+00
4.094668515033046674e+01,0.000000000000000000e+00,0.000000000000000000e+00
3.547388318721278466e+01,0.000000000000000000e+00,0.000000000000000000e+00
3.958348767654848643e+01,0.000000000000000000e+00,0.000000000000000000e+00
3.554103139431298075e+01,0.000000000000000000e+00,0.000000000000000000e+00
4.071403114714122040e+01,0.000000000000000000e+00,0.000000000000000000e+00
3.721402749130716359e+01,0.000000000000000000e+00,0.000000000000000000e+00
4.046527317110832200e+01,0.000000000000000000e+00,0.000000000000000000e+00
3.788277082708037824e+01,0.000000000000000000e+00,0.000000000000000000e+00
3.565166908603475804e+01,0.000000000000000000e+00,0.000000000000000000e+00
3.612856717795393990e+01,0.000000000000000000e+00,0.000000000000000000e+00
3.514770545144259728e+01,0.000000000000000000e+00,0.000000000000000000e+00
3.975522134947233610e+01,0.000000000000000000e+00,0.000000000000000000e+00
3.621152416112115446e+01,0.000000000000000000e+00,0.000000000000000000e+00
3.910069394174006163e+01,0.000000000000000000e+00,0.000000000000000000e+00
3.739663384992415018e+01,0.000000000000000000e+00,0.000000000000000000e+00
3.762831338547774607e+01,0.000000000000000000e+00,0.000000000000000000e+00
3.603606291948452878e+01,0.000000000000000000e+00,0.000000000000000000e+00
3.361286680357585510e+01,0.000000000000000000e+00,0.000000000000000000e+00
3.778847783779622205e+01,0.000000000000000000e+00,0.000000000000000000e+00
3.629291036170989315e+01,0.000000000000000000e+00,0.000000000000000000e+00
3.889741028212641538e+01,0.000000000000000000e+00,0.000000000000000000e+00
4.119561833036749476e+01,0.000000000000000000e+00,0.000000000000000000e+00
3.550078678165426282e+01,0.000000000000000000e+00,0.000000000000000000e+00
3.705581374821551321e+01,0.000000000000000000e+00,0.000000000000000000e+00
4.125025751759264381e+01,0.000000000000000000e+00,0.000000000000000000e+00
3.754617328980113911e+01,0.000000000000000000e+00,0.000000000000000000e+00
3.955248764323209087e+01,0.000000000000000000e+00,0.000000000000000000e+00
3.703668769434132457e+01,0.000000000000000000e+00,0.000000000000000000e+00
3.688171246008592874e+01,0.000000000000000000e+00,0.000000000000000000e+00
3.546516106601067975e+01,0.000000000000000000e+00,0.000000000000000000e+00
3.891776476552914232e+01,0.000000000000000000e+00,0.000000000000000000e+00
3.695401621353515509e+01,0.000000000000000000e+00,0.000000000000000000e+00
3.639162959247289564e+01,0.000000000000000000e+00,0.000000000000000000e+00
3.550169236629673009e+01,0.000000000000000000e+00,0.000000000000000000e+00
3.648451238772567251e+01,0.000000000000000000e+00,0.000000000000000000e+00
4.149181303592220615e+01,0.000000000000000000e+00,0.000000000000000000e+00
4.031333819347634062e+01,0.000000000000000000e+00,0.000000000000000000e+00
3.816653219763710325e+01,0.000000000000000000e+00,0.000000000000000000e+00
3.727244395848204306e+01,0.000000000000000000e+00,0.000000000000000000e+00
3.529833209191875198e+01,0.000000000000000000e+00,0.000000000000000000e+00
3.484270590591643924e+01,0.000000000000000000e+00,0.000000000000000000e+00
3.516328554242813453e+01,0.000000000000000000e+00,0.000000000000000000e+00
3.191468014737419523e+01,0.000000000000000000e+00,0.000000000000000000e+00
3.530681753506505771e+01,0.000000000000000000e+00,0.000000000000000000e+00
3.425717596576090074e+01,0.000000000000000000e+00,0.000000000000000000e+00
3.373287383726213307e+01,0.000000000000000000e+00,0.000000000000000000e+00
3.459082014315453080e+01,0.000000000000000000e+00,0.000000000000000000e+00
4.084854418007741117e+01,0.000000000000000000e+00,0.000000000000000000e+00
3.363965467811063803e+01,0.000000000000000000e+00,0.000000000000000000e+00
3.497018050571109882e+01,0.000000000000000000e+00,0.000000000000000000e+00
3.947948684275365139e+01,0.000000000000000000e+00,0.000000000000000000e+00
3.673740735031377369e+01,0.000000000000000000e+00,0.000000000000000000e+00
3.547151354645274779e+01,0.000000000000000000e+00,0.000000000000000000e+00
3.562794059687295345e+01,0.000000000000000000e+00,0.000000000000000000e+00
3.343370885569801487e+01,0.000000000000000000e+00,0.000000000000000000e+00
3.392225529357146030e+01,0.000000000000000000e+00,0.000000000000000000e+00
3.393486032961600785e+01,0.000000000000000000e+00,0.000000000000000000e+00
3.550382526722264487e+01,0.000000000000000000e+00,0.000000000000000000e+00
3.633315939604335654e+01,0.000000000000000000e+00,0.000000000000000000e+00
3.214077402706863040e+01,0.000000000000000000e+00,0.000000000000000000e+00
3.493841473077516468e+01,0.000000000000000000e+00,0.000000000000000000e+00
3.571443901686323130e+01,0.000000000000000000e+00,0.000000000000000000e+00
3.359339383300471837e+01,0.000000000000000000e+00,0.000000000000000000e+00
3.344620696083268285e+01,0.000000000000000000e+00,0.000000000000000000e+00
3.206805582223420004e+01,0.000000000000000000e+00,0.000000000000000000e+00
3.096520999561247578e+01,0.000000000000000000e+00,0.000000000000000000e+00
3.399624882460625486e+01,0.000000000000000000e+00,0.000000000000000000e+00
3.801945987635144064e+01,0.000000000000000000e+00,0.000000000000000000e+00
3.307421487206393351e+01,0.000000000000000000e+00,0.000000000000000000e+00
3.156415773391869450e+01,0.000000000000000000e+00,0.000000000000000000e+00
3.735709741248809479e+01,0.000000000000000000e+00,0.000000000000000000e+00
3.725822317916789217e+01,0.000000000000000000e+00,0.000000000000000000e+00
3.615923360769031092e+01,0.000000000000000000e+00,0.000000000000000000e+00
3.478315046197645444e+01,0.000000000000000000e+00,0.000000000000000000e+00
3.606390451986848689e+01,0.000000000000000000e+00,0.000000000000000000e+00
3.052024692494709157e+01,0.000000000000000000e+00,0.000000000000000000e+00
3.522797605803100396e+01,0.000000000000000000e+00,0.000000000000000000e+00
3.837750021417359392e+01,0.000000000000000000e+00,0.000000000000000000e+00
3.503652822226507624e+01,0.000000000000000000e+00,0.000000000000000000e+00
3.428745611307350316e+01,0.000000000000000000e+00,0.000000000000000000e+00
2.972240279429379584e+01,0.000000000000000000e+00,0.000000000000000000e+00
3.232689409121453394e+01,0.000000000000000000e+00,0.000000000000000000e+00
3.021105404795886784e+01,0.000000000000000000e+00,0.000000000000000000e+00
2.943519010674508962e+01,0.000000000000000000e+00,0.000000000000000000e+00
3.166537110476594208e+01,0.000000000000000000e+00,0.000000000000000000e+00
3.105157089599168074e+01,0.000000000000000000e+00,0.000000000000000000e+00
3.525259798404430001e+01,0.000000000000000000e+00,0.000000000000000000e+00
3.452121381124968735e+01,0.000000000000000000e+00,0.000000000000000000e+00
3.081904810705091080e+01,0.000000000000000000e+00,0.000000000000000000e+00
2.970148924153688696e+01,0.000000000000000000e+00,0.000000000000000000e+00
2.961389405377846273e+01,0.000000000000000000e+00,0.000000000000000000e+00
3.108099596523383568e+01,0.000000000000000000e+00,0.000000000000000000e+00
3.138062223148364183e+01,0.000000000000000000e+00,0.000000000000000000e+00
3.143301585831217793e+01,0.000000000000000000e+00,0.000000000000000000e+00
2.945110007442243827e+01,0.000000000000000000e+00,0.000000000000000000e+00
2.945527091546232867e+01,0.000000000000000000e+00,0.000000000000000000e+00
3.103560653759418386e+01,0.000000000000000000e+00,0.000000000000000000e+00
2.928461012875772695e+01,0.000000000000000000e+00,0.000000000000000000e+00
3.069475780886277860e+01,0.000000000000000000e+00,0.000000000000000000e+00
3.025593875967538082e+01,0.000000000000000000e+00,0.000000000000000000e+00
2.990266344781899477e+01,0.000000000000000000e+00,0.000000000000000000e+00
3.093322100639894856e+01,0.000000000000000000e+00,0.000000000000000000e+00
3.124255652101965808e+01,0.000000000000000000e+00,0.000000000000000000e+00
2.794879095392979096e+01,0.000000000000000000e+00,0.000000000000000000e+00
3.059151526047200065e+01,0.000000000000000000e+00,0.000000000000000000e+00
3.270125842098697433e+01,0.000000000000000000e+00,0.000000000000000000e+00
3.295623234650358313e+01,0.000000000000000000e+00,0.000000000000000000e+00
3.079385999490189008e+01,0.000000000000000000e+00,0.000000000000000000e+00
3.178763642749766305e+01,0.000000000000000000e+00,0.000000000000000000e+00
3.250193668671990821e+01,0.000000000000000000e+00,0.000000000000000000e+00
3.180765944338509854e+01,0.000000000000000000e+00,0.000000000000000000e+00
3.323448943095601038e+01,0.000000000000000000e+00,0.000000000000000000e+00
2.920641302397872252e+01,0.000000000000000000e+00,0.000000000000000000e+00
3.075913276095321791e+01,0.000000000000000000e+00,0.000000000000000000e+00
3.131857046243420584e+01,0.000000000000000000e+00,0.000000000000000000e+00
3.266639218443845039e+01,0.000000000000000000e+00,0.000000000000000000e+00
2.955371894507613106e+01,0.000000000000000000e+00,0.000000000000000000e+00
2.973578269333272317e+01,0.000000000000000000e+00,0.000000000000000000e+00
3.378597209052256289e+01,0.000000000000000000e+00,0.000000000000000000e+00
2.883090227724908772e+01,0.000000000000000000e+00,0.000000000000000000e+00
3.072995931430336114e+01,0.000000000000000000e+00,0.000000000000000000e+00
3.365989574018022523e+01,0.000000000000000000e+00,0.000000000000000000e+00
3.057857269514129328e+01,0.000000000000000000e+00,0.000000000000000000e+00
3.021659250205761893e+01,0.000000000000000000e+00,0.000000000000000000e+00
3.166522644836221190e+01,0.000000000000000000e+00,0.000000000000000000e+00
3.430762513035048045e+01,0.000000000000000000e+00,0.000000000000000000e+00
2.762376471290516022e+01,0.000000000000000000e+00,0.000000000000000000e+00
3.126593105044743837e+01,0.000000000000000000e+00,0.000000000000000000e+00
2.946855248082811229e+01,0.000000000000000000e+00,0.000000000000000000e+00
2.779379789278929991e+01,0.000000000000000000e+00,0.000000000000000000e+00
3.090769774206742682e+01,0.000000000000000000e+00,0.000000000000000000e+00
3.177604363793886932e+01,0.000000000000000000e+00,0.000000000000000000e+00
2.886588551937250458e+01,0.000000000000000000e+00,0.000000000000000000e+00
3.038143694418632990e+01,0.000000000000000000e+00,0.000000000000000000e+00
2.922123816073522207e+01,0.000000000000000000e+00,0.000000000000000000e+00
2.747124259716170158e+01,0.000000000000000000e+00,0.000000000000000000e+00
2.692507762255527481e+01,0.000000000000000000e+00,0.000000000000000000e+00
2.761818642021921022e+01,0.000000000000000000e+00,0.000000000000000000e+00
2.763889776792061781e+01,0.000000000000000000e+00,0.000000000000000000e+00
2.783810532432741525e+01,0.000000000000000000e+00,0.000000000000000000e+00
2.754733690026599291e+01,0.000000000000000000e+00,0.000000000000000000e+00
3.187744966026084370e+01,0.000000000000000000e+00,0.000000000000000000e+00
2.872404936459030722e+01,0.000000000000000000e+00,0.000000000000000000e+00
2.884782164044367647e+01,0.000000000000000000e+00,0.000000000000000000e+00
3.167012103438140613e+01,0.000000000000000000e+00,0.000000000000000000e+00
2.792686568756738197e+01,0.000000000000000000e+00,0.000000000000000000e+00
2.846284739615009940e+01,0.000000000000000000e+00,0.000000000000000000e+00
2.852298304845429655e+01,0.000000000000000000e+00,0.000000000000000000e+00
2.660940029240299864e+01,0.000000000000000000e+00,0.000000000000000000e+00
2.991430610853017313e+01,0.000000000000000000e+00,0.000000000000000000e+00
2.979356978862597316e+01,0.000000000000000000e+00,0.000000000000000000e+00
2.870540357159863731e+01,0.000000000000000000e+00,0.000000000000000000e+00
2.668426323738083994e+01,0.000000000000000000e+00,0.000000000000000000e+00
2.882425100313756872e+01,0.000000000000000000e+00,0.000000000000000000e+00
3.046659210599621659e+01,0.000000000000000000e+00,0.000000000000000000e+00
3.066522619226200774e+01,0.000000000000000000e+00,0.000000000000000000e+00
2.918658289293184183e+01,0.000000000000000000e+00,0.000000000000000000e+00
2.614037404990352798e+01,0.000000000000000000e+00,0.000000000000000000e+00
3.198704622498396333e+01,0.000000000000000000e+00,0.000000000000000000e+00
2.729682611276022186e+01,0.000000000000000000e+00,0.000000000000000000e+00
2.948409611486916049e+01,0.000000000000000000e+00,0.000000000000000000e+00
2.861636468379798970e+01,0.000000000000000000e+00,0.000000000000000000e+00
3.048021104507775902e+01,0.000000000000000000e+00,0.000000000000000000e+00
2.971607530470564384e+01,0.000000000000000000e+00,0.000000000000000000e+00
3.160413624229422425e+01,0.000000000000000000e+00,0.000000000000000000e+00
3.043415036835099485e+01,0.000000000000000000e+00,0.000000000000000000e+00
2.586608608554639588e+01,0.000000000000000000e+00,0.000000000000000000e+00
2.645917211892390242e+01,0.000000000000000000e+00,0.000000000000000000e+00
3.213619315070773297e+01,0.000000000000000000e+00,0.000000000000000000e+00
2.527012935580863129e+01,0.000000000000000000e+00,0.000000000000000000e+00
2.305709985760928760e+01,0.000000000000000000e+00,0.000000000000000000e+00
2.666485768602433737e+01,0.000000000000000000e+00,0.000000000000000000e+00
2.876057268210567486e+01,0.000000000000000000e+00,0.000000000000000000e+00
2.688393629621267777e+01,0.000000000000000000e+00,0.000000000000000000e+00
2.894734343877587790e+01,0.000000000000000000e+00,0.000000000000000000e+00
2.917781057299400160e+01,0.000000000000000000e+00,0.000000000000000000e+00
2.597647109100622487e+01,0.000000000000000000e+00,0.000000000000000000e+00
2.684297180531213201e+01,0.000000000000000000e+00,0.000000000000000000e+00
2.765561277966531506e+01,0.000000000000000000e+00,0.000000000000000000e+00
2.524203617574806557e+01,0.000000000000000000e+00,0.000000000000000000e+00
2.647101901087697229e+01,0.000000000000000000e+00,0.000000000000000000e+00
2.774704956365539843e+01,0.000000000000000000e+00,0.000000000000000000e+00
2.636253792570883903e+01,0.000000000000000000e+00,0.000000000000000000e+00
2.662421304768264108e+01,0.000000000000000000e+00,0.000000000000000000e+00
2.683965440335414598e+01,0.000000000000000000e+00,0.000000000000000000e+00
2.501614190745745603e+01,0.000000000000000000e+00,0.000000000000000000e+00
2.424166968688892965e+01,0.000000000000000000e+00,0.000000000000000000e+00
2.523900273626129476e+01,0.000000000000000000e+00,0.000000000000000000e+00
2.490798339806159944e+01,0.000000000000000000e+00,0.000000000000000000e+00
2.515139977303052987e+01,0.000000000000000000e+00,0.000000000000000000e+00
3.002893706787746808e+01,0.000000000000000000e+00,0.000000000000000000e+00
2.643241076824150326e+01,0.000000000000000000e+00,0.000000000000000000e+00
2.555072239575324389e+01,0.000000000000000000e+00,0.000000000000000000e+00
2.707456257329122096e+01,0.000000000000000000e+00,0.000000000000000000e+00
2.856992073962118184e+01,0.000000000000000000e+00,0.000000000000000000e+00
2.542552681167686401e+01,0.000000000000000000e+00,0.000000000000000000e+00
2.481763560411169678e+01,0.000000000000000000e+00,0.000000000000000000e+00
2.902948236352175115e+01,0.000000000000000000e+00,0.000000000000000000e+00
2.665886692639471534e+01,0.000000000000000000e+00,0.000000000000000000e+00
2.578603200309460064e+01,0.000000000000000000e+00,0.000000000000000000e+00
2.587223528618648416e+01,0.000000000000000000e+00,0.000000000000000000e+00
2.565828751745348058e+01,0.000000000000000000e+00,0.000000000000000000e+00
2.939383425125881644e+01,0.000000000000000000e+00,0.000000000000000000e+00
2.273475997907016577e+01,0.000000000000000000e+00,0.000000000000000000e+00
2.489655771044035859e+01,0.000000000000000000e+00,0.000000000000000000e+00
2.668258036681661238e+01,0.000000000000000000e+00,0.000000000000000000e+00
2.573381344126963910e+01,0.000000000000000000e+00,0.000000000000000000e+00
2.688754748377816384e+01,0.000000000000000000e+00,0.000000000000000000e+00
2.366376905512414552e+01,0.000000000000000000e+00,0.000000000000000000e+00
2.710642857172151565e+01,0.000000000000000000e+00,0.000000000000000000e+00
2.762996455166064536e+01,0.000000000000000000e+00,0.000000000000000000e+00
2.674378863030673514e+01,0.000000000000000000e+00,0.000000000000000000e+00
2.803856335692263002e+01,0.000000000000000000e+00,0.000000000000000000e+00
2.265060810179685191e+01,0.000000000000000000e+00,0.000000000000000000e+00
2.382641325009058164e+01,0.000000000000000000e+00,0.000000000000000000e+00
2.487000886054664051e+01,0.000000000000000000e+00,0.000000000000000000e+00
2.776076534532924356e+01,0.000000000000000000e+00,0.000000000000000000e+00
2.604117787672447548e+01,0.000000000000000000e+00,0.000000000000000000e+00
2.906950247816262234e+01,0.000000000000000000e+00,0.000000000000000000e+00
2.816538289956173458e+01,0.000000000000000000e+00,0.000000000000000000e+00
2.447650790878864413e+01,0.000000000000000000e+00,0.000000000000000000e+00
2.305260755818706286e+01,0.000000000000000000e+00,0.000000000000000000e+00
2.584358750797591853e+01,0.000000000000000000e+00,0.000000000000000000e+00
2.380568382494153212e+01,0.000000000000000000e+00,0.000000000000000000e+00
2.537469083390890390e+01,0.000000000000000000e+00,0.000000000000000000e+00
2.623072432716721281e+01,0.000000000000000000e+00,0.000000000000000000e+00
2.263272813675603956e+01,0.000000000000000000e+00,0.000000000000000000e+00
2.398335866989668830e+01,0.000000000000000000e+00,0.000000000000000000e+00
2.493495556886909981e+01,0.000000000000000000e+00,0.000000000000000000e+00
2.481333393295772893e+01,0.000000000000000000e+00,0.000000000000000000e+00
2.206851745706183721e+01,0.000000000000000000e+00,0.000000000000000000e+00
2.438263704263083298e+01,0.000000000000000000e+00,0.000000000000000000e+00
2.450910531003173531e+01,0.000000000000000000e+00,0.000000000000000000e+00
2.282044735043936967e+01,0.000000000000000000e+00,0.000000000000000000e+00
2.600418273769744815e+01,0.000000000000000000e+00,0.000000000000000000e+00
2.257945350673669438e+01,0.000000000000000000e+00,0.000000000000000000e+00
2.619994257486751366e+01,0.000000000000000000e+00,0.000000000000000000e+00
2.456536077510993366e+01,0.000000000000000000e+00,0.000000000000000000e+00
2.512329197368877587e+01,0.000000000000000000e+00,0.000000000000000000e+00
2.103709020554093101e+01,0.000000000000000000e+00,0.000000000000000000e+00
2.672431425669622485e+01,0.000000000000000000e+00,0.000000000000000000e+00
2.506643580509322078e+01,0.000000000000000000e+00,0.000000000000000000e+00
2.550283849083477961e+01,0.000000000000000000e+00,0.000000000000000000e+00
2.679098487396528938e+01,0.000000000000000000e+00,0.000000000000000000e+00
1.744368093987172230e+01,0.000000000000000000e+00,0.000000000000000000e+00
2.457219709073264724e+01,0.000000000000000000e+00,0.000000000000000000e+00
2.063090859107592934e+01,0.000000000000000000e+00,0.000000000000000000e+00
2.484915994004714435e+01,0.000000000000000000e+00,0.000000000000000000e+00
2.494092977945501843e+01,0.000000000000000000e+00,0.000000000000000000e+00
2.499550870625180110e+01,0.000000000000000000e+00,0.000000000000000000e+00
2.580209665968207489e+01,0.000000000000000000e+00,0.000000000000000000e+00
2.355350795708342559e+01,0.000000000000000000e+00,0.000000000000000000e+00
2.275383241242258947e+01,0.000000000000000000e+00,0.000000000000000000e+00
2.571696124780095971e+01,0.000000000000000000e+00,0.000000000000000000e+00
2.178613513991029649e+01,0.000000000000000000e+00,0.000000000000000000e+00
2.313814539916938884e+01,0.000000000000000000e+00,0.000000000000000000e+00
2.183031093041140380e+01,0.000000000000000000e+00,0.000000000000000000e+00
2.288445422503900772e+01,0.000000000000000000e+00,0.000000000000000000e+00
2.405706197275473812e+01,0.000000000000000000e+00,0.000000000000000000e+00
2.511541926969016458e+01,0.000000000000000000e+00,0.000000000000000000e+00
2.233161254001237239e+01,0.000000000000000000e+00,0.000000000000000000e+00
2.444103422188501185e+01,0.000000000000000000e+00,0.000000000000000000e+00
2.264755920576043735e+01,0.000000000000000000e+00,0.000000000000000000e+00
2.378456367475190802e+01,0.000000000000000000e+00,0.000000000000000000e+00
2.635807089816250226e+01,0.000000000000000000e+00,0.000000000000000000e+00
2.213729970023700844e+01,0.000000000000000000e+00,0.000000000000000000e+00
2.342775032963367821e+01,0.000000000000000000e+00,0.000000000000000000e+00
2.317694630348902152e+01,0.000000000000000000e+00,0.000000000000000000e+00
1.906398084722377462e+01,0.000000000000000000e+00,0.000000000000000000e+00
2.433466867257915922e+01,0.000000000000000000e+00,0.000000000000000000e+00
2.278445256617936110e+01,0.000000000000000000e+00,0.000000000000000000e+00
2.645688927135777391e+01,0.000000000000000000e+00,0.000000000000000000e+00
2.494573107629116038e+01,0.000000000000000000e+00,0.000000000000000000e+00
2.380260588417294443e+01,0.000000000000000000e+00,0.000000000000000000e+00
2.540982300014035999e+01,0.000000000000000000e+00,0.000000000000000000e+00
2.431383565191564244e+01,0.000000000000000000e+00,0.000000000000000000e+00
2.310728234452591323e+01,0.000000000000000000e+00,0.000000000000000000e+00
2.500971570170079517e+01,0.000000000000000000e+00,0.000000000000000000e+00
2.372929188783346177e+01,0.000000000000000000e+00,0.000000000000000000e+00
2.277276929485933721e+01,0.000000000000000000e+00,0.000000000000000000e+00
1.667012824877261323e+01,0.000000000000000000e+00,0.000000000000000000e+00
1.957909129391508429e+01,0.000000000000000000e+00,0.000000000000000000e+00
2.535730040930494411e+01,0.000000000000000000e+00,0.000000000000000000e+00
2.056396753224789364e+01,0.000000000000000000e+00,0.000000000000000000e+00
2.484030004605552477e+01,0.000000000000000000e+00,0.000000000000000000e+00
2.166972182860099494e+01,0.000000000000000000e+00,0.000000000000000000e+00
2.261953635814162666e+01,0.000000000000000000e+00,0.000000000000000000e+00
2.206920767405279094e+01,0.000000000000000000e+00,0.000000000000000000e+00
2.021508378134938866e+01,0.000000000000000000e+00,0.000000000000000000e+00
2.440052039539215656e+01,0.000000000000000000e+00,0.000000000000000000e+00
2.378744836017552444e+01,0.000000000000000000e+00,0.000000000000000000e+00
2.285904839850667614e+01,0.000000000000000000e+00,0.000000000000000000e+00
2.446681395181938257e+01,0.000000000000000000e+00,0.000000000000000000e+00
2.154485195189603886e+01,0.000000000000000000e+00,0.000000000000000000e+00
2.223272582421741816e+01,0.000000000000000000e+00,0.000000000000000000e+00
2.211858216254896092e+01,0.000000000000000000e+00,0.000000000000000000e+00
2.109975985495438522e+01,0.000000000000000000e+00,0.000000000000000000e+00
1.955734747114981786e+01,0.000000000000000000e+00,0.000000000000000000e+00
2.219806198177540679e+01,0.000000000000000000e+00,0.000000000000000000e+00
2.399602673151330379e+01,0.000000000000000000e+00,0.000000000000000000e+00
2.453189096366815392e+01,0.000000000000000000e+00,0.000000000000000000e+00
2.707646383174119009e+01,0.000000000000000000e+00,0.000000000000000000e+00
2.133841690803532032e+01,0.000000000000000000e+00,0.000000000000000000e+00
1.920080760483875437e+01,0.000000000000000000e+00,0.000000000000000000e+00
2.370173892189680487e+01,0.000000000000000000e+00,0.000000000000000000e+00
2.382770211257948034e+01,0.000000000000000000e+00,0.000000000000000000e+00
1.845832040570622823e+01,0.000000000000000000e+00,0.000000000000000000e+00
1.992746218677785208e+01,0.000000000000000000e+00,0.000000000000000000e+00
2.054721718424196553e+01,0.000000000000000000e+00,0.000000000000000000e+00
2.112024593514038884e+01,0.000000000000000000e+00,0.000000000000000000e+00
1.955497584095229158e+01,0.000000000000000000e+00,0.000000000000000000e+00
1.986297261700475758e+01,0.000000000000000000e+00,0.000000000000000000e+00
2.194869493893909862e+01,0.000000000000000000e+00,0.000000000000000000e+00
1.885868495773024733e+01,0.000000000000000000e+00,0.000000000000000000e+00
2.216275792841673109e+01,0.000000000000000000e+00,0.000000000000000000e+00
1.453234873626560031e+01,0.000000000000000000e+00,0.000000000000000000e+00
2.033539749156927456e+01,0.000000000000000000e+00,0.000000000000000000e+00
2.058965267921978892e+01,0.000000000000000000e+00,0.000000000000000000e+00
2.458577495182158046e+01,0.000000000000000000e+00,0.000000000000000000e+00
2.458792751879737182e+01,0.000000000000000000e+00,0.000000000000000000e+00
1.824462081363801857e+01,0.000000000000000000e+00,0.000000000000000000e+00
2.324805263396831378e+01,0.000000000000000000e+00,0.000000000000000000e+00
2.103594173651737620e+01,0.000000000000000000e+00,0.000000000000000000e+00
2.277155946252460339e+01,0.000000000000000000e+00,0.000000000000000000e+00
2.398573328789742831e+01,0.000000000000000000e+00,0.000000000000000000e+00
2.360697019913255090e+01,0.000000000000000000e+00,0.000000000000000000e+00
2.504242568645558009e+01,0.000000000000000000e+00,0.000000000000000000e+00
2.015464383725218056e+01,0.000000000000000000e+00,0.000000000000000000e+00
2.199527265390047859e+01,0.000000000000000000e+00,0.000000000000000000e+00
2.364873396097466340e+01,0.000000000000000000e+00,0.000000000000000000e+00
1.886020290226646878e+01,0.000000000000000000e+00,0.000000000000000000e+00
2.050322230297803472e+01,0.000000000000000000e+00,0.000000000000000000e+00
2.054183429039122899e+01,0.000000000000000000e+00,0.000000000000000000e+00
1.893917194341583254e+01,0.000000000000000000e+00,0.000000000000000000e+00
2.225222526968508063e+01,0.000000000000000000e+00,0.000000000000000000e+00
2.168967172740176608e+01,0.000000000000000000e+00,0.000000000000000000e+00
2.281563409941607645e+01,0.000000000000000000e+00,0.000000000000000000e+00
2.141950602783664692e+01,0.000000000000000000e+00,0.000000000000000000e+00
1.949941352528249539e+01,0.000000000000000000e+00,0.000000000000000000e+00
2.330377914342760803e+01,0.000000000000000000e+00,0.000000000000000000e+00
2.373935287979101716e+01,0.000000000000000000e+00,0.000000000000000000e+00
2.204376367779369517e+01,0.000000000000000000e+00,0.000000000000000000e+00
2.302459607623543647e+01,0.000000000000000000e+00,0.000000000000000000e+00
2.266007176609142348e+01,0.000000000000000000e+00,0.000000000000000000e+00
1.809905030120687996e+01,0.000000000000000000e+00,0.000000000000000000e+00
2.223289872748751961e+01,0.000000000000000000e+00,0.000000000000000000e+00
1.826699123893435583e+01,0.000000000000000000e+00,0.000000000000000000e+00
2.186512571583368469e+01,0.000000000000000000e+00,0.000000000000000000e+00
2.340835631059401223e+01,0.000000000000000000e+00,0.000000000000000000e+00
2.088189583947981376e+01,0.000000000000000000e+00,0.000000000000000000e+00
1.830420009209495191e+01,0.000000000000000000e+00,0.000000000000000000e+00
1.711745265409550854e+01,0.000000000000000000e+00,0.000000000000000000e+00
1.818095588687041797e+01,0.000000000000000000e+00,0.000000000000000000e+00
2.197566613691167703e+01,0.000000000000000000e+00,0.000000000000000000e+00
2.380766569540738331e+01,0.000000000000000000e+00,0.000000000000000000e+00
1.970358197195977823e+01,0.000000000000000000e+00,0.000000000000000000e+00
2.313166681641058631e+01,0.000000000000000000e+00,0.000000000000000000e+00
2.114323293734247855e+01,0.000000000000000000e+00,0.000000000000000000e+00
2.119183230443784893e+01,0.000000000000000000e+00,0.000000000000000000e+00
2.106077544211310482e+01,0.000000000000000000e+00,0.000000000000000000e+00
2.046230508239821333e+01,0.000000000000000000e+00,0.000000000000000000e+00
2.290952016466236785e+01,0.000000000000000000e+00,0.000000000000000000e+00
2.469579117904487475e+01,0.000000000000000000e+00,0.000000000000000000e+00
1.965851581291819983e+01,0.000000000000000000e+00,0.000000000000000000e+00
2.291504222168972404e+01,0.000000000000000000e+00,0.000000000000000000e+00
2.368540436427144869e+01,0.000000000000000000e+00,0.000000000000000000e+00
1.665586018647788080e+01,0.000000000000000000e+00,0.000000000000000000e+00
1.918960510250943585e+01,0.000000000000000000e+00,0.000000000000000000e+00
1.850791339678375280e+01,0.000000000000000000e+00,0.000000000000000000e+00
1.953642322618839344e+01,0.000000000000000000e+00,0.000000000000000000e+00
1.865310697085964620e+01,0.000000000000000000e+00,0.000000000000000000e+00
2.033689602349888759e+01,0.000000000000000000e+00,0.000000000000000000e+00
1.998194448583951299e+01,0.000000000000000000e+00,0.000000000000000000e+00
2.330665481208622580e+01,0.000000000000000000e+00,0.000000000000000000e+00
1.803230554656791185e+01,0.000000000000000000e+00,0.000000000000000000e+00
2.242365253536367220e+01,0.000000000000000000e+00,0.000000000000000000e+00
2.086580191845140675e+01,0.000000000000000000e+00,0.000000000000000000e+00
2.316748869991276649e+01,0.000000000000000000e+00,0.000000000000000000e+00
2.076784845797479306e+01,0.000000000000000000e+00,0.000000000000000000e+00
1.868285453360814685e+01,0.000000000000000000e+00,0.000000000000000000e+00
1.998770669329273630e+01,0.000000000000000000e+00,0.000000000000000000e+00
2.133949495030850585e+01,0.000000000000000000e+00,0.000000000000000000e+00
1.875260734230809945e+01,0.000000000000000000e+00,0.000000000000000000e+00
1.820327538458014160e+01,0.000000000000000000e+00,0.000000000000000000e+00
2.091119807654189700e+01,0.000000000000000000e+00,0.000000000000000000e+00
2.591044509146200525e+01,0.000000000000000000e+00,0.000000000000000000e+00
1.716064383090681034e+01,0.000000000000000000e+00,0.000000000000000000e+00
2.089647446724467628e+01,0.000000000000000000e+00,0.000000000000000000e+00
2.224534468236618068e+01,0.000000000000000000e+00,0.000000000000000000e+00
1.819609804386102425e+01,0.000000000000000000e+00,0.000000000000000000e+00
1.807353212734096104e+01,0.000000000000000000e+00,0.000000000000000000e+00
2.181682233468843179e+01,0.000000000000000000e+00,0.000000000000000000e+00
2.147748086407718304e+01,0.000000000000000000e+00,0.000000000000000000e+00
1.742995696647957971e+01,0.000000000000000000e+00,0.000000000000000000e+00
2.206268153960087375e+01,0.000000000000000000e+00,0.000000000000000000e+00
2.219778921824606499e+01,0.000000000000000000e+00,0.000000000000000000e+00
2.442226643998007418e+01,0.000000000000000000e+00,0.000000000000000000e+00
1.974892999264982052e+01,0.000000000000000000e+00,0.000000000000000000e+00
2.065624544046158206e+01,0.000000000000000000e+00,0.000000000000000000e+00
2.038977380773701853e+01,0.000000000000000000e+00,0.000000000000000000e+00
2.190239760100349642e+01,0.000000000000000000e+00,0.000000000000000000e+00
1.889790788554326539e+01,0.000000000000000000e+00,0.000000000000000000e+00
2.437721611518660225e+01,0.000000000000000000e+00,0.000000000000000000e+00
2.136889155371683557e+01,0.000000000000000000e+00,0.000000000000000000e+00
1.931052432033666832e+01,0.000000000000000000e+00,0.000000000000000000e+00
1.706033635134533810e+01,0.000000000000000000e+00,0.000000000000000000e+00
1.914734851310032937e+01,0.000000000000000000e+00,0.000000000000000000e+00
1.930768949119133637e+01,0.000000000000000000e+00,0.000000000000000000e+00
2.042569087611664003e+01,0.000000000000000000e+00,0.000000000000000000e+00
2.203271274156251991e+01,0.000000000000000000e+00,0.000000000000000000e+00
1.996434756563634139e+01,0.000000000000000000e+00,0.000000000000000000e+00
2.180138423791679259e+01,0.000000000000000000e+00,0.000000000000000000e+00
2.225377160229776408e+01,0.000000000000000000e+00,0.000000000000000000e+00
1.627044913024260353e+01,0.000000000000000000e+00,0.000000000000000000e+00
1.889204586297188015e+01,0.000000000000000000e+00,0.000000000000000000e+00
1.866474091349650521e+01,0.000000000000000000e+00,0.000000000000000000e+00
2.193851984386256859e+01,0.000000000000000000e+00,0.000000000000000000e+00
2.065569850591936785e+01,0.000000000000000000e+00,0.000000000000000000e+00
2.133539209707305417e+01,0.000000000000000000e+00,0.000000000000000000e+00
1.705676301242957749e+01,0.000000000000000000e+00,0.000000000000000000e+00
1.913417128377610865e+01,0.000000000000000000e+00,0.000000000000000000e+00
1.978448118254327071e+01,0.000000000000000000e+00,0.000000000000000000e+00
1.981580723633785723e+01,0.000000000000000000e+00,0.000000000000000000e+00
2.253550817901442471e+01,0.000000000000000000e+00,0.000000000000000000e+00
1.791619218956316928e+01,0.000000000000000000e+00,0.000000000000000000e+00
1.866753429958964716e+01,0.000000000000000000e+00,0.000000000000000000e+00
1.842673458646847706e+01,0.000000000000000000e+00,0.000000000000000000e+00
1.984675453677267143e+01,0.000000000000000000e+00,0.000000000000000000e+00
2.157043484228141139e+01,0.000000000000000000e+00,0.000000000000000000e+00
1.979835807773297063e+01,0.000000000000000000e+00,0.000000000000000000e+00
1.939336213357191596e+01,0.000000000000000000e+00,0.000000000000000000e+00
2.028727826539297752e+01,0.000000000000000000e+00,0.000000000000000000e+00
1.865330879735888558e+01,0.000000000000000000e+00,0.000000000000000000e+00
1.667529104467549672e+01,0.000000000000000000e+00,0.000000000000000000e+00
1.724016640942758372e+01,0.000000000000000000e+00,0.000000000000000000e+00
1.794723052526402185e+01,0.000000000000000000e+00,0.000000000000000000e+00
2.127269878260625546e+01,0.000000000000000000e+00,0.000000000000000000e+00
2.246360921473566563e+01,0.000000000000000000e+00,0.000000000000000000e+00
1.740611467717226191e+01,0.000000000000000000e+00,0.000000000000000000e+00
2.125867875556996367e+01,0.000000000000000000e+00,0.000000000000000000e+00
2.043255188870261563e+01,0.000000000000000000e+00,0.000000000000000000e+00
1.928158889291159639e+01,0.000000000000000000e+00,0.000000000000000000e+00
1.753914831752062753e+01,0.000000000000000000e+00,0.000000000000000000e+00
1.920421453222991559e+01,0.000000000000000000e+00,0.000000000000000000e+00
1.808265043291464380e+01,0.000000000000000000e+00,0.000000000000000000e+00
1.586631883081981265e+01,0.000000000000000000e+00,0.000000000000000000e+00
2.076774723743635320e+01,0.000000000000000000e+00,0.000000000000000000e+00
1.711991517555514264e+01,0.000000000000000000e+00,0.000000000000000000e+00
2.136228251389240640e+01,0.000000000000000000e+00,0.000000000000000000e+00
1.910298309322041632e+01,0.000000000000000000e+00,0.000000000000000000e+00
2.416944313700124525e+01,0.000000000000000000e+00,0.000000000000000000e+00
2.351219084300272044e+01,0.000000000000000000e+00,0.000000000000000000e+00
1.750164678768788207e+01,0.000000000000000000e+00,0.000000000000000000e+00
2.093256195013429277e+01,0.000000000000000000e+00,0.000000000000000000e+00
1.765219999567038300e+01,0.000000000000000000e+00,0.000000000000000000e+00
1.929235774979866136e+01,0.000000000000000000e+00,0.000000000000000000e+00
2.375181258911909765e+01,0.000000000000000000e+00,0.000000000000000000e+00
2.095820659498897243e+01,0.000000000000000000e+00,0.000000000000000000e+00
2.123799851441009423e+01,0.000000000000000000e+00,0.000000000000000000e+00
2.010051494476890710e+01,0.000000000000000000e+00,0.000000000000000000e+00
2.337667778750551406e+01,0.000000000000000000e+00,0.000000000000000000e+00
2.043167326512068627e+01,0.000000000000000000e+00,0.000000000000000000e+00
1.934823911638417471e+01,0.000000000000000000e+00,0.000000000000000000e+00
1.928738684490483024e+01,0.000000000000000000e+00,0.000000000000000000e+00
1.908970851484382436e+01,0.000000000000000000e+00,0.000000000000000000e+00
2.277856192027172000e+01,0.000000000000000000e+00,0.000000000000000000e+00
1.807851615210311635e+01,0.000000000000000000e+00,0.000000000000000000e+00
1.947979261102671344e+01,0.000000000000000000e+00,0.000000000000000000e+00
2.068697050140805871e+01,0.000000000000000000e+00,0.000000000000000000e+00
2.315689814571618044e+01,0.000000000000000000e+00,0.000000000000000000e+00
1.836333860563921050e+01,0.000000000000000000e+00,0.000000000000000000e+00
1.823244259455724148e+01,0.000000000000000000e+00,0.000000000000000000e+00
2.153306852718852582e+01,0.000000000000000000e+00,0.000000000000000000e+00
2.279677260996728805e+01,0.000000000000000000e+00,0.000000000000000000e+00
1.732817397145605298e+01,0.000000000000000000e+00,0.000000000000000000e+00
1.881542621201176502e+01,0.000000000000000000e+00,0.000000000000000000e+00
1.982021843508483627e+01,0.000000000000000000e+00,0.000000000000000000e+00
2.233486929199562709e+01,0.000000000000000000e+00,0.000000000000000000e+00
1.881927641142825891e+01,0.000000000000000000e+00,0.000000000000000000e+00
2.017627369544990756e+01,0.000000000000000000e+00,0.000000000000000000e+00
1.593129928003452633e+01,0.000000000000000000e+00,0.000000000000000000e+00
1.918711039371525828e+01,0.000000000000000000e+00,0.000000000000000000e+00
2.378241293121245192e+01,0.000000000000000000e+00,0.000000000000000000e+00
1.898608833317703670e+01,0.000000000000000000e+00,0.000000000000000000e+00
1.896168005560331338e+01,0.000000000000000000e+00,0.000000000000000000e+00
1.947545578849775438e+01,0.000000000000000000e+00,0.000000000000000000e+00
2.505093526120229441e+01,0.000000000000000000e+00,0.000000000000000000e+00
2.374833914701520854e+01,0.000000000000000000e+00,0.000000000000000000e+00
2.442482141579286292e+01,0.000000000000000000e+00,0.000000000000000000e+00
2.159475508241219543e+01,0.000000000000000000e+00,0.000000000000000000e+00
1.935482154267222654e+01,0.000000000000000000e+00,0.000000000000000000e+00
2.335118085729402182e+01,0.000000000000000000e+00,0.000000000000000000e+00
1.853454855857048500e+01,0.000000000000000000e+00,0.000000000000000000e+00
2.112325810400163206e+01,0.000000000000000000e+00,0.000000000000000000e+00
2.199324908149224811e+01,0.000000000000000000e+00,0.000000000000000000e+00
2.136478312288304338e+01,0.000000000000000000e+00,0.000000000000000000e+00
2.213044103657574624e+01,0.000000000000000000e+00,0.000000000000000000e+00
2.060208116507503107e+01,0.000000000000000000e+00,0.000000000000000000e+00
2.211208532042045505e+01,0.000000000000000000e+00,0.000000000000000000e+00
2.070083354459175951e+01,0.000000000000000000e+00,0.000000000000000000e+00
2.196457959127426918e+01,0.000000000000000000e+00,0.000000000000000000e+00
1.670138145858916801e+01,0.000000000000000000e+00,0.000000000000000000e+00
2.403211009609267279e+01,0.000000000000000000e+00,0.000000000000000000e+00
2.289090920646866323e+01,0.000000000000000000e+00,0.000000000000000000e+00
1.561405603191016311e+01,0.000000000000000000e+00,0.000000000000000000e+00
2.085120649985168129e+01,0.000000000000000000e+00,0.000000000000000000e+00
1.955671137403346194e+01,0.000000000000000000e+00,0.000000000000000000e+00
1.870881488017237970e+01,0.000000000000000000e+00,0.000000000000000000e+00
2.376222778308858352e+01,0.000000000000000000e+00,0.000000000000000000e+00
1.841163498137828114e+01,0.000000000000000000e+00,0.000000000000000000e+00
1.980387856888232179e+01,0.000000000000000000e+00,0.000000000000000000e+00
2.130857511873906773e+01,0.000000000000000000e+00,0.000000000000000000e+00
2.198409827642722547e+01,0.000000000000000000e+00,0.000000000000000000e+00
1.878718804764360328e+01,0.000000000000000000e+00,0.000000000000000000e+00
2.157215641995201594e+01,0.000000000000000000e+00,0.000000000000000000e+00
2.351962170854738687e+01,0.000000000000000000e+00,0.000000000000000000e+00
2.008392301879190356e+01,0.000000000000000000e+00,0.000000000000000000e+00
1.713360713704209459e+01,0.000000000000000000e+00,0.000000000000000000e+00
2.123400730820441851e+01,0.000000000000000000e+00,0.000000000000000000e+00
1.832166093532240225e+01,0.000000000000000000e+00,0.000000000000000000e+00
2.052022356243860557e+01,0.000000000000000000e+00,0.000000000000000000e+00
2.279417184267817831e+01,0.000000000000000000e+00,0.000000000000000000e+00
2.390582705715473111e+01,0.000000000000000000e+00,0.000000000000000000e+00
1.930656312194370727e+01,0.000000000000000000e+00,0.000000000000000000e+00
1.891120957260032043e+01,0.000000000000000000e+00,0.000000000000000000e+00
1.973304602876950753e+01,0.000000000000000000e+00,0.000000000000000000e+00
2.068812948477735603e+01,0.000000000000000000e+00,0.000000000000000000e+00
2.269367727257315792e+01,0.000000000000000000e+00,0.000000000000000000e+00
2.204863392391416710e+01,0.000000000000000000e+00,0.000000000000000000e+00
1.946097286383844249e+01,0.000000000000000000e+00,0.000000000000000000e+00
2.387161989359445258e+01,0.000000000000000000e+00,0.000000000000000000e+00
2.444811933426429462e+01,0.000000000000000000e+00,0.000000000000000000e+00
2.342072907252378755e+01,0.000000000000000000e+00,0.000000000000000000e+00
1.991303549654567462e+01,0.000000000000000000e+00,0.000000000000000000e+00
2.344486102320874465e+01,0.000000000000000000e+00,0.000000000000000000e+00
1.900786998532053218e+01,0.000000000000000000e+00,0.000000000000000000e+00
2.038755047245014751e+01,0.000000000000000000e+00,0.000000000000000000e+00
1.835383511310422122e+01,0.000000000000000000e+00,0.000000000000000000e+00
1.819489913891517219e+01,0.000000000000000000e+00,0.000000000000000000e+00
2.003432418943952342e+01,0.000000000000000000e+00,0.000000000000000000e+00
2.194508792523853202e+01,0.000000000000000000e+00,0.000000000000000000e+00
2.163028763819212941e+01,0.000000000000000000e+00,0.000000000000000000e+00
1.891717899541897552e+01,0.000000000000000000e+00,0.000000000000000000e+00
2.161225992680088481e+01,0.000000000000000000e+00,0.000000000000000000e+00
2.046885922767734911e+01,0.000000000000000000e+00,0.000000000000000000e+00
2.034126412370460102e+01,0.000000000000000000e+00,0.000000000000000000e+00
2.507464898471875614e+01,0.000000000000000000e+00,0.000000000000000000e+00
2.273075045445702358e+01,0.000000000000000000e+00,0.000000000000000000e+00
1.977414770605104266e+01,0.000000000000000000e+00,0.000000000000000000e+00
1.896074313471044803e+01,0.000000000000000000e+00,0.000000000000000000e+00
2.323021569792943808e+01,0.000000000000000000e+00,0.000000000000000000e+00
2.042666276858410868e+01,0.000000000000000000e+00,0.000000000000000000e+00
1.938705198963964804e+01,0.000000000000000000e+00,0.000000000000000000e+00
2.083141461326351518e+01,0.000000000000000000e+00,0.000000000000000000e+00
1.895522993042841975e+01,0.000000000000000000e+00,0.000000000000000000e+00
2.060583757087020729e+01,0.000000000000000000e+00,0.000000000000000000e+00
2.427236663807795836e+01,0.000000000000000000e+00,0.000000000000000000e+00
2.609387877447634807e+01,0.000000000000000000e+00,0.000000000000000000e+00
2.241083173875384915e+01,0.000000000000000000e+00,0.000000000000000000e+00
1.712611323730666868e+01,0.000000000000000000e+00,0.000000000000000000e+00
2.405352963573612612e+01,0.000000000000000000e+00,0.000000000000000000e+00
2.286798710558661440e+01,0.000000000000000000e+00,0.000000000000000000e+00
2.085394288345774072e+01,0.000000000000000000e+00,0.000000000000000000e+00
2.279779897138612554e+01,0.000000000000000000e+00,0.000000000000000000e+00
2.340245182508858335e+01,0.000000000000000000e+00,0.000000000000000000e+00
2.075757571443692129e+01,0.000000000000000000e+00,0.000000000000000000e+00
1.875690356652426871e+01,0.000000000000000000e+00,0.000000000000000000e+00
2.303889470315387200e+01,0.000000000000000000e+00,0.000000000000000000e+00
1.767186587003895681e+01,0.000000000000000000e+00,0.000000000000000000e+00
1.893856982384686560e+01,0.000000000000000000e+00,0.000000000000000000e+00
2.146726695592840883e+01,0.000000000000000000e+00,0.000000000000000000e+00
2.335750806903667609e+01,0.000000000000000000e+00,0.000000000000000000e+00
1.755311690182315587e+01,0.000000000000000000e+00,0.000000000000000000e+00
1.992081408932033781e+01,0.000000000000000000e+00,0.000000000000000000e+00
2.157247427462392153e+01,0.000000000000000000e+00,0.000000000000000000e+00
2.007357506679932158e+01,0.000000000000000000e+00,0.000000000000000000e+00
2.232418617401862093e+01,0.000000000000000000e+00,0.000000000000000000e+00
2.175431559754865063e+01,0.000000000000000000e+00,0.000000000000000000e+00
2.266814712853638980e+01,0.000000000000000000e+00,0.000000000000000000e+00
1.918527384424028881e+01,0.000000000000000000e+00,0.000000000000000000e+00
2.027059027615203490e+01,0.000000000000000000e+00,0.000000000000000000e+00
1.930597683075611570e+01,0.000000000000000000e+00,0.000000000000000000e+00
2.448987410821789723e+01,0.000000000000000000e+00,0.000000000000000000e+00
2.086820707677156150e+01,0.000000000000000000e+00,0.000000000000000000e+00
2.152283514059388025e+01,0.000000000000000000e+00,0.000000000000000000e+00
2.519383327833286401e+01,0.000000000000000000e+00,0.000000000000000000e+00
2.344180280696259899e+01,0.000000000000000000e+00,0.000000000000000000e+00
2.029366605973841686e+01,0.000000000000000000e+00,0.000000000000000000e+00
2.389349143662436958e+01,0.000000000000000000e+00,0.000000000000000000e+00
2.045658282257324601e+01,0.000000000000000000e+00,0.000000000000000000e+00
2.263710225167109513e+01,0.000000000000000000e+00,0.000000000000000000e+00
2.230958390062214036e+01,0.000000000000000000e+00,0.000000000000000000e+00
2.421487750165140440e+01,0.000000000000000000e+00,0.000000000000000000e+00
1.882088970868220557e+01,0.000000000000000000e+00,0.000000000000000000e+00
2.217882827017030678e+01,0.000000000000000000e+00,0.000000000000000000e+00
2.369311871613715326e+01,0.000000000000000000e+00,0.000000000000000000e+00
1.919664547413794509e+01,0.000000000000000000e+00,0.000000000000000000e+00
2.034937759448596850e+01,0.000000000000000000e+00,0.000000000000000000e+00
2.598721506164972439e+01,0.000000000000000000e+00,0.000000000000000000e+00
2.438078406749183813e+01,0.000000000000000000e+00,0.000000000000000000e+00
2.232481958539554512e+01,0.000000000000000000e+00,0.000000000000000000e+00
2.516933398721079485e+01,0.000000000000000000e+00,0.000000000000000000e+00
2.730931684284546890e+01,0.000000000000000000e+00,0.000000000000000000e+00
2.719126645399492759e+01,0.000000000000000000e+00,0.000000000000000000e+00
2.055703225853280358e+01,0.000000000000000000e+00,0.000000000000000000e+00
2.303198742399488452e+01,0.000000000000000000e+00,0.000000000000000000e+00
2.605782061622124601e+01,0.000000000000000000e+00,0.000000000000000000e+00
2.426667323558933020e+01,0.000000000000000000e+00,0.000000000000000000e+00
2.625222868730970305e+01,0.000000000000000000e+00,0.000000000000000000e+00
2.190219084703853625e+01,0.000000000000000000e+00,0.000000000000000000e+00
2.486345412823820311e+01,0.000000000000000000e+00,0.000000000000000000e+00
2.538441877305128358e+01,0.000000000000000000e+00,0.000000000000000000e+00
2.243530637303853936e+01,0.000000000000000000e+00,0.000000000000000000e+00
2.440880144294684229e+01,0.000000000000000000e+00,0.000000000000000000e+00
2.211884189106707765e+01,0.000000000000000000e+00,0.000000000000000000e+00
2.535199929198571311e+01,0.000000000000000000e+00,0.000000000000000000e+00
2.755884127255662008e+01,0.000000000000000000e+00,0.000000000000000000e+00
2.276880783758209503e+01,0.000000000000000000e+00,0.000000000000000000e+00
2.621225068790140256e+01,0.000000000000000000e+00,0.000000000000000000e+00
2.161463109127089766e+01,0.000000000000000000e+00,0.000000000000000000e+00
1.794244618746816400e+01,0.000000000000000000e+00,0.000000000000000000e+00
2.335782050507859964e+01,0.000000000000000000e+00,0.000000000000000000e+00
2.591198685647675859e+01,0.000000000000000000e+00,0.000000000000000000e+00
2.051826305267448447e+01,0.000000000000000000e+00,0.000000000000000000e+00
2.660268386969925913e+01,0.000000000000000000e+00,0.000000000000000000e+00
2.352636713465430773e+01,0.000000000000000000e+00,0.000000000000000000e+00
2.436302882374106460e+01,0.000000000000000000e+00,0.000000000000000000e+00
2.224228982081858774e+01,0.000000000000000000e+00,0.000000000000000000e+00
2.165864889956358752e+01,0.000000000000000000e+00,0.000000000000000000e+00
2.341884020373438702e+01,0.000000000000000000e+00,0.000000000000000000e+00
2.235534712903473675e+01,0.000000000000000000e+00,0.000000000000000000e+00
2.388627416370558620e+01,0.000000000000000000e+00,0.000000000000000000e+00
2.262338176564135495e+01,0.000000000000000000e+00,0.000000000000000000e+00
2.369740978015371269e+01,0.000000000000000000e+00,0.000000000000000000e+00
2.523971833751368976e+01,0.000000000000000000e+00,0.000000000000000000e+00
2.730064526580651574e+01,0.000000000000000000e+00,0.000000000000000000e+00
2.411648066846746730e+01,0.000000000000000000e+00,0.000000000000000000e+00
2.362730083913677603e+01,0.000000000000000000e+00,0.000000000000000000e+00
2.614154549799091143e+01,0.000000000000000000e+00,0.000000000000000000e+00
2.365533324730669662e+01,0.000000000000000000e+00,0.000000000000000000e+00
2.511877013727455932e+01,0.000000000000000000e+00,0.000000000000000000e+00
2.482139312142552257e+01,0.000000000000000000e+00,0.000000000000000000e+00
2.559346376563350134e+01,0.000000000000000000e+00,0.000000000000000000e+00
2.177540903194802624e+01,0.000000000000000000e+00,0.000000000000000000e+00
2.556497255344070396e+01,0.000000000000000000e+00,0.000000000000000000e+00
2.603324739129940468e+01,0.000000000000000000e+00,0.000000000000000000e+00
2.489555837486886958e+01,0.000000000000000000e+00,0.000000000000000000e+00
2.314251739448680922e+01,0.000000000000000000e+00,0.000000000000000000e+00
2.771494017165277768e+01,0.000000000000000000e+00,0.000000000000000000e+00
2.604686939488630415e+01,0.000000000000000000e+00,0.000000000000000000e+00
2.491326012311312610e+01,0.000000000000000000e+00,0.000000000000000000e+00
2.144513447792419214e+01,0.000000000000000000e+00,0.000000000000000000e+00
2.876602297995883006e+01,0.000000000000000000e+00,0.000000000000000000e+00
2.842575898603779194e+01,0.000000000000000000e+00,0.000000000000000000e+00
2.448788465575539064e+01,0.000000000000000000e+00,0.000000000000000000e+00
3.042805464492172973e+01,0.000000000000000000e+00,0.000000000000000000e+00
2.662090240804792529e+01,0.000000000000000000e+00,0.000000000000000000e+00
2.610360496753459358e+01,0.000000000000000000e+00,0.000000000000000000e+00
2.195141977265416955e+01,0.000000000000000000e+00,0.000000000000000000e+00
2.411393883963411611e+01,0.000000000000000000e+00,0.000000000000000000e+00
2.399714555287116369e+01,0.000000000000000000e+00,0.000000000000000000e+00
2.707673839019728135e+01,0.000000000000000000e+00,0.000000000000000000e+00
2.370540497757212250e+01,0.000000000000000000e+00,0.000000000000000000e+00
2.596359485470357953e+01,0.000000000000000000e+00,0.000000000000000000e+00
2.779125112810294951e+01,0.000000000000000000e+00,0.000000000000000000e+00
2.725316531322942382e+01,0.000000000000000000e+00,0.000000000000000000e+00
2.517710272527211046e+01,0.000000000000000000e+00,0.000000000000000000e+00
2.195412958409496440e+01,0.000000000000000000e+00,0.000000000000000000e+00
2.684005350375205623e+01,0.000000000000000000e+00,0.000000000000000000e+00
2.491014445712228920e+01,0.000000000000000000e+00,0.000000000000000000e+00
2.404229404355191946e+01,0.000000000000000000e+00,0.000000000000000000e+00
2.600959174878591540e+01,0.000000000000000000e+00,0.000000000000000000e+00
2.350264863208080257e+01,0.000000000000000000e+00,0.000000000000000000e+00
2.612505599890646479e+01,0.000000000000000000e+00,0.000000000000000000e+00
2.561575082306812590e+01,0.000000000000000000e+00,0.000000000000000000e+00
2.322410942607051254e+01,0.000000000000000000e+00,0.000000000000000000e+00
2.580015089325114985e+01,0.000000000000000000e+00,0.000000000000000000e+00
2.729089183680147812e+01,0.000000000000000000e+00,0.000000000000000000e+00
2.834189725691283712e+01,0.000000000000000000e+00,0.000000000000000000e+00
2.797289440752265932e+01,0.000000000000000000e+00,0.000000000000000000e+00
2.955788544617375635e+01,0.000000000000000000e+00,0.000000000000000000e+00
2.981453892343919776e+01,0.000000000000000000e+00,0.000000000000000000e+00
2.545040010547945641e+01,0.000000000000000000e+00,0.000000000000000000e+00
2.782119642887878896e+01,0.000000000000000000e+00,0.000000000000000000e+00
3.053353372017806322e+01,0.000000000000000000e+00,0.000000000000000000e+00
2.798689161778517942e+01,0.000000000000000000e+00,0.000000000000000000e+00
2.889368829214243206e+01,0.000000000000000000e+00,0.000000000000000000e+00
2.520553814053719677e+01,0.000000000000000000e+00,0.000000000000000000e+00
2.944617125990818352e+01,0.000000000000000000e+00,0.000000000000000000e+00
2.659196261450042797e+01,0.000000000000000000e+00,0.000000000000000000e+00
2.804688777707755776e+01,0.000000000000000000e+00,0.000000000000000000e+00
2.686867974552473726e+01,0.000000000000000000e+00,0.000000000000000000e+00
2.552163594464865071e+01,0.000000000000000000e+00,0.000000000000000000e+00
2.923478647303387490e+01,0.000000000000000000e+00,0.000000000000000000e+00
2.779784415947447229e+01,0.000000000000000000e+00,0.000000000000000000e+00
2.764362327539267739e+01,0.000000000000000000e+00,0.000000000000000000e+00
2.571997641368080068e+01,0.000000000000000000e+00,0.000000000000000000e+00
2.876442787326708128e+01,0.000000000000000000e+00,0.000000000000000000e+00
2.850769874687299321e+01,0.000000000000000000e+00,0.000000000000000000e+00
2.452737852548904840e+01,0.000000000000000000e+00,0.000000000000000000e+00
2.385115003200623107e+01,0.000000000000000000e+00,0.000000000000000000e+00
2.530831944567419356e+01,0.000000000000000000e+00,0.000000000000000000e+00
2.766282313642156865e+01,0.000000000000000000e+00,0.000000000000000000e+00
2.805711587827308051e+01,0.000000000000000000e+00,0.000000000000000000e+00
2.422409344291555300e+01,0.000000000000000000e+00,0.000000000000000000e+00
2.847806102856520027e+01,0.000000000000000000e+00,0.000000000000000000e+00
3.087433945037840743e+01,0.000000000000000000e+00,0.000000000000000000e+00
2.144387169916565838e+01,0.000000000000000000e+00,0.000000000000000000e+00
2.867024801075137930e+01,0.000000000000000000e+00,0.000000000000000000e+00
2.591254495780825451e+01,0.000000000000000000e+00,0.000000000000000000e+00
2.686847937756295579e+01,0.000000000000000000e+00,0.000000000000000000e+00
2.681635657517863791e+01,0.000000000000000000e+00,0.000000000000000000e+00
2.654599045129774737e+01,0.000000000000000000e+00,0.000000000000000000e+00
3.019768169935436219e+01,0.000000000000000000e+00,0.000000000000000000e+00
2.908052861697320068e+01,0.000000000000000000e+00,0.000000000000000000e+00
2.355589135568311576e+01,0.000000000000000000e+00,0.000000000000000000e+00
2.493974317004106211e+01,0.000000000000000000e+00,0.000000000000000000e+00
2.442212515309428156e+01,0.000000000000000000e+00,0.000000000000000000e+00
2.912401906784621985e+01,0.000000000000000000e+00,0.000000000000000000e+00
2.662800681394883995e+01,0.000000000000000000e+00,0.000000000000000000e+00
2.739188010609260004e+01,0.000000000000000000e+00,0.000000000000000000e+00
3.014989044437589527e+01,0.000000000000000000e+00,0.000000000000000000e+00
2.724029304300767862e+01,0.000000000000000000e+00,0.000000000000000000e+00
2.790278252752978005e+01,0.000000000000000000e+00,0.000000000000000000e+00
3.068939816905044538e+01,0.000000000000000000e+00,0.000000000000000000e+00
2.994376951733480752e+01,0.000000000000000000e+00,0.000000000000000000e+00
3.180326976789888249e+01,0.000000000000000000e+00,0.000000000000000000e+00
2.991903583209884232e+01,0.000000000000000000e+00,0.000000000000000000e+00
3.225712002930351474e+01,0.000000000000000000e+00,0.000000000000000000e+00
2.879219432588095984e+01,0.000000000000000000e+00,0.000000000000000000e+00
3.148801154814811198e+01,0.000000000000000000e+00,0.000000000000000000e+00
3.328189258982771292e+01,0.000000000000000000e+00,0.000000000000000000e+00
2.725369860423777268e+01,0.000000000000000000e+00,0.000000000000000000e+00
2.606213922839391728e+01,0.000000000000000000e+00,0.000000000000000000e+00
2.955395103789906486e+01,0.000000000000000000e+00,0.000000000000000000e+00
2.702952801472824973e+01,0.000000000000000000e+00,0.000000000000000000e+00
2.584452137290455909e+01,0.000000000000000000e+00,0.000000000000000000e+00
3.251795027398858906e+01,0.000000000000000000e+00,0.000000000000000000e+00
2.782166218176194405e+01,0.000000000000000000e+00,0.000000000000000000e+00
2.938771806145286547e+01,0.000000000000000000e+00,0.000000000000000000e+00
2.925946574631810648e+01,0.000000000000000000e+00,0.000000000000000000e+00
2.887707833145742597e+01,0.000000000000000000e+00,0.000000000000000000e+00
2.926840061855278918e+01,0.000000000000000000e+00,0.000000000000000000e+00
3.016588950291334115e+01,0.000000000000000000e+00,0.000000000000000000e+00
3.393391065682791208e+01,0.000000000000000000e+00,0.000000000000000000e+00
3.031321928255422193e+01,0.000000000000000000e+00,0.000000000000000000e+00
2.981828658216552341e+01,0.000000000000000000e+00,0.000000000000000000e+00
2.616857547785088656e+01,0.000000000000000000e+00,0.000000000000000000e+00
3.132302090652705218e+01,0.000000000000000000e+00,0.000000000000000000e+00
2.935067271526814991e+01,0.000000000000000000e+00,0.000000000000000000e+00
3.059440105378643082e+01,0.000000000000000000e+00,0.000000000000000000e+00
2.869230477557686854e+01,0.000000000000000000e+00,0.000000000000000000e+00
3.282420407163120757e+01,0.000000000000000000e+00,0.000000000000000000e+00
2.945122451459143775e+01,0.000000000000000000e+00,0.000000000000000000e+00
3.360623569503725605e+01,0.000000000000000000e+00,0.000000000000000000e+00
2.862644087840227414e+01,0.000000000000000000e+00,0.000000000000000000e+00
2.936960263346500710e+01,0.000000000000000000e+00,0.000000000000000000e+00
3.418307653972692606e+01,0.000000000000000000e+00,0.000000000000000000e+00
3.263185942592669164e+01,0.000000000000000000e+00,0.000000000000000000e+00
3.348230765598840009e+01,0.000000000000000000e+00,0.000000000000000000e+00
3.211222701315669070e+01,0.000000000000000000e+00,0.000000000000000000e+00
3.274504937431218821e+01,0.000000000000000000e+00,0.000000000000000000e+00
2.982078294305825850e+01,0.000000000000000000e+00,0.000000000000000000e+00
3.017895878570924850e+01,0.000000000000000000e+00,0.000000000000000000e+00
2.893885270632002005e+01,0.000000000000000000e+00,0.000000000000000000e+00
3.059623747540696215e+01,0.000000000000000000e+00,0.000000000000000000e+00
3.251287517646683511e+01,0.000000000000000000e+00,0.000000000000000000e+00
2.892998874662809072e+01,0.000000000000000000e+00,0.000000000000000000e+00
3.347475499859248771e+01,0.000000000000000000e+00,0.000000000000000000e+00
2.968517609274916680e+01,0.000000000000000000e+00,0.000000000000000000e+00
3.089826120157572475e+01,0.000000000000000000e+00,0.000000000000000000e+00
3.048834459358092985e+01,0.000000000000000000e+00,0.000000000000000000e+00
3.137463059393571640e+01,0.000000000000000000e+00,0.000000000000000000e+00
3.289764957497562392e+01,0.000000000000000000e+00,0.000000000000000000e+00
2.913471432492906388e+01,0.000000000000000000e+00,0.000000000000000000e+00
3.234765687018773406e+01,0.000000000000000000e+00,0.000000000000000000e+00
3.094167944150643734e+01,0.000000000000000000e+00,0.000000000000000000e+00
3.317449358887645872e+01,0.000000000000000000e+00,0.000000000000000000e+00
3.424743852664688148e+01,0.000000000000000000e+00,0.000000000000000000e+00
3.539134838031053221e+01,0.000000000000000000e+00,0.000000000000000000e+00
3.003373325218290901e+01,0.000000000000000000e+00,0.000000000000000000e+00
3.242352445256396720e+01,0.000000000000000000e+00,0.000000000000000000e+00
3.243693344666931466e+01,0.000000000000000000e+00,0.000000000000000000e+00
3.135132853906459616e+01,0.000000000000000000e+00,0.000000000000000000e+00
3.161643691955409352e+01,0.000000000000000000e+00,0.000000000000000000e+00
3.863035818134221699e+01,0.000000000000000000e+00,0.000000000000000000e+00
3.544472434929635796e+01,0.000000000000000000e+00,0.000000000000000000e+00
3.221872608784590852e+01,0.000000000000000000e+00,0.000000000000000000e+00
3.414931192849812192e+01,0.000000000000000000e+00,0.000000000000000000e+00
3.312212365687203430e+01,0.000000000000000000e+00,0.000000000000000000e+00
3.569616516356243352e+01,0.000000000000000000e+00,0.000000000000000000e+00
3.403637727601881124e+01,0.000000000000000000e+00,0.000000000000000000e+00
3.087831545744174377e+01,0.000000000000000000e+00,0.000000000000000000e+00
3.323246244063104626e+01,0.000000000000000000e+00,0.000000000000000000e+00
2.909608921760649380e+01,0.000000000000000000e+00,0.000000000000000000e+00
3.129446706613854445e+01,0.000000000000000000e+00,0.000000000000000000e+00
3.313710797853476464e+01,0.000000000000000000e+00,0.000000000000000000e+00
3.366368085368019791e+01,0.000000000000000000e+00,0.000000000000000000e+00
3.404364370006961593e+01,0.000000000000000000e+00,0.000000000000000000e+00
3.234648973754935497e+01,0.000000000000000000e+00,0.000000000000000000e+00
3.470951103179004349e+01,0.000000000000000000e+00,0.000000000000000000e+00
3.441652494346157454e+01,0.000000000000000000e+00,0.000000000000000000e+00
3.190713654635515084e+01,0.000000000000000000e+00,0.000000000000000000e+00
3.654267812548719263e+01,0.000000000000000000e+00,0.000000000000000000e+00
3.535865083332600989e+01,0.000000000000000000e+00,0.000000000000000000e+00
3.763326006140356839e+01,0.000000000000000000e+00,0.000000000000000000e+00
3.583212920819550362e+01,0.000000000000000000e+00,0.000000000000000000e+00
3.544172391411405698e+01,0.000000000000000000e+00,0.000000000000000000e+00
3.280045653323534083e+01,0.000000000000000000e+00,0.000000000000000000e+00
3.129041849992103863e+01,0.000000000000000000e+00,0.000000000000000000e+00
3.369462091715771379e+01,0.000000000000000000e+00,0.000000000000000000e+00
3.269089406030020939e+01,0.000000000000000000e+00,0.000000000000000000e+00
3.635052452305838955e+01,0.000000000000000000e+00,0.000000000000000000e+00
3.199930849970018087e+01,0.000000000000000000e+00,0.000000000000000000e+00
3.481098152305829529e+01,0.000000000000000000e+00,0.000000000000000000e+00
3.314150329388089489e+01,0.000000000000000000e+00,0.000000000000000000e+00
3.337793529573301754e+01,0.000000000000000000e+00,0.000000000000000000e+00
3.668777846144807597e+01,0.000000000000000000e+00,0.000000000000000000e+00
3.575172180550269019e+01,0.000000000000000000e+00,0.000000000000000000e+00
3.422298874265109703e+01,0.000000000000000000e+00,0.000000000000000000e+00
3.319088670068259717e+01,0.000000000000000000e+00,0.000000000000000000e+00
3.473952158450834560e+01,0.000000000000000000e+00,0.000000000000000000e+00
3.161970465219949844e+01,0.000000000000000000e+00,0.000000000000000000e+00
3.546690749953621236e+01,0.000000000000000000e+00,0.000000000000000000e+00
3.524901516110794830e+01,0.000000000000000000e+00,0.000000000000000000e+00
3.955029259548098253e+01,0.000000000000000000e+00,0.000000000000000000e+00
3.469590746231715883e+01,0.000000000000000000e+00,0.000000000000000000e+00
3.603679749534036603e+01,0.000000000000000000e+00,0.000000000000000000e+00
3.472675697659295935e+01,0.000000000000000000e+00,0.000000000000000000e+00
3.663286719442875494e+01,0.000000000000000000e+00,0.000000000000000000e+00
3.802128199730473312e+01,0.000000000000000000e+00,0.000000000000000000e+00
3.183727928937046414e+01,0.000000000000000000e+00,0.000000000000000000e+00
3.391800497910854517e+01,0.000000000000000000e+00,0.000000000000000000e+00
3.745689219492761168e+01,0.000000000000000000e+00,0.000000000000000000e+00
3.621516912487696516e+01,0.000000000000000000e+00,0.000000000000000000e+00
3.682696502852700604e+01,0.000000000000000000e+00,0.000000000000000000e+00
3.881192945060721655e+01,0.000000000000000000e+00,0.000000000000000000e+00
3.744041598086618450e+01,0.000000000000000000e+00,0.000000000000000000e+00
3.840242068783074103e+01,0.000000000000000000e+00,0.000000000000000000e+00
3.581304413138526144e+01,0.000000000000000000e+00,0.000000000000000000e+00
3.569672305197976669e+01,0.000000000000000000e+00,0.000000000000000000e+00
3.372143481526084940e+01,0.000000000000000000e+00,0.000000000000000000e+00
3.477033824054441169e+01,0.000000000000000000e+00,0.000000000000000000e+00
3.711505657365287192e+01,0.000000000000000000e+00,0.000000000000000000e+00
3.487414020009384785e+01,0.000000000000000000e+00,0.000000000000000000e+00
3.723049887983707151e+01,0.000000000000000000e+00,0.000000000000000000e+00
3.362890804650264442e+01,0.000000000000000000e+00,0.000000000000000000e+00
3.630208854946210550e+01,0.000000000000000000e+00,0.000000000000000000e+00
3.497065568469909635e+01,0.000000000000000000e+00,0.000000000000000000e+00
3.941437677945271645e+01,0.000000000000000000e+00,0.000000000000000000e+00
3.602037018309628991e+01,0.000000000000000000e+00,0.000000000000000000e+00
3.525288047322045060e+01,0.000000000000000000e+00,0.000000000000000000e+00
3.741301225379717721e+01,0.000000000000000000e+00,0.000000000000000000e+00
3.947261712911131326e+01,0.000000000000000000e+00,0.000000000000000000e+00
3.720187990161486624e+01,0.000000000000000000e+00,0.000000000000000000e+00
3.870495778039190071e+01,0.000000000000000000e+00,0.000000000000000000e+00
3.644538333866257318e+01,0.000000000000000000e+00,0.000000000000000000e+00
3.757370488628253469e+01,0.000000000000000000e+00,0.000000000000000000e+00
3.836665191995115975e+01,0.000000000000000000e+00,0.000000000000000000e+00
3.821115946968481580e+01,0.000000000000000000e+00,0.000000000000000000e+00
3.492779212634578556e+01,0.000000000000000000e+00,0.000000000000000000e+00
3.726700820972732942e+01,0.000000000000000000e+00,0.000000000000000000e+00
4.110398431949298725e+01,0.000000000000000000e+00,0.000000000000000000e+00
4.102797916129831179e+01,0.000000000000000000e+00,0.000000000000000000e+00
3.580747051592703656e+01,0.000000000000000000e+00,0.000000000000000000e+00
3.796911725603412435e+01,0.000000000000000000e+00,0.000000000000000000e+00
4.015236985841688266e+01,0.000000000000000000e+00,0.000000000000000000e+00
3.976269736556029244e+01,0.000000000000000000e+00,0.000000000000000000e+00
3.765915565407955512e+01,0.000000000000000000e+00,0.000000000000000000e+00
3.727442262362046677e+01,0.000000000000000000e+00,0.000000000000000000e+00
3.883267500769096614e+01,0.000000000000000000e+00,0.000000000000000000e+00
3.596628717991609392e+01,0.000000000000000000e+00,0.000000000000000000e+00
3.691459669352851591e+01,0.000000000000000000e+00,0.000000000000000000e+00
3.899572353292533933e+01,0.000000000000000000e+00,0.000000000000000000e+00
3.979773195623956639e+01,0.000000000000000000e+00,0.000000000000000000e+00
3.822748027238303337e+01,0.000000000000000000e+00,0.000000000000000000e+00
3.804089968742435701e+01,0.000000000000000000e+00,0.000000000000000000e+00
4.031635489193105570e+01,0.000000000000000000e+00,0.000000000000000000e+00
4.204294852493023882e+01,0.000000000000000000e+00,0.000000000000000000e+00
4.056222339134707511e+01,0.000000000000000000e+00,0.000000000000000000e+00
4.079184018363453390e+01,0.000000000000000000e+00,0.000000000000000000e+00
3.507929089258988142e+01,0.000000000000000000e+00,0.000000000000000000e+00
4.243028699306596252e+01,0.000000000000000000e+00,0.000000000000000000e+00
3.858532766725518570e+01,0.000000000000000000e+00,0.000000000000000000e+00
3.993336343642561559e+01,0.000000000000000000e+00,0.000000000000000000e+00
3.765907233341530969e+01,0.000000000000000000e+00,0.000000000000000000e+00
4.174961766678300279e+01,0.000000000000000000e+00,0.000000000000000000e+00
3.663644777681638942e+01,0.000000000000000000e+00,0.000000000000000000e+00
4.098664051597931746e+01,0.000000000000000000e+00,0.000000000000000000e+00
3.863677934715402529e+01,0.000000000000000000e+00,0.000000000000000000e+00
3.876555335899356436e+01,0.000000000000000000e+00,0.000000000000000000e+00
4.423490153075000109e+01,0.000000000000000000e+00,0.000000000000000000e+00
3.837634503389578100e+01,0.000000000000000000e+00,0.000000000000000000e+00
4.021144622687021553e+01,0.000000000000000000e+00,0.000000000000000000e+00
4.480279325989874906e+01,0.000000000000000000e+00,0.000000000000000000e+00
3.907569835771903399e+01,0.000000000000000000e+00,0.000000000000000000e+00
4.039207795834821013e+01,0.000000000000000000e+00,0.000000000000000000e+00
3.934915514436252693e+01,0.000000000000000000e+00,0.000000000000000000e+00
3.866198179995823381e+01,0.000000000000000000e+00,0.000000000000000000e+00
4.051930281625646302e+01,0.000000000000000000e+00,0.000000000000000000e+00
4.032083414693193646e+01,0.000000000000000000e+00,0.000000000000000000e+00
4.185784347168024766e+01,0.000000000000000000e+00,0.000000000000000000e+00
4.041640097735214709e+01,0.000000000000000000e+00,0.000000000000000000e+00
4.398152234330790122e+01,0.000000000000000000e+00,0.000000000000000000e+00
4.111349798795912847e+01,0.000000000000000000e+00,0.000000000000000000e+00
3.989348322651293444e+01,0.000000000000000000e+00,0.000000000000000000e+00
4.175409967368307207e+01,0.000000000000000000e+00,0.000000000000000000e+00
4.155028038736241314e+01,0.000000000000000000e+00,0.000000000000000000e+00
4.350003380659953933e+01,0.000000000000000000e+00,0.000000000000000000e+00
4.377653512622563881e+01,0.000000000000000000e+00,0.000000000000000000e+00
3.894609581178317370e+01,0.000000000000000000e+00,0.000000000000000000e+00
4.202927131177341380e+01,0.000000000000000000e+00,0.000000000000000000e+00
4.105848491361872732e+01,0.000000000000000000e+00,0.000000000000000000e+00
4.155357816687544670e+01,0.000000000000000000e+00,0.000000000000000000e+00
4.355961358852207610e+01,0.000000000000000000e+00,0.000000000000000000e+00
3.687950876441428250e+01,0.000000000000000000e+00,0.000000000000000000e+00
4.058703812812365896e+01,0.000000000000000000e+00,0.000000000000000000e+00
4.037538682130495715e+01,0.000000000000000000e+00,0.000000000000000000e+00
4.034002948255638188e+01,0.000000000000000000e+00,0.000000000000000000e+00
4.168942961102477085e+01,0.000000000000000000e+00,0.000000000000000000e+00
4.770656700493287872e+01,0.000000000000000000e+00,0.000000000000000000e+00
4.509658569494705205e+01,0.000000000000000000e+00,0.000000000000000000e+00
4.420872189212163761e+01,0.000000000000000000e+00,0.000000000000000000e+00
4.124259267411984098e+01,0.000000000000000000e+00,0.000000000000000000e+00
4.324717158533105277e+01,0.000000000000000000e+00,0.000000000000000000e+00
4.267545478331664555e+01,0.000000000000000000e+00,0.000000000000000000e+00
3.914044428819717325e+01,0.000000000000000000e+00,0.000000000000000000e+00
4.169114626356834918e+01,0.000000000000000000e+00,0.000000000000000000e+00
4.378610840466215848e+01,0.000000000000000000e+00,0.000000000000000000e+00
4.308101613079737291e+01,0.000000000000000000e+00,0.000000000000000000e+00
4.204226723357092510e+01,0.000000000000000000e+00,0.000000000000000000e+00
4.629711026280266850e+01,0.000000000000000000e+00,0.000000000000000000e+00
4.259802934683355602e+01,0.000000000000000000e+00,0.000000000000000000e+00
4.250058860526200988e+01,0.000000000000000000e+00,0.000000000000000000e+00
4.258389657269120221e+01,0.000000000000000000e+00,0.000000000000000000e+00
4.183372401335083879e+01,0.000000000000000000e+00,0.000000000000000000e+00
4.347165175987552743e+01,0.000000000000000000e+00,0.000000000000000000e+00
4.179898017570418745e+01,0.000000000000000000e+00,0.000000000000000000e+00
4.378372394698580905e+01,0.000000000000000000e+00,0.000000000000000000e+00
4.589101857076565238e+01,0.000000000000000000e+00,0.000000000000000000e+00
4.005077104869464222e+01,0.000000000000000000e+00,0.000000000000000000e+00
4.286271169105254586e+01,0.000000000000000000e+00,0.000000000000000000e+00
4.353244921448124671e+01,0.000000000000000000e+00,0.000000000000000000e+00
4.329200724975460446e+01,0.000000000000000000e+00,0.000000000000000000e+00
4.499424311532300180e+01,0.000000000000000000e+00,0.000000000000000000e+00
4.569347941148168246e+01,0.000000000000000000e+00,0.000000000000000000e+00
4.186661917105873698e+01,0.000000000000000000e+00,0.000000000000000000e+00
4.573422916098143531e+01,0.000000000000000000e+00,0.000000000000000000e+00
4.377408296235336138e+01,0.000000000000000000e+00,0.000000000000000000e+00
4.588620925729050271e+01,0.000000000000000000e+00,0.000000000000000000e+00
4.528640816615324383e+01,0.000000000000000000e+00,0.000000000000000000e+00
4.612212954631456086e+01,0.000000000000000000e+00,0.000000000000000000e+00
4.393553888616063574e+01,0.000000000000000000e+00,0.000000000000000000e+00
4.150039696097591957e+01,0.000000000000000000e+00,0.000000000000000000e+00
4.424785828937756094e+01,0.000000000000000000e+00,0.000000000000000000e+00
4.343643026137328889e+01,0.000000000000000000e+00,0.000000000000000000e+00
4.491481902290814077e+01,0.000000000000000000e+00,0.000000000000000000e+00
4.554232877054717221e+01,0.000000000000000000e+00,0.000000000000000000e+00
4.613363610869978970e+01,0.000000000000000000e+00,0.000000000000000000e+00
4.530953086434473676e+01,0.000000000000000000e+00,0.000000000000000000e+00
4.393777527429791263e+01,0.000000000000000000e+00,0.000000000000000000e+00
4.679929301632103744e+01,0.000000000000000000e+00,0.000000000000000000e+00
4.552174392525374458e+01,0.000000000000000000e+00,0.000000000000000000e+00
4.690742714125041601e+01,0.000000000000000000e+00,0.000000000000000000e+00
4.713591413470282276e+01,0.000000000000000000e+00,0.000000000000000000e+00
5.111786339240968857e+01,0.000000000000000000e+00,0.000000000000000000e+00
4.450046964606924149e+01,0.000000000000000000e+00,0.000000000000000000e+00
4.534168261801964661e+01,0.000000000000000000e+00,0.000000000000000000e+00
4.661139291554920305e+01,0.000000000000000000e+00,0.000000000000000000e+00
4.724535537744687730e+01,0.000000000000000000e+00,0.000000000000000000e+00
4.539323069500542829e+01,0.000000000000000000e+00,0.000000000000000000e+00
4.467381538988514222e+01,0.000000000000000000e+00,0.000000000000000000e+00
4.730502426834693352e+01,0.000000000000000000e+00,0.000000000000000000e+00
4.782300337437473559e+01,0.000000000000000000e+00,0.000000000000000000e+00
4.361053862340973808e+01,0.000000000000000000e+00,0.000000000000000000e+00
4.624605968186706662e+01,0.000000000000000000e+00,0.000000000000000000e+00
4.731642023843967593e+01,0.000000000000000000e+00,0.000000000000000000e+00
4.599664920271838753e+01,0.000000000000000000e+00,0.000000000000000000e+00
4.770630700641950028e+01,0.000000000000000000e+00,0.000000000000000000e+00
4.659757572257109359e+01,0.000000000000000000e+00,0.000000000000000000e+00
4.782068859272288108e+01,0.000000000000000000e+00,0.000000000000000000e+00
5.062404724096894881e+01,0.000000000000000000e+00,0.000000000000000000e+00
4.458005873678051501e+01,0.000000000000000000e+00,0.000000000000000000e+00
4.857005920298617951e+01,0.000000000000000000e+00,0.000000000000000000e+00
4.855212125217520480e+01,0.000000000000000000e+00,0.000000000000000000e+00
5.095581531545019516e+01,0.000000000000000000e+00,0.000000000000000000e+00
4.725902941385152900e+01,0.000000000000000000e+00,0.000000000000000000e+00
5.014096332817764079e+01,0.000000000000000000e+00,0.000000000000000000e+00
5.064322042982669103e+01,0.000000000000000000e+00,0.000000000000000000e+00
4.809983318622384729e+01,0.000000000000000000e+00,0.000000000000000000e+00
4.564562871066777916e+01,0.000000000000000000e+00,0.000000000000000000e+00
4.924453900957330887e+01,0.000000000000000000e+00,0.000000000000000000e+00
4.671154531963912149e+01,0.000000000000000000e+00,0.000000000000000000e+00
4.946459193114510811e+01,0.000000000000000000e+00,0.000000000000000000e+00
4.946468421080826516e+01,0.000000000000000000e+00,0.000000000000000000e+00
4.899689396165879884e+01,0.000000000000000000e+00,0.000000000000000000e+00
5.316085812958299783e+01,0.000000000000000000e+00,0.000000000000000000e+00
4.964786994522831520e+01,0.000000000000000000e+00,0.000000000000000000e+00
4.945572910287030055e+01,0.000000000000000000e+00,0.000000000000000000e+00
4.893407498831820845e+01,0.000000000000000000e+00,0.000000000000000000e+00
5.096487604281048078e+01,0.000000000000000000e+00,0.000000000000000000e+00
4.131951135604042236e+01,0.000000000000000000e+00,0.000000000000000000e+00
4.677650985947699525e+01,0.000000000000000000e+00,0.000000000000000000e+00
5.094137377732935335e+01,0.000000000000000000e+00,0.000000000000000000e+00
4.978786639425106841e+01,0.000000000000000000e+00,0.000000000000000000e+00
4.895669283014192530e+01,0.000000000000000000e+00,0.000000000000000000e+00
5.224770046475923380e+01,0.000000000000000000e+00,0.000000000000000000e+00
4.751023767978432488e+01,0.000000000000000000e+00,0.000000000000000000e+00
4.671282966555288141e+01,0.000000000000000000e+00,0.000000000000000000e+00
5.225455326182629534e+01,0.000000000000000000e+00,0.000000000000000000e+00
4.997932064477365088e+01,0.000000000000000000e+00,0.000000000000000000e+00
4.903476176315445656e+01,0.000000000000000000e+00,0.000000000000000000e+00
4.724161479750001291e+01,0.000000000000000000e+00,0.000000000000000000e+00
4.894522110935887582e+01,0.000000000000000000e+00,0.000000000000000000e+00
4.558445596860401849e+01,0.000000000000000000e+00,0.000000000000000000e+00
4.818425824694712389e+01,0.000000000000000000e+00,0.000000000000000000e+00
4.842619224346989171e+01,0.000000000000000000e+00,0.000000000000000000e+00
4.809120432576317938e+01,0.000000000000000000e+00,0.000000000000000000e+00
5.340126189019493808e+01,0.000000000000000000e+00,0.000000000000000000e+00
4.796828541972831061e+01,0.000000000000000000e+00,0.000000000000000000e+00
4.934789969313865754e+01,0.000000000000000000e+00,0.000000000000000000e+00
5.109540315566802349e+01,0.000000000000000000e+00,0.000000000000000000e+00
4.914490555728544052e+01,0.000000000000000000e+00,0.000000000000000000e+00
4.946150014685510143e+01,0.000000000000000000e+00,0.000000000000000000e+00
4.799714929565656973e+01,0.000000000000000000e+00,0.000000000000000000e+00
5.133483296026022913e+01,0.000000000000000000e+00,0.000000000000000000e+00
5.452299604631354413e+01,0.000000000000000000e+00,0.000000000000000000e+00
5.252932028745984638e+01,0.000000000000000000e+00,0.000000000000000000e+00
5.076327817165631728e+01,0.000000000000000000e+00,0.000000000000000000e+00
5.081881270018374863e+01,0.000000000000000000e+00,0.000000000000000000e+00
5.251831552808348391e+01,0.000000000000000000e+00,0.000000000000000000e+00
5.390238270635207130e+01,0.000000000000000000e+00,0.000000000000000000e+00
5.322608164199021274e+01,0.000000000000000000e+00,0.000000000000000000e+00
4.662324823653310091e+01,0.000000000000000000e+00,0.000000000000000000e+00
4.929259316621479314e+01,0.000000000000000000e+00,0.000000000000000000e+00
4.984195343044397930e+01,0.000000000000000000e+00,0.000000000000000000e+00
4.819513825661311301e+01,0.000000000000000000e+00,0.000000000000000000e+00
5.298420444544314734e+01,0.000000000000000000e+00,0.000000000000000000e+00
5.006736040765412099e+01,0.000000000000000000e+00,0.000000000000000000e+00
5.060889568137066874e+01,0.000000000000000000e+00,0.000000000000000000e+00
4.931532246275369147e+01,0.000000000000000000e+00,0.000000000000000000e+00
5.076353137904263946e+01,0.000000000000000000e+00,0.000000000000000000e+00
5.258668384065313006e+01,0.000000000000000000e+00,0.000000000000000000e+00
5.157690939198877089e+01,0.000000000000000000e+00,0.000000000000000000e+00
4.908589058379661907e+01,0.000000000000000000e+00,0.000000000000000000e+00
4.864966777918323260e+01,0.000000000000000000e+00,0.000000000000000000e+00
5.348021876798760843e+01,0.000000000000000000e+00,0.000000000000000000e+00
5.363341869431464204e+01,0.000000000000000000e+00,0.000000000000000000e+00
4.952718714324326044e+01,0.000000000000000000e+00,0.000000000000000000e+00
5.351512021888403581e+01,0.000000000000000000e+00,0.000000000000000000e+00
5.300259471476140760e+01,0.000000000000000000e+00,0.000000000000000000e+00
5.241086252668475254e+01,0.000000000000000000e+00,0.000000000000000000e+00
5.499787761441399425e+01,0.000000000000000000e+00,0.000000000000000000e+00
5.607182181622585659e+01,0.000000000000000000e+00,0.000000000000000000e+00
5.042962150898510032e+01,0.000000000000000000e+00,0.000000000000000000e+00
5.500772047618671934e+01,0.000000000000000000e+00,0.000000000000000000e+00
5.415244680492141782e+01,0.000000000000000000e+00,0.000000000000000000e+00
5.570650332724949294e+01,0.000000000000000000e+00,0.000000000000000000e+00
5.492964613077414526e+01,0.000000000000000000e+00,0.000000000000000000e+00
5.121960764618478379e+01,0.000000000000000000e+00,0.000000000000000000e+00
5.516637711614750117e+01,0.000000000000000000e+00,0.000000000000000000e+00
5.550897839104540310e+01,0.000000000000000000e+00,0.000000000000000000e+00
4.831679000057816609e+01,0.000000000000000000e+00,0.000000000000000000e+00
5.426797179960705364e+01,0.000000000000000000e+00,0.000000000000000000e+00
5.643995083173215477e+01,0.000000000000000000e+00,0.000000000000000000e+00
5.203064134616004566e+01,0.000000000000000000e+00,0.000000000000000000e+00
5.512640278561016771e+01,0.000000000000000000e+00,0.000000000000000000e+00
5.430653008280619076e+01,0.000000000000000000e+00,0.000000000000000000e+00
5.230834619389491280e+01,0.000000000000000000e+00,0.000000000000000000e+00
5.538055989171735405e+01,0.000000000000000000e+00,0.000000000000000000e+00
5.555741284388874845e+01,0.000000000000000000e+00,0.000000000000000000e+00
5.808141675450296759e+01,0.000000000000000000e+00,0.000000000000000000e+00
5.403176272320676787e+01,0.000000000000000000e+00,0.000000000000000000e+00
5.913233576135100833e+01,0.000000000000000000e+00,0.000000000000000000e+00
5.770379665985009865e+01,0.000000000000000000e+00,0.000000000000000000e+00
5.817214829261475018e+01,0.000000000000000000e+00,0.000000000000000000e+00
5.390563850287316683e+01,0.000000000000000000e+00,0.000000000000000000e+00
5.152928679888965036e+01,0.000000000000000000e+00,0.000000000000000000e+00
5.282046249626958456e+01,0.000000000000000000e+00,0.000000000000000000e+00
5.090704040950060971e+01,0.000000000000000000e+00,0.000000000000000000e+00
5.303652938818888174e+01,0.000000000000000000e+00,0.000000000000000000e+00
5.951153257242258832e+01,0.000000000000000000e+00,0.000000000000000000e+00
5.706458790676656179e+01,0.000000000000000000e+00,0.000000000000000000e+00
5.741714034022618307e+01,0.000000000000000000e+00,0.000000000000000000e+00
5.355293298518014922e+01,0.000000000000000000e+00,0.000000000000000000e+00
5.337205613975530838e+01,0.000000000000000000e+00,0.000000000000000000e+00
5.778218703318589888e+01,0.000000000000000000e+00,0.000000000000000000e+00
5.528120282111038364e+01,0.000000000000000000e+00,0.000000000000000000e+00
5.427827821615981918e+01,0.000000000000000000e+00,0.000000000000000000e+00
5.771324594672866226e+01,0.000000000000000000e+00,0.000000000000000000e+00
5.351129788363757456e+01,0.000000000000000000e+00,0.000000000000000000e+00
5.510286684230663212e+01,0.000000000000000000e+00,0.000000000000000000e+00
5.622902815646539665e+01,0.000000000000000000e+00,0.000000000000000000e+00
5.912246537732335128e+01,0.000000000000000000e+00,0.000000000000000000e+00
6.018160305312165548e+01,0.000000000000000000e+00,0.000000000000000000e+00
5.531010415768124489e+01,0.000000000000000000e+00,0.000000000000000000e+00
6.012851444695233027e+01,0.000000000000000000e+00,0.000000000000000000e+00
5.601610401534551187e+01,0.000000000000000000e+00,0.000000000000000000e+00
5.699802049331665899e+01,0.000000000000000000e+00,0.000000000000000000e+00
5.937997385645875426e+01,0.000000000000000000e+00,0.000000000000000000e+00
5.625055830981516181e+01,0.000000000000000000e+00,0.000000000000000000e+00
5.498164310780244080e+01,0.000000000000000000e+00,0.000000000000000000e+00
5.679718300267364128e+01,0.000000000000000000e+00,0.000000000000000000e+00
5.755254103086361539e+01,0.000000000000000000e+00,0.000000000000000000e+00
5.704201546095885078e+01,0.000000000000000000e+00,0.000000000000000000e+00
5.468393263090521828e+01,0.000000000000000000e+00,0.000000000000000000e+00
5.684936444387280829e+01,0.000000000000000000e+00,0.000000000000000000e+00
5.647098144500964167e+01,0.000000000000000000e+00,0.000000000000000000e+00
5.892889255179181163e+01,0.000000000000000000e+00,0.000000000000000000e+00
5.838350008584532702e+01,0.000000000000000000e+00,0.000000000000000000e+00
5.878956608442890541e+01,0.000000000000000000e+00,0.000000000000000000e+00
5.842677752424419424e+01,0.000000000000000000e+00,0.000000000000000000e+00
5.629203571089404079e+01,0.000000000000000000e+00,0.000000000000000000e+00
5.933088207919648482e+01,0.000000000000000000e+00,0.000000000000000000e+00
5.581956602391675659e+01,0.000000000000000000e+00,0.000000000000000000e+00
5.760133208733090981e+01,0.000000000000000000e+00,0.000000000000000000e+00
5.624022607603831148e+01,0.000000000000000000e+00,0.000000000000000000e+00
5.671129062587863245e+01,0.000000000000000000e+00,0.000000000000000000e+00
5.515017333301137370e+01,0.000000000000000000e+00,0.000000000000000000e+00
5.533705192097416159e+01,0.000000000000000000e+00,0.000000000000000000e+00
5.495283513174405954e+01,0.000000000000000000e+00,0.000000000000000000e+00
5.635332378967645894e+01,0.000000000000000000e+00,0.000000000000000000e+00
5.778864953153571804e+01,0.000000000000000000e+00,0.000000000000000000e+00
5.719391776444648201e+01,0.000000000000000000e+00,0.000000000000000000e+00
5.991667623172605062e+01,0.000000000000000000e+00,0.000000000000000000e+00
5.839925706769282243e+01,0.000000000000000000e+00,0.000000000000000000e+00
5.810279003891439942e+01,0.000000000000000000e+00,0.000000000000000000e+00
5.678521003884785756e+01,0.000000000000000000e+00,0.000000000000000000e+00
5.851708824045758206e+01,0.000000000000000000e+00,0.000000000000000000e+00
6.287012299383270886e+01,0.000000000000000000e+00,0.000000000000000000e+00
5.819528619648875889e+01,0.000000000000000000e+00,0.000000000000000000e+00
6.129748009121474439e+01,0.000000000000000000e+00,0.000000000000000000e+00
5.941075999879441838e+01,0.000000000000000000e+00,0.000000000000000000e+00
6.428911826988728251e+01,0.000000000000000000e+00,0.000000000000000000e+00
6.133768726873864807e+01,0.000000000000000000e+00,0.000000000000000000e+00
5.921554517697818909e+01,0.000000000000000000e+00,0.000000000000000000e+00
6.003014867792759190e+01,0.000000000000000000e+00,0.000000000000000000e+00
6.216712245475635257e+01,0.000000000000000000e+00,0.000000000000000000e+00
6.089675053396205584e+01,0.000000000000000000e+00,0.000000000000000000e+00
5.859146134782669435e+01,0.000000000000000000e+00,0.000000000000000000e+00
6.272601025511137607e+01,0.000000000000000000e+00,0.000000000000000000e+00
5.982691322504506815e+01,0.000000000000000000e+00,0.000000000000000000e+00
6.170932729289873464e+01,0.000000000000000000e+00,0.000000000000000000e+00
6.118016344082968772e+01,0.000000000000000000e+00,0.000000000000000000e+00
6.321045285673215375e+01,0.000000000000000000e+00,0.000000000000000000e+00
6.287942582902039845e+01,0.000000000000000000e+00,0.000000000000000000e+00
6.184008315039185533e+01,0.000000000000000000e+00,0.000000000000000000e+00
6.040749441898952199e+01,0.000000000000000000e+00,0.000000000000000000e+00
6.320753311086023984e+01,0.000000000000000000e+00,0.000000000000000000e+00
5.874089108864896502e+01,0.000000000000000000e+00,0.000000000000000000e+00
5.985047457116729674e+01,0.000000000000000000e+00,0.000000000000000000e+00
6.256305473502286674e+01,0.000000000000000000e+00,0.000000000000000000e+00
6.269899207351958381e+01,0.000000000000000000e+00,0.000000000000000000e+00
6.208013801024726774e+01,0.000000000000000000e+00,0.000000000000000000e+00
6.193578455132087157e+01,0.000000000000000000e+00,0.000000000000000000e+00
5.688368460039693275e+01,0.000000000000000000e+00,0.000000000000000000e+00
6.251819671441909065e+01,0.000000000000000000e+00,0.000000000000000000e+00
5.981829621686333809e+01,0.000000000000000000e+00,0.000000000000000000e+00
6.515966055296098602e+01,0.000000000000000000e+00,0.000000000000000000e+00
6.261412744522490925e+01,0.000000000000000000e+00,0.000000000000000000e+00
6.038051491193145637e+01,0.000000000000000000e+00,0.000000000000000000e+00
5.769264782652108892e+01,0.000000000000000000e+00,0.000000000000000000e+00
5.839123924608726668e+01,0.000000000000000000e+00,0.000000000000000000e+00
6.245887396110242662e+01,0.000000000000000000e+00,0.000000000000000000e+00
6.075496792483859565e+01,0.000000000000000000e+00,0.000000000000000000e+00
6.216208954579732193e+01,0.000000000000000000e+00,0.000000000000000000e+00
6.282691218777704023e+01,0.000000000000000000e+00,0.000000000000000000e+00
6.393401108131240562e+01,0.000000000000000000e+00,0.000000000000000000e+00
6.308976662676186464e+01,0.000000000000000000e+00,0.000000000000000000e+00
6.298585901442527302e+01,0.000000000000000000e+00,0.000000000000000000e+00
6.321843396034918783e+01,0.000000000000000000e+00,0.000000000000000000e+00
6.570404356428024073e+01,0.000000000000000000e+00,0.000000000000000000e+00
6.031299425155629024e+01,0.000000000000000000e+00,0.000000000000000000e+00
6.206322163413575765e+01,0.000000000000000000e+00,0.000000000000000000e+00
6.065245108237331806e+01,0.000000000000000000e+00,0.000000000000000000e+00
6.051541805696501797e+01,0.000000000000000000e+00,0.000000000000000000e+00
6.350550404581475306e+01,0.000000000000000000e+00,0.000000000000000000e+00
6.312131006898319185e+01,0.000000000000000000e+00,0.000000000000000000e+00
5.859450209387148334e+01,0.000000000000000000e+00,0.000000000000000000e+00
6.546393425611614703e+01,0.000000000000000000e+00,0.000000000000000000e+00
6.264577439092209943e+01,0.000000000000000000e+00,0.000000000000000000e+00
6.366651571870814053e+01,0.000000000000000000e+00,0.000000000000000000e+00
6.262164599678278165e+01,0.000000000000000000e+00,0.000000000000000000e+00
6.411095188889913743e+01,0.000000000000000000e+00,0.000000000000000000e+00
6.409631347426706327e+01,0.000000000000000000e+00,0.000000000000000000e+00
6.176715335519833872e+01,0.000000000000000000e+00,0.000000000000000000e+00
6.329103348660602535e+01,0.000000000000000000e+00,0.000000000000000000e+00
6.286721702598434547e+01,0.000000000000000000e+00,0.000000000000000000e+00
6.087677344398699830e+01,0.000000000000000000e+00,0.000000000000000000e+00
6.158344936177120843e+01,0.000000000000000000e+00,0.000000000000000000e+00
6.514722394195938193e+01,0.000000000000000000e+00,0.000000000000000000e+00
6.232871107799103783e+01,0.000000000000000000e+00,0.000000000000000000e+00
6.404377649136384321e+01,0.000000000000000000e+00,0.000000000000000000e+00
6.279412462054393984e+01,0.000000000000000000e+00,0.000000000000000000e+00
6.324826860778370019e+01,0.000000000000000000e+00,0.000000000000000000e+00
6.264488893409767911e+01,0.000000000000000000e+00,0.000000000000000000e+00
6.493709030714074970e+01,0.000000000000000000e+00,0.000000000000000000e+00
5.994451571489659614e+01,0.000000000000000000e+00,0.000000000000000000e+00
6.188578170054940131e+01,0.000000000000000000e+00,0.000000000000000000e+00
6.640570043006265166e+01,0.000000000000000000e+00,0.000000000000000000e+00
6.351816416263502418e+01,0.000000000000000000e+00,0.000000000000000000e+00
6.784354105279192027e+01,0.000000000000000000e+00,0.000000000000000000e+00
6.504429678072632726e+01,0.000000000000000000e+00,0.000000000000000000e+00
6.697956106535310994e+01,0.000000000000000000e+00,0.000000000000000000e+00
6.457073122192126391e+01,0.000000000000000000e+00,0.000000000000000000e+00
6.552426000665261085e+01,0.000000000000000000e+00,0.000000000000000000e+00
6.618741633886368447e+01,0.000000000000000000e+00,0.000000000000000000e+00
6.549189925597377737e+01,0.000000000000000000e+00,0.000000000000000000e+00
6.534326905417771059e+01,0.000000000000000000e+00,0.000000000000000000e+00
6.515172934181238418e+01,0.000000000000000000e+00,0.000000000000000000e+00
6.835785432122953864e+01,0.000000000000000000e+00,0.000000000000000000e+00
6.828056202303893940e+01,0.000000000000000000e+00,0.000000000000000000e+00
6.599779514981275952e+01,0.000000000000000000e+00,0.000000000000000000e+00
6.425402689158543978e+01,0.000000000000000000e+00,0.000000000000000000e+00
6.412121732403502961e+01,0.000000000000000000e+00,0.000000000000000000e+00
6.530298289997838879e+01,0.000000000000000000e+00,0.000000000000000000e+00
6.665457794287220850e+01,0.000000000000000000e+00,0.000000000000000000e+00
6.818457364832970313e+01,0.000000000000000000e+00,0.000000000000000000e+00
6.638235656908244664e+01,0.000000000000000000e+00,0.000000000000000000e+00
6.786254832813138194e+01,0.000000000000000000e+00,0.000000000000000000e+00
6.937334705171497262e+01,0.000000000000000000e+00,0.000000000000000000e+00
6.414727915976747852e+01,0.000000000000000000e+00,0.000000000000000000e+00
6.649256037377003281e+01,0.000000000000000000e+00,0.000000000000000000e+00
6.364547329639218987e+01,0.000000000000000000e+00,0.000000000000000000e+00
6.349670715817430278e+01,0.000000000000000000e+00,0.000000000000000000e+00
6.378105257551201390e+01,0.000000000000000000e+00,0.000000000000000000e+00
6.385075557334364049e+01,0.000000000000000000e+00,0.000000000000000000e+00
6.505806043918515513e+01,0.000000000000000000e+00,0.000000000000000000e+00
6.751210382520439168e+01,0.000000000000000000e+00,0.000000000000000000e+00
6.631416106658198828e+01,0.000000000000000000e+00,0.000000000000000000e+00
6.605913337048477274e+01,0.000000000000000000e+00,0.000000000000000000e+00
6.675252055840367404e+01,0.000000000000000000e+00,0.000000000000000000e+00
6.568223636759101680e+01,0.000000000000000000e+00,0.000000000000000000e+00
6.755580794057546257e+01,0.000000000000000000e+00,0.000000000000000000e+00
6.721543152261251919e+01,0.000000000000000000e+00,0.000000000000000000e+00
7.101738082542257757e+01,0.000000000000000000e+00,0.000000000000000000e+00
6.547851643866691518e+01,0.000000000000000000e+00,0.000000000000000000e+00
6.576931147015990575e+01,0.000000000000000000e+00,0.000000000000000000e+00
6.494508000647498136e+01,0.000000000000000000e+00,0.000000000000000000e+00
6.593440307071332995e+01,0.000000000000000000e+00,0.000000000000000000e+00
6.528442925191329493e+01,0.000000000000000000e+00,0.000000000000000000e+00
6.826119733058480676e+01,0.000000000000000000e+00,0.000000000000000000e+00
6.911762442005314711e+01,0.000000000000000000e+00,0.000000000000000000e+00
6.812381579740173265e+01,0.000000000000000000e+00,0.000000000000000000e+00
6.498222396607346241e+01,0.000000000000000000e+00,0.000000000000000000e+00
6.971428290683930129e+01,0.000000000000000000e+00,0.000000000000000000e+00
6.420282400462293992e+01,0.000000000000000000e+00,0.000000000000000000e+00
6.772837057801039862e+01,0.000000000000000000e+00,0.000000000000000000e+00
6.598411604905560068e+01,0.000000000000000000e+00,0.000000000000000000e+00
6.473241881193519021e+01,0.000000000000000000e+00,0.000000000000000000e+00
6.766395692101079362e+01,0.000000000000000000e+00,0.000000000000000000e+00
6.544058781544426040e+01,0.000000000000000000e+00,0.000000000000000000e+00
6.609171138709692173e+01,0.000000000000000000e+00,0.000000000000000000e+00
6.803332660777415697e+01,0.000000000000000000e+00,0.000000000000000000e+00
6.812531645334370012e+01,0.000000000000000000e+00,0.000000000000000000e+00
6.696797674996574301e+01,0.000000000000000000e+00,0.000000000000000000e+00
6.859055762286429569e+01,0.000000000000000000e+00,0.000000000000000000e+00
6.997397175752945486e+01,0.000000000000000000e+00,0.000000000000000000e+00
6.501083161745960126e+01,0.000000000000000000e+00,0.000000000000000000e+00
6.663782750253899678e+01,0.000000000000000000e+00,0.000000000000000000e+00
6.758582247783080277e+01,0.000000000000000000e+00,0.000000000000000000e+00
6.750380171656546224e+01,0.000000000000000000e+00,0.000000000000000000e+00
6.796181918443008385e+01,0.000000000000000000e+00,0.000000000000000000e+00
7.083006705657169277e+01,0.000000000000000000e+00,0.000000000000000000e+00
6.736587341710689714e+01,0.000000000000000000e+00,0.000000000000000000e+00
6.482922134277214354e+01,0.000000000000000000e+00,0.000000000000000000e+00
6.945772520214929102e+01,0.000000000000000000e+00,0.000000000000000000e+00
7.097972885428622192e+01,0.000000000000000000e+00,0.000000000000000000e+00
7.027392339607169447e+01,0.000000000000000000e+00,0.000000000000000000e+00
6.779588924732421162e+01,0.000000000000000000e+00,0.000000000000000000e+00
7.000908007151851109e+01,0.000000000000000000e+00,0.000000000000000000e+00
7.204108545419823884e+01,0.000000000000000000e+00,0.000000000000000000e+00
6.569451945986574515e+01,0.000000000000000000e+00,0.000000000000000000e+00
7.117287128543476626e+01,0.000000000000000000e+00,0.000000000000000000e+00
6.949988199602776717e+01,0.000000000000000000e+00,0.000000000000000000e+00
7.011988567242416082e+01,0.000000000000000000e+00,0.000000000000000000e+00
6.740006045685660752e+01,0.000000000000000000e+00,0.000000000000000000e+00
6.601560469943694898e+01,0.000000000000000000e+00,0.000000000000000000e+00
7.058251341871695672e+01,0.000000000000000000e+00,0.000000000000000000e+00
7.094175270892434071e+01,0.000000000000000000e+00,0.000000000000000000e+00
7.080176840579804320e+01,0.000000000000000000e+00,0.000000000000000000e+00
7.329647839475430260e+01,0.000000000000000000e+00,0.000000000000000000e+00
7.116065866547175744e+01,0.000000000000000000e+00,0.000000000000000000e+00
6.931912391268255647e+01,0.000000000000000000e+00,0.000000000000000000e+00
7.171357288130880647e+01,0.000000000000000000e+00,0.000000000000000000e+00
7.131809513486589935e+01,0.000000000000000000e+00,0.000000000000000000e+00
6.855286121163955215e+01,0.000000000000000000e+00,0.000000000000000000e+00
7.133051407678392764e+01,0.000000000000000000e+00,0.000000000000000000e+00
7.099137240263243598e+01,0.000000000000000000e+00,0.000000000000000000e+00
6.801743370823811574e+01,0.000000000000000000e+00,0.000000000000000000e+00
7.366250836400438118e+01,0.000000000000000000e+00,0.000000000000000000e+00
7.495061389824408593e+01,0.000000000000000000e+00,0.000000000000000000e+00
6.910873491490234244e+01,0.000000000000000000e+00,0.000000000000000000e+00
6.946944139093881176e+01,0.000000000000000000e+00,0.000000000000000000e+00
7.294032524730781120e+01,0.000000000000000000e+00,0.000000000000000000e+00
6.554062582751696198e+01,0.000000000000000000e+00,0.000000000000000000e+00
7.405994760420691136e+01,0.000000000000000000e+00,0.000000000000000000e+00
7.221774688015928234e+01,0.000000000000000000e+00,0.000000000000000000e+00
6.982960239580745565e+01,0.000000000000000000e+00,0.000000000000000000e+00
6.685725946454505220e+01,0.000000000000000000e+00,0.000000000000000000e+00
7.095022701663964426e+01,0.000000000000000000e+00,0.000000000000000000e+00
7.128636126008538554e+01,0.000000000000000000e+00,0.000000000000000000e+00
6.854721624259981638e+01,0.000000000000000000e+00,0.000000000000000000e+00
6.829836210319767531e+01,0.000000000000000000e+00,0.000000000000000000e+00
6.945921086333227379e+01,0.000000000000000000e+00,0.000000000000000000e+00
7.194497898367264099e+01,0.000000000000000000e+00,0.000000000000000000e+00
7.258099159673461997e+01,0.000000000000000000e+00,0.000000000000000000e+00
6.771522252950221343e+01,0.000000000000000000e+00,0.000000000000000000e+00
7.267901391353127849e+01,0.000000000000000000e+00,0.000000000000000000e+00
7.268215180503692352e+01,0.000000000000000000e+00,0.000000000000000000e+00
7.541608526219292230e+01,0.000000000000000000e+00,0.000000000000000000e+00
7.136150846650916435e+01,0.000000000000000000e+00,0.000000000000000000e+00
7.005700972409044880e+01,0.000000000000000000e+00,0.000000000000000000e+00
7.159184472646914799e+01,0.000000000000000000e+00,0.000000000000000000e+00
7.072386960822316837e+01,0.000000000000000000e+00,0.000000000000000000e+00
7.251608641673847444e+01,0.000000000000000000e+00,0.000000000000000000e+00
7.468414825031094040e+01,0.000000000000000000e+00,0.000000000000000000e+00
7.032266250350019732e+01,0.000000000000000000e+00,0.000000000000000000e+00
7.464234296262871737e+01,0.000000000000000000e+00,0.000000000000000000e+00
7.137175662320788661e+01,0.000000000000000000e+00,0.000000000000000000e+00
7.642552508022816937e+01,0.000000000000000000e+00,0.000000000000000000e+00
7.381415258465800378e+01,0.000000000000000000e+00,0.000000000000000000e+00
7.426806777804520721e+01,0.000000000000000000e+00,0.000000000000000000e+00
7.288640208998886294e+01,0.000000000000000000e+00,0.000000000000000000e+00
7.260802259015727600e+01,0.000000000000000000e+00,0.000000000000000000e+00
7.526590843174055578e+01,0.000000000000000000e+00,0.000000000000000000e+00
7.213096396642576735e+01,0.000000000000000000e+00,0.000000000000000000e+00
7.356448416137091328e+01,0.000000000000000000e+00,0.000000000000000000e+00
7.300911540952107259e+01,0.000000000000000000e+00,0.000000000000000000e+00
7.025133588931485917e+01,0.000000000000000000e+00,0.000000000000000000e+00
7.273521860558916785e+01,0.000000000000000000e+00,0.000000000000000000e+00
7.424366767221710006e+01,0.000000000000000000e+00,0.000000000000000000e+00
7.338678300092966822e+01,0.000000000000000000e+00,0.000000000000000000e+00
7.183162848909388742e+01,0.000000000000000000e+00,0.000000000000000000e+00
7.427898407683527182e+01,0.000000000000000000e+00,0.000000000000000000e+00
7.170414589674109607e+01,0.000000000000000000e+00,0.000000000000000000e+00
7.306839382385022930e+01,0.000000000000000000e+00,0.000000000000000000e+00
7.466483820291877294e+01,0.000000000000000000e+00,0.000000000000000000e+00
7.562704943038210104e+01,0.000000000000000000e+00,0.000000000000000000e+00
7.354743814422130299e+01,0.000000000000000000e+00,0.000000000000000000e+00
7.023778282945741580e+01,0.000000000000000000e+00,0.000000000000000000e+00
7.139619469937260021e+01,0.000000000000000000e+00,0.000000000000000000e+00
7.070875158317168996e+01,0.000000000000000000e+00,0.000000000000000000e+00
7.580699811114142506e+01,0.000000000000000000e+00,0.000000000000000000e+00
7.405166310781260108e+01,0.000000000000000000e+00,0.000000000000000000e+00
7.462295717358020397e+01,0.000000000000000000e+00,0.000000000000000000e+00
7.042836022404038943e+01,0.000000000000000000e+00,0.000000000000000000e+00
7.228150970060639224e+01,0.000000000000000000e+00,0.000000000000000000e+00
7.091266246886046076e+01,0.000000000000000000e+00,0.000000000000000000e+00
7.213690788802297504e+01,0.000000000000000000e+00,0.000000000000000000e+00
7.178687419375401646e+01,0.000000000000000000e+00,0.000000000000000000e+00
7.493042412840976851e+01,0.000000000000000000e+00,0.000000000000000000e+00
7.522444219427831058e+01,0.000000000000000000e+00,0.000000000000000000e+00
7.573887450528678755e+01,0.000000000000000000e+00,0.000000000000000000e+00
7.372307792859749043e+01,0.000000000000000000e+00,0.000000000000000000e+00
7.358201954268913880e+01,0.000000000000000000e+00,0.000000000000000000e+00
7.648376109953795776e+01,0.000000000000000000e+00,0.000000000000000000e+00
7.264765086180675269e+01,0.000000000000000000e+00,0.000000000000000000e+00
7.394465517652309927e+01,0.000000000000000000e+00,0.000000000000000000e+00
7.686814067233559911e+01,0.000000000000000000e+00,0.000000000000000000e+00
7.320238203322587367e+01,0.000000000000000000e+00,0.000000000000000000e+00
7.582361906021552045e+01,0.000000000000000000e+00,0.000000000000000000e+00
7.657645458889555812e+01,0.000000000000000000e+00,0.000000000000000000e+00
7.678895010046770153e+01,0.000000000000000000e+00,0.000000000000000000e+00
7.342470682991876174e+01,0.000000000000000000e+00,0.000000000000000000e+00
7.413873681528117743e+01,0.000000000000000000e+00,0.000000000000000000e+00
7.596666881690669015e+01,0.000000000000000000e+00,0.000000000000000000e+00
7.433910062159971233e+01,0.000000000000000000e+00,0.000000000000000000e+00
6.905363003816522394e+01,0.000000000000000000e+00,0.000000000000000000e+00
7.568615398458577204e+01,0.000000000000000000e+00,0.000000000000000000e+00
7.414811391998283341e+01,0.000000000000000000e+00,0.000000000000000000e+00
7.325064340822520137e+01,0.000000000000000000e+00,0.000000000000000000e+00
7.774095031160943847e+01,0.000000000000000000e+00,0.000000000000000000e+00
7.234415102775672324e+01,0.000000000000000000e+00,0.000000000000000000e+00
7.434763039345345703e+01,0.000000000000000000e+00,0.000000000000000000e+00
7.391078922645242244e+01,0.000000000000000000e+00,0.000000000000000000e+00
7.636943491247836846e+01,0.000000000000000000e+00,0.000000000000000000e+00
7.474092944124768678e+01,0.000000000000000000e+00,0.000000000000000000e+00
7.542705217816745744e+01,0.000000000000000000e+00,0.000000000000000000e+00
7.774086379029985494e+01,0.000000000000000000e+00,0.000000000000000000e+00
7.742496362544321187e+01,0.000000000000000000e+00,0.000000000000000000e+00
7.308558687299100143e+01,0.000000000000000000e+00,0.000000000000000000e+00
7.456342862668418547e+01,0.000000000000000000e+00,0.000000000000000000e+00
7.531857608296009232e+01,0.000000000000000000e+00,0.000000000000000000e+00
7.239206470118934078e+01,0.000000000000000000e+00,0.000000000000000000e+00
7.384243838028000084e+01,0.000000000000000000e+00,0.000000000000000000e+00
7.401383636876360583e+01,0.000000000000000000e+00,0.000000000000000000e+00
7.353723374340414409e+01,0.000000000000000000e+00,0.000000000000000000e+00
7.487382102930142480e+01,0.000000000000000000e+00,0.000000000000000000e+00
7.566646787561401766e+01,0.000000000000000000e+00,0.000000000000000000e+00
7.406975615344207142e+01,0.000000000000000000e+00,0.000000000000000000e+00
7.008338851401613567e+01,0.000000000000000000e+00,0.000000000000000000e+00
7.689413935118028576e+01,0.000000000000000000e+00,0.000000000000000000e+00
7.556262909992511823e+01,0.000000000000000000e+00,0.000000000000000000e+00
7.612972298539048666e+01,0.000000000000000000e+00,0.000000000000000000e+00
7.388190718098103105e+01,0.000000000000000000e+00,0.000000000000000000e+00
7.975289070936685221e+01,0.000000000000000000e+00,0.000000000000000000e+00
7.508786491797356177e+01,0.000000000000000000e+00,0.000000000000000000e+00
7.563124251954272381e+01,0.000000000000000000e+00,0.000000000000000000e+00
7.586226990903956846e+01,0.000000000000000000e+00,0.000000000000000000e+00
7.686556865725403043e+01,0.000000000000000000e+00,0.000000000000000000e+00
7.265990993420992083e+01,0.000000000000000000e+00,0.000000000000000000e+00
7.643665716945959332e+01,0.000000000000000000e+00,0.000000000000000000e+00
7.832026909374258139e+01,0.000000000000000000e+00,0.000000000000000000e+00
7.506070711956607511e+01,0.000000000000000000e+00,0.000000000000000000e+00
7.599791668236899511e+01,0.000000000000000000e+00,0.000000000000000000e+00
7.564216907724197370e+01,0.000000000000000000e+00,0.000000000000000000e+00
7.690169332429852034e+01,0.000000000000000000e+00,0.000000000000000000e+00
7.607487795340641412e+01,0.000000000000000000e+00,0.000000000000000000e+00
7.646581819450119610e+01,0.000000000000000000e+00,0.000000000000000000e+00
7.535225079072299081e+01,0.000000000000000000e+00,0.000000000000000000e+00
7.747130593254630071e+01,0.000000000000000000e+00,0.000000000000000000e+00
7.532726348758917823e+01,0.000000000000000000e+00,0.000000000000000000e+00
7.626963918134917719e+01,0.000000000000000000e+00,0.000000000000000000e+00
7.592522939739306764e+01,0.000000000000000000e+00,0.000000000000000000e+00
7.894416061360294634e+01,0.000000000000000000e+00,0.000000000000000000e+00
7.664816150309563625e+01,0.000000000000000000e+00,0.000000000000000000e+00
7.797513272178066757e+01,0.000000000000000000e+00,0.000000000000000000e+00
7.634183295952762194e+01,0.000000000000000000e+00,0.000000000000000000e+00
7.723157559891508583e+01,0.000000000000000000e+00,0.000000000000000000e+00
7.820695744653177428e+01,0.000000000000000000e+00,0.000000000000000000e+00
8.045298103669792056e+01,0.000000000000000000e+00,0.000000000000000000e+00
7.870893680323221986e+01,0.000000000000000000e+00,0.000000000000000000e+00
7.674347972437647059e+01,0.000000000000000000e+00,0.000000000000000000e+00
7.573481079801187832e+01,0.000000000000000000e+00,0.000000000000000000e+00
7.472729772779973700e+01,0.000000000000000000e+00,0.000000000000000000e+00
7.644059320754344355e+01,0.000000000000000000e+00,0.000000000000000000e+00
7.996666556066438147e+01,0.000000000000000000e+00,0.000000000000000000e+00
7.727549304082756976e+01,0.000000000000000000e+00,0.000000000000000000e+00
7.724124222450582522e+01,0.000000000000000000e+00,0.000000000000000000e+00
7.868216266798833658e+01,0.000000000000000000e+00,0.000000000000000000e+00
7.623305124900333851e+01,0.000000000000000000e+00,0.000000000000000000e+00
7.561955049958935149e+01,0.000000000000000000e+00,0.000000000000000000e+00
7.833824951425933136e+01,0.000000000000000000e+00,0.000000000000000000e+00
7.688558397145733636e+01,0.000000000000000000e+00,0.000000000000000000e+00
7.831872469859065689e+01,0.000000000000000000e+00,0.000000000000000000e+00
7.891606578225734836e+01,0.000000000000000000e+00,0.000000000000000000e+00
7.832213544986800002e+01,0.000000000000000000e+00,0.000000000000000000e+00
7.946394661759703126e+01,0.000000000000000000e+00,0.000000000000000000e+00
7.729812758674999884e+01,0.000000000000000000e+00,0.000000000000000000e+00
8.201403229271450357e+01,0.000000000000000000e+00,0.000000000000000000e+00
7.965057127235802170e+01,0.000000000000000000e+00,0.000000000000000000e+00
7.517551780730926225e+01,0.000000000000000000e+00,0.000000000000000000e+00
7.717318916805085394e+01,0.000000000000000000e+00,0.000000000000000000e+00
8.119072235699226781e+01,0.000000000000000000e+00,0.000000000000000000e+00
7.610121626934133587e+01,0.000000000000000000e+00,0.000000000000000000e+00
7.752889549059399599e+01,0.000000000000000000e+00,0.000000000000000000e+00
8.093051293563476634e+01,0.000000000000000000e+00,0.000000000000000000e+00
7.963883627786891850e+01,0.000000000000000000e+00,0.000000000000000000e+00
7.936792402223305487e+01,0.000000000000000000e+00,0.000000000000000000e+00
8.131763966961527501e+01,0.000000000000000000e+00,0.000000000000000000e+00
7.995373597348179828e+01,0.000000000000000000e+00,0.000000000000000000e+00
7.699151721360867384e+01,0.000000000000000000e+00,0.000000000000000000e+00
7.782309779680608131e+01,0.000000000000000000e+00,0.000000000000000000e+00
7.804465726484467325e+01,0.000000000000000000e+00,0.000000000000000000e+00
7.511957740917462445e+01,0.000000000000000000e+00,0.000000000000000000e+00
7.972813250971995558e+01,0.000000000000000000e+00,0.000000000000000000e+00
7.796442325415193864e+01,0.000000000000000000e+00,0.000000000000000000e+00
7.518626672914615483e+01,0.000000000000000000e+00,0.000000000000000000e+00
7.946153687630076945e+01,0.000000000000000000e+00,0.000000000000000000e+00
7.731173728043889071e+01,0.000000000000000000e+00,0.000000000000000000e+00
7.735408629202373731e+01,0.000000000000000000e+00,0.000000000000000000e+00
7.829488528765911326e+01,0.000000000000000000e+00,0.000000000000000000e+00
7.537790781756690706e+01,0.000000000000000000e+00,0.000000000000000000e+00
7.695147669492395437e+01,0.000000000000000000e+00,0.000000000000000000e+00
7.933594583663590072e+01,0.000000000000000000e+00,0.000000000000000000e+00
7.799133119615002840e+01,0.000000000000000000e+00,0.000000000000000000e+00
7.959132612603845303e+01,0.000000000000000000e+00,0.000000000000000000e+00
7.757680654498010142e+01,0.000000000000000000e+00,0.000000000000000000e+00
8.017139725903678027e+01,0.000000000000000000e+00,0.000000000000000000e+00
7.685418507436934021e+01,0.000000000000000000e+00,0.000000000000000000e+00
7.845696258390952949e+01,0.000000000000000000e+00,0.000000000000000000e+00
7.561662590382803728e+01,0.000000000000000000e+00,0.000000000000000000e+00
7.474676451798887911e+01,0.000000000000000000e+00,0.000000000000000000e+00
7.345398467861478764e+01,0.000000000000000000e+00,0.000000000000000000e+00
7.876811363892873885e+01,0.000000000000000000e+00,0.000000000000000000e+00
7.571166381903130116e+01,0.000000000000000000e+00,0.000000000000000000e+00
7.702105121086943029e+01,0.000000000000000000e+00,0.000000000000000000e+00
7.914809260750428166e+01,0.000000000000000000e+00,0.000000000000000000e+00
7.499853574522029476e+01,0.000000000000000000e+00,0.000000000000000000e+00
7.965651884322828380e+01,0.000000000000000000e+00,0.000000000000000000e+00
7.895231450310481591e+01,0.000000000000000000e+00,0.000000000000000000e+00
8.131212158232170850e+01,0.000000000000000000e+00,0.000000000000000000e+00
8.187999168632451585e+01,0.000000000000000000e+00,0.000000000000000000e+00
7.647938410621337368e+01,0.000000000000000000e+00,0.000000000000000000e+00
7.761437077402231921e+01,0.000000000000000000e+00,0.000000000000000000e+00
7.783527221883304037e+01,0.000000000000000000e+00,0.000000000000000000e+00
8.218225460335720811e+01,0.000000000000000000e+00,0.000000000000000000e+00
8.126397291438686921e+01,0.000000000000000000e+00,0.000000000000000000e+00
7.929620632122630752e+01,0.000000000000000000e+00,0.000000000000000000e+00
7.850233603698897866e+01,0.000000000000000000e+00,0.000000000000000000e+00
7.595624802463167669e+01,0.000000000000000000e+00,0.000000000000000000e+00
8.128507700494610333e+01,0.000000000000000000e+00,0.000000000000000000e+00
8.090091110046770950e+01,0.000000000000000000e+00,0.000000000000000000e+00
7.947838642974792833e+01,0.000000000000000000e+00,0.000000000000000000e+00
8.170271137637618608e+01,0.000000000000000000e+00,0.000000000000000000e+00
7.742370717734912944e+01,0.000000000000000000e+00,0.000000000000000000e+00
7.699676746285994966e+01,0.000000000000000000e+00,0.000000000000000000e+00
7.630707241218986780e+01,0.000000000000000000e+00,0.000000000000000000e+00
7.788970546957368413e+01,0.000000000000000000e+00,0.000000000000000000e+00
8.066869328685318408e+01,0.000000000000000000e+00,0.000000000000000000e+00
7.880618353391216147e+01,0.000000000000000000e+00,0.000000000000000000e+00
7.887018877817689599e+01,0.000000000000000000e+00,0.000000000000000000e+00
7.810976711864211097e+01,0.000000000000000000e+00,0.000000000000000000e+00
8.187575988494607770e+01,0.000000000000000000e+00,0.000000000000000000e+00
7.587898594687948162e+01,0.000000000000000000e+00,0.000000000000000000e+00
7.565932838001302230e+01,0.000000000000000000e+00,0.000000000000000000e+00
8.113358444597606933e+01,0.000000000000000000e+00,0.000000000000000000e+00
7.870351470597242383e+01,0.000000000000000000e+00,0.000000000000000000e+00
7.863390369390999979e+01,0.000000000000000000e+00,0.000000000000000000e+00
7.813886035623892212e+01,0.000000000000000000e+00,0.000000000000000000e+00
7.923612479224638605e+01,0.000000000000000000e+00,0.000000000000000000e+00
8.226112135190834351e+01,0.000000000000000000e+00,0.000000000000000000e+00
8.038223408942785397e+01,0.000000000000000000e+00,0.000000000000000000e+00
7.810933918142698928e+01,0.000000000000000000e+00,0.000000000000000000e+00
7.997349735481193989e+01,0.000000000000000000e+00,0.000000000000000000e+00
8.217135594664304676e+01,0.000000000000000000e+00,0.000000000000000000e+00
8.043658684696004002e+01,0.000000000000000000e+00,0.000000000000000000e+00
7.414947126652663201e+01,0.000000000000000000e+00,0.000000000000000000e+00
7.559408940925703746e+01,0.000000000000000000e+00,0.000000000000000000e+00
7.714412901258813804e+01,0.000000000000000000e+00,0.000000000000000000e+00
8.160216270292562513e+01,0.000000000000000000e+00,0.000000000000000000e+00
7.407667908000269108e+01,0.000000000000000000e+00,0.000000000000000000e+00
7.702351810566045742e+01,0.000000000000000000e+00,0.000000000000000000e+00
8.064867772226060083e+01,0.000000000000000000e+00,0.000000000000000000e+00
8.006522458564339217e+01,0.000000000000000000e+00,0.000000000000000000e+00
8.082760665760136476e+01,0.000000000000000000e+00,0.000000000000000000e+00
8.240075677503003249e+01,0.000000000000000000e+00,0.000000000000000000e+00
7.928399487017900071e+01,0.000000000000000000e+00,0.000000000000000000e+00
8.052199004590045206e+01,0.000000000000000000e+00,0.000000000000000000e+00
8.268154293169622804e+01,0.000000000000000000e+00,0.000000000000000000e+00
7.840101840072840389e+01,0.000000000000000000e+00,0.000000000000000000e+00
8.265955548368715711e+01,0.000000000000000000e+00,0.000000000000000000e+00
7.535635686146100909e+01,0.000000000000000000e+00,0.000000000000000000e+00
7.883208226497733051e+01,0.000000000000000000e+00,0.000000000000000000e+00
7.924626405400987039e+01,0.000000000000000000e+00,0.000000000000000000e+00
7.925893591329624144e+01,0.000000000000000000e+00,0.000000000000000000e+00
7.995866369467483992e+01,0.000000000000000000e+00,0.000000000000000000e+00
8.097250690965134368e+01,0.000000000000000000e+00,0.000000000000000000e+00
7.756273707934956008e+01,0.000000000000000000e+00,0.000000000000000000e+00
7.894460538763338775e+01,0.000000000000000000e+00,0.000000000000000000e+00
8.069454186834781240e+01,0.000000000000000000e+00,0.000000000000000000e+00
7.807293967185019312e+01,0.000000000000000000e+00,0.000000000000000000e+00
7.867831450372149504e+01,0.000000000000000000e+00,0.000000000000000000e+00
7.989810990798159196e+01,0.000000000000000000e+00,0.000000000000000000e+00
8.124652042406799524e+01,0.000000000000000000e+00,0.000000000000000000e+00
8.020647334229779801e+01,0.000000000000000000e+00,0.000000000000000000e+00
7.590083563672754963e+01,0.000000000000000000e+00,0.000000000000000000e+00
8.275667354136362519e+01,0.000000000000000000e+00,0.000000000000000000e+00
7.801234302994214431e+01,0.000000000000000000e+00,0.000000000000000000e+00
7.984342236191645270e+01,0.000000000000000000e+00,0.000000000000000000e+00
8.279521970469602365e+01,0.000000000000000000e+00,0.000000000000000000e+00
7.650692637711470923e+01,0.000000000000000000e+00,0.000000000000000000e+00
8.294012557382512796e+01,0.000000000000000000e+00,0.000000000000000000e+00
8.158504260327717361e+01,0.000000000000000000e+00,0.000000000000000000e+00
7.936208760251898298e+01,0.000000000000000000e+00,0.000000000000000000e+00
8.114303452832638186e+01,0.000000000000000000e+00,0.000000000000000000e+00
7.741891451842130323e+01,0.000000000000000000e+00,0.000000000000000000e+00
7.774920829253095178e+01,0.000000000000000000e+00,0.000000000000000000e+00
7.803243299698580415e+01,0.000000000000000000e+00,0.000000000000000000e+00
7.928209147741029028e+01,0.000000000000000000e+00,0.000000000000000000e+00
7.881335934666638821e+01,0.000000000000000000e+00,0.000000000000000000e+00
7.784737711734892684e+01,0.000000000000000000e+00,0.000000000000000000e+00
8.008026155894950193e+01,0.000000000000000000e+00,0.000000000000000000e+00
7.949795445245847247e+01,0.000000000000000000e+00,0.000000000000000000e+00
8.102038369345157776e+01,0.000000000000000000e+00,0.000000000000000000e+00
8.135847574493409695e+01,0.000000000000000000e+00,0.000000000000000000e+00
8.175351428714579072e+01,0.000000000000000000e+00,0.000000000000000000e+00
7.957587372991879704e+01,0.000000000000000000e+00,0.000000000000000000e+00
7.745875077970306677e+01,0.000000000000000000e+00,0.000000000000000000e+00
7.993683568064584222e+01,0.000000000000000000e+00,0.000000000000000000e+00
8.066129404698799021e+01,0.000000000000000000e+00,0.000000000000000000e+00
7.914754548695664482e+01,0.000000000000000000e+00,0.000000000000000000e+00
7.802624949468393822e+01,0.000000000000000000e+00,0.000000000000000000e+00
7.779126084133072538e+01,0.000000000000000000e+00,0.000000000000000000e+00
7.788616810009834523e+01,0.000000000000000000e+00,0.000000000000000000e+00
8.126712960752878701e+01,0.000000000000000000e+00,0.000000000000000000e+00
7.770401307044981820e+01,0.000000000000000000e+00,0.000000000000000000e+00
8.332851843535075886e+01,0.000000000000000000e+00,0.000000000000000000e+00
8.156109037256244676e+01,0.000000000000000000e+00,0.000000000000000000e+00
7.945968245392724327e+01,0.000000000000000000e+00,0.000000000000000000e+00
7.915774185800819396e+01,0.000000000000000000e+00,0.000000000000000000e+00
8.315894340228543058e+01,0.000000000000000000e+00,0.000000000000000000e+00
8.334242047226197769e+01,0.000000000000000000e+00,0.000000000000000000e+00
7.943434434776430919e+01,0.000000000000000000e+00,0.000000000000000000e+00
8.227609825498622342e+01,0.000000000000000000e+00,0.000000000000000000e+00
7.845220996022707993e+01,0.000000000000000000e+00,0.000000000000000000e+00
7.991650141393296281e+01,0.000000000000000000e+00,0.000000000000000000e+00
7.801990212421047488e+01,0.000000000000000000e+00,0.000000000000000000e+00
8.039356760467195784e+01,0.000000000000000000e+00,0.000000000000000000e+00
7.784195835054042334e+01,0.000000000000000000e+00,0.000000000000000000e+00
7.887106092999651707e+01,0.000000000000000000e+00,0.000000000000000000e+00
7.832277005771101130e+01,0.000000000000000000e+00,0.000000000000000000e+00
7.707611120101660163e+01,0.000000000000000000e+00,0.000000000000000000e+00
8.043059335737535775e+01,0.000000000000000000e+00,0.000000000000000000e+00
7.562184704446694639e+01,0.000000000000000000e+00,0.000000000000000000e+00
8.087590586490323119e+01,0.000000000000000000e+00,0.000000000000000000e+00
8.019973294267815334e+01,0.000000000000000000e+00,0.000000000000000000e+00
8.096437418949501819e+01,0.000000000000000000e+00,0.000000000000000000e+00
7.830182486547420240e+01,0.000000000000000000e+00,0.000000000000000000e+00
7.745238660437833289e+01,0.000000000000000000e+00,0.000000000000000000e+00
7.906437320261676405e+01,0.000000000000000000e+00,0.000000000000000000e+00
7.811339997567610283e+01,0.000000000000000000e+00,0.000000000000000000e+00
8.298961316719224612e+01,0.000000000000000000e+00,0.000000000000000000e+00
7.964133817283203598e+01,0.000000000000000000e+00,0.000000000000000000e+00
8.506897330346993158e+01,0.000000000000000000e+00,0.000000000000000000e+00
8.012452809100734896e+01,0.000000000000000000e+00,0.000000000000000000e+00
7.871563921215852133e+01,0.000000000000000000e+00,0.000000000000000000e+00
8.065448385009619869e+01,0.000000000000000000e+00,0.000000000000000000e+00
7.631025789171559381e+01,0.000000000000000000e+00,0.000000000000000000e+00
8.155607105442055627e+01,0.000000000000000000e+00,0.000000000000000000e+00
8.047700064954820220e+01,0.000000000000000000e+00,0.000000000000000000e+00
8.154203229321822732e+01,0.000000000000000000e+00,0.000000000000000000e+00
7.776159093598131733e+01,0.000000000000000000e+00,0.000000000000000000e+00
8.173326587887120809e+01,0.000000000000000000e+00,0.000000000000000000e+00
7.859879545710687410e+01,0.000000000000000000e+00,0.000000000000000000e+00
7.839794700488916135e+01,0.000000000000000000e+00,0.000000000000000000e+00
7.872278129150274140e+01,0.000000000000000000e+00,0.000000000000000000e+00
7.973695721447825235e+01,0.000000000000000000e+00,0.000000000000000000e+00
8.109773091711745963e+01,0.000000000000000000e+00,0.000000000000000000e+00
8.182827264269916157e+01,0.000000000000000000e+00,0.000000000000000000e+00
8.014922046323023608e+01,0.000000000000000000e+00,0.000000000000000000e+00
8.161303830090652411e+01,0.000000000000000000e+00,0.000000000000000000e+00
7.730212602271046762e+01,0.000000000000000000e+00,0.000000000000000000e+00
7.716372063195491648e+01,0.000000000000000000e+00,0.000000000000000000e+00
7.874182739056986691e+01,0.000000000000000000e+00,0.000000000000000000e+00
8.003235354764559872e+01,0.000000000000000000e+00,0.000000000000000000e+00
8.475606897903577419e+01,0.000000000000000000e+00,0.000000000000000000e+00
8.072920874885311093e+01,0.000000000000000000e+00,0.000000000000000000e+00
8.059024967805223127e+01,0.000000000000000000e+00,0.000000000000000000e+00
7.725926118117509134e+01,0.000000000000000000e+00,0.000000000000000000e+00
8.021910845034125259e+01,0.000000000000000000e+00,0.000000000000000000e+00
7.963275771069609732e+01,0.000000000000000000e+00,0.000000000000000000e+00
7.994016001793271187e+01,0.000000000000000000e+00,0.000000000000000000e+00
8.162780701489022306e+01,0.000000000000000000e+00,0.000000000000000000e+00
7.699711963778216273e+01,0.000000000000000000e+00,0.000000000000000000e+00
7.954689304169298225e+01,0.000000000000000000e+00,0.000000000000000000e+00
8.504147807350615551e+01,0.000000000000000000e+00,0.000000000000000000e+00
7.996490875306803048e+01,0.000000000000000000e+00,0.000000000000000000e+00
7.985144989740022936e+01,0.000000000000000000e+00,0.000000000000000000e+00
7.933775590439080361e+01,0.000000000000000000e+00,0.000000000000000000e+00
7.949940158560637826e+01,0.000000000000000000e+00,0.000000000000000000e+00
8.191348019319826790e+01,0.000000000000000000e+00,0.000000000000000000e+00
8.013001870330030840e+01,0.000000000000000000e+00,0.000000000000000000e+00
8.233926439509384920e+01,0.000000000000000000e+00,0.000000000000000000e+00
8.181583041270286571e+01,0.000000000000000000e+00,0.000000000000000000e+00
7.833051106723057444e+01,0.000000000000000000e+00,0.000000000000000000e+00
8.370972086753718600e+01,0.000000000000000000e+00,0.000000000000000000e+00
7.955758433346241532e+01,0.000000000000000000e+00,0.000000000000000000e+00
7.961625287515833804e+01,0.000000000000000000e+00,0.000000000000000000e+00
8.098804227812051693e+01,0.000000000000000000e+00,0.000000000000000000e+00
8.307622166667889019e+01,0.000000000000000000e+00,0.000000000000000000e+00
8.224810334672358181e+01,0.000000000000000000e+00,0.000000000000000000e+00
7.949827509155539929e+01,0.000000000000000000e+00,0.000000000000000000e+00
8.106032502194126721e+01,0.000000000000000000e+00,0.000000000000000000e+00
8.085115115285206855e+01,0.000000000000000000e+00,0.000000000000000000e+00
7.971537385278249133e+01,0.000000000000000000e+00,0.000000000000000000e+00
8.046591789604399025e+01,0.000000000000000000e+00,0.000000000000000000e+00
8.264756523950850919e+01,0.000000000000000000e+00,0.000000000000000000e+00
7.841876184617983370e+01,0.000000000000000000e+00,0.000000000000000000e+00
8.199345585630658206e+01,0.000000000000000000e+00,0.000000000000000000e+00
8.133088287320211407e+01,0.000000000000000000e+00,0.000000000000000000e+00
7.918673195014366684e+01,0.000000000000000000e+00,0.000000000000000000e+00
8.192609449419984458e+01,0.000000000000000000e+00,0.000000000000000000e+00
7.856049574275458269e+01,0.000000000000000000e+00,0.000000000000000000e+00
7.755724760886903368e+01,0.000000000000000000e+00,0.000000000000000000e+00
7.970415870738831643e+01,0.000000000000000000e+00,0.000000000000000000e+00
8.039789706655395207e+01,0.000000000000000000e+00,0.000000000000000000e+00
7.768127350243878482e+01,0.000000000000000000e+00,0.000000000000000000e+00
8.249923073371047622e+01,0.000000000000000000e+00,0.000000000000000000e+00
8.010514309686648460e+01,0.000000000000000000e+00,0.000000000000000000e+00
7.664496880794997935e+01,0.000000000000000000e+00,0.000000000000000000e+00
8.220597182451936646e+01,0.000000000000000000e+00,0.000000000000000000e+00
8.038569174874527334e+01,0.000000000000000000e+00,0.000000000000000000e+00
7.912251245132949862e+01,0.000000000000000000e+00,0.000000000000000000e+00
8.104171621838226258e+01,0.000000000000000000e+00,0.000000000000000000e+00
7.716254667056252003e+01,0.000000000000000000e+00,0.000000000000000000e+00
7.938073015464023285e+01,0.000000000000000000e+00,0.000000000000000000e+00
7.524068284895213310e+01,0.000000000000000000e+00,0.000000000000000000e+00
7.757305305501256498e+01,0.000000000000000000e+00,0.000000000000000000e+00
7.845056385204090077e+01,0.000000000000000000e+00,0.000000000000000000e+00
8.079191525534574225e+01,0.000000000000000000e+00,0.000000000000000000e+00
7.977601416812764512e+01,0.000000000000000000e+00,0.000000000000000000e+00
7.823195634370912899e+01,0.000000000000000000e+00,0.000000000000000000e+00
7.754755333758281211e+01,0.000000000000000000e+00,0.000000000000000000e+00
8.007232362845395812e+01,0.000000000000000000e+00,0.000000000000000000e+00
8.039872268695299340e+01,0.000000000000000000e+00,0.000000000000000000e+00
7.786300389912763364e+01,0.000000000000000000e+00,0.000000000000000000e+00
7.900356822165774417e+01,0.000000000000000000e+00,0.000000000000000000e+00
7.800509343136198481e+01,0.000000000000000000e+00,0.000000000000000000e+00
7.753405095414206016e+01,0.000000000000000000e+00,0.000000000000000000e+00
8.082994783947727058e+01,0.000000000000000000e+00,0.000000000000000000e+00
7.966414463110324107e+01,0.000000000000000000e+00,0.000000000000000000e+00
8.089510166933173707e+01,0.000000000000000000e+00,0.000000000000000000e+00
8.183382703493253985e+01,0.000000000000000000e+00,0.000000000000000000e+00
7.704778363139801911e+01,0.000000000000000000e+00,0.000000000000000000e+00
7.552173713078043704e+01,0.000000000000000000e+00,0.000000000000000000e+00
7.923937626481347252e+01,0.000000000000000000e+00,0.000000000000000000e+00
7.578041954768673349e+01,0.000000000000000000e+00,0.000000000000000000e+00
8.072502553590813079e+01,0.000000000000000000e+00,0.000000000000000000e+00
7.856696772703867282e+01,0.000000000000000000e+00,0.000000000000000000e+00
7.921611618196376980e+01,0.000000000000000000e+00,0.000000000000000000e+00
7.814249341254783587e+01,0.000000000000000000e+00,0.000000000000000000e+00
7.933173291805259453e+01,0.000000000000000000e+00,0.000000000000000000e+00
7.924891822646542039e+01,0.000000000000000000e+00,0.000000000000000000e+00
8.051970540954425815e+01,0.000000000000000000e+00,0.000000000000000000e+00
7.881020449440777043e+01,0.000000000000000000e+00,0.000000000000000000e+00
7.861727384475408087e+01,0.000000000000000000e+00,0.000000000000000000e+00
7.780559172135713197e+01,0.000000000000000000e+00,0.000000000000000000e+00
7.839504599471126767e+01,0.000000000000000000e+00,0.000000000000000000e+00
7.845942841786455801e+01,0.000000000000000000e+00,0.000000000000000000e+00
7.575481257822107750e+01,0.000000000000000000e+00,0.000000000000000000e+00
8.177628627260899918e+01,0.000000000000000000e+00,0.000000000000000000e+00
8.163870936325591288e+01,0.000000000000000000e+00,0.000000000000000000e+00
7.838700661160083882e+01,0.000000000000000000e+00,0.000000000000000000e+00
7.823458285993879713e+01,0.000000000000000000e+00,0.000000000000000000e+00
7.544641713968208308e+01,0.000000000000000000e+00,0.000000000000000000e+00
7.757111949497790704e+01,0.000000000000000000e+00,0.000000000000000000e+00
7.802972150140067242e+01,0.000000000000000000e+00,0.000000000000000000e+00
7.742213240276336705e+01,0.000000000000000000e+00,0.000000000000000000e+00
7.816908674236285037e+01,0.000000000000000000e+00,0.000000000000000000e+00
7.647009453635772047e+01,0.000000000000000000e+00,0.000000000000000000e+00
7.979370896645927758e+01,0.000000000000000000e+00,0.000000000000000000e+00
7.982875681880288710e+01,0.000000000000000000e+00,0.000000000000000000e+00
7.841896531187782671e+01,0.000000000000000000e+00,0.000000000000000000e+00
7.998552789112849837e+01,0.000000000000000000e+00,0.000000000000000000e+00
7.806404572488720817e+01,0.000000000000000000e+00,0.000000000000000000e+00
7.714104544599254609e+01,0.000000000000000000e+00,0.000000000000000000e+00
8.001351823597538271e+01,0.000000000000000000e+00,0.000000000000000000e+00
7.708271135531164475e+01,0.000000000000000000e+00,0.000000000000000000e+00
7.959551568574134706e+01,0.000000000000000000e+00,0.000000000000000000e+00
8.165434323670159245e+01,0.000000000000000000e+00,0.000000000000000000e+00
7.701129839073860239e+01,0.000000000000000000e+00,0.000000000000000000e+00
7.394147718725706397e+01,0.000000000000000000e+00,0.000000000000000000e+00
7.694569964886771629e+01,0.000000000000000000e+00,0.000000000000000000e+00
7.491734396769386706e+01,0.000000000000000000e+00,0.000000000000000000e+00
7.692912123603652219e+01,0.000000000000000000e+00,0.000000000000000000e+00
7.927585535877501854e+01,0.000000000000000000e+00,0.000000000000000000e+00
7.918199863729644505e+01,0.000000000000000000e+00,0.000000000000000000e+00
7.557999421314150368e+01,0.000000000000000000e+00,0.000000000000000000e+00
7.658231676330254345e+01,0.000000000000000000e+00,0.000000000000000000e+00
7.796048749735405181e+01,0.000000000000000000e+00,0.000000000000000000e+00
7.530698761885780357e+01,0.000000000000000000e+00,0.000000000000000000e+00
7.825248002389952262e+01,0.000000000000000000e+00,0.000000000000000000e+00
7.768526498558026105e+01,0.000000000000000000e+00,0.000000000000000000e+00
7.795507621988211611e+01,0.000000000000000000e+00,0.000000000000000000e+00
7.584000795440697118e+01,0.000000000000000000e+00,0.000000000000000000e+00
7.595520010881702433e+01,0.000000000000000000e+00,0.000000000000000000e+00
7.698997466170388293e+01,0.000000000000000000e+00,0.000000000000000000e+00
7.725886791846504309e+01,0.000000000000000000e+00,0.000000000000000000e+00
7.774087916633735063e+01,0.000000000000000000e+00,0.000000000000000000e+00
7.780205217063556233e+01,0.000000000000000000e+00,0.000000000000000000e+00
7.833285343489744434e+01,0.000000000000000000e+00,0.000000000000000000e+00
7.930703079293924418e+01,0.000000000000000000e+00,0.000000000000000000e+00
7.736435653164186022e+01,0.000000000000000000e+00,0.000000000000000000e+00
7.803988518979714684e+01,0.000000000000000000e+00,0.000000000000000000e+00
8.058517299289017899e+01,0.000000000000000000e+00,0.000000000000000000e+00
7.449901184463948312e+01,0.000000000000000000e+00,0.000000000000000000e+00
7.404948451578923141e+01,0.000000000000000000e+00,0.000000000000000000e+00
7.753435709632697126e+01,0.000000000000000000e+00,0.000000000000000000e+00
7.797021609789527474e+01,0.000000000000000000e+00,0.000000000000000000e+00
7.607424140802206125e+01,0.000000000000000000e+00,0.000000000000000000e+00
7.530522942916859108e+01,0.000000000000000000e+00,0.000000000000000000e+00
7.425191403274475022e+01,0.000000000000000000e+00,0.000000000000000000e+00
7.782996848377386812e+01,0.000000000000000000e+00,0.000000000000000000e+00
7.524390807519313285e+01,0.000000000000000000e+00,0.000000000000000000e+00
7.582690486802192709e+01,0.000000000000000000e+00,0.000000000000000000e+00
7.791826609666451020e+01,0.000000000000000000e+00,0.000000000000000000e+00
7.645103279315843281e+01,0.000000000000000000e+00,0.000000000000000000e+00
7.456406724202284408e+01,0.000000000000000000e+00,0.000000000000000000e+00
7.749583848598535951e+01,0.000000000000000000e+00,0.000000000000000000e+00
7.644597470115527926e+01,0.000000000000000000e+00,0.000000000000000000e+00
7.582296238099468155e+01,0.000000000000000000e+00,0.000000000000000000e+00
7.314611509022199698e+01,0.000000000000000000e+00,0.000000000000000000e+00
7.813567188437842503e+01,0.000000000000000000e+00,0.000000000000000000e+00
7.400167041401456913e+01,0.000000000000000000e+00,0.000000000000000000e+00
7.586877540599992642e+01,0.000000000000000000e+00,0.000000000000000000e+00
7.334108325552809049e+01,0.000000000000000000e+00,0.000000000000000000e+00
7.749958790112195572e+01,0.000000000000000000e+00,0.000000000000000000e+00
7.598667713473524543e+01,0.000000000000000000e+00,0.000000000000000000e+00
7.306086447210772405e+01,0.000000000000000000e+00,0.000000000000000000e+00
7.640787770915123644e+01,0.000000000000000000e+00,0.000000000000000000e+00
7.797085810433885911e+01,0.000000000000000000e+00,0.000000000000000000e+00
7.528626322748515065e+01,0.000000000000000000e+00,0.000000000000000000e+00
7.795339587333279496e+01,0.000000000000000000e+00,0.000000000000000000e+00
7.620106021850978095e+01,0.000000000000000000e+00,0.000000000000000000e+00
7.638951485137752684e+01,0.000000000000000000e+00,0.000000000000000000e+00
7.206690267687025653e+01,0.000000000000000000e+00,0.000000000000000000e+00
7.528216413880784330e+01,0.000000000000000000e+00,0.000000000000000000e+00
7.535389074745457094e+01,0.000000000000000000e+00,0.000000000000000000e+00
7.722011292663731297e+01,0.000000000000000000e+00,0.000000000000000000e+00
7.443617859727768860e+01,0.000000000000000000e+00,0.000000000000000000e+00
7.631222455404072491e+01,0.000000000000000000e+00,0.000000000000000000e+00
7.544334109920336573e+01,0.000000000000000000e+00,0.000000000000000000e+00
7.583351305563056144e+01,0.000000000000000000e+00,0.000000000000000000e+00
7.838432308101799606e+01,0.000000000000000000e+00,0.000000000000000000e+00
7.814610646988828080e+01,0.000000000000000000e+00,0.000000000000000000e+00
7.643209914938273641e+01,0.000000000000000000e+00,0.000000000000000000e+00
7.494851352508128173e+01,0.000000000000000000e+00,0.000000000000000000e+00
7.376421813149869422e+01,0.000000000000000000e+00,0.000000000000000000e+00
7.360865014700860343e+01,0.000000000000000000e+00,0.000000000000000000e+00
7.642009865256544288e+01,0.000000000000000000e+00,0.000000000000000000e+00
7.457619873039752179e+01,0.000000000000000000e+00,0.000000000000000000e+00
7.875156534843337397e+01,0.000000000000000000e+00,0.000000000000000000e+00
7.482285905588396702e+01,0.000000000000000000e+00,0.000000000000000000e+00
7.954397880434856916e+01,0.000000000000000000e+00,0.000000000000000000e+00
7.681245351638328600e+01,0.000000000000000000e+00,0.000000000000000000e+00
7.331882981978249347e+01,0.000000000000000000e+00,0.000000000000000000e+00
7.389534549492154270e+01,0.000000000000000000e+00,0.000000000000000000e+00
7.186757374959388756e+01,0.000000000000000000e+00,0.000000000000000000e+00
7.331470966424500091e+01,0.000000000000000000e+00,0.000000000000000000e+00
7.718608518932985874e+01,0.000000000000000000e+00,0.000000000000000000e+00
7.317527246721118672e+01,0.000000000000000000e+00,0.000000000000000000e+00
7.288130981790376950e+01,0.000000000000000000e+00,0.000000000000000000e+00
7.262452219924350061e+01,0.000000000000000000e+00,0.000000000000000000e+00
7.470443829561548910e+01,0.000000000000000000e+00,0.000000000000000000e+00
7.667527363482322755e+01,0.000000000000000000e+00,0.000000000000000000e+00
7.487398230602543947e+01,0.000000000000000000e+00,0.000000000000000000e+00
7.398238730423456389e+01,0.000000000000000000e+00,0.000000000000000000e+00
7.460368980283250551e+01,0.000000000000000000e+00,0.000000000000000000e+00
7.360511028605286299e+01,0.000000000000000000e+00,0.000000000000000000e+00
7.680866243391143655e+01,0.000000000000000000e+00,0.000000000000000000e+00
7.425756126217463304e+01,0.000000000000000000e+00,0.000000000000000000e+00
7.283876094527725797e+01,0.000000000000000000e+00,0.000000000000000000e+00
7.726800136729882240e+01,0.000000000000000000e+00,0.000000000000000000e+00
7.521564190707820785e+01,0.000000000000000000e+00,0.000000000000000000e+00
7.640558565248973366e+01,0.000000000000000000e+00,0.000000000000000000e+00
7.395691626054383505e+01,0.000000000000000000e+00,0.000000000000000000e+00
7.391945795338430969e+01,0.000000000000000000e+00,0.000000000000000000e+00
7.084650912864633199e+01,0.000000000000000000e+00,0.000000000000000000e+00
7.236577344637584019e+01,0.000000000000000000e+00,0.000000000000000000e+00
7.434864880479440785e+01,0.000000000000000000e+00,0.000000000000000000e+00
7.308010159337594303e+01,0.000000000000000000e+00,0.000000000000000000e+00
7.226226006714058769e+01,0.000000000000000000e+00,0.000000000000000000e+00
7.517572583296352207e+01,0.000000000000000000e+00,0.000000000000000000e+00
7.318741991448811746e+01,0.000000000000000000e+00,0.000000000000000000e+00
7.299084798836196342e+01,0.000000000000000000e+00,0.000000000000000000e+00
7.161142270740542415e+01,0.000000000000000000e+00,0.000000000000000000e+00
7.076161984953304795e+01,0.000000000000000000e+00,0.000000000000000000e+00
6.993078022894263768e+01,0.000000000000000000e+00,0.000000000000000000e+00
7.375075736980744523e+01,0.000000000000000000e+00,0.000000000000000000e+00
6.857173146175455258e+01,0.000000000000000000e+00,0.000000000000000000e+00
7.265218715158134444e+01,0.000000000000000000e+00,0.000000000000000000e+00
7.623594210931025827e+01,0.000000000000000000e+00,0.000000000000000000e+00
7.136454422544868237e+01,0.000000000000000000e+00,0.000000000000000000e+00
7.202766926525204383e+01,0.000000000000000000e+00,0.000000000000000000e+00
7.526115234808393950e+01,0.000000000000000000e+00,0.000000000000000000e+00
7.479820891441882225e+01,0.000000000000000000e+00,0.000000000000000000e+00
7.155538589183613851e+01,0.000000000000000000e+00,0.000000000000000000e+00
7.291946797382499312e+01,0.000000000000000000e+00,0.000000000000000000e+00
7.389610450361010408e+01,0.000000000000000000e+00,0.000000000000000000e+00
7.298354232392804875e+01,0.000000000000000000e+00,0.000000000000000000e+00
7.111406699683658417e+01,0.000000000000000000e+00,0.000000000000000000e+00
7.097555406924369947e+01,0.000000000000000000e+00,0.000000000000000000e+00
7.179885321144178079e+01,0.000000000000000000e+00,0.000000000000000000e+00
7.129373623362623391e+01,0.000000000000000000e+00,0.000000000000000000e+00
7.190177262854879814e+01,0.000000000000000000e+00,0.000000000000000000e+00
7.252900550363962395e+01,0.000000000000000000e+00,0.000000000000000000e+00
7.221091750721653568e+01,0.000000000000000000e+00,0.000000000000000000e+00
6.945111511113650238e+01,0.000000000000000000e+00,0.000000000000000000e+00
7.311892541595135242e+01,0.000000000000000000e+00,0.000000000000000000e+00
7.285430848393924919e+01,0.000000000000000000e+00,0.000000000000000000e+00
6.957543281643891930e+01,0.000000000000000000e+00,0.000000000000000000e+00
7.097001845549112886e+01,0.000000000000000000e+00,0.000000000000000000e+00
7.084353128400458388e+01,0.000000000000000000e+00,0.000000000000000000e+00
7.099785350181207377e+01,0.000000000000000000e+00,0.000000000000000000e+00
7.118173782322084264e+01,0.000000000000000000e+00,0.000000000000000000e+00
6.936311946759144575e+01,0.000000000000000000e+00,0.000000000000000000e+00
7.219118530095694553e+01,0.000000000000000000e+00,0.000000000000000000e+00
7.201679027170622760e+01,0.000000000000000000e+00,0.000000000000000000e+00
7.001444572703736924e+01,0.000000000000000000e+00,0.000000000000000000e+00
7.138838944795223540e+01,0.000000000000000000e+00,0.000000000000000000e+00
7.126880524822271923e+01,0.000000000000000000e+00,0.000000000000000000e+00
6.919537784322962182e+01,0.000000000000000000e+00,0.000000000000000000e+00
6.827509452795274569e+01,0.000000000000000000e+00,0.000000000000000000e+00
7.148526012267628005e+01,0.000000000000000000e+00,0.000000000000000000e+00
6.634297543979501199e+01,0.000000000000000000e+00,0.000000000000000000e+00
7.013162671563920014e+01,0.000000000000000000e+00,0.000000000000000000e+00
7.255750805621468658e+01,0.000000000000000000e+00,0.000000000000000000e+00
7.273097282024899357e+01,0.000000000000000000e+00,0.000000000000000000e+00
6.991561903892267082e+01,0.000000000000000000e+00,0.000000000000000000e+00
6.708317568257852770e+01,0.000000000000000000e+00,0.000000000000000000e+00
6.713610128343357530e+01,0.000000000000000000e+00,0.000000000000000000e+00
7.267861947078316120e+01,0.000000000000000000e+00,0.000000000000000000e+00
7.256789510954183697e+01,0.000000000000000000e+00,0.000000000000000000e+00
6.920003884837973374e+01,0.000000000000000000e+00,0.000000000000000000e+00
6.841517147893345907e+01,0.000000000000000000e+00,0.000000000000000000e+00
7.074731267813919544e+01,0.000000000000000000e+00,0.000000000000000000e+00
7.310851331382650642e+01,0.000000000000000000e+00,0.000000000000000000e+00
7.148917477296261325e+01,0.000000000000000000e+00,0.000000000000000000e+00
6.962925220963060724e+01,0.000000000000000000e+00,0.000000000000000000e+00
7.079244538778263518e+01,0.000000000000000000e+00,0.000000000000000000e+00
7.289853167312205073e+01,0.000000000000000000e+00,0.000000000000000000e+00
7.015258868162391082e+01,0.000000000000000000e+00,0.000000000000000000e+00
7.156904546232455289e+01,0.000000000000000000e+00,0.000000000000000000e+00
6.982695133271816701e+01,0.000000000000000000e+00,0.000000000000000000e+00
6.990352080229502008e+01,0.000000000000000000e+00,0.000000000000000000e+00
7.281316994221266725e+01,0.000000000000000000e+00,0.000000000000000000e+00
7.089892415367609146e+01,0.000000000000000000e+00,0.000000000000000000e+00
7.212277773714525608e+01,0.000000000000000000e+00,0.000000000000000000e+00
6.756603148174866647e+01,0.000000000000000000e+00,0.000000000000000000e+00
7.267337433677931813e+01,0.000000000000000000e+00,0.000000000000000000e+00
6.845891257409921593e+01,0.000000000000000000e+00,0.000000000000000000e+00
6.953740449704282867e+01,0.000000000000000000e+00,0.000000000000000000e+00
6.825966544491636512e+01,0.000000000000000000e+00,0.000000000000000000e+00
6.852757281185316174e+01,0.000000000000000000e+00,0.000000000000000000e+00
6.803091034089541722e+01,0.000000000000000000e+00,0.000000000000000000e+00
6.880960692992388772e+01,0.000000000000000000e+00,0.000000000000000000e+00
6.971270956569104271e+01,0.000000000000000000e+00,0.000000000000000000e+00
6.775757179276317288e+01,0.000000000000000000e+00,0.000000000000000000e+00
6.492528005584418338e+01,0.000000000000000000e+00,0.000000000000000000e+00
7.212514359260990204e+01,0.000000000000000000e+00,0.000000000000000000e+00
6.766456724799648725e+01,0.000000000000000000e+00,0.000000000000000000e+00
6.807004905861563770e+01,0.000000000000000000e+00,0.000000000000000000e+00
6.942971301260122630e+01,0.000000000000000000e+00,0.000000000000000000e+00
6.494145980441459187e+01,0.000000000000000000e+00,0.000000000000000000e+00
6.883706291774757347e+01,0.000000000000000000e+00,0.000000000000000000e+00
7.108142050486273433e+01,0.000000000000000000e+00,0.000000000000000000e+00
6.971039376439399859e+01,0.000000000000000000e+00,0.000000000000000000e+00
7.034449729294352949e+01,0.000000000000000000e+00,0.000000000000000000e+00
6.599454675193584308e+01,0.000000000000000000e+00,0.000000000000000000e+00
6.650771429896454379e+01,0.000000000000000000e+00,0.000000000000000000e+00
7.064014429881808610e+01,0.000000000000000000e+00,0.000000000000000000e+00
6.763894618967810857e+01,0.000000000000000000e+00,0.000000000000000000e+00
6.841357427057425866e+01,0.000000000000000000e+00,0.000000000000000000e+00
6.546459297482344653e+01,0.000000000000000000e+00,0.000000000000000000e+00
6.791172521991077815e+01,0.000000000000000000e+00,0.000000000000000000e+00
6.429738916694294915e+01,0.000000000000000000e+00,0.000000000000000000e+00
7.176795675081980619e+01,0.000000000000000000e+00,0.000000000000000000e+00
6.916912335910824083e+01,0.000000000000000000e+00,0.000000000000000000e+00
6.600707639539014338e+01,0.000000000000000000e+00,0.000000000000000000e+00
6.665846543542068048e+01,0.000000000000000000e+00,0.000000000000000000e+00
6.517243005921824306e+01,0.000000000000000000e+00,0.000000000000000000e+00
6.411917888142981781e+01,0.000000000000000000e+00,0.000000000000000000e+00
6.671579773038082806e+01,0.000000000000000000e+00,0.000000000000000000e+00
6.949665883975454506e+01,0.000000000000000000e+00,0.000000000000000000e+00
6.518503042301411199e+01,0.000000000000000000e+00,0.000000000000000000e+00
6.921022448308974617e+01,0.000000000000000000e+00,0.000000000000000000e+00
6.865617431667227777e+01,0.000000000000000000e+00,0.000000000000000000e+00
6.837863639300481111e+01,0.000000000000000000e+00,0.000000000000000000e+00
6.689105749208245300e+01,0.000000000000000000e+00,0.000000000000000000e+00
6.868150705076725160e+01,0.000000000000000000e+00,0.000000000000000000e+00
6.740443553743726568e+01,0.000000000000000000e+00,0.000000000000000000e+00
6.707043601706676839e+01,0.000000000000000000e+00,0.000000000000000000e+00
6.995493734673665642e+01,0.000000000000000000e+00,0.000000000000000000e+00
6.713181348641288082e+01,0.000000000000000000e+00,0.000000000000000000e+00
6.371567913670772043e+01,0.000000000000000000e+00,0.000000000000000000e+00
7.064568383636093074e+01,0.000000000000000000e+00,0.000000000000000000e+00
6.454257455322988335e+01,0.000000000000000000e+00,0.000000000000000000e+00
6.803805988106805103e+01,0.000000000000000000e+00,0.000000000000000000e+00
6.830857343598384546e+01,0.000000000000000000e+00,0.000000000000000000e+00
6.606158562741946128e+01,0.000000000000000000e+00,0.000000000000000000e+00
6.916895255559887801e+01,0.000000000000000000e+00,0.000000000000000000e+00
6.714391565840902842e+01,0.000000000000000000e+00,0.000000000000000000e+00
6.230231716612193793e+01,0.000000000000000000e+00,0.000000000000000000e+00
6.441691107580533071e+01,0.000000000000000000e+00,0.000000000000000000e+00
6.719771340509828406e+01,0.000000000000000000e+00,0.000000000000000000e+00
6.665571249899556960e+01,0.000000000000000000e+00,0.000000000000000000e+00
6.091197347003272000e+01,0.000000000000000000e+00,0.000000000000000000e+00
6.581401436765985125e+01,0.000000000000000000e+00,0.000000000000000000e+00
6.711762917657206629e+01,0.000000000000000000e+00,0.000000000000000000e+00
6.590485595198398983e+01,0.000000000000000000e+00,0.000000000000000000e+00
6.860826166417473360e+01,0.000000000000000000e+00,0.000000000000000000e+00
6.848493694121052044e+01,0.000000000000000000e+00,0.000000000000000000e+00
6.542286509522953963e+01,0.000000000000000000e+00,0.000000000000000000e+00
6.675867654737317025e+01,0.000000000000000000e+00,0.000000000000000000e+00
6.510881703109436103e+01,0.000000000000000000e+00,0.000000000000000000e+00
6.411719216932303311e+01,0.000000000000000000e+00,0.000000000000000000e+00
6.713046636467360884e+01,0.000000000000000000e+00,0.000000000000000000e+00
6.602580960005778365e+01,0.000000000000000000e+00,0.000000000000000000e+00
6.239015637829575667e+01,0.000000000000000000e+00,0.000000000000000000e+00
6.648156729978302337e+01,0.000000000000000000e+00,0.000000000000000000e+00
6.589923939830060817e+01,0.000000000000000000e+00,0.000000000000000000e+00
6.801740893595139426e+01,0.000000000000000000e+00,0.000000000000000000e+00
6.438847530177103806e+01,0.000000000000000000e+00,0.000000000000000000e+00
6.524981116287423788e+01,0.000000000000000000e+00,0.000000000000000000e+00
6.274825622664207714e+01,0.000000000000000000e+00,0.000000000000000000e+00
6.017925531450828913e+01,0.000000000000000000e+00,0.000000000000000000e+00
6.641682718940144525e+01,0.000000000000000000e+00,0.000000000000000000e+00
6.264764287042429203e+01,0.000000000000000000e+00,0.000000000000000000e+00
6.259703234267119853e+01,0.000000000000000000e+00,0.000000000000000000e+00
6.599004591917861262e+01,0.000000000000000000e+00,0.000000000000000000e+00
6.450438852504306908e+01,0.000000000000000000e+00,0.000000000000000000e+00
6.689308247641105254e+01,0.000000000000000000e+00,0.000000000000000000e+00
6.393219470936591620e+01,0.000000000000000000e+00,0.000000000000000000e+00
6.448633063949621658e+01,0.000000000000000000e+00,0.000000000000000000e+00
6.625124245790361499e+01,0.000000000000000000e+00,0.000000000000000000e+00
6.488511127332121475e+01,0.000000000000000000e+00,0.000000000000000000e+00
6.284309112087597526e+01,0.000000000000000000e+00,0.000000000000000000e+00
6.284564846533370996e+01,0.000000000000000000e+00,0.000000000000000000e+00
6.259115645292014563e+01,0.000000000000000000e+00,0.000000000000000000e+00
6.266447563544733157e+01,0.000000000000000000e+00,0.000000000000000000e+00
6.746292898779600478e+01,0.000000000000000000e+00,0.000000000000000000e+00
6.283004771042815406e+01,0.000000000000000000e+00,0.000000000000000000e+00
6.127826800869701174e+01,0.000000000000000000e+00,0.000000000000000000e+00
6.612042752923883882e+01,0.000000000000000000e+00,0.000000000000000000e+00
6.401684390457208451e+01,0.000000000000000000e+00,0.000000000000000000e+00
6.435363565789678830e+01,0.000000000000000000e+00,0.000000000000000000e+00
6.226670955391222151e+01,0.000000000000000000e+00,0.000000000000000000e+00
6.028313194052402935e+01,0.000000000000000000e+00,0.000000000000000000e+00
6.444530355923095044e+01,0.000000000000000000e+00,0.000000000000000000e+00
6.250280447427846298e+01,0.000000000000000000e+00,0.000000000000000000e+00
6.650028058990692159e+01,0.000000000000000000e+00,0.000000000000000000e+00
6.302329689257992129e+01,0.000000000000000000e+00,0.000000000000000000e+00
5.690589901824726127e+01,0.000000000000000000e+00,0.000000000000000000e+00
6.220463668893965092e+01,0.000000000000000000e+00,0.000000000000000000e+00
5.942346488855127262e+01,0.000000000000000000e+00,0.000000000000000000e+00
6.185085643585511406e+01,0.000000000000000000e+00,0.000000000000000000e+00
6.151786330827012250e+01,0.000000000000000000e+00,0.000000000000000000e+00
6.243731776850216164e+01,0.000000000000000000e+00,0.000000000000000000e+00
6.508758471687183089e+01,0.000000000000000000e+00,0.000000000000000000e+00
6.471042840852221900e+01,0.000000000000000000e+00,0.000000000000000000e+00
5.896747502610899261e+01,0.000000000000000000e+00,0.000000000000000000e+00
6.221126497848160142e+01,0.000000000000000000e+00,0.000000000000000000e+00
6.451224344306490366e+01,0.000000000000000000e+00,0.000000000000000000e+00
6.687799308062344039e+01,0.000000000000000000e+00,0.000000000000000000e+00
6.168566468850386286e+01,0.000000000000000000e+00,0.000000000000000000e+00
6.213918750840013416e+01,0.000000000000000000e+00,0.000000000000000000e+00
6.218627200379569331e+01,0.000000000000000000e+00,0.000000000000000000e+00
5.893699542973557470e+01,0.000000000000000000e+00,0.000000000000000000e+00
6.071988032435226756e+01,0.000000000000000000e+00,0.000000000000000000e+00
6.336579127569265069e+01,0.000000000000000000e+00,0.000000000000000000e+00
5.992026394787301768e+01,0.000000000000000000e+00,0.000000000000000000e+00
5.987936817570428616e+01,0.000000000000000000e+00,0.000000000000000000e+00
5.990487190139019447e+01,0.000000000000000000e+00,0.000000000000000000e+00
5.631390928093394166e+01,0.000000000000000000e+00,0.000000000000000000e+00
6.468906335584381395e+01,0.000000000000000000e+00,0.000000000000000000e+00
5.822113260802179724e+01,0.000000000000000000e+00,0.000000000000000000e+00
6.302965318468145739e+01,0.000000000000000000e+00,0.000000000000000000e+00
6.394106217009991866e+01,0.000000000000000000e+00,0.000000000000000000e+00
6.412478113451905415e+01,0.000000000000000000e+00,0.000000000000000000e+00
6.077403054461497334e+01,0.000000000000000000e+00,0.000000000000000000e+00
6.421830205531355773e+01,0.000000000000000000e+00,0.000000000000000000e+00
5.666666779059078607e+01,0.000000000000000000e+00,0.000000000000000000e+00
5.834071726212376774e+01,0.000000000000000000e+00,0.000000000000000000e+00
5.938296778805030129e+01,0.000000000000000000e+00,0.000000000000000000e+00
6.411465062782792756e+01,0.000000000000000000e+00,0.000000000000000000e+00
5.725409453386240699e+01,0.000000000000000000e+00,0.000000000000000000e+00
6.242186557746641284e+01,0.000000000000000000e+00,0.000000000000000000e+00
5.710887827216006940e+01,0.000000000000000000e+00,0.000000000000000000e+00
6.029161216417771385e+01,0.000000000000000000e+00,0.000000000000000000e+00
6.078218254170927537e+01,0.000000000000000000e+00,0.000000000000000000e+00
6.162967827042312763e+01,0.000000000000000000e+00,0.000000000000000000e+00
6.142683231445192860e+01,0.000000000000000000e+00,0.000000000000000000e+00
6.040421992785704930e+01,0.000000000000000000e+00,0.000000000000000000e+00
5.869021826225441885e+01,0.000000000000000000e+00,0.000000000000000000e+00
5.762188389566416902e+01,0.000000000000000000e+00,0.000000000000000000e+00
6.376350623447295618e+01,0.000000000000000000e+00,0.000000000000000000e+00
6.106627350517901931e+01,0.000000000000000000e+00,0.000000000000000000e+00
5.778561577318045295e+01,0.000000000000000000e+00,0.000000000000000000e+00
6.224572449500554683e+01,0.000000000000000000e+00,0.000000000000000000e+00
5.517057760141942424e+01,0.000000000000000000e+00,0.000000000000000000e+00
5.792341509158582369e+01,0.000000000000000000e+00,0.000000000000000000e+00
6.090405315807191755e+01,0.000000000000000000e+00,0.000000000000000000e+00
5.644093155891803804e+01,0.000000000000000000e+00,0.000000000000000000e+00
5.606012455554585472e+01,0.000000000000000000e+00,0.000000000000000000e+00
5.950832430993143163e+01,0.000000000000000000e+00,0.000000000000000000e+00
6.261117761484914013e+01,0.000000000000000000e+00,0.000000000000000000e+00
5.947305320628336744e+01,0.000000000000000000e+00,0.000000000000000000e+00
5.904483817414438818e+01,0.000000000000000000e+00,0.000000000000000000e+00
6.051842867095034961e+01,0.000000000000000000e+00,0.000000000000000000e+00
5.756676916389829302e+01,0.000000000000000000e+00,0.000000000000000000e+00
5.824729895432948723e+01,0.000000000000000000e+00,0.000000000000000000e+00
5.630925314428850470e+01,0.000000000000000000e+00,0.000000000000000000e+00
6.173603218416138105e+01,0.000000000000000000e+00,0.000000000000000000e+00
6.097353808869932834e+01,0.000000000000000000e+00,0.000000000000000000e+00
5.538807897194189422e+01,0.000000000000000000e+00,0.000000000000000000e+00
5.989038386395499458e+01,0.000000000000000000e+00,0.000000000000000000e+00
5.603828392330544261e+01,0.000000000000000000e+00,0.000000000000000000e+00
5.996239991772787192e+01,0.000000000000000000e+00,0.000000000000000000e+00
6.081202544718062342e+01,0.000000000000000000e+00,0.000000000000000000e+00
5.756314835137123254e+01,0.000000000000000000e+00,0.000000000000000000e+00
5.944586617972048970e+01,0.000000000000000000e+00,0.000000000000000000e+00
5.735140739603223636e+01,0.000000000000000000e+00,0.000000000000000000e+00
5.850660172401166648e+01,0.000000000000000000e+00,0.000000000000000000e+00
5.721178325235261042e+01,0.000000000000000000e+00,0.000000000000000000e+00
5.606320082259158966e+01,0.000000000000000000e+00,0.000000000000000000e+00
6.037883730415152428e+01,0.000000000000000000e+00,0.000000000000000000e+00
5.919345524740965203e+01,0.000000000000000000e+00,0.000000000000000000e+00
5.543052699361898306e+01,0.000000000000000000e+00,0.000000000000000000e+00
5.827080442618063216e+01,0.000000000000000000e+00,0.000000000000000000e+00
5.391222577973636731e+01,0.000000000000000000e+00,0.000000000000000000e+00
5.537516417168918537e+01,0.000000000000000000e+00,0.000000000000000000e+00
5.609861979923224595e+01,0.000000000000000000e+00,0.000000000000000000e+00
5.582692084048104419e+01,0.000000000000000000e+00,0.000000000000000000e+00
5.824805877883609639e+01,0.000000000000000000e+00,0.000000000000000000e+00
5.777013674989881764e+01,0.000000000000000000e+00,0.000000000000000000e+00
5.754094896987666630e+01,0.000000000000000000e+00,0.000000000000000000e+00
5.758073673556910421e+01,0.000000000000000000e+00,0.000000000000000000e+00
6.054129590162243346e+01,0.000000000000000000e+00,0.000000000000000000e+00
5.593799147033374908e+01,0.000000000000000000e+00,0.000000000000000000e+00
5.755458784865236055e+01,0.000000000000000000e+00,0.000000000000000000e+00
5.777106766476060784e+01,0.000000000000000000e+00,0.000000000000000000e+00
5.350566493455600181e+01,0.000000000000000000e+00,0.000000000000000000e+00
5.466728100173789784e+01,0.000000000000000000e+00,0.000000000000000000e+00
5.524556845591385468e+01,0.000000000000000000e+00,0.000000000000000000e+00
5.376557735388860237e+01,0.000000000000000000e+00,0.000000000000000000e+00
5.635649120550477420e+01,0.000000000000000000e+00,0.000000000000000000e+00
5.653515608198561182e+01,0.000000000000000000e+00,0.000000000000000000e+00
5.421983156685767113e+01,0.000000000000000000e+00,0.000000000000000000e+00
5.559199341163267860e+01,0.000000000000000000e+00,0.000000000000000000e+00
5.539507344407711997e+01,0.000000000000000000e+00,0.000000000000000000e+00
5.736745535751855130e+01,0.000000000000000000e+00,0.000000000000000000e+00
5.484443746354980220e+01,0.000000000000000000e+00,0.000000000000000000e+00
5.583011760390839129e+01,0.000000000000000000e+00,0.000000000000000000e+00
5.511245090658975698e+01,0.000000000000000000e+00,0.000000000000000000e+00
5.595304020180765292e+01,0.000000000000000000e+00,0.000000000000000000e+00
5.555938945775734084e+01,0.000000000000000000e+00,0.000000000000000000e+00
5.730577828582446642e+01,0.000000000000000000e+00,0.000000000000000000e+00
5.494706834928633299e+01,0.000000000000000000e+00,0.000000000000000000e+00
5.165057171851118056e+01,0.000000000000000000e+00,0.000000000000000000e+00
5.466600920213470971e+01,0.000000000000000000e+00,0.000000000000000000e+00
5.405493986154220920e+01,0.000000000000000000e+00,0.000000000000000000e+00
5.193401709646221320e+01,0.000000000000000000e+00,0.000000000000000000e+00
5.391047970675141698e+01,0.000000000000000000e+00,0.000000000000000000e+00
5.677745952283518704e+01,0.000000000000000000e+00,0.000000000000000000e+00
5.976329505120605745e+01,0.000000000000000000e+00,0.000000000000000000e+00
5.319553684858330911e+01,0.000000000000000000e+00,0.000000000000000000e+00
5.563190365978252316e+01,0.000000000000000000e+00,0.000000000000000000e+00
5.112270151913136118e+01,0.000000000000000000e+00,0.000000000000000000e+00
5.131506986672935255e+01,0.000000000000000000e+00,0.000000000000000000e+00
5.095589468377844611e+01,0.000000000000000000e+00,0.000000000000000000e+00
5.302785593269117470e+01,0.000000000000000000e+00,0.000000000000000000e+00
5.463008812743114362e+01,0.000000000000000000e+00,0.000000000000000000e+00
5.440144754402651017e+01,0.000000000000000000e+00,0.000000000000000000e+00
5.161431424852838745e+01,0.000000000000000000e+00,0.000000000000000000e+00
5.302776650421051130e+01,0.000000000000000000e+00,0.000000000000000000e+00
5.385396553160691724e+01,0.000000000000000000e+00,0.000000000000000000e+00
5.424548563461713258e+01,0.000000000000000000e+00,0.000000000000000000e+00
5.226969672788744958e+01,0.000000000000000000e+00,0.000000000000000000e+00
5.486100989927030724e+01,0.000000000000000000e+00,0.000000000000000000e+00
5.607743022596158511e+01,0.000000000000000000e+00,0.000000000000000000e+00
5.543727135535169737e+01,0.000000000000000000e+00,0.000000000000000000e+00
5.022810614865512946e+01,0.000000000000000000e+00,0.000000000000000000e+00
5.259247166704641074e+01,0.000000000000000000e+00,0.000000000000000000e+00
5.380612181112965686e+01,0.000000000000000000e+00,0.000000000000000000e+00
5.303681283163760440e+01,0.000000000000000000e+00,0.000000000000000000e+00
5.422988899777580940e+01,0.000000000000000000e+00,0.000000000000000000e+00
5.208239068170387043e+01,0.000000000000000000e+00,0.000000000000000000e+00
5.060904326294829758e+01,0.000000000000000000e+00,0.000000000000000000e+00
5.155439844137027450e+01,0.000000000000000000e+00,0.000000000000000000e+00
5.046109513528974588e+01,0.000000000000000000e+00,0.000000000000000000e+00
5.403734866368952794e+01,0.000000000000000000e+00,0.000000000000000000e+00
5.116646937957110453e+01,0.000000000000000000e+00,0.000000000000000000e+00
5.028914648469092441e+01,0.000000000000000000e+00,0.000000000000000000e+00
5.000155563791507518e+01,0.000000000000000000e+00,0.000000000000000000e+00
5.329256145839350012e+01,0.000000000000000000e+00,0.000000000000000000e+00
5.034083313982576158e+01,0.000000000000000000e+00,0.000000000000000000e+00
4.808303850892248477e+01,0.000000000000000000e+00,0.000000000000000000e+00
5.362772807129834263e+01,0.000000000000000000e+00,0.000000000000000000e+00
4.885645687671140536e+01,0.000000000000000000e+00,0.000000000000000000e+00
5.065153134817903435e+01,0.000000000000000000e+00,0.000000000000000000e+00
5.121125752895255090e+01,0.000000000000000000e+00,0.000000000000000000e+00
5.033926467007378136e+01,0.000000000000000000e+00,0.000000000000000000e+00
5.522010072396473390e+01,0.000000000000000000e+00,0.000000000000000000e+00
4.946391326426960688e+01,0.000000000000000000e+00,0.000000000000000000e+00
5.071755893256041503e+01,0.000000000000000000e+00,0.000000000000000000e+00
4.996439874160844141e+01,0.000000000000000000e+00,0.000000000000000000e+00
4.747225405566137368e+01,0.000000000000000000e+00,0.000000000000000000e+00
4.744919763044352834e+01,0.000000000000000000e+00,0.000000000000000000e+00
5.138474453529100572e+01,0.000000000000000000e+00,0.000000000000000000e+00
5.065282689586337739e+01,0.000000000000000000e+00,0.000000000000000000e+00
5.388536890733901430e+01,0.000000000000000000e+00,0.000000000000000000e+00
4.775719468388317068e+01,0.000000000000000000e+00,0.000000000000000000e+00
4.889860815226524693e+01,0.000000000000000000e+00,0.000000000000000000e+00
4.614217723102571256e+01,0.000000000000000000e+00,0.000000000000000000e+00
4.953955136819077865e+01,0.000000000000000000e+00,0.000000000000000000e+00
5.063907334376621350e+01,0.000000000000000000e+00,0.000000000000000000e+00
4.727791562773335698e+01,0.000000000000000000e+00,0.000000000000000000e+00
4.552507101757755947e+01,0.000000000000000000e+00,0.000000000000000000e+00
4.840771423285963948e+01,0.000000000000000000e+00,0.000000000000000000e+00
4.848149382562631615e+01,0.000000000000000000e+00,0.000000000000000000e+00
4.823152118046872516e+01,0.000000000000000000e+00,0.000000000000000000e+00
5.011885200391537154e+01,0.000000000000000000e+00,0.000000000000000000e+00
4.697850765907614345e+01,0.000000000000000000e+00,0.000000000000000000e+00
4.733716726422172627e+01,0.000000000000000000e+00,0.000000000000000000e+00
4.610874314368896876e+01,0.000000000000000000e+00,0.000000000000000000e+00
5.170974476590375701e+01,0.000000000000000000e+00,0.000000000000000000e+00
5.028542369407093560e+01,0.000000000000000000e+00,0.000000000000000000e+00
4.803338543879394251e+01,0.000000000000000000e+00,0.000000000000000000e+00
4.767562883181523858e+01,0.000000000000000000e+00,0.000000000000000000e+00
4.992199597074267814e+01,0.000000000000000000e+00,0.000000000000000000e+00
4.780486050941991039e+01,0.000000000000000000e+00,0.000000000000000000e+00
5.097443433462041895e+01,0.000000000000000000e+00,0.000000000000000000e+00
4.827189212435484222e+01,0.000000000000000000e+00,0.000000000000000000e+00
4.582629438147134238e+01,0.000000000000000000e+00,0.000000000000000000e+00
4.429539050936161715e+01,0.000000000000000000e+00,0.000000000000000000e+00
4.684106381569614541e+01,0.000000000000000000e+00,0.000000000000000000e+00
4.668028678696624212e+01,0.000000000000000000e+00,0.000000000000000000e+00
4.526412769714259099e+01,0.000000000000000000e+00,0.000000000000000000e+00
4.843691759956582388e+01,0.000000000000000000e+00,0.000000000000000000e+00
4.485060388405946696e+01,0.000000000000000000e+00,0.000000000000000000e+00
5.211022966308999571e+01,0.000000000000000000e+00,0.000000000000000000e+00
4.844692736132387978e+01,0.000000000000000000e+00,0.000000000000000000e+00
4.386959591969004180e+01,0.000000000000000000e+00,0.000000000000000000e+00
4.631531105804612736e+01,0.000000000000000000e+00,0.000000000000000000e+00
4.670781580499331653e+01,0.000000000000000000e+00,0.000000000000000000e+00
4.706563251919300228e+01,0.000000000000000000e+00,0.000000000000000000e+00
4.846345043739181335e+01,0.000000000000000000e+00,0.000000000000000000e+00
4.562320491785191479e+01,0.000000000000000000e+00,0.000000000000000000e+00
4.954644564141958085e+01,0.000000000000000000e+00,0.000000000000000000e+00
4.726928555524676057e+01,0.000000000000000000e+00,0.000000000000000000e+00
4.598149844998014402e+01,0.000000000000000000e+00,0.000000000000000000e+00
4.680361140419137911e+01,0.000000000000000000e+00,0.000000000000000000e+00
4.616571597174592512e+01,0.000000000000000000e+00,0.000000000000000000e+00
5.121814278888433591e+01,0.000000000000000000e+00,0.000000000000000000e+00
4.602788774928976778e+01,0.000000000000000000e+00,0.000000000000000000e+00
4.442824719527344257e+01,0.000000000000000000e+00,0.000000000000000000e+00
4.773960543981023363e+01,0.000000000000000000e+00,0.000000000000000000e+00
4.367196007225163612e+01,0.000000000000000000e+00,0.000000000000000000e+00
4.743801062250757639e+01,0.000000000000000000e+00,0.000000000000000000e+00
4.739110124222370501e+01,0.000000000000000000e+00,0.000000000000000000e+00
4.392608527167263333e+01,0.000000000000000000e+00,0.000000000000000000e+00
4.449747250308254820e+01,0.000000000000000000e+00,0.000000000000000000e+00
4.547296889749434712e+01,0.000000000000000000e+00,0.000000000000000000e+00
4.559184610230986578e+01,0.000000000000000000e+00,0.000000000000000000e+00
4.513670706334514904e+01,0.000000000000000000e+00,0.000000000000000000e+00
4.772133048252408827e+01,0.000000000000000000e+00,0.000000000000000000e+00
4.320373798890153694e+01,0.000000000000000000e+00,0.000000000000000000e+00
4.349464985588731025e+01,0.000000000000000000e+00,0.000000000000000000e+00
4.460923929261228693e+01,0.000000000000000000e+00,0.000000000000000000e+00
4.376002364009884360e+01,0.000000000000000000e+00,0.000000000000000000e+00
4.576475698105808476e+01,0.000000000000000000e+00,0.000000000000000000e+00
4.724655261222967084e+01,0.000000000000000000e+00,0.000000000000000000e+00
4.723644048945840979e+01,0.000000000000000000e+00,0.000000000000000000e+00
4.677174346071272737e+01,0.000000000000000000e+00,0.000000000000000000e+00
4.302874933622637599e+01,0.000000000000000000e+00,0.000000000000000000e+00
4.694357887089444148e+01,0.000000000000000000e+00,0.000000000000000000e+00
4.807706863501825012e+01,0.000000000000000000e+00,0.000000000000000000e+00
4.424764328129841573e+01,0.000000000000000000e+00,0.000000000000000000e+00
4.686944922309898232e+01,0.000000000000000000e+00,0.000000000000000000e+00
4.141586127621921776e+01,0.000000000000000000e+00,0.000000000000000000e+00
4.429055983038892208e+01,0.000000000000000000e+00,0.000000000000000000e+00
4.697035866348162614e+01,0.000000000000000000e+00,0.000000000000000000e+00
4.387635973286672453e+01,0.000000000000000000e+00,0.000000000000000000e+00
4.931502251257919767e+01,0.000000000000000000e+00,0.000000000000000000e+00
4.338804401447357151e+01,0.000000000000000000e+00,0.000000000000000000e+00
4.270204486797502597e+01,0.000000000000000000e+00,0.000000000000000000e+00
4.398835095421743802e+01,0.000000000000000000e+00,0.000000000000000000e+00
4.438781823968083273e+01,0.000000000000000000e+00,0.000000000000000000e+00
4.252670279765788308e+01,0.000000000000000000e+00,0.000000000000000000e+00
4.429706399845994014e+01,0.000000000000000000e+00,0.000000000000000000e+00
4.426007554632694507e+01,0.000000000000000000e+00,0.000000000000000000e+00
4.540595909680202169e+01,0.000000000000000000e+00,0.000000000000000000e+00
4.246135248821685337e+01,0.000000000000000000e+00,0.000000000000000000e+00
4.431130339214061564e+01,0.000000000000000000e+00,0.000000000000000000e+00
4.036903581139044661e+01,0.000000000000000000e+00,0.000000000000000000e+00
4.192661819724561667e+01,0.000000000000000000e+00,0.000000000000000000e+00
4.522889426828963622e+01,0.000000000000000000e+00,0.000000000000000000e+00
4.227951645199301822e+01,0.000000000000000000e+00,0.000000000000000000e+00
4.401195975721270770e+01,0.000000000000000000e+00,0.000000000000000000e+00
4.471842248311600088e+01,0.000000000000000000e+00,0.000000000000000000e+00
4.537610295429396956e+01,0.000000000000000000e+00,0.000000000000000000e+00
3.922104418418396676e+01,0.000000000000000000e+00,0.000000000000000000e+00
3.971461727754716975e+01,0.000000000000000000e+00,0.000000000000000000e+00
4.132436689746583625e+01,0.000000000000000000e+00,0.000000000000000000e+00
4.122990425663530090e+01,0.000000000000000000e+00,0.000000000000000000e+00
3.889728770850107509e+01,0.000000000000000000e+00,0.000000000000000000e+00
4.505081547821827570e+01,0.000000000000000000e+00,0.000000000000000000e+00
4.226142958108559355e+01,0.000000000000000000e+00,0.000000000000000000e+00
4.340683912350427676e+01,0.000000000000000000e+00,0.000000000000000000e+00
4.409727235762048991e+01,0.000000000000000000e+00,0.000000000000000000e+00
4.420858163125507900e+01,0.000000000000000000e+00,0.000000000000000000e+00
4.379173111466730006e+01,0.000000000000000000e+00,0.000000000000000000e+00
4.446521628765557921e+01,0.000000000000000000e+00,0.000000000000000000e+00
4.562814313024687607e+01,0.000000000000000000e+00,0.000000000000000000e+00
4.332873302960294382e+01,0.000000000000000000e+00,0.000000000000000000e+00
4.694665258525634499e+01,0.000000000000000000e+00,0.000000000000000000e+00
4.302791551339711162e+01,0.000000000000000000e+00,0.000000000000000000e+00
4.141435741123559922e+01,0.000000000000000000e+00,0.000000000000000000e+00
4.190145879962678066e+01,0.000000000000000000e+00,0.000000000000000000e+00
4.376490517883694764e+01,0.000000000000000000e+00,0.000000000000000000e+00
4.248203880304028246e+01,0.000000000000000000e+00,0.000000000000000000e+00
4.096257082089449142e+01,0.000000000000000000e+00,0.000000000000000000e+00
4.773984340056333053e+01,0.000000000000000000e+00,0.000000000000000000e+00
3.967918022906110309e+01,0.000000000000000000e+00,0.000000000000000000e+00
3.914983081896532013e+01,0.000000000000000000e+00,0.000000000000000000e+00
4.281310492552752578e+01,0.000000000000000000e+00,0.000000000000000000e+00
4.140283603177257987e+01,0.000000000000000000e+00,0.000000000000000000e+00
3.819094124197820150e+01,0.000000000000000000e+00,0.000000000000000000e+00
4.185855754237756088e+01,0.000000000000000000e+00,0.000000000000000000e+00
4.023478237780334865e+01,0.000000000000000000e+00,0.000000000000000000e+00
4.218798342074366303e+01,0.000000000000000000e+00,0.000000000000000000e+00
4.242038180500860278e+01,0.000000000000000000e+00,0.000000000000000000e+00
4.189266294556369985e+01,0.000000000000000000e+00,0.000000000000000000e+00
4.182460428175322420e+01,0.000000000000000000e+00,0.000000000000000000e+00
3.905173656295223594e+01,0.000000000000000000e+00,0.000000000000000000e+00
4.291307869626159999e+01,0.000000000000000000e+00,0.000000000000000000e+00
4.067928930919121200e+01,0.000000000000000000e+00,0.000000000000000000e+00
4.248617534395490480e+01,0.000000000000000000e+00,0.000000000000000000e+00
4.037203462392174913e+01,0.000000000000000000e+00,0.000000000000000000e+00
4.048082583351191488e+01,0.000000000000000000e+00,0.000000000000000000e+00
4.334350661251553305e+01,0.000000000000000000e+00,0.000000000000000000e+00
3.822009622777448357e+01,0.000000000000000000e+00,0.000000000000000000e+00
3.659124032668125892e+01,0.000000000000000000e+00,0.000000000000000000e+00
3.846141893703477876e+01,0.000000000000000000e+00,0.000000000000000000e+00
4.029602419845652861e+01,0.000000000000000000e+00,0.000000000000000000e+00
4.310792073484908826e+01,0.000000000000000000e+00,0.000000000000000000e+00
3.901094959955538144e+01,0.000000000000000000e+00,0.000000000000000000e+00
3.739416052802167911e+01,0.000000000000000000e+00,0.000000000000000000e+00
3.592368405983638269e+01,0.000000000000000000e+00,0.000000000000000000e+00
4.011092166103948387e+01,0.000000000000000000e+00,0.000000000000000000e+00
3.634409041302295407e+01,0.000000000000000000e+00,0.000000000000000000e+00
4.060994646601382385e+01,0.000000000000000000e+00,0.000000000000000000e+00
3.837846718223627107e+01,0.000000000000000000e+00,0.000000000000000000e+00
3.832972440663886715e+01,0.000000000000000000e+00,0.000000000000000000e+00
4.132735734422350760e+01,0.000000000000000000e+00,0.000000000000000000e+00
3.968533924263753931e+01,0.000000000000000000e+00,0.000000000000000000e+00
4.189066913109861900e+01,0.000000000000000000e+00,0.000000000000000000e+00
3.950063741257621075e+01,0.000000000000000000e+00,0.000000000000000000e+00
3.682870834458018550e+01,0.000000000000000000e+00,0.000000000000000000e+00
3.655227370901931749e+01,0.000000000000000000e+00,0.000000000000000000e+00
3.711886908009772412e+01,0.000000000000000000e+00,0.000000000000000000e+00
3.819261849064968573e+01,0.000000000000000000e+00,0.000000000000000000e+00
3.805342212063305141e+01,0.000000000000000000e+00,0.000000000000000000e+00
3.810573778555476565e+01,0.000000000000000000e+00,0.000000000000000000e+00
4.023962489876618775e+01,0.000000000000000000e+00,0.000000000000000000e+00
3.353290780349396272e+01,0.000000000000000000e+00,0.000000000000000000e+00
3.747665526780813394e+01,0.000000000000000000e+00,0.000000000000000000e+00
3.824563538306057353e+01,0.000000000000000000e+00,0.000000000000000000e+00
3.536092989585634427e+01,0.000000000000000000e+00,0.000000000000000000e+00
4.025202168478733000e+01,0.000000000000000000e+00,0.000000000000000000e+00
3.587723342321464770e+01,0.000000000000000000e+00,0.000000000000000000e+00
3.901478169896575565e+01,0.000000000000000000e+00,0.000000000000000000e+00
3.504167416007650360e+01,0.000000000000000000e+00,0.000000000000000000e+00
3.682077328160720953e+01,0.000000000000000000e+00,0.000000000000000000e+00
3.705247030243593542e+01,0.000000000000000000e+00,0.000000000000000000e+00
3.267800819593887951e+01,0.000000000000000000e+00,0.000000000000000000e+00
3.837290094441337374e+01,0.000000000000000000e+00,0.000000000000000000e+00
3.675435035301710940e+01,0.000000000000000000e+00,0.000000000000000000e+00
3.816600493077925194e+01,0.000000000000000000e+00,0.000000000000000000e+00
3.719063600203587328e+01,0.000000000000000000e+00,0.000000000000000000e+00
3.616386330469697441e+01,0.000000000000000000e+00,0.000000000000000000e+00
3.660449930640162819e+01,0.000000000000000000e+00,0.000000000000000000e+00
3.786773119710911573e+01,0.000000000000000000e+00,0.000000000000000000e+00
3.630684563504282636e+01,0.000000000000000000e+00,0.000000000000000000e+00
4.018152068093908014e+01,0.000000000000000000e+00,0.000000000000000000e+00
3.797803541512502790e+01,0.000000000000000000e+00,0.000000000000000000e+00
3.756522054014138945e+01,0.000000000000000000e+00,0.000000000000000000e+00
3.611389388357157060e+01,0.000000000000000000e+00,0.000000000000000000e+00
3.699713343582036629e+01,0.000000000000000000e+00,0.000000000000000000e+00
3.529095368662618171e+01,0.000000000000000000e+00,0.000000000000000000e+00
3.616429849693500387e+01,0.000000000000000000e+00,0.000000000000000000e+00
3.791719621023899833e+01,0.000000000000000000e+00,0.000000000000000000e+00
3.381638251232350711e+01,0.000000000000000000e+00,0.000000000000000000e+00
3.404291298465251003e+01,0.000000000000000000e+00,0.000000000000000000e+00
3.725971348262056182e+01,0.000000000000000000e+00,0.000000000000000000e+00
3.669844455996842214e+01,0.000000000000000000e+00,0.000000000000000000e+00
3.809833827944283513e+01,0.000000000000000000e+00,0.000000000000000000e+00
3.650260204856984103e+01,0.000000000000000000e+00,0.000000000000000000e+00
3.618617514657276502e+01,0.000000000000000000e+00,0.000000000000000000e+00
3.486029779233727766e+01,0.000000000000000000e+00,0.000000000000000000e+00
3.437281177678115540e+01,0.000000000000000000e+00,0.000000000000000000e+00
3.778559313446011458e+01,0.000000000000000000e+00,0.000000000000000000e+00
3.193610331957696857e+01,0.000000000000000000e+00,0.000000000000000000e+00
3.656125063564547162e+01,0.000000000000000000e+00,0.000000000000000000e+00
3.493824841224461153e+01,0.000000000000000000e+00,0.000000000000000000e+00
3.696086202676453070e+01,0.000000000000000000e+00,0.000000000000000000e+00
3.623563282721873691e+01,0.000000000000000000e+00,0.000000000000000000e+00
3.128446896389029774e+01,0.000000000000000000e+00,0.000000000000000000e+00
3.627266180549793972e+01,0.000000000000000000e+00,0.000000000000000000e+00
3.922093378151271281e+01,0.000000000000000000e+00,0.000000000000000000e+00
3.138020493685722201e+01,0.000000000000000000e+00,0.000000000000000000e+00
3.583310715907312982e+01,0.000000000000000000e+00,0.000000000000000000e+00
3.671700141619976421e+01,0.000000000000000000e+00,0.000000000000000000e+00
3.406692487014116466e+01,0.000000000000000000e+00,0.000000000000000000e+00
3.223079000876812472e+01,0.000000000000000000e+00,0.000000000000000000e+00
3.297142486193469324e+01,0.000000000000000000e+00,0.000000000000000000e+00
3.464841416543451658e+01,0.000000000000000000e+00,0.000000000000000000e+00
3.751243798796271278e+01,0.000000000000000000e+00,0.000000000000000000e+00
3.236484934918203749e+01,0.000000000000000000e+00,0.000000000000000000e+00
3.345515662792477229e+01,0.000000000000000000e+00,0.000000000000000000e+00
3.580501513959578830e+01,0.000000000000000000e+00,0.000000000000000000e+00
3.166052513509523081e+01,0.000000000000000000e+00,0.000000000000000000e+00
3.068576484796559711e+01,0.000000000000000000e+00,0.000000000000000000e+00
3.594121592545445765e+01,0.000000000000000000e+00,0.000000000000000000e+00
3.492666999294711871e+01,0.000000000000000000e+00,0.000000000000000000e+00
3.253406196593522282e+01,0.000000000000000000e+00,0.000000000000000000e+00
3.699919917429043892e+01,0.000000000000000000e+00,0.000000000000000000e+00
3.836274009727676315e+01,0.000000000000000000e+00,0.000000000000000000e+00
3.376361801784062777e+01,0.000000000000000000e+00,0.000000000000000000e+00
3.094996985918374577e+01,0.000000000000000000e+00,0.000000000000000000e+00
3.181519408660809134e+01,0.000000000000000000e+00,0.000000000000000000e+00
3.052720730488396583e+01,0.000000000000000000e+00,0.000000000000000000e+00
3.466446754101816907e+01,0.000000000000000000e+00,0.000000000000000000e+00
2.890028778016771227e+01,0.000000000000000000e+00,0.000000000000000000e+00
3.272610624855857964e+01,0.000000000000000000e+00,0.000000000000000000e+00
2.944372988469847030e+01,0.000000000000000000e+00,0.000000000000000000e+00
3.423899342419014857e+01,0.000000000000000000e+00,0.000000000000000000e+00
3.037030177414883525e+01,0.000000000000000000e+00,0.000000000000000000e+00
3.451415846297171441e+01,0.000000000000000000e+00,0.000000000000000000e+00
2.892396019185439116e+01,0.000000000000000000e+00,0.000000000000000000e+00
3.005520353786066323e+01,0.000000000000000000e+00,0.000000000000000000e+00
3.585564146666592933e+01,0.000000000000000000e+00,0.000000000000000000e+00
3.028463128206123756e+01,0.000000000000000000e+00,0.000000000000000000e+00
3.240102403829527589e+01,0.000000000000000000e+00,0.000000000000000000e+00
3.143200597809090624e+01,0.000000000000000000e+00,0.000000000000000000e+00
3.468819292041300884e+01,0.000000000000000000e+00,0.000000000000000000e+00
3.121723369312550034e+01,0.000000000000000000e+00,0.000000000000000000e+00
3.240209546651690431e+01,0.000000000000000000e+00,0.000000000000000000e+00
3.406645537794014444e+01,0.000000000000000000e+00,0.000000000000000000e+00
3.037102183476062223e+01,0.000000000000000000e+00,0.000000000000000000e+00
3.272921988180092256e+01,0.000000000000000000e+00,0.000000000000000000e+00
3.221430317652367847e+01,0.000000000000000000e+00,0.000000000000000000e+00
3.236042674313481626e+01,0.000000000000000000e+00,0.000000000000000000e+00
3.185531972561199154e+01,0.000000000000000000e+00,0.000000000000000000e+00
3.070374462102898505e+01,0.000000000000000000e+00,0.000000000000000000e+00
3.206348562622515885e+01,0.000000000000000000e+00,0.000000000000000000e+00
3.128664406275712651e+01,0.000000000000000000e+00,0.000000000000000000e+00
3.251776520628740030e+01,0.000000000000000000e+00,0.000000000000000000e+00
3.071632228416131483e+01,0.000000000000000000e+00,0.000000000000000000e+00
3.300935469289511559e+01,0.000000000000000000e+00,0.000000000000000000e+00
3.048994856100587825e+01,0.000000000000000000e+00,0.000000000000000000e+00
3.323705673058844212e+01,0.000000000000000000e+00,0.000000000000000000e+00
3.320192815625470928e+01,0.000000000000000000e+00,0.000000000000000000e+00
2.923881930382345828e+01,0.000000000000000000e+00,0.000000000000000000e+00
3.253967141909497229e+01,0.000000000000000000e+00,0.000000000000000000e+00
3.049381890480867341e+01,0.000000000000000000e+00,0.000000000000000000e+00
3.167769196756685446e+01,0.000000000000000000e+00,0.000000000000000000e+00
3.090697149012596157e+01,0.000000000000000000e+00,0.000000000000000000e+00
2.752431838560219290e+01,0.000000000000000000e+00,0.000000000000000000e+00
3.424757683238924955e+01,0.000000000000000000e+00,0.000000000000000000e+00
2.952584431663813547e+01,0.000000000000000000e+00,0.000000000000000000e+00
2.877830228640879184e+01,0.000000000000000000e+00,0.000000000000000000e+00
2.965117010032862765e+01,0.000000000000000000e+00,0.000000000000000000e+00
3.034525941590236187e+01,0.000000000000000000e+00,0.000000000000000000e+00
3.081627948977482845e+01,0.000000000000000000e+00,0.000000000000000000e+00
3.007728239040216778e+01,0.000000000000000000e+00,0.000000000000000000e+00
3.022752634146506878e+01,0.000000000000000000e+00,0.000000000000000000e+00
3.368006086490042605e+01,0.000000000000000000e+00,0.000000000000000000e+00
3.093392878376537070e+01,0.000000000000000000e+00,0.000000000000000000e+00
2.841059138466351897e+01,0.000000000000000000e+00,0.000000000000000000e+00
2.647157112963052583e+01,0.000000000000000000e+00,0.000000000000000000e+00
3.157433816479635169e+01,0.000000000000000000e+00,0.000000000000000000e+00
3.219754974899023381e+01,0.000000000000000000e+00,0.000000000000000000e+00
2.903049114956434096e+01,0.000000000000000000e+00,0.000000000000000000e+00
3.088833550206265599e+01,0.000000000000000000e+00,0.000000000000000000e+00
3.172324724123174278e+01,0.000000000000000000e+00,0.000000000000000000e+00
2.745130788518090981e+01,0.000000000000000000e+00,0.000000000000000000e+00
3.098002484772798226e+01,0.000000000000000000e+00,0.000000000000000000e+00
2.946044023453158900e+01,0.000000000000000000e+00,0.000000000000000000e+00
2.747495603013621945e+01,0.000000000000000000e+00,0.000000000000000000e+00
2.876352509396921420e+01,0.000000000000000000e+00,0.000000000000000000e+00
2.920744414643938569e+01,0.000000000000000000e+00,0.000000000000000000e+00
3.015028782962962595e+01,0.000000000000000000e+00,0.000000000000000000e+00
2.576373195079780487e+01,0.000000000000000000e+00,0.000000000000000000e+00
2.944139111070218107e+01,0.000000000000000000e+00,0.000000000000000000e+00
3.236011510203175590e+01,0.000000000000000000e+00,0.000000000000000000e+00
2.628393586908274671e+01,0.000000000000000000e+00,0.000000000000000000e+00
2.799819554608387762e+01,0.000000000000000000e+00,0.000000000000000000e+00
3.167028229691820940e+01,0.000000000000000000e+00,0.000000000000000000e+00
3.060829841649741923e+01,0.000000000000000000e+00,0.000000000000000000e+00
3.070234368866590202e+01,0.000000000000000000e+00,0.000000000000000000e+00
2.961556978278402852e+01,0.000000000000000000e+00,0.000000000000000000e+00
2.842201435942507715e+01,0.000000000000000000e+00,0.000000000000000000e+00
3.007595330615603402e+01,0.000000000000000000e+00,0.000000000000000000e+00
2.800450007908869310e+01,0.000000000000000000e+00,0.000000000000000000e+00
2.662537631499277424e+01,0.000000000000000000e+00,0.000000000000000000e+00
2.846236759795525373e+01,0.000000000000000000e+00,0.000000000000000000e+00
2.675872171208857964e+01,0.000000000000000000e+00,0.000000000000000000e+00
2.895673836699406323e+01,0.000000000000000000e+00,0.000000000000000000e+00
3.079661196662519629e+01,0.000000000000000000e+00,0.000000000000000000e+00
2.740409411543802065e+01,0.000000000000000000e+00,0.000000000000000000e+00
2.755769523188630288e+01,0.000000000000000000e+00,0.000000000000000000e+00
3.463058883413194167e+01,0.000000000000000000e+00,0.000000000000000000e+00
2.987929309539498135e+01,0.000000000000000000e+00,0.000000000000000000e+00
2.942912767670252450e+01,0.000000000000000000e+00,0.000000000000000000e+00
2.816312182020357824e+01,0.000000000000000000e+00,0.000000000000000000e+00
2.754111046509604677e+01,0.000000000000000000e+00,0.000000000000000000e+00
2.835502130732866988e+01,0.000000000000000000e+00,0.000000000000000000e+00
2.860830195599871573e+01,0.000000000000000000e+00,0.000000000000000000e+00
2.887293526209294114e+01,0.000000000000000000e+00,0.000000000000000000e+00
2.794441964028705172e+01,0.000000000000000000e+00,0.000000000000000000e+00
3.085511438310162191e+01,0.000000000000000000e+00,0.000000000000000000e+00
2.681838708101407320e+01,0.000000000000000000e+00,0.000000000000000000e+00
3.150421035148907478e+01,0.000000000000000000e+00,0.000000000000000000e+00
2.547588225980755539e+01,0.000000000000000000e+00,0.000000000000000000e+00
2.888928753523995141e+01,0.000000000000000000e+00,0.000000000000000000e+00
3.101514033551580951e+01,0.000000000000000000e+00,0.000000000000000000e+00
2.824972603322291320e+01,0.000000000000000000e+00,0.000000000000000000e+00
2.909007204621685361e+01,0.000000000000000000e+00,0.000000000000000000e+00
2.529907315901719045e+01,0.000000000000000000e+00,0.000000000000000000e+00
3.046729275709912699e+01,0.000000000000000000e+00,0.000000000000000000e+00
2.744907822874225545e+01,0.000000000000000000e+00,0.000000000000000000e+00
2.860526052791277962e+01,0.000000000000000000e+00,0.000000000000000000e+00
2.719280534598748744e+01,0.000000000000000000e+00,0.000000000000000000e+00
2.821573726833227624e+01,0.000000000000000000e+00,0.000000000000000000e+00
2.621717781640165157e+01,0.000000000000000000e+00,0.000000000000000000e+00
2.643780959125009389e+01,0.000000000000000000e+00,0.000000000000000000e+00
2.465844218930395826e+01,0.000000000000000000e+00,0.000000000000000000e+00
2.740224088492140808e+01,0.000000000000000000e+00,0.000000000000000000e+00
2.585854628812863609e+01,0.000000000000000000e+00,0.000000000000000000e+00
2.837152864251353890e+01,0.000000000000000000e+00,0.000000000000000000e+00
2.581716445518160086e+01,0.000000000000000000e+00,0.000000000000000000e+00
2.776664833589398640e+01,0.000000000000000000e+00,0.000000000000000000e+00
2.528020434661237203e+01,0.000000000000000000e+00,0.000000000000000000e+00
2.603986506172024917e+01,0.000000000000000000e+00,0.000000000000000000e+00
2.966978029194039834e+01,0.000000000000000000e+00,0.000000000000000000e+00
2.138607340492926667e+01,0.000000000000000000e+00,0.000000000000000000e+00
2.367008687735977901e+01,0.000000000000000000e+00,0.000000000000000000e+00
2.899772655080268180e+01,0.000000000000000000e+00,0.000000000000000000e+00
2.579076956387185149e+01,0.000000000000000000e+00,0.000000000000000000e+00
2.874403507986053796e+01,0.000000000000000000e+00,0.000000000000000000e+00
2.909038245263035805e+01,0.000000000000000000e+00,0.000000000000000000e+00
2.672524799175504029e+01,0.000000000000000000e+00,0.000000000000000000e+00
2.738305035707980295e+01,0.000000000000000000e+00,0.000000000000000000e+00
2.774315361148692460e+01,0.000000000000000000e+00,0.000000000000000000e+00
2.438345950584294997e+01,0.000000000000000000e+00,0.000000000000000000e+00
2.405781245513007249e+01,0.000000000000000000e+00,0.000000000000000000e+00
2.435856553082604137e+01,0.000000000000000000e+00,0.000000000000000000e+00
2.460609271332746317e+01,0.000000000000000000e+00,0.000000000000000000e+00
2.766404418312844626e+01,0.000000000000000000e+00,0.000000000000000000e+00
2.567043776933316579e+01,0.000000000000000000e+00,0.000000000000000000e+00
2.647793719408934265e+01,0.000000000000000000e+00,0.000000000000000000e+00
2.632022157269294027e+01,0.000000000000000000e+00,0.000000000000000000e+00
2.459663374549203141e+01,0.000000000000000000e+00,0.000000000000000000e+00
2.275311201638986702e+01,0.000000000000000000e+00,0.000000000000000000e+00
2.705008048040817314e+01,0.000000000000000000e+00,0.000000000000000000e+00
2.758554785394965947e+01,0.000000000000000000e+00,0.000000000000000000e+00
2.856507095703935306e+01,0.000000000000000000e+00,0.000000000000000000e+00
2.559634587315699150e+01,0.000000000000000000e+00,0.000000000000000000e+00
2.000926747949705842e+01,0.000000000000000000e+00,0.000000000000000000e+00
2.476805504624390153e+01,0.000000000000000000e+00,0.000000000000000000e+00
2.889430771124109754e+01,0.000000000000000000e+00,0.000000000000000000e+00
2.650619115831686301e+01,0.000000000000000000e+00,0.000000000000000000e+00
2.663870741011318088e+01,0.000000000000000000e+00,0.000000000000000000e+00
2.230747978758206784e+01,0.000000000000000000e+00,0.000000000000000000e+00
2.496334314011178179e+01,0.000000000000000000e+00,0.000000000000000000e+00
2.704009593975304071e+01,0.000000000000000000e+00,0.000000000000000000e+00
2.414671262906955818e+01,0.000000000000000000e+00,0.000000000000000000e+00
2.389201041088565347e+01,0.000000000000000000e+00,0.000000000000000000e+00
2.201355045328772064e+01,0.000000000000000000e+00,0.000000000000000000e+00
2.077302802593094810e+01,0.000000000000000000e+00,0.000000000000000000e+00
2.321467561388526590e+01,0.000000000000000000e+00,0.000000000000000000e+00
2.977951596922402899e+01,0.000000000000000000e+00,0.000000000000000000e+00
2.572200458887261121e+01,0.000000000000000000e+00,0.000000000000000000e+00
2.361748928783011792e+01,0.000000000000000000e+00,0.000000000000000000e+00
2.210987772985685496e+01,0.000000000000000000e+00,0.000000000000000000e+00
2.426299853348449176e+01,0.000000000000000000e+00,0.000000000000000000e+00
2.261691940012944002e+01,0.000000000000000000e+00,0.000000000000000000e+00
2.498880730423092089e+01,0.000000000000000000e+00,0.000000000000000000e+00
2.452128648869507899e+01,0.000000000000000000e+00,0.000000000000000000e+00
2.308730607667809664e+01,0.000000000000000000e+00,0.000000000000000000e+00
2.658038903860832392e+01,0.000000000000000000e+00,0.000000000000000000e+00
2.233465727660260214e+01,0.000000000000000000e+00,0.000000000000000000e+00
2.465127453199657737e+01,0.000000000000000000e+00,0.000000000000000000e+00
2.145893346908437138e+01,0.000000000000000000e+00,0.000000000000000000e+00
2.100204312085234903e+01,0.000000000000000000e+00,0.000000000000000000e+00
2.450351462881913989e+01,0.000000000000000000e+00,0.000000000000000000e+00
2.324275068622050000e+01,0.000000000000000000e+00,0.000000000000000000e+00
2.115880607694341009e+01,0.000000000000000000e+00,0.000000000000000000e+00
2.047924348665083727e+01,0.000000000000000000e+00,0.000000000000000000e+00
2.539942602264202165e+01,0.000000000000000000e+00,0.000000000000000000e+00
2.409369786972440508e+01,0.000000000000000000e+00,0.000000000000000000e+00
2.259947329496664281e+01,0.000000000000000000e+00,0.000000000000000000e+00
2.280765717403955151e+01,0.000000000000000000e+00,0.000000000000000000e+00
2.342895102619375791e+01,0.000000000000000000e+00,0.000000000000000000e+00
2.234231518630092950e+01,0.000000000000000000e+00,0.000000000000000000e+00
2.156843265026244794e+01,0.000000000000000000e+00,0.000000000000000000e+00
2.102476907622217439e+01,0.000000000000000000e+00,0.000000000000000000e+00
2.526558332733248591e+01,0.000000000000000000e+00,0.000000000000000000e+00
2.707000152658214631e+01,0.000000000000000000e+00,0.000000000000000000e+00
2.539887936354558207e+01,0.000000000000000000e+00,0.000000000000000000e+00
2.434303340567769425e+01,0.000000000000000000e+00,0.000000000000000000e+00
2.385085684299755471e+01,0.000000000000000000e+00,0.000000000000000000e+00
2.313295472958261811e+01,0.000000000000000000e+00,0.000000000000000000e+00
2.233137091893310355e+01,0.000000000000000000e+00,0.000000000000000000e+00
2.491301874466558530e+01,0.000000000000000000e+00,0.000000000000000000e+00
2.463396156782376423e+01,0.000000000000000000e+00,0.000000000000000000e+00
2.290668758278677686e+01,0.000000000000000000e+00,0.000000000000000000e+00
2.233673426436743270e+01,0.000000000000000000e+00,0.000000000000000000e+00
2.049608949019524218e+01,0.000000000000000000e+00,0.000000000000000000e+00
2.314223339963852055e+01,0.000000000000000000e+00,0.000000000000000000e+00
2.126118767927662390e+01,0.000000000000000000e+00,0.000000000000000000e+00
2.078496286090817335e+01,0.000000000000000000e+00,0.000000000000000000e+00
2.404203911441424069e+01,0.000000000000000000e+00,0.000000000000000000e+00
2.229266047496777503e+01,0.000000000000000000e+00,0.000000000000000000e+00
2.193091103892097138e+01,0.000000000000000000e+00,0.000000000000000000e+00
2.433488182890072338e+01,0.000000000000000000e+00,0.000000000000000000e+00
2.450862847329804239e+01,0.000000000000000000e+00,0.000000000000000000e+00
2.432586076558626331e+01,0.000000000000000000e+00,0.000000000000000000e+00
2.016574758509007026e+01,0.000000000000000000e+00,0.000000000000000000e+00
2.494457406270887745e+01,0.000000000000000000e+00,0.000000000000000000e+00
2.454257065341632682e+01,0.000000000000000000e+00,0.000000000000000000e+00
2.260925097746328660e+01,0.000000000000000000e+00,0.000000000000000000e+00
2.645277809891593179e+01,0.000000000000000000e+00,0.000000000000000000e+00
2.232067223296100167e+01,0.000000000000000000e+00,0.000000000000000000e+00
1.938262231492944210e+01,0.000000000000000000e+00,0.000000000000000000e+00
2.488172713065639385e+01,0.000000000000000000e+00,0.000000000000000000e+00
2.100401847206758177e+01,0.000000000000000000e+00,0.000000000000000000e+00
2.572709968546379145e+01,0.000000000000000000e+00,0.000000000000000000e+00
2.476570032544595534e+01,0.000000000000000000e+00,0.000000000000000000e+00
2.168856519963030749e+01,0.000000000000000000e+00,0.000000000000000000e+00
2.042618454688516749e+01,0.000000000000000000e+00,0.000000000000000000e+00
2.302683870955808842e+01,0.000000000000000000e+00,0.000000000000000000e+00
2.691684236108766726e+01,0.000000000000000000e+00,0.000000000000000000e+00
2.281547220210492100e+01,0.000000000000000000e+00,0.000000000000000000e+00
2.215535951170639706e+01,0.000000000000000000e+00,0.000000000000000000e+00
2.203747926879406194e+01,0.000000000000000000e+00,0.000000000000000000e+00
2.029710062655928127e+01,0.000000000000000000e+00,0.000000000000000000e+00
2.665480744449315154e+01,0.000000000000000000e+00,0.000000000000000000e+00
2.241124707772953784e+01,0.000000000000000000e+00,0.000000000000000000e+00
1.949528621413511686e+01,0.000000000000000000e+00,0.000000000000000000e+00
2.218000142190591006e+01,0.000000000000000000e+00,0.000000000000000000e+00
2.237861002874737437e+01,0.000000000000000000e+00,0.000000000000000000e+00
2.104484497688842026e+01,0.000000000000000000e+00,0.000000000000000000e+00
2.392738596229337489e+01,0.000000000000000000e+00,0.000000000000000000e+00
2.308423523497182117e+01,0.000000000000000000e+00,0.000000000000000000e+00
2.020643559895941266e+01,0.000000000000000000e+00,0.000000000000000000e+00
2.256292110567151710e+01,0.000000000000000000e+00,0.000000000000000000e+00
2.346206342385332277e+01,0.000000000000000000e+00,0.000000000000000000e+00
1.968178877701232210e+01,0.000000000000000000e+00,0.000000000000000000e+00
1.784155206736981825e+01,0.000000000000000000e+00,0.000000000000000000e+00
2.568506549982822307e+01,0.000000000000000000e+00,0.000000000000000000e+00
1.866148970435212462e+01,0.000000000000000000e+00,0.000000000000000000e+00
2.029122437971462034e+01,0.000000000000000000e+00,0.000000000000000000e+00
2.105398739461567814e+01,0.000000000000000000e+00,0.000000000000000000e+00
1.970195192303876297e+01,0.000000000000000000e+00,0.000000000000000000e+00
2.303476790549141739e+01,0.000000000000000000e+00,0.000000000000000000e+00
2.152199970235552584e+01,0.000000000000000000e+00,0.000000000000000000e+00
2.238939656373294795e+01,0.000000000000000000e+00,0.000000000000000000e+00
2.439425252455539450e+01,0.000000000000000000e+00,0.000000000000000000e+00
1.887765128179934138e+01,0.000000000000000000e+00,0.000000000000000000e+00
1.948221877116136724e+01,0.000000000000000000e+00,0.000000000000000000e+00
1.993673448680192095e+01,0.000000000000000000e+00,0.000000000000000000e+00
2.152720903086295934e+01,0.000000000000000000e+00,0.000000000000000000e+00
1.880469650908566237e+01,0.000000000000000000e+00,0.000000000000000000e+00
2.130793552770517607e+01,0.000000000000000000e+00,0.000000000000000000e+00
1.835903871591982650e+01,0.000000000000000000e+00,0.000000000000000000e+00
2.390429960141407406e+01,0.000000000000000000e+00,0.000000000000000000e+00
2.093213536749049553e+01,0.000000000000000000e+00,0.000000000000000000e+00
1.975985019022521172e+01,0.000000000000000000e+00,0.000000000000000000e+00
2.379617148460555498e+01,0.000000000000000000e+00,0.000000000000000000e+00
2.405216080085864050e+01,0.000000000000000000e+00,0.000000000000000000e+00
2.333433421121419116e+01,0.000000000000000000e+00,0.000000000000000000e+00
2.425563249776883978e+01,0.000000000000000000e+00,0.000000000000000000e+00
1.804856067736585601e+01,0.000000000000000000e+00,0.000000000000000000e+00
2.130472105049285503e+01,0.000000000000000000e+00,0.000000000000000000e+00
2.060825117395940254e+01,0.000000000000000000e+00,0.000000000000000000e+00
1.913071971251392611e+01,0.000000000000000000e+00,0.000000000000000000e+00
2.368449825688867350e+01,0.000000000000000000e+00,0.000000000000000000e+00
2.202730941823363153e+01,0.000000000000000000e+00,0.000000000000000000e+00
2.047864311982118579e+01,0.000000000000000000e+00,0.000000000000000000e+00
2.283041759607492338e+01,0.000000000000000000e+00,0.000000000000000000e+00
1.911728357629488784e+01,0.000000000000000000e+00,0.000000000000000000e+00
2.018067511181813600e+01,0.000000000000000000e+00,0.000000000000000000e+00
2.036163113437088512e+01,0.000000000000000000e+00,0.000000000000000000e+00
2.010102416014344939e+01,0.000000000000000000e+00,0.000000000000000000e+00
2.410400100541776069e+01,0.000000000000000000e+00,0.000000000000000000e+00
2.069383590395554506e+01,0.000000000000000000e+00,0.000000000000000000e+00
2.155309016001823963e+01,0.000000000000000000e+00,0.000000000000000000e+00
1.894385362364114656e+01,0.000000000000000000e+00,0.000000000000000000e+00
2.040131760982306375e+01,0.000000000000000000e+00,0.000000000000000000e+00
2.000118941107925963e+01,0.000000000000000000e+00,0.000000000000000000e+00
2.370026192992203917e+01,0.000000000000000000e+00,0.000000000000000000e+00
1.840263991748971151e+01,0.000000000000000000e+00,0.000000000000000000e+00
2.131721614675613807e+01,0.000000000000000000e+00,0.000000000000000000e+00
2.245987156193628209e+01,0.000000000000000000e+00,0.000000000000000000e+00
2.011815233622985843e+01,0.000000000000000000e+00,0.000000000000000000e+00
2.140658222093777141e+01,0.000000000000000000e+00,0.000000000000000000e+00
2.210577776657069293e+01,0.000000000000000000e+00,0.000000000000000000e+00
1.905046608471880276e+01,0.000000000000000000e+00,0.000000000000000000e+00
2.243383573461953517e+01,0.000000000000000000e+00,0.000000000000000000e+00
1.997434020445236769e+01,0.000000000000000000e+00,0.000000000000000000e+00
2.067093077707333748e+01,0.000000000000000000e+00,0.000000000000000000e+00
2.023371444726722856e+01,0.000000000000000000e+00,0.000000000000000000e+00
2.077128297478656904e+01,0.000000000000000000e+00,0.000000000000000000e+00
2.093020114110816010e+01,0.000000000000000000e+00,0.000000000000000000e+00
2.027862732467859175e+01,0.000000000000000000e+00,0.000000000000000000e+00
2.145437114186031025e+01,0.000000000000000000e+00,0.000000000000000000e+00
2.271917790664313586e+01,0.000000000000000000e+00,0.000000000000000000e+00
2.153626335097179378e+01,0.000000000000000000e+00,0.000000000000000000e+00
2.286278621133133981e+01,0.000000000000000000e+00,0.000000000000000000e+00
2.107535193309568911e+01,0.000000000000000000e+00,0.000000000000000000e+00
2.156766509620046079e+01,0.000000000000000000e+00,0.000000000000000000e+00
2.086344830923963301e+01,0.000000000000000000e+00,0.000000000000000000e+00
2.493679721468568999e+01,0.000000000000000000e+00,0.000000000000000000e+00
1.809626913317097063e+01,0.000000000000000000e+00,0.000000000000000000e+00
2.142000132060745798e+01,0.000000000000000000e+00,0.000000000000000000e+00
1.957301913589098419e+01,0.000000000000000000e+00,0.000000000000000000e+00
2.111782444580821760e+01,0.000000000000000000e+00,0.000000000000000000e+00
2.363332133568156834e+01,0.000000000000000000e+00,0.000000000000000000e+00
2.292333457421688792e+01,0.000000000000000000e+00,0.000000000000000000e+00
2.438229556188524683e+01,0.000000000000000000e+00,0.000000000000000000e+00
2.236278543697315158e+01,0.000000000000000000e+00,0.000000000000000000e+00
1.944140172464888039e+01,0.000000000000000000e+00,0.000000000000000000e+00
1.907024368090553423e+01,0.000000000000000000e+00,0.000000000000000000e+00
2.269880469779071319e+01,0.000000000000000000e+00,0.000000000000000000e+00
1.829247199757792686e+01,0.000000000000000000e+00,0.000000000000000000e+00
1.968169791785176059e+01,0.000000000000000000e+00,0.000000000000000000e+00
2.022849811238550188e+01,0.000000000000000000e+00,0.000000000000000000e+00
2.046596247037632565e+01,0.000000000000000000e+00,0.000000000000000000e+00
2.131912777610949306e+01,0.000000000000000000e+00,0.000000000000000000e+00
2.028325817200767744e+01,0.000000000000000000e+00,0.000000000000000000e+00
2.181453201983299550e+01,0.000000000000000000e+00,0.000000000000000000e+00
1.795511145686189991e+01,0.000000000000000000e+00,0.000000000000000000e+00
1.778517518379988616e+01,0.000000000000000000e+00,0.000000000000000000e+00
2.081398585927720646e+01,0.000000000000000000e+00,0.000000000000000000e+00
2.581841662060253739e+01,0.000000000000000000e+00,0.000000000000000000e+00
2.062256043125707805e+01,0.000000000000000000e+00,0.000000000000000000e+00
1.960653585888548989e+01,0.000000000000000000e+00,0.000000000000000000e+00
2.264675984222068195e+01,0.000000000000000000e+00,0.000000000000000000e+00
2.097099679135126848e+01,0.000000000000000000e+00,0.000000000000000000e+00
2.284323043778544715e+01,0.000000000000000000e+00,0.000000000000000000e+00
2.331080665738527458e+01,0.000000000000000000e+00,0.000000000000000000e+00
2.207129754033379498e+01,0.000000000000000000e+00,0.000000000000000000e+00
2.056089924391559975e+01,0.000000000000000000e+00,0.000000000000000000e+00
1.967887691253027072e+01,0.000000000000000000e+00,0.000000000000000000e+00
1.875921762308094998e+01,0.000000000000000000e+00,0.000000000000000000e+00
2.079055836234838850e+01,0.000000000000000000e+00,0.000000000000000000e+00
1.793478683328651613e+01,0.000000000000000000e+00,0.000000000000000000e+00
1.737747455022106280e+01,0.000000000000000000e+00,0.000000000000000000e+00
1.987222606290098526e+01,0.000000000000000000e+00,0.000000000000000000e+00
2.126219444417740334e+01,0.000000000000000000e+00,0.000000000000000000e+00
2.133740126151009164e+01,0.000000000000000000e+00,0.000000000000000000e+00
2.037239106641575859e+01,0.000000000000000000e+00,0.000000000000000000e+00
1.884338284411643372e+01,0.000000000000000000e+00,0.000000000000000000e+00
1.796687435437674907e+01,0.000000000000000000e+00,0.000000000000000000e+00
2.063150760348912627e+01,0.000000000000000000e+00,0.000000000000000000e+00
2.182593127374959607e+01,0.000000000000000000e+00,0.000000000000000000e+00
2.130884536985623967e+01,0.000000000000000000e+00,0.000000000000000000e+00
2.350915667894604510e+01,0.000000000000000000e+00,0.000000000000000000e+00
2.091241501330353003e+01,0.000000000000000000e+00,0.000000000000000000e+00
2.162530546804570619e+01,0.000000000000000000e+00,0.000000000000000000e+00
1.981145369581988902e+01,0.000000000000000000e+00,0.000000000000000000e+00
2.256530934387904708e+01,0.000000000000000000e+00,0.000000000000000000e+00
2.303556442250057756e+01,0.000000000000000000e+00,0.000000000000000000e+00
1.846964036294667011e+01,0.000000000000000000e+00,0.000000000000000000e+00
1.893883350156048806e+01,0.000000000000000000e+00,0.000000000000000000e+00
2.099019910578693526e+01,0.000000000000000000e+00,0.000000000000000000e+00
1.895193059336438779e+01,0.000000000000000000e+00,0.000000000000000000e+00
1.972457726511536436e+01,0.000000000000000000e+00,0.000000000000000000e+00
1.991540738299381985e+01,0.000000000000000000e+00,0.000000000000000000e+00
2.259793356326344238e+01,0.000000000000000000e+00,0.000000000000000000e+00
2.140924493024547814e+01,0.000000000000000000e+00,0.000000000000000000e+00
1.648903153555701451e+01,0.000000000000000000e+00,0.000000000000000000e+00
2.055600995381048790e+01,0.000000000000000000e+00,0.000000000000000000e+00
2.075705083036720566e+01,0.000000000000000000e+00,0.000000000000000000e+00
2.061750039722231165e+01,0.000000000000000000e+00,0.000000000000000000e+00
2.089913948254023168e+01,0.000000000000000000e+00,0.000000000000000000e+00
2.029173159038704810e+01,0.000000000000000000e+00,0.000000000000000000e+00
2.083207910361844739e+01,0.000000000000000000e+00,0.000000000000000000e+00
1.730483686275549360e+01,0.000000000000000000e+00,0.000000000000000000e+00
1.754222055188323282e+01,0.000000000000000000e+00,0.000000000000000000e+00
2.056296318422037217e+01,0.000000000000000000e+00,0.000000000000000000e+00
2.369221401665126692e+01,0.000000000000000000e+00,0.000000000000000000e+00
2.022393246075493067e+01,0.000000000000000000e+00,0.000000000000000000e+00
1.985555332813542506e+01,0.000000000000000000e+00,0.000000000000000000e+00
1.966114737000777524e+01,0.000000000000000000e+00,0.000000000000000000e+00
2.377498848378695939e+01,0.000000000000000000e+00,0.000000000000000000e+00
2.090561393557398517e+01,0.000000000000000000e+00,0.000000000000000000e+00
2.360299875267540060e+01,0.000000000000000000e+00,0.000000000000000000e+00
2.222630574351956056e+01,0.000000000000000000e+00,0.000000000000000000e+00
1.940081843006431583e+01,0.000000000000000000e+00,0.000000000000000000e+00
1.853363537848554898e+01,0.000000000000000000e+00,0.000000000000000000e+00
2.010944030341117994e+01,0.000000000000000000e+00,0.000000000000000000e+00
2.130173234915947944e+01,0.000000000000000000e+00,0.000000000000000000e+00
1.696989267272138946e+01,0.000000000000000000e+00,0.000000000000000000e+00
1.547248768026119237e+01,0.000000000000000000e+00,0.000000000000000000e+00
2.109944326946988369e+01,0.000000000000000000e+00,0.000000000000000000e+00
1.824397772187067801e+01,0.000000000000000000e+00,0.000000000000000000e+00
1.843187092686131479e+01,0.000000000000000000e+00,0.000000000000000000e+00
1.691704570575869582e+01,0.000000000000000000e+00,0.000000000000000000e+00
1.694808427253774852e+01,0.000000000000000000e+00,0.000000000000000000e+00
1.780974101816052624e+01,0.000000000000000000e+00,0.000000000000000000e+00
2.072376772101162956e+01,0.000000000000000000e+00,0.000000000000000000e+00
1.892645315403833806e+01,0.000000000000000000e+00,0.000000000000000000e+00
2.127352623142184740e+01,0.000000000000000000e+00,0.000000000000000000e+00
2.050033381716401593e+01,0.000000000000000000e+00,0.000000000000000000e+00
1.888743391099047741e+01,0.000000000000000000e+00,0.000000000000000000e+00
2.003851696181334319e+01,0.000000000000000000e+00,0.000000000000000000e+00
1.980867641345995267e+01,0.000000000000000000e+00,0.000000000000000000e+00
1.807102666483265097e+01,0.000000000000000000e+00,0.000000000000000000e+00
2.123569096155886982e+01,0.000000000000000000e+00,0.000000000000000000e+00
2.021191826498100852e+01,0.000000000000000000e+00,0.000000000000000000e+00
1.935312777692541530e+01,0.000000000000000000e+00,0.000000000000000000e+00
2.316068954489016107e+01,0.000000000000000000e+00,0.000000000000000000e+00
1.891790255896860629e+01,0.000000000000000000e+00,0.000000000000000000e+00
1.796708152471961384e+01,0.000000000000000000e+00,0.000000000000000000e+00
2.054809061534350079e+01,0.000000000000000000e+00,0.000000000000000000e+00
1.886493853945223975e+01,0.000000000000000000e+00,0.000000000000000000e+00
1.700163254889034903e+01,0.000000000000000000e+00,0.000000000000000000e+00
1.937875776002849193e+01,0.000000000000000000e+00,0.000000000000000000e+00
1.843386429907026880e+01,0.000000000000000000e+00,0.000000000000000000e+00
1.923446632403731016e+01,0.000000000000000000e+00,0.000000000000000000e+00
2.025874342386553195e+01,0.000000000000000000e+00,0.000000000000000000e+00
1.968649904104563930e+01,0.000000000000000000e+00,0.000000000000000000e+00
2.509351590678805621e+01,0.000000000000000000e+00,0.000000000000000000e+00
2.187177645062164544e+01,0.000000000000000000e+00,0.000000000000000000e+00
2.086846988669778113e+01,0.000000000000000000e+00,0.000000000000000000e+00
1.551509430629219821e+01,0.000000000000000000e+00,0.000000000000000000e+00
1.959603527796393152e+01,0.000000000000000000e+00,0.000000000000000000e+00
1.952811545777516145e+01,0.000000000000000000e+00,0.000000000000000000e+00
2.078579148190012305e+01,0.000000000000000000e+00,0.000000000000000000e+00
1.879565463557656813e+01,0.000000000000000000e+00,0.000000000000000000e+00
2.106831843144979999e+01,0.000000000000000000e+00,0.000000000000000000e+00
1.821011818287589890e+01,0.000000000000000000e+00,0.000000000000000000e+00
2.232575292059710392e+01,0.000000000000000000e+00,0.000000000000000000e+00
1.931642303471451072e+01,0.000000000000000000e+00,0.000000000000000000e+00
1.849551709234004093e+01,0.000000000000000000e+00,0.000000000000000000e+00
2.396919800666525191e+01,0.000000000000000000e+00,0.000000000000000000e+00
1.746217113778485341e+01,0.000000000000000000e+00,0.000000000000000000e+00
2.029155833370818485e+01,0.000000000000000000e+00,0.000000000000000000e+00
1.779559110673983469e+01,0.000000000000000000e+00,0.000000000000000000e+00
2.079405782498226785e+01,0.000000000000000000e+00,0.000000000000000000e+00
1.913022409457675010e+01,0.000000000000000000e+00,0.000000000000000000e+00
2.058782040794053003e+01,0.000000000000000000e+00,0.000000000000000000e+00
1.847743428573623348e+01,0.000000000000000000e+00,0.000000000000000000e+00
1.901954724085976167e+01,0.000000000000000000e+00,0.000000000000000000e+00
1.821677079467808724e+01,0.000000000000000000e+00,0.000000000000000000e+00
2.206664184609482149e+01,0.000000000000000000e+00,0.000000000000000000e+00
2.200646241230465705e+01,0.000000000000000000e+00,0.000000000000000000e+00
2.303749679268807782e+01,0.000000000000000000e+00,0.000000000000000000e+00
2.366111243699283762e+01,0.000000000000000000e+00,0.000000000000000000e+00
2.143610096494154149e+01,0.000000000000000000e+00,0.000000000000000000e+00
2.061144410293649543e+01,0.000000000000000000e+00,0.000000000000000000e+00
1.767492212419723785e+01,0.000000000000000000e+00,0.000000000000000000e+00
2.370356704707216977e+01,0.000000000000000000e+00,0.000000000000000000e+00
2.119763773751829206e+01,0.000000000000000000e+00,0.000000000000000000e+00
1.605514320764395464e+01,0.000000000000000000e+00,0.000000000000000000e+00
2.163108131050690730e+01,0.000000000000000000e+00,0.000000000000000000e+00
2.090800463154698718e+01,0.000000000000000000e+00,0.000000000000000000e+00
1.983252694372369618e+01,0.000000000000000000e+00,0.000000000000000000e+00
2.198048579657330492e+01,0.000000000000000000e+00,0.000000000000000000e+00
2.013657478685701463e+01,0.000000000000000000e+00,0.000000000000000000e+00
2.033600464147980347e+01,0.000000000000000000e+00,0.000000000000000000e+00
2.248565084467264796e+01,0.000000000000000000e+00,0.000000000000000000e+00
2.051412996986316628e+01,0.000000000000000000e+00,0.000000000000000000e+00
1.832194466781256992e+01,0.000000000000000000e+00,0.000000000000000000e+00
2.043848008310379427e+01,0.000000000000000000e+00,0.000000000000000000e+00
2.175662919210595092e+01,0.000000000000000000e+00,0.000000000000000000e+00
2.161388691191446654e+01,0.000000000000000000e+00,0.000000000000000000e+00
2.240833138654270229e+01,0.000000000000000000e+00,0.000000000000000000e+00
1.975536271468234162e+01,0.000000000000000000e+00,0.000000000000000000e+00
2.088864686959850658e+01,0.000000000000000000e+00,0.000000000000000000e+00
2.349114154237485508e+01,0.000000000000000000e+00,0.000000000000000000e+00
2.246202994621380356e+01,0.000000000000000000e+00,0.000000000000000000e+00
1.981831029450328785e+01,0.000000000000000000e+00,0.000000000000000000e+00
2.058425958923132271e+01,0.000000000000000000e+00,0.000000000000000000e+00
1.806397265010907915e+01,0.000000000000000000e+00,0.000000000000000000e+00
2.004859231244508422e+01,0.000000000000000000e+00,0.000000000000000000e+00
2.177467502648402942e+01,0.000000000000000000e+00,0.000000000000000000e+00
2.108886445114634967e+01,0.000000000000000000e+00,0.000000000000000000e+00
2.155702672383057816e+01,0.000000000000000000e+00,0.000000000000000000e+00
2.167854063211020588e+01,0.000000000000000000e+00,0.000000000000000000e+00
2.186144678837927557e+01,0.000000000000000000e+00,0.000000000000000000e+00
2.220632386164242433e+01,0.000000000000000000e+00,0.000000000000000000e+00
2.135597662788375928e+01,0.000000000000000000e+00,0.000000000000000000e+00
2.479306148630783468e+01,0.000000000000000000e+00,0.000000000000000000e+00
2.052377723351949967e+01,0.000000000000000000e+00,0.000000000000000000e+00
2.061499812266704268e+01,0.000000000000000000e+00,0.000000000000000000e+00
2.076528580923684686e+01,0.000000000000000000e+00,0.000000000000000000e+00
1.863356920663101590e+01,0.000000000000000000e+00,0.000000000000000000e+00
1.955846988361266625e+01,0.000000000000000000e+00,0.000000000000000000e+00
2.169530767031418250e+01,0.000000000000000000e+00,0.000000000000000000e+00
2.120927497377273596e+01,0.000000000000000000e+00,0.000000000000000000e+00
1.976660009282616315e+01,0.000000000000000000e+00,0.000000000000000000e+00
2.163540523508254054e+01,0.000000000000000000e+00,0.000000000000000000e+00
2.255351033597937871e+01,0.000000000000000000e+00,0.000000000000000000e+00
2.016741739215871476e+01,0.000000000000000000e+00,0.000000000000000000e+00
2.369356835982400611e+01,0.000000000000000000e+00,0.000000000000000000e+00
1.868025433504904598e+01,0.000000000000000000e+00,0.000000000000000000e+00
2.243309210005333298e+01,0.000000000000000000e+00,0.000000000000000000e+00
2.254202668125369158e+01,0.000000000000000000e+00,0.000000000000000000e+00
2.251367410038465877e+01,0.000000000000000000e+00,0.000000000000000000e+00
2.506642939950171112e+01,0.000000000000000000e+00,0.000000000000000000e+00
2.040944832428423794e+01,0.000000000000000000e+00,0.000000000000000000e+00
2.443835865087029902e+01,0.000000000000000000e+00,0.000000000000000000e+00
2.064539994498549191e+01,0.000000000000000000e+00,0.000000000000000000e+00
2.154005627475536855e+01,0.000000000000000000e+00,0.000000000000000000e+00
2.695971510538764448e+01,0.000000000000000000e+00,0.000000000000000000e+00
2.223105087910762379e+01,0.000000000000000000e+00,0.000000000000000000e+00
2.058482210293675863e+01,0.000000000000000000e+00,0.000000000000000000e+00
2.205414546659167030e+01,0.000000000000000000e+00,0.000000000000000000e+00
2.386742909355514541e+01,0.000000000000000000e+00,0.000000000000000000e+00
2.372932974621802771e+01,0.000000000000000000e+00,0.000000000000000000e+00
1.884882735650328556e+01,0.000000000000000000e+00,0.000000000000000000e+00
2.692096499347793781e+01,0.000000000000000000e+00,0.000000000000000000e+00
2.426059556997303446e+01,0.000000000000000000e+00,0.000000000000000000e+00
2.384013115467287847e+01,0.000000000000000000e+00,0.000000000000000000e+00
1.824229605172203961e+01,0.000000000000000000e+00,0.000000000000000000e+00
2.457705860683857679e+01,0.000000000000000000e+00,0.000000000000000000e+00
2.212450846082246869e+01,0.000000000000000000e+00,0.000000000000000000e+00
2.001811835686043040e+01,0.000000000000000000e+00,0.000000000000000000e+00
2.050741843175615031e+01,0.000000000000000000e+00,0.000000000000000000e+00
2.353061659247313742e+01,0.000000000000000000e+00,0.000000000000000000e+00
2.676187446049060270e+01,0.000000000000000000e+00,0.000000000000000000e+00
2.121952560059251525e+01,0.000000000000000000e+00,0.000000000000000000e+00
2.129821233586134355e+01,0.000000000000000000e+00,0.000000000000000000e+00
2.078782311557840146e+01,0.000000000000000000e+00,0.000000000000000000e+00
2.583556155476972549e+01,0.000000000000000000e+00,0.000000000000000000e+00
2.260277386968391511e+01,0.000000000000000000e+00,0.000000000000000000e+00
2.319915471541736807e+01,0.000000000000000000e+00,0.000000000000000000e+00
2.197132565375095226e+01,0.000000000000000000e+00,0.000000000000000000e+00
2.482930374872069024e+01,0.000000000000000000e+00,0.000000000000000000e+00
1.796028007906261337e+01,0.000000000000000000e+00,0.000000000000000000e+00
2.416766783781542571e+01,0.000000000000000000e+00,0.000000000000000000e+00
2.416646748879803397e+01,0.000000000000000000e+00,0.000000000000000000e+00
2.373468582423524964e+01,0.000000000000000000e+00,0.000000000000000000e+00
2.413735802490005966e+01,0.000000000000000000e+00,0.000000000000000000e+00
2.122773884025667712e+01,0.000000000000000000e+00,0.000000000000000000e+00
2.603581564189373765e+01,0.000000000000000000e+00,0.000000000000000000e+00
2.105141141575262864e+01,0.000000000000000000e+00,0.000000000000000000e+00
2.419208925534515942e+01,0.000000000000000000e+00,0.000000000000000000e+00
2.339739337024266774e+01,0.000000000000000000e+00,0.000000000000000000e+00
2.508713061735671701e+01,0.000000000000000000e+00,0.000000000000000000e+00
2.382953629292423514e+01,0.000000000000000000e+00,0.000000000000000000e+00
1.975493498220209077e+01,0.000000000000000000e+00,0.000000000000000000e+00
2.598897901724553350e+01,0.000000000000000000e+00,0.000000000000000000e+00
2.334776271677394277e+01,0.000000000000000000e+00,0.000000000000000000e+00
2.648221088691546399e+01,0.000000000000000000e+00,0.000000000000000000e+00
2.175972388837391946e+01,0.000000000000000000e+00,0.000000000000000000e+00
2.242758131910227348e+01,0.000000000000000000e+00,0.000000000000000000e+00
2.335652114261499790e+01,0.000000000000000000e+00,0.000000000000000000e+00
2.458633516322260348e+01,0.000000000000000000e+00,0.000000000000000000e+00
1.708596683084302370e+01,0.000000000000000000e+00,0.000000000000000000e+00
1.953907401379391118e+01,0.000000000000000000e+00,0.000000000000000000e+00
2.328943918290412540e+01,0.000000000000000000e+00,0.000000000000000000e+00
2.386915252678794630e+01,0.000000000000000000e+00,0.000000000000000000e+00
2.445749481936191216e+01,0.000000000000000000e+00,0.000000000000000000e+00
2.428822521579507310e+01,0.000000000000000000e+00,0.000000000000000000e+00
2.611796049943000497e+01,0.000000000000000000e+00,0.000000000000000000e+00
2.538568439673077037e+01,0.000000000000000000e+00,0.000000000000000000e+00
2.592422968151672080e+01,0.000000000000000000e+00,0.000000000000000000e+00
2.707532024946182148e+01,0.000000000000000000e+00,0.000000000000000000e+00
2.279081530652503318e+01,0.000000000000000000e+00,0.000000000000000000e+00
2.650480831825220918e+01,0.000000000000000000e+00,0.000000000000000000e+00
2.782536335139236172e+01,0.000000000000000000e+00,0.000000000000000000e+00
2.608453104611266227e+01,0.000000000000000000e+00,0.000000000000000000e+00
2.570913785094618476e+01,0.000000000000000000e+00,0.000000000000000000e+00
2.510286464127258910e+01,0.000000000000000000e+00,0.000000000000000000e+00
2.252661654928255430e+01,0.000000000000000000e+00,0.000000000000000000e+00
2.660268260186778377e+01,0.000000000000000000e+00,0.000000000000000000e+00
2.434708956722395357e+01,0.000000000000000000e+00,0.000000000000000000e+00
2.376205214692298284e+01,0.000000000000000000e+00,0.000000000000000000e+00
2.856956042632390691e+01,0.000000000000000000e+00,0.000000000000000000e+00
2.441142659497690914e+01,0.000000000000000000e+00,0.000000000000000000e+00
2.643157150702298708e+01,0.000000000000000000e+00,0.000000000000000000e+00
2.509328117490113286e+01,0.000000000000000000e+00,0.000000000000000000e+00
2.458228019668819542e+01,0.000000000000000000e+00,0.000000000000000000e+00
3.010535428577072992e+01,0.000000000000000000e+00,0.000000000000000000e+00
2.472413983387830072e+01,0.000000000000000000e+00,0.000000000000000000e+00
2.553669381283000916e+01,0.000000000000000000e+00,0.000000000000000000e+00
2.250361427869727038e+01,0.000000000000000000e+00,0.000000000000000000e+00
2.635595079560523502e+01,0.000000000000000000e+00,0.000000000000000000e+00
2.458751082644548092e+01,0.000000000000000000e+00,0.000000000000000000e+00
2.430736068890939450e+01,0.000000000000000000e+00,0.000000000000000000e+00
2.322929734494283949e+01,0.000000000000000000e+00,0.000000000000000000e+00
2.555795472379737276e+01,0.000000000000000000e+00,0.000000000000000000e+00
2.286373458507041789e+01,0.000000000000000000e+00,0.000000000000000000e+00
2.652905013153403502e+01,0.000000000000000000e+00,0.000000000000000000e+00
2.717067277258093583e+01,0.000000000000000000e+00,0.000000000000000000e+00
2.302904822559374054e+01,0.000000000000000000e+00,0.000000000000000000e+00
2.506527401093079277e+01,0.000000000000000000e+00,0.000000000000000000e+00
2.623921201831502970e+01,0.000000000000000000e+00,0.000000000000000000e+00
2.515395986989470245e+01,0.000000000000000000e+00,0.000000000000000000e+00
2.409340263577216845e+01,0.000000000000000000e+00,0.000000000000000000e+00
2.599182731975223248e+01,0.000000000000000000e+00,0.000000000000000000e+00
2.726993428475134706e+01,0.000000000000000000e+00,0.000000000000000000e+00
2.509550084463638342e+01,0.000000000000000000e+00,0.000000000000000000e+00
2.705894923234773941e+01,0.000000000000000000e+00,0.000000000000000000e+00
2.484631100184160601e+01,0.000000000000000000e+00,0.000000000000000000e+00
2.269473919908470094e+01,0.000000000000000000e+00,0.000000000000000000e+00
2.568461329986797992e+01,0.000000000000000000e+00,0.000000000000000000e+00
2.568203452638412543e+01,0.000000000000000000e+00,0.000000000000000000e+00
2.326736711338237740e+01,0.000000000000000000e+00,0.000000000000000000e+00
2.586658190049190864e+01,0.000000000000000000e+00,0.000000000000000000e+00
2.583692703573344573e+01,0.000000000000000000e+00,0.000000000000000000e+00
2.714189419569940753e+01,0.000000000000000000e+00,0.000000000000000000e+00
2.188357489927122401e+01,0.000000000000000000e+00,0.000000000000000000e+00
2.621862175692452013e+01,0.000000000000000000e+00,0.000000000000000000e+00
2.339699736817224007e+01,0.000000000000000000e+00,0.000000000000000000e+00
2.474923942968531065e+01,0.000000000000000000e+00,0.000000000000000000e+00
2.601453411718692266e+01,0.000000000000000000e+00,0.000000000000000000e+00
2.594913498046106426e+01,0.000000000000000000e+00,0.000000000000000000e+00
2.097963922035284412e+01,0.000000000000000000e+00,0.000000000000000000e+00
2.445214962214773635e+01,0.000000000000000000e+00,0.000000000000000000e+00
2.659805682718623743e+01,0.000000000000000000e+00,0.000000000000000000e+00
2.614883402132890211e+01,0.000000000000000000e+00,0.000000000000000000e+00
2.690357252238412400e+01,0.000000000000000000e+00,0.000000000000000000e+00
2.450740065315098093e+01,0.000000000000000000e+00,0.000000000000000000e+00
2.651164802140020171e+01,0.000000000000000000e+00,0.000000000000000000e+00
2.450732348855892084e+01,0.000000000000000000e+00,0.000000000000000000e+00
3.080883076984983759e+01,0.000000000000000000e+00,0.000000000000000000e+00
2.201429662355501904e+01,0.000000000000000000e+00,0.000000000000000000e+00
2.692582642105774227e+01,0.000000000000000000e+00,0.000000000000000000e+00
2.484672104911936685e+01,0.000000000000000000e+00,0.000000000000000000e+00
2.785115401353264275e+01,0.000000000000000000e+00,0.000000000000000000e+00
2.458258720387422613e+01,0.000000000000000000e+00,0.000000000000000000e+00
2.365694377603874443e+01,0.000000000000000000e+00,0.000000000000000000e+00
2.962416945120634182e+01,0.000000000000000000e+00,0.000000000000000000e+00
2.400098195097836395e+01,0.000000000000000000e+00,0.000000000000000000e+00
2.502209529418923140e+01,0.000000000000000000e+00,0.000000000000000000e+00
2.468383087346723670e+01,0.000000000000000000e+00,0.000000000000000000e+00
2.857128908164073877e+01,0.000000000000000000e+00,0.000000000000000000e+00
2.384693742832251573e+01,0.000000000000000000e+00,0.000000000000000000e+00
2.524536872086013872e+01,0.000000000000000000e+00,0.000000000000000000e+00
2.620034425580497128e+01,0.000000000000000000e+00,0.000000000000000000e+00
2.485095642961508133e+01,0.000000000000000000e+00,0.000000000000000000e+00
2.876869693871038081e+01,0.000000000000000000e+00,0.000000000000000000e+00
2.946123655011778197e+01,0.000000000000000000e+00,0.000000000000000000e+00
2.760244498492818366e+01,0.000000000000000000e+00,0.000000000000000000e+00
2.804811669653322781e+01,0.000000000000000000e+00,0.000000000000000000e+00
2.697452645223139456e+01,0.000000000000000000e+00,0.000000000000000000e+00
2.484276499547343064e+01,0.000000000000000000e+00,0.000000000000000000e+00
2.554892584127390975e+01,0.000000000000000000e+00,0.000000000000000000e+00
2.801679734812405442e+01,0.000000000000000000e+00,0.000000000000000000e+00
2.818216737309053599e+01,0.000000000000000000e+00,0.000000000000000000e+00
2.912791286396760171e+01,0.000000000000000000e+00,0.000000000000000000e+00
2.801750596759200107e+01,0.000000000000000000e+00,0.000000000000000000e+00
2.872084055164097194e+01,0.000000000000000000e+00,0.000000000000000000e+00
3.027862190747032400e+01,0.000000000000000000e+00,0.000000000000000000e+00
2.804095406917417321e+01,0.000000000000000000e+00,0.000000000000000000e+00
2.606200227085091825e+01,0.000000000000000000e+00,0.000000000000000000e+00
2.708891542996673962e+01,0.000000000000000000e+00,0.000000000000000000e+00
2.854855626738920193e+01,0.000000000000000000e+00,0.000000000000000000e+00
2.646990837425350307e+01,0.000000000000000000e+00,0.000000000000000000e+00
2.553820221332958695e+01,0.000000000000000000e+00,0.000000000000000000e+00
2.982505103247101985e+01,0.000000000000000000e+00,0.000000000000000000e+00
2.826373648594312726e+01,0.000000000000000000e+00,0.000000000000000000e+00
2.700476511715791972e+01,0.000000000000000000e+00,0.000000000000000000e+00
2.691481937274814129e+01,0.000000000000000000e+00,0.000000000000000000e+00
2.763041829728867427e+01,0.000000000000000000e+00,0.000000000000000000e+00
2.916905382574023875e+01,0.000000000000000000e+00,0.000000000000000000e+00
2.957606791515774702e+01,0.000000000000000000e+00,0.000000000000000000e+00
2.566026591200857609e+01,0.000000000000000000e+00,0.000000000000000000e+00
2.668775510062453193e+01,0.000000000000000000e+00,0.000000000000000000e+00
3.054681031918772049e+01,0.000000000000000000e+00,0.000000000000000000e+00
3.002320055259318110e+01,0.000000000000000000e+00,0.000000000000000000e+00
2.848053972328055039e+01,0.000000000000000000e+00,0.000000000000000000e+00
3.034924767454118211e+01,0.000000000000000000e+00,0.000000000000000000e+00
2.412241840453341979e+01,0.000000000000000000e+00,0.000000000000000000e+00
2.787547598069331301e+01,0.000000000000000000e+00,0.000000000000000000e+00
2.847494604395103579e+01,0.000000000000000000e+00,0.000000000000000000e+00
3.017334049137177132e+01,0.000000000000000000e+00,0.000000000000000000e+00
2.777330494581334364e+01,0.000000000000000000e+00,0.000000000000000000e+00
2.897188278963930230e+01,0.000000000000000000e+00,0.000000000000000000e+00
2.951928185687659933e+01,0.000000000000000000e+00,0.000000000000000000e+00
2.966970161502728232e+01,0.000000000000000000e+00,0.000000000000000000e+00
3.234904139177746885e+01,0.000000000000000000e+00,0.000000000000000000e+00
3.139600293705081668e+01,0.000000000000000000e+00,0.000000000000000000e+00
3.253783125178697588e+01,0.000000000000000000e+00,0.000000000000000000e+00
2.939238698078867174e+01,0.000000000000000000e+00,0.000000000000000000e+00
2.846929326503099844e+01,0.000000000000000000e+00,0.000000000000000000e+00
2.951281401169239160e+01,0.000000000000000000e+00,0.000000000000000000e+00
2.979130954836557166e+01,0.000000000000000000e+00,0.000000000000000000e+00
3.054189630684652101e+01,0.000000000000000000e+00,0.000000000000000000e+00
2.904453530281815432e+01,0.000000000000000000e+00,0.000000000000000000e+00
3.295489786989666214e+01,0.000000000000000000e+00,0.000000000000000000e+00
2.932612916814081672e+01,0.000000000000000000e+00,0.000000000000000000e+00
2.513646797446002878e+01,0.000000000000000000e+00,0.000000000000000000e+00
3.060083898589657991e+01,0.000000000000000000e+00,0.000000000000000000e+00
2.952874396889872699e+01,0.000000000000000000e+00,0.000000000000000000e+00
3.109400873155845701e+01,0.000000000000000000e+00,0.000000000000000000e+00
3.366654944854946052e+01,0.000000000000000000e+00,0.000000000000000000e+00
3.289948623605015143e+01,0.000000000000000000e+00,0.000000000000000000e+00
3.362270753423861436e+01,0.000000000000000000e+00,0.000000000000000000e+00
3.215975820751478409e+01,0.000000000000000000e+00,0.000000000000000000e+00
3.176849718812458434e+01,0.000000000000000000e+00,0.000000000000000000e+00
3.162077573982784173e+01,0.000000000000000000e+00,0.000000000000000000e+00
2.961545196183759998e+01,0.000000000000000000e+00,0.000000000000000000e+00
3.000295388423207399e+01,0.000000000000000000e+00,0.000000000000000000e+00
3.303747293884143232e+01,0.000000000000000000e+00,0.000000000000000000e+00
2.909176566143451481e+01,0.000000000000000000e+00,0.000000000000000000e+00
3.068645173851923147e+01,0.000000000000000000e+00,0.000000000000000000e+00
2.611820171339289942e+01,0.000000000000000000e+00,0.000000000000000000e+00
3.253677563997273836e+01,0.000000000000000000e+00,0.000000000000000000e+00
3.339328678409857076e+01,0.000000000000000000e+00,0.000000000000000000e+00
2.992194357720712361e+01,0.000000000000000000e+00,0.000000000000000000e+00
3.333123325811948234e+01,0.000000000000000000e+00,0.000000000000000000e+00
3.324143047455329025e+01,0.000000000000000000e+00,0.000000000000000000e+00
3.547776958604588771e+01,0.000000000000000000e+00,0.000000000000000000e+00
3.269842021238210350e+01,0.000000000000000000e+00,0.000000000000000000e+00
3.442661348392380205e+01,0.000000000000000000e+00,0.000000000000000000e+00
3.446943283590429985e+01,0.000000000000000000e+00,0.000000000000000000e+00
3.270677071252855939e+01,0.000000000000000000e+00,0.000000000000000000e+00
3.334591489416594356e+01,0.000000000000000000e+00,0.000000000000000000e+00
3.084068792010891968e+01,0.000000000000000000e+00,0.000000000000000000e+00
3.114500037548457811e+01,0.000000000000000000e+00,0.000000000000000000e+00
3.069128017461714819e+01,0.000000000000000000e+00,0.000000000000000000e+00
3.120616534291565713e+01,0.000000000000000000e+00,0.000000000000000000e+00
3.055791336037035677e+01,0.000000000000000000e+00,0.000000000000000000e+00
2.850961217776312040e+01,0.000000000000000000e+00,0.000000000000000000e+00
3.437189997047218526e+01,0.000000000000000000e+00,0.000000000000000000e+00
3.330824835542397722e+01,0.000000000000000000e+00,0.000000000000000000e+00
3.256183588567377996e+01,0.000000000000000000e+00,0.000000000000000000e+00
2.996808543063659513e+01,0.000000000000000000e+00,0.000000000000000000e+00
3.169970452730430566e+01,0.000000000000000000e+00,0.000000000000000000e+00
2.876298767986640215e+01,0.000000000000000000e+00,0.000000000000000000e+00
3.269577882540480829e+01,0.000000000000000000e+00,0.000000000000000000e+00
3.007075380185770896e+01,0.000000000000000000e+00,0.000000000000000000e+00
3.128601434421826610e+01,0.000000000000000000e+00,0.000000000000000000e+00
3.382642455822969652e+01,0.000000000000000000e+00,0.000000000000000000e+00
3.134425308933156273e+01,0.000000000000000000e+00,0.000000000000000000e+00
3.581077214795168828e+01,0.000000000000000000e+00,0.000000000000000000e+00
3.135179254203410792e+01,0.000000000000000000e+00,0.000000000000000000e+00
3.365220375431540845e+01,0.000000000000000000e+00,0.000000000000000000e+00
3.323870514985107150e+01,0.000000000000000000e+00,0.000000000000000000e+00
3.003233531472189100e+01,0.000000000000000000e+00,0.000000000000000000e+00
3.573452092352528098e+01,0.000000000000000000e+00,0.000000000000000000e+00
3.304583512756050112e+01,0.000000000000000000e+00,0.000000000000000000e+00
3.454815097960493375e+01,0.000000000000000000e+00,0.000000000000000000e+00
3.293334759716119464e+01,0.000000000000000000e+00,0.000000000000000000e+00
3.219765086614127370e+01,0.000000000000000000e+00,0.000000000000000000e+00
3.351348450150052116e+01,0.000000000000000000e+00,0.000000000000000000e+00
3.243042692533578730e+01,0.000000000000000000e+00,0.000000000000000000e+00
3.193179028815130138e+01,0.000000000000000000e+00,0.000000000000000000e+00
3.418270110543069507e+01,0.000000000000000000e+00,0.000000000000000000e+00
3.617759685155147054e+01,0.000000000000000000e+00,0.000000000000000000e+00
3.252477519700727981e+01,0.000000000000000000e+00,0.000000000000000000e+00
3.640879967391334304e+01,0.000000000000000000e+00,0.000000000000000000e+00
3.387246447639062552e+01,0.000000000000000000e+00,0.000000000000000000e+00
3.541711393548304443e+01,0.000000000000000000e+00,0.000000000000000000e+00
3.676032316035713876e+01,0.000000000000000000e+00,0.000000000000000000e+00
3.359464056275606936e+01,0.000000000000000000e+00,0.000000000000000000e+00
3.408271984138458066e+01,0.000000000000000000e+00,0.000000000000000000e+00
3.071658212779262698e+01,0.000000000000000000e+00,0.000000000000000000e+00
3.081577038847949979e+01,0.000000000000000000e+00,0.000000000000000000e+00
3.202057623531962349e+01,0.000000000000000000e+00,0.000000000000000000e+00
3.576579433095385951e+01,0.000000000000000000e+00,0.000000000000000000e+00
3.575079395814782401e+01,0.000000000000000000e+00,0.000000000000000000e+00
3.584261364242014736e+01,0.000000000000000000e+00,0.000000000000000000e+00
3.496686054404320032e+01,0.000000000000000000e+00,0.000000000000000000e+00
3.392418618796590835e+01,0.000000000000000000e+00,0.000000000000000000e+00
3.619396158714715028e+01,0.000000000000000000e+00,0.000000000000000000e+00
3.790280480770109506e+01,0.000000000000000000e+00,0.000000000000000000e+00
3.364533561182927457e+01,0.000000000000000000e+00,0.000000000000000000e+00
3.161462972687167650e+01,0.000000000000000000e+00,0.000000000000000000e+00
3.073826553563489128e+01,0.000000000000000000e+00,0.000000000000000000e+00
3.756457153020939899e+01,0.000000000000000000e+00,0.000000000000000000e+00
4.043942957192726340e+01,0.000000000000000000e+00,0.000000000000000000e+00
3.500090174683868582e+01,0.000000000000000000e+00,0.000000000000000000e+00
3.324672284143360912e+01,0.000000000000000000e+00,0.000000000000000000e+00
3.212225375054051568e+01,0.000000000000000000e+00,0.000000000000000000e+00
3.491267055277346998e+01,0.000000000000000000e+00,0.000000000000000000e+00
3.575219424299379511e+01,0.000000000000000000e+00,0.000000000000000000e+00
3.456839534076793541e+01,0.000000000000000000e+00,0.000000000000000000e+00
3.825523947681875825e+01,0.000000000000000000e+00,0.000000000000000000e+00
3.814558937633817237e+01,0.000000000000000000e+00,0.000000000000000000e+00
3.622625578498468712e+01,0.000000000000000000e+00,0.000000000000000000e+00
3.710648267728037553e+01,0.000000000000000000e+00,0.000000000000000000e+00
3.856587635537887593e+01,0.000000000000000000e+00,0.000000000000000000e+00
4.034670189663795270e+01,0.000000000000000000e+00,0.000000000000000000e+00
3.632389467976226882e+01,0.000000000000000000e+00,0.000000000000000000e+00
3.823835836488887452e+01,0.000000000000000000e+00,0.000000000000000000e+00
3.490800124822440864e+01,0.000000000000000000e+00,0.000000000000000000e+00
3.529066848954037994e+01,0.000000000000000000e+00,0.000000000000000000e+00
3.645914255844942176e+01,0.000000000000000000e+00,0.000000000000000000e+00
3.570528555134648485e+01,0.000000000000000000e+00,0.000000000000000000e+00
3.617134452176900083e+01,0.000000000000000000e+00,0.000000000000000000e+00
3.797017988171408831e+01,0.000000000000000000e+00,0.000000000000000000e+00
3.687696781181951877e+01,0.000000000000000000e+00,0.000000000000000000e+00
3.980109141993255406e+01,0.000000000000000000e+00,0.000000000000000000e+00
3.741610354257876025e+01,0.000000000000000000e+00,0.000000000000000000e+00
3.684574537927178994e+01,0.000000000000000000e+00,0.000000000000000000e+00
3.457874068281639524e+01,0.000000000000000000e+00,0.000000000000000000e+00
3.742646491345204396e+01,0.000000000000000000e+00,0.000000000000000000e+00
3.794686224571953659e+01,0.000000000000000000e+00,0.000000000000000000e+00
3.958641244544562454e+01,0.000000000000000000e+00,0.000000000000000000e+00
3.611015507699165994e+01,0.000000000000000000e+00,0.000000000000000000e+00
3.703096993100623280e+01,0.000000000000000000e+00,0.000000000000000000e+00
3.686213257420532585e+01,0.000000000000000000e+00,0.000000000000000000e+00
3.916212215773074945e+01,0.000000000000000000e+00,0.000000000000000000e+00
3.556998298825364913e+01,0.000000000000000000e+00,0.000000000000000000e+00
3.834452200502944663e+01,0.000000000000000000e+00,0.000000000000000000e+00
3.767541429860411739e+01,0.000000000000000000e+00,0.000000000000000000e+00
4.003069249576137167e+01,0.000000000000000000e+00,0.000000000000000000e+00
4.055668968850589806e+01,0.000000000000000000e+00,0.000000000000000000e+00
3.692382291403834671e+01,0.000000000000000000e+00,0.000000000000000000e+00
3.942669925809896370e+01,0.000000000000000000e+00,0.000000000000000000e+00
3.967646784988090758e+01,0.000000000000000000e+00,0.000000000000000000e+00
3.589647078827405835e+01,0.000000000000000000e+00,0.000000000000000000e+00
3.881296060878900533e+01,0.000000000000000000e+00,0.000000000000000000e+00
3.859889015207516394e+01,0.000000000000000000e+00,0.000000000000000000e+00
4.049304693099608699e+01,0.000000000000000000e+00,0.000000000000000000e+00
3.910100476895816257e+01,0.000000000000000000e+00,0.000000000000000000e+00
3.715379051385957609e+01,0.000000000000000000e+00,0.000000000000000000e+00
3.964350572837218323e+01,0.000000000000000000e+00,0.000000000000000000e+00
4.107022631625952158e+01,0.000000000000000000e+00,0.000000000000000000e+00
3.960040781906820229e+01,0.000000000000000000e+00,0.000000000000000000e+00
3.498705359292095096e+01,0.000000000000000000e+00,0.000000000000000000e+00
3.690103663688559266e+01,0.000000000000000000e+00,0.000000000000000000e+00
3.914937662054703083e+01,0.000000000000000000e+00,0.000000000000000000e+00
3.622316737626395877e+01,0.000000000000000000e+00,0.000000000000000000e+00
3.442744759364956053e+01,0.000000000000000000e+00,0.000000000000000000e+00
3.597589276106648271e+01,0.000000000000000000e+00,0.000000000000000000e+00
3.816079056562367811e+01,0.000000000000000000e+00,0.000000000000000000e+00
3.864202714366392399e+01,0.000000000000000000e+00,0.000000000000000000e+00
4.211107396187929197e+01,0.000000000000000000e+00,0.000000000000000000e+00
3.790014227107259615e+01,0.000000000000000000e+00,0.000000000000000000e+00
4.102547071737579643e+01,0.000000000000000000e+00,0.000000000000000000e+00
4.327134127868806956e+01,0.000000000000000000e+00,0.000000000000000000e+00
4.031175426920558635e+01,0.000000000000000000e+00,0.000000000000000000e+00
4.196387083109432581e+01,0.000000000000000000e+00,0.000000000000000000e+00
4.009940405141200870e+01,0.000000000000000000e+00,0.000000000000000000e+00
3.601803983881851678e+01,0.000000000000000000e+00,0.000000000000000000e+00
4.009987307532421852e+01,0.000000000000000000e+00,0.000000000000000000e+00
4.090746685154631734e+01,0.000000000000000000e+00,0.000000000000000000e+00
4.178695355353289642e+01,0.000000000000000000e+00,0.000000000000000000e+00
3.909151815967082655e+01,0.000000000000000000e+00,0.000000000000000000e+00
4.129184898622522581e+01,0.000000000000000000e+00,0.000000000000000000e+00
4.319090690998083915e+01,0.000000000000000000e+00,0.000000000000000000e+00
4.126441365662250149e+01,0.000000000000000000e+00,0.000000000000000000e+00
4.079758485252313704e+01,0.000000000000000000e+00,0.000000000000000000e+00
3.870620475920753023e+01,0.000000000000000000e+00,0.000000000000000000e+00
3.981799162567843098e+01,0.000000000000000000e+00,0.000000000000000000e+00
3.934199781795650352e+01,0.000000000000000000e+00,0.000000000000000000e+00
3.910225448687009475e+01,0.000000000000000000e+00,0.000000000000000000e+00
3.940239284754911608e+01,0.000000000000000000e+00,0.000000000000000000e+00
4.274345466525998916e+01,0.000000000000000000e+00,0.000000000000000000e+00
4.030670388622453970e+01,0.000000000000000000e+00,0.000000000000000000e+00
4.061074764134028925e+01,0.000000000000000000e+00,0.000000000000000000e+00
4.006926665656630604e+01,0.000000000000000000e+00,0.000000000000000000e+00
4.042728170939092536e+01,0.000000000000000000e+00,0.000000000000000000e+00
4.339305076248666637e+01,0.000000000000000000e+00,0.000000000000000000e+00
4.168669732439951758e+01,0.000000000000000000e+00,0.000000000000000000e+00
4.157927764761060274e+01,0.000000000000000000e+00,0.000000000000000000e+00
4.397956619997651728e+01,0.000000000000000000e+00,0.000000000000000000e+00
4.371763018408964996e+01,0.000000000000000000e+00,0.000000000000000000e+00
4.446681964055810710e+01,0.000000000000000000e+00,0.000000000000000000e+00
3.929843534211686062e+01,0.000000000000000000e+00,0.000000000000000000e+00
4.221784719420801935e+01,0.000000000000000000e+00,0.000000000000000000e+00
4.210406330950680598e+01,0.000000000000000000e+00,0.000000000000000000e+00
4.150106207294874849e+01,0.000000000000000000e+00,0.000000000000000000e+00
4.251501531163504666e+01,0.000000000000000000e+00,0.000000000000000000e+00
4.232818023081350134e+01,0.000000000000000000e+00,0.000000000000000000e+00
4.261635942565330737e+01,0.000000000000000000e+00,0.000000000000000000e+00
4.568469542905162228e+01,0.000000000000000000e+00,0.000000000000000000e+00
3.929529165954657799e+01,0.000000000000000000e+00,0.000000000000000000e+00
4.184402784604491643e+01,0.000000000000000000e+00,0.000000000000000000e+00
4.477239620704005318e+01,0.000000000000000000e+00,0.000000000000000000e+00
4.314950706994148533e+01,0.000000000000000000e+00,0.000000000000000000e+00
4.207184841094386485e+01,0.000000000000000000e+00,0.000000000000000000e+00
4.210013839423852744e+01,0.000000000000000000e+00,0.000000000000000000e+00
4.261459095893046367e+01,0.000000000000000000e+00,0.000000000000000000e+00
4.009426696819432578e+01,0.000000000000000000e+00,0.000000000000000000e+00
4.449217768041477683e+01,0.000000000000000000e+00,0.000000000000000000e+00
4.398589319738667314e+01,0.000000000000000000e+00,0.000000000000000000e+00
4.200623838687977241e+01,0.000000000000000000e+00,0.000000000000000000e+00
3.941024358848030573e+01,0.000000000000000000e+00,0.000000000000000000e+00
4.451330351492061510e+01,0.000000000000000000e+00,0.000000000000000000e+00
4.305049529267114394e+01,0.000000000000000000e+00,0.000000000000000000e+00
4.422541216473651815e+01,0.000000000000000000e+00,0.000000000000000000e+00
4.602388549627330860e+01,0.000000000000000000e+00,0.000000000000000000e+00
4.286850023364154083e+01,0.000000000000000000e+00,0.000000000000000000e+00
4.400307921141652656e+01,0.000000000000000000e+00,0.000000000000000000e+00
4.040655002111870431e+01,0.000000000000000000e+00,0.000000000000000000e+00
4.099805889809372417e+01,0.000000000000000000e+00,0.000000000000000000e+00
4.433725674757906887e+01,0.000000000000000000e+00,0.000000000000000000e+00
4.371218164263812156e+01,0.000000000000000000e+00,0.000000000000000000e+00
4.519854794837245038e+01,0.000000000000000000e+00,0.000000000000000000e+00
4.525892287479238973e+01,0.000000000000000000e+00,0.000000000000000000e+00
4.459378791393114483e+01,0.000000000000000000e+00,0.000000000000000000e+00
4.580337794717929256e+01,0.000000000000000000e+00,0.000000000000000000e+00
4.377966115435796013e+01,0.000000000000000000e+00,0.000000000000000000e+00
4.799189373505871714e+01,0.000000000000000000e+00,0.000000000000000000e+00
4.564389070767984435e+01,0.000000000000000000e+00,0.000000000000000000e+00
4.453162949901727075e+01,0.000000000000000000e+00,0.000000000000000000e+00
4.771056574072662926e+01,0.000000000000000000e+00,0.000000000000000000e+00
4.269149533317686718e+01,0.000000000000000000e+00,0.000000000000000000e+00
4.563037567957720597e+01,0.000000000000000000e+00,0.000000000000000000e+00
4.559978920530956970e+01,0.000000000000000000e+00,0.000000000000000000e+00
4.351958246422704946e+01,0.000000000000000000e+00,0.000000000000000000e+00
4.502984485577117368e+01,0.000000000000000000e+00,0.000000000000000000e+00
4.679301694520630406e+01,0.000000000000000000e+00,0.000000000000000000e+00
4.420757466012382508e+01,0.000000000000000000e+00,0.000000000000000000e+00
4.467615476877444536e+01,0.000000000000000000e+00,0.000000000000000000e+00
4.717590669855773200e+01,0.000000000000000000e+00,0.000000000000000000e+00
4.647490131511032274e+01,0.000000000000000000e+00,0.000000000000000000e+00
4.447436945471585545e+01,0.000000000000000000e+00,0.000000000000000000e+00
4.590911611745084997e+01,0.000000000000000000e+00,0.000000000000000000e+00
4.917967743335999842e+01,0.000000000000000000e+00,0.000000000000000000e+00
4.497480133655568579e+01,0.000000000000000000e+00,0.000000000000000000e+00
4.553914317310935900e+01,0.000000000000000000e+00,0.000000000000000000e+00
4.484598483083204457e+01,0.000000000000000000e+00,0.000000000000000000e+00
4.975203225725592660e+01,0.000000000000000000e+00,0.000000000000000000e+00
4.309637897336083512e+01,0.000000000000000000e+00,0.000000000000000000e+00
4.546740665847963214e+01,0.000000000000000000e+00,0.000000000000000000e+00
4.649043072927321418e+01,0.000000000000000000e+00,0.000000000000000000e+00
4.791278969982443670e+01,0.000000000000000000e+00,0.000000000000000000e+00
4.777262220248047697e+01,0.000000000000000000e+00,0.000000000000000000e+00
4.933541079938481033e+01,0.000000000000000000e+00,0.000000000000000000e+00
4.342305622161064349e+01,0.000000000000000000e+00,0.000000000000000000e+00
4.401544195063170406e+01,0.000000000000000000e+00,0.000000000000000000e+00
4.757259261022507246e+01,0.000000000000000000e+00,0.000000000000000000e+00
4.472440530458813157e+01,0.000000000000000000e+00,0.000000000000000000e+00
4.507441430834404628e+01,0.000000000000000000e+00,0.000000000000000000e+00
4.736723422729860289e+01,0.000000000000000000e+00,0.000000000000000000e+00
4.650446099267398381e+01,0.000000000000000000e+00,0.000000000000000000e+00
4.716011510826096753e+01,0.000000000000000000e+00,0.000000000000000000e+00
4.553701607907632365e+01,0.000000000000000000e+00,0.000000000000000000e+00
4.642051735918428790e+01,0.000000000000000000e+00,0.000000000000000000e+00
4.414839062618625576e+01,0.000000000000000000e+00,0.000000000000000000e+00
4.407441582632042554e+01,0.000000000000000000e+00,0.000000000000000000e+00
5.348748423792079620e+01,0.000000000000000000e+00,0.000000000000000000e+00
4.695804586496127797e+01,0.000000000000000000e+00,0.000000000000000000e+00
4.750581371833751376e+01,0.000000000000000000e+00,0.000000000000000000e+00
4.613074188395466990e+01,0.000000000000000000e+00,0.000000000000000000e+00
4.963917138595908085e+01,0.000000000000000000e+00,0.000000000000000000e+00
4.539999243936318862e+01,0.000000000000000000e+00,0.000000000000000000e+00
5.105991153120113779e+01,0.000000000000000000e+00,0.000000000000000000e+00
4.811115481409973427e+01,0.000000000000000000e+00,0.000000000000000000e+00
4.707776880831760735e+01,0.000000000000000000e+00,0.000000000000000000e+00
4.743880537292010757e+01,0.000000000000000000e+00,0.000000000000000000e+00
4.887638706308667480e+01,0.000000000000000000e+00,0.000000000000000000e+00
5.430291744072257387e+01,0.000000000000000000e+00,0.000000000000000000e+00
5.158764205149754645e+01,0.000000000000000000e+00,0.000000000000000000e+00
5.084273453971962908e+01,0.000000000000000000e+00,0.000000000000000000e+00
4.816604698601997825e+01,0.000000000000000000e+00,0.000000000000000000e+00
5.013897059467334572e+01,0.000000000000000000e+00,0.000000000000000000e+00
5.101068672415408400e+01,0.000000000000000000e+00,0.000000000000000000e+00
5.010887617623305346e+01,0.000000000000000000e+00,0.000000000000000000e+00
5.488719565030907432e+01,0.000000000000000000e+00,0.000000000000000000e+00
4.642383522271136087e+01,0.000000000000000000e+00,0.000000000000000000e+00
4.965130195170281979e+01,0.000000000000000000e+00,0.000000000000000000e+00
4.850604413815316462e+01,0.000000000000000000e+00,0.000000000000000000e+00
4.806549812047889958e+01,0.000000000000000000e+00,0.000000000000000000e+00
5.151281097957314614e+01,0.000000000000000000e+00,0.000000000000000000e+00
4.997000107504504030e+01,0.000000000000000000e+00,0.000000000000000000e+00
4.763901142759559804e+01,0.000000000000000000e+00,0.000000000000000000e+00
5.314472005010703271e+01,0.000000000000000000e+00,0.000000000000000000e+00
4.891798396427786599e+01,0.000000000000000000e+00,0.000000000000000000e+00
5.431507692763941719e+01,0.000000000000000000e+00,0.000000000000000000e+00
4.655534276119190196e+01,0.000000000000000000e+00,0.000000000000000000e+00
4.669395002944609274e+01,0.000000000000000000e+00,0.000000000000000000e+00
5.272101533959475717e+01,0.000000000000000000e+00,0.000000000000000000e+00
4.943532214115159462e+01,0.000000000000000000e+00,0.000000000000000000e+00
5.191959471745371957e+01,0.000000000000000000e+00,0.000000000000000000e+00
5.020215823823488677e+01,0.000000000000000000e+00,0.000000000000000000e+00
4.955383884351721235e+01,0.000000000000000000e+00,0.000000000000000000e+00
5.284533021329767166e+01,0.000000000000000000e+00,0.000000000000000000e+00
5.194144591445914472e+01,0.000000000000000000e+00,0.000000000000000000e+00
5.207612187556856753e+01,0.000000000000000000e+00,0.000000000000000000e+00
5.154714561712206233e+01,0.000000000000000000e+00,0.000000000000000000e+00
5.271104298582363867e+01,0.000000000000000000e+00,0.000000000000000000e+00
5.006254450656775390e+01,0.000000000000000000e+00,0.000000000000000000e+00
5.662417678705076440e+01,0.000000000000000000e+00,0.000000000000000000e+00
4.896043900372203694e+01,0.000000000000000000e+00,0.000000000000000000e+00
5.127771334729106911e+01,0.000000000000000000e+00,0.000000000000000000e+00
5.375654875043323244e+01,0.000000000000000000e+00,0.000000000000000000e+00
5.224694438198172719e+01,0.000000000000000000e+00,0.000000000000000000e+00
4.971531809685227188e+01,0.000000000000000000e+00,0.000000000000000000e+00
5.404504647548700547e+01,0.000000000000000000e+00,0.000000000000000000e+00
5.189932881827988354e+01,0.000000000000000000e+00,0.000000000000000000e+00
5.382304155988056493e+01,0.000000000000000000e+00,0.000000000000000000e+00
5.108570805852259156e+01,0.000000000000000000e+00,0.000000000000000000e+00
5.522434347972247792e+01,0.000000000000000000e+00,0.000000000000000000e+00
5.048709700229686348e+01,0.000000000000000000e+00,0.000000000000000000e+00
4.977688576527295794e+01,0.000000000000000000e+00,0.000000000000000000e+00
5.212338710906843176e+01,0.000000000000000000e+00,0.000000000000000000e+00
5.236134370188545262e+01,0.000000000000000000e+00,0.000000000000000000e+00
5.350886466177904310e+01,0.000000000000000000e+00,0.000000000000000000e+00
5.216937359052363377e+01,0.000000000000000000e+00,0.000000000000000000e+00
4.957996590673018034e+01,0.000000000000000000e+00,0.000000000000000000e+00
4.961151779870329648e+01,0.000000000000000000e+00,0.000000000000000000e+00
5.391788467956119035e+01,0.000000000000000000e+00,0.000000000000000000e+00
5.636848329141097480e+01,0.000000000000000000e+00,0.000000000000000000e+00
5.580723560287679419e+01,0.000000000000000000e+00,0.000000000000000000e+00
5.124383495634234720e+01,0.000000000000000000e+00,0.000000000000000000e+00
5.348690335320276290e+01,0.000000000000000000e+00,0.000000000000000000e+00
5.293896121403539468e+01,0.000000000000000000e+00,0.000000000000000000e+00
5.296158712571371296e+01,0.000000000000000000e+00,0.000000000000000000e+00
5.474116273768732555e+01,0.000000000000000000e+00,0.000000000000000000e+00
5.711393300474671975e+01,0.000000000000000000e+00,0.000000000000000000e+00
5.264572221414469766e+01,0.000000000000000000e+00,0.000000000000000000e+00
5.533008513506993609e+01,0.000000000000000000e+00,0.000000000000000000e+00
5.455230652726294949e+01,0.000000000000000000e+00,0.000000000000000000e+00
5.660151144652687805e+01,0.000000000000000000e+00,0.000000000000000000e+00
5.504474313764205817e+01,0.000000000000000000e+00,0.000000000000000000e+00
5.545162841023201850e+01,0.000000000000000000e+00,0.000000000000000000e+00
5.484720430060274765e+01,0.000000000000000000e+00,0.000000000000000000e+00
5.308978249393879878e+01,0.000000000000000000e+00,0.000000000000000000e+00
5.287085408500426098e+01,0.000000000000000000e+00,0.000000000000000000e+00
5.554044323502572666e+01,0.000000000000000000e+00,0.000000000000000000e+00
5.789455382714018583e+01,0.000000000000000000e+00,0.000000000000000000e+00
5.078678355509606490e+01,0.000000000000000000e+00,0.000000000000000000e+00
5.066951404367114264e+01,0.000000000000000000e+00,0.000000000000000000e+00
5.736389879751791909e+01,0.000000000000000000e+00,0.000000000000000000e+00
5.462233206613724690e+01,0.000000000000000000e+00,0.000000000000000000e+00
5.509803061188377171e+01,0.000000000000000000e+00,0.000000000000000000e+00
6.248696359776876363e+01,0.000000000000000000e+00,0.000000000000000000e+00
5.640593211134259377e+01,0.000000000000000000e+00,0.000000000000000000e+00
5.630502097371739012e+01,0.000000000000000000e+00,0.000000000000000000e+00
5.675232262994298083e+01,0.000000000000000000e+00,0.000000000000000000e+00
5.440911015324505229e+01,0.000000000000000000e+00,0.000000000000000000e+00
5.448594327106557955e+01,0.000000000000000000e+00,0.000000000000000000e+00
5.221918822610099653e+01,0.000000000000000000e+00,0.000000000000000000e+00
5.466229431648394410e+01,0.000000000000000000e+00,0.000000000000000000e+00
5.655946442549979736e+01,0.000000000000000000e+00,0.000000000000000000e+00
5.623567355823053049e+01,0.000000000000000000e+00,0.000000000000000000e+00
5.329500786347693975e+01,0.000000000000000000e+00,0.000000000000000000e+00
5.344849678129986614e+01,0.000000000000000000e+00,0.000000000000000000e+00
5.471407265762327654e+01,0.000000000000000000e+00,0.000000000000000000e+00
5.137575133255361948e+01,0.000000000000000000e+00,0.000000000000000000e+00
5.716793251666634745e+01,0.000000000000000000e+00,0.000000000000000000e+00
5.289306518965520354e+01,0.000000000000000000e+00,0.000000000000000000e+00
5.400831547274529498e+01,0.000000000000000000e+00,0.000000000000000000e+00
5.336246034713096265e+01,0.000000000000000000e+00,0.000000000000000000e+00
5.458519950264653176e+01,0.000000000000000000e+00,0.000000000000000000e+00
5.668817226842116952e+01,0.000000000000000000e+00,0.000000000000000000e+00
5.697740810872229389e+01,0.000000000000000000e+00,0.000000000000000000e+00
5.763563120593468625e+01,0.000000000000000000e+00,0.000000000000000000e+00
5.583953861860057089e+01,0.000000000000000000e+00,0.000000000000000000e+00
5.691488138832478683e+01,0.000000000000000000e+00,0.000000000000000000e+00
5.331292140899789445e+01,0.000000000000000000e+00,0.000000000000000000e+00
5.896326360799027100e+01,0.000000000000000000e+00,0.000000000000000000e+00
5.839924759797259668e+01,0.000000000000000000e+00,0.000000000000000000e+00
5.574078937254780186e+01,0.000000000000000000e+00,0.000000000000000000e+00
5.609519370717762854e+01,0.000000000000000000e+00,0.000000000000000000e+00
5.568587808892088731e+01,0.000000000000000000e+00,0.000000000000000000e+00
5.780987636821797793e+01,0.000000000000000000e+00,0.000000000000000000e+00
5.996615939421869967e+01,0.000000000000000000e+00,0.000000000000000000e+00
5.975449638099905769e+01,0.000000000000000000e+00,0.000000000000000000e+00
5.855145010892042734e+01,0.000000000000000000e+00,0.000000000000000000e+00
5.858062885337907488e+01,0.000000000000000000e+00,0.000000000000000000e+00
5.684387291893751382e+01,0.000000000000000000e+00,0.000000000000000000e+00
5.809321113662543468e+01,0.000000000000000000e+00,0.000000000000000000e+00
5.762923231553664039e+01,0.000000000000000000e+00,0.000000000000000000e+00
5.822413031404983741e+01,0.000000000000000000e+00,0.000000000000000000e+00
5.659800908686946030e+01,0.000000000000000000e+00,0.000000000000000000e+00
5.548236819226185901e+01,0.000000000000000000e+00,0.000000000000000000e+00
5.714735916510879576e+01,0.000000000000000000e+00,0.000000000000000000e+00
5.937536019586915614e+01,0.000000000000000000e+00,0.000000000000000000e+00
5.739333512233409351e+01,0.000000000000000000e+00,0.000000000000000000e+00
5.610545308633778916e+01,0.000000000000000000e+00,0.000000000000000000e+00
5.794771057963671979e+01,0.000000000000000000e+00,0.000000000000000000e+00
6.180118478731844789e+01,0.000000000000000000e+00,0.000000000000000000e+00
6.120928341254083449e+01,0.000000000000000000e+00,0.000000000000000000e+00
6.283639188641077311e+01,0.000000000000000000e+00,0.000000000000000000e+00
5.617567712493482190e+01,0.000000000000000000e+00,0.000000000000000000e+00
5.762497785158821273e+01,0.000000000000000000e+00,0.000000000000000000e+00
5.766905909686899889e+01,0.000000000000000000e+00,0.000000000000000000e+00
6.064397074434977242e+01,0.000000000000000000e+00,0.000000000000000000e+00
5.889163040668164939e+01,0.000000000000000000e+00,0.000000000000000000e+00
5.648095757069108913e+01,0.000000000000000000e+00,0.000000000000000000e+00
5.851785322150545454e+01,0.000000000000000000e+00,0.000000000000000000e+00
6.038010545132318185e+01,0.000000000000000000e+00,0.000000000000000000e+00
6.094292412385208024e+01,0.000000000000000000e+00,0.000000000000000000e+00
5.905966689480320753e+01,0.000000000000000000e+00,0.000000000000000000e+00
5.965726337425656567e+01,0.000000000000000000e+00,0.000000000000000000e+00
5.581382646499769606e+01,0.000000000000000000e+00,0.000000000000000000e+00
5.779635042331574368e+01,0.000000000000000000e+00,0.000000000000000000e+00
6.205052160615513657e+01,0.000000000000000000e+00,0.000000000000000000e+00
6.073595323809042412e+01,0.000000000000000000e+00,0.000000000000000000e+00
6.113310071478987595e+01,0.000000000000000000e+00,0.000000000000000000e+00
6.214531179177218689e+01,0.000000000000000000e+00,0.000000000000000000e+00
6.022975386362335826e+01,0.000000000000000000e+00,0.000000000000000000e+00
6.013584175802800758e+01,0.000000000000000000e+00,0.000000000000000000e+00
6.151626930685846162e+01,0.000000000000000000e+00,0.000000000000000000e+00
6.317784028656024020e+01,0.000000000000000000e+00,0.000000000000000000e+00
5.884825565176023332e+01,0.000000000000000000e+00,0.000000000000000000e+00
5.995542905934167521e+01,0.000000000000000000e+00,0.000000000000000000e+00
6.357650885123265994e+01,0.000000000000000000e+00,0.000000000000000000e+00
5.877607685146903549e+01,0.000000000000000000e+00,0.000000000000000000e+00
6.130256307896420509e+01,0.000000000000000000e+00,0.000000000000000000e+00
6.508826544673566161e+01,0.000000000000000000e+00,0.000000000000000000e+00
6.134850788156085599e+01,0.000000000000000000e+00,0.000000000000000000e+00
6.134800945450549392e+01,0.000000000000000000e+00,0.000000000000000000e+00
5.991222910520772160e+01,0.000000000000000000e+00,0.000000000000000000e+00
6.095055072369469684e+01,0.000000000000000000e+00,0.000000000000000000e+00
6.229600894369626474e+01,0.000000000000000000e+00,0.000000000000000000e+00
6.091340731208354953e+01,0.000000000000000000e+00,0.000000000000000000e+00
6.284275666076055700e+01,0.000000000000000000e+00,0.000000000000000000e+00
6.048660022439247541e+01,0.000000000000000000e+00,0.000000000000000000e+00
6.361057746069734975e+01,0.000000000000000000e+00,0.000000000000000000e+00
6.204331154092218270e+01,0.000000000000000000e+00,0.000000000000000000e+00
6.358756764768598657e+01,0.000000000000000000e+00,0.000000000000000000e+00
6.301576592057642756e+01,0.000000000000000000e+00,0.000000000000000000e+00
6.313227033432900015e+01,0.000000000000000000e+00,0.000000000000000000e+00
6.326404091289866471e+01,0.000000000000000000e+00,0.000000000000000000e+00
6.150275193034788401e+01,0.000000000000000000e+00,0.000000000000000000e+00
6.102838193843173542e+01,0.000000000000000000e+00,0.000000000000000000e+00
6.291335117817727962e+01,0.000000000000000000e+00,0.000000000000000000e+00
5.952249204232381175e+01,0.000000000000000000e+00,0.000000000000000000e+00
6.156569797474292471e+01,0.000000000000000000e+00,0.000000000000000000e+00
6.348291595510905694e+01,0.000000000000000000e+00,0.000000000000000000e+00
6.528955944510639142e+01,0.000000000000000000e+00,0.000000000000000000e+00
6.127471103308143796e+01,0.000000000000000000e+00,0.000000000000000000e+00
6.219290612732469015e+01,0.000000000000000000e+00,0.000000000000000000e+00
6.303821550791445105e+01,0.000000000000000000e+00,0.000000000000000000e+00
6.610192611555984854e+01,0.000000000000000000e+00,0.000000000000000000e+00
6.285819295486451352e+01,0.000000000000000000e+00,0.000000000000000000e+00
6.386394586027345355e+01,0.000000000000000000e+00,0.000000000000000000e+00
6.138744814043164411e+01,0.000000000000000000e+00,0.000000000000000000e+00
6.127836180410999845e+01,0.000000000000000000e+00,0.000000000000000000e+00
6.243167367998282913e+01,0.000000000000000000e+00,0.000000000000000000e+00
6.434565167110878292e+01,0.000000000000000000e+00,0.000000000000000000e+00
6.294426027844191651e+01,0.000000000000000000e+00,0.000000000000000000e+00
6.409441613093640910e+01,0.000000000000000000e+00,0.000000000000000000e+00
5.841853633645244059e+01,0.000000000000000000e+00,0.000000000000000000e+00
6.515222219234081535e+01,0.000000000000000000e+00,0.000000000000000000e+00
6.515203937986733251e+01,0.000000000000000000e+00,0.000000000000000000e+00
6.070134551333331530e+01,0.000000000000000000e+00,0.000000000000000000e+00
6.890313821741804645e+01,0.000000000000000000e+00,0.000000000000000000e+00
6.232443347516940690e+01,0.000000000000000000e+00,0.000000000000000000e+00
6.163414329290372962e+01,0.000000000000000000e+00,0.000000000000000000e+00
6.372874301322855217e+01,0.000000000000000000e+00,0.000000000000000000e+00
6.372724297825129725e+01,0.000000000000000000e+00,0.000000000000000000e+00
6.478132074929445139e+01,0.000000000000000000e+00,0.000000000000000000e+00
6.050034011220622432e+01,0.000000000000000000e+00,0.000000000000000000e+00
6.436818830324703811e+01,0.000000000000000000e+00,0.000000000000000000e+00
6.248746745010626569e+01,0.000000000000000000e+00,0.000000000000000000e+00
6.515486479191845604e+01,0.000000000000000000e+00,0.000000000000000000e+00
6.188972186810614318e+01,0.000000000000000000e+00,0.000000000000000000e+00
6.690639963984645533e+01,0.000000000000000000e+00,0.000000000000000000e+00
6.436230718813237672e+01,0.000000000000000000e+00,0.000000000000000000e+00
6.231074865197057022e+01,0.000000000000000000e+00,0.000000000000000000e+00
6.306606178054313006e+01,0.000000000000000000e+00,0.000000000000000000e+00
6.410976985420344931e+01,0.000000000000000000e+00,0.000000000000000000e+00
6.705195337942942047e+01,0.000000000000000000e+00,0.000000000000000000e+00
6.262590912644077434e+01,0.000000000000000000e+00,0.000000000000000000e+00
6.505654022971657469e+01,0.000000000000000000e+00,0.000000000000000000e+00
6.747912412489267808e+01,0.000000000000000000e+00,0.000000000000000000e+00
6.468037123716472081e+01,0.000000000000000000e+00,0.000000000000000000e+00
6.382974192153742621e+01,0.000000000000000000e+00,0.000000000000000000e+00
6.527537045110805991e+01,0.000000000000000000e+00,0.000000000000000000e+00
6.293374586530986647e+01,0.000000000000000000e+00,0.000000000000000000e+00
6.395332204642165408e+01,0.000000000000000000e+00,0.000000000000000000e+00
6.357443369664860455e+01,0.000000000000000000e+00,0.000000000000000000e+00
6.427786780418961143e+01,0.000000000000000000e+00,0.000000000000000000e+00
6.289212247254573640e+01,0.000000000000000000e+00,0.000000000000000000e+00
6.053479912314338662e+01,0.000000000000000000e+00,0.000000000000000000e+00
6.463747761797475277e+01,0.000000000000000000e+00,0.000000000000000000e+00
6.571128937016094085e+01,0.000000000000000000e+00,0.000000000000000000e+00
6.649538145441809434e+01,0.000000000000000000e+00,0.000000000000000000e+00
6.505989622074956458e+01,0.000000000000000000e+00,0.000000000000000000e+00
6.705516534644762316e+01,0.000000000000000000e+00,0.000000000000000000e+00
6.476690994023047665e+01,0.000000000000000000e+00,0.000000000000000000e+00
6.734430483606681150e+01,0.000000000000000000e+00,0.000000000000000000e+00
6.182686267423303406e+01,0.000000000000000000e+00,0.000000000000000000e+00
6.812883491351519183e+01,0.000000000000000000e+00,0.000000000000000000e+00
6.946965151649989423e+01,0.000000000000000000e+00,0.000000000000000000e+00
6.357784526169307071e+01,0.000000000000000000e+00,0.000000000000000000e+00
6.224432574541452823e+01,0.000000000000000000e+00,0.000000000000000000e+00
6.529604796261685351e+01,0.000000000000000000e+00,0.000000000000000000e+00
6.615293472137433639e+01,0.000000000000000000e+00,0.000000000000000000e+00
6.729317695477162431e+01,0.000000000000000000e+00,0.000000000000000000e+00
6.793265873552155654e+01,0.000000000000000000e+00,0.000000000000000000e+00
6.897400859234178938e+01,0.000000000000000000e+00,0.000000000000000000e+00
6.510692048291257095e+01,0.000000000000000000e+00,0.000000000000000000e+00
6.864283734081783450e+01,0.000000000000000000e+00,0.000000000000000000e+00
6.739652015480751857e+01,0.000000000000000000e+00,0.000000000000000000e+00
6.668590699805677957e+01,0.000000000000000000e+00,0.000000000000000000e+00
6.546900994188898437e+01,0.000000000000000000e+00,0.000000000000000000e+00
6.553741260279919345e+01,0.000000000000000000e+00,0.000000000000000000e+00
6.543946897517987793e+01,0.000000000000000000e+00,0.000000000000000000e+00
6.653604334835316081e+01,0.000000000000000000e+00,0.000000000000000000e+00
6.898623583620258159e+01,0.000000000000000000e+00,0.000000000000000000e+00
6.784636392530993021e+01,0.000000000000000000e+00,0.000000000000000000e+00
6.568403188404762716e+01,0.000000000000000000e+00,0.000000000000000000e+00
6.849408127040861416e+01,0.000000000000000000e+00,0.000000000000000000e+00
6.481230078180567489e+01,0.000000000000000000e+00,0.000000000000000000e+00
6.860200343610991069e+01,0.000000000000000000e+00,0.000000000000000000e+00
6.439623264150817761e+01,0.000000000000000000e+00,0.000000000000000000e+00
6.608758147419457885e+01,0.000000000000000000e+00,0.000000000000000000e+00
6.683534448602662792e+01,0.000000000000000000e+00,0.000000000000000000e+00
6.936252435547423545e+01,0.000000000000000000e+00,0.000000000000000000e+00
6.979303327243421506e+01,0.000000000000000000e+00,0.000000000000000000e+00
7.064449097882567230e+01,0.000000000000000000e+00,0.000000000000000000e+00
6.519295679153442791e+01,0.000000000000000000e+00,0.000000000000000000e+00
6.853465060938765419e+01,0.000000000000000000e+00,0.000000000000000000e+00
6.883170314547210467e+01,0.000000000000000000e+00,0.000000000000000000e+00
6.456278397968958416e+01,0.000000000000000000e+00,0.000000000000000000e+00
6.999071965766601977e+01,0.000000000000000000e+00,0.000000000000000000e+00
6.902732346980680234e+01,0.000000000000000000e+00,0.000000000000000000e+00
7.037370265256585355e+01,0.000000000000000000e+00,0.000000000000000000e+00
6.892511156385083382e+01,0.000000000000000000e+00,0.000000000000000000e+00
6.982069928898926037e+01,0.000000000000000000e+00,0.000000000000000000e+00
6.679925198344002979e+01,0.000000000000000000e+00,0.000000000000000000e+00
6.752445573835584014e+01,0.000000000000000000e+00,0.000000000000000000e+00
6.609435879272956527e+01,0.000000000000000000e+00,0.000000000000000000e+00
6.756451164758215100e+01,0.000000000000000000e+00,0.000000000000000000e+00
7.000073575386244329e+01,0.000000000000000000e+00,0.000000000000000000e+00
7.173615981379461459e+01,0.000000000000000000e+00,0.000000000000000000e+00
6.825079340794646043e+01,0.000000000000000000e+00,0.000000000000000000e+00
7.173148465462209344e+01,0.000000000000000000e+00,0.000000000000000000e+00
7.075538090609867936e+01,0.000000000000000000e+00,0.000000000000000000e+00
6.980129814692831758e+01,0.000000000000000000e+00,0.000000000000000000e+00
7.100910272036112758e+01,0.000000000000000000e+00,0.000000000000000000e+00
6.848423966086421899e+01,0.000000000000000000e+00,0.000000000000000000e+00
6.883573620329867992e+01,0.000000000000000000e+00,0.000000000000000000e+00
7.497217835540452313e+01,0.000000000000000000e+00,0.000000000000000000e+00
7.104700600052134973e+01,0.000000000000000000e+00,0.000000000000000000e+00
7.380425528639752031e+01,0.000000000000000000e+00,0.000000000000000000e+00
6.827158944064244395e+01,0.000000000000000000e+00,0.000000000000000000e+00
6.554441383887080974e+01,0.000000000000000000e+00,0.000000000000000000e+00
6.728925155492251520e+01,0.000000000000000000e+00,0.000000000000000000e+00
7.041663711719954222e+01,0.000000000000000000e+00,0.000000000000000000e+00
6.862558355393497322e+01,0.000000000000000000e+00,0.000000000000000000e+00
6.851982915256310491e+01,0.000000000000000000e+00,0.000000000000000000e+00
6.817417551616237859e+01,0.000000000000000000e+00,0.000000000000000000e+00
7.071111486213519015e+01,0.000000000000000000e+00,0.000000000000000000e+00
6.943017893034395627e+01,0.000000000000000000e+00,0.000000000000000000e+00
7.081920027796174111e+01,0.000000000000000000e+00,0.000000000000000000e+00
7.051857081223930379e+01,0.000000000000000000e+00,0.000000000000000000e+00
6.951867485990075579e+01,0.000000000000000000e+00,0.000000000000000000e+00
7.335925259762500161e+01,0.000000000000000000e+00,0.000000000000000000e+00
7.079983804408257697e+01,0.000000000000000000e+00,0.000000000000000000e+00
6.949236813811150171e+01,0.000000000000000000e+00,0.000000000000000000e+00
7.343986394941705953e+01,0.000000000000000000e+00,0.000000000000000000e+00
7.099717045964500528e+01,0.000000000000000000e+00,0.000000000000000000e+00
6.845833771277249014e+01,0.000000000000000000e+00,0.000000000000000000e+00
7.266651991527395182e+01,0.000000000000000000e+00,0.000000000000000000e+00
7.420920605775914680e+01,0.000000000000000000e+00,0.000000000000000000e+00
6.759098365868564429e+01,0.000000000000000000e+00,0.000000000000000000e+00
7.193810318968817796e+01,0.000000000000000000e+00,0.000000000000000000e+00
7.303198018056404806e+01,0.000000000000000000e+00,0.000000000000000000e+00
7.263099873423004738e+01,0.000000000000000000e+00,0.000000000000000000e+00
7.104498725351230348e+01,0.000000000000000000e+00,0.000000000000000000e+00
7.308936764009135345e+01,0.000000000000000000e+00,0.000000000000000000e+00
7.100377514360083353e+01,0.000000000000000000e+00,0.000000000000000000e+00
7.286680335708068412e+01,0.000000000000000000e+00,0.000000000000000000e+00
7.196230313975750903e+01,0.000000000000000000e+00,0.000000000000000000e+00
7.074916647476577225e+01,0.000000000000000000e+00,0.000000000000000000e+00
7.159849619276845090e+01,0.000000000000000000e+00,0.000000000000000000e+00
7.329474581126167720e+01,0.000000000000000000e+00,0.000000000000000000e+00
6.840694836038086635e+01,0.000000000000000000e+00,0.000000000000000000e+00
7.077149095887396868e+01,0.000000000000000000e+00,0.000000000000000000e+00
6.948587650326462040e+01,0.000000000000000000e+00,0.000000000000000000e+00
6.937975684242498176e+01,0.000000000000000000e+00,0.000000000000000000e+00
7.046965208648404655e+01,0.000000000000000000e+00,0.000000000000000000e+00
7.432223885359459814e+01,0.000000000000000000e+00,0.000000000000000000e+00
6.870250875547213809e+01,0.000000000000000000e+00,0.000000000000000000e+00
7.223741578730798096e+01,0.000000000000000000e+00,0.000000000000000000e+00
7.324492786597751603e+01,0.000000000000000000e+00,0.000000000000000000e+00
7.076111215640726471e+01,0.000000000000000000e+00,0.000000000000000000e+00
7.411950481314619310e+01,0.000000000000000000e+00,0.000000000000000000e+00
7.337768373269818767e+01,0.000000000000000000e+00,0.000000000000000000e+00
7.404695657100715778e+01,0.000000000000000000e+00,0.000000000000000000e+00
7.342970568484452087e+01,0.000000000000000000e+00,0.000000000000000000e+00
6.776555287810701600e+01,0.000000000000000000e+00,0.000000000000000000e+00
7.049192672014156358e+01,0.000000000000000000e+00,0.000000000000000000e+00
7.166097745308459821e+01,0.000000000000000000e+00,0.000000000000000000e+00
7.414531445961154077e+01,0.000000000000000000e+00,0.000000000000000000e+00
7.113628829470854953e+01,0.000000000000000000e+00,0.000000000000000000e+00
7.174278382282902555e+01,0.000000000000000000e+00,0.000000000000000000e+00
7.303242096566808073e+01,0.000000000000000000e+00,0.000000000000000000e+00
6.998407110678567733e+01,0.000000000000000000e+00,0.000000000000000000e+00
7.131109052492313083e+01,0.000000000000000000e+00,0.000000000000000000e+00
7.387275619844889718e+01,0.000000000000000000e+00,0.000000000000000000e+00
7.326886116259983339e+01,0.000000000000000000e+00,0.000000000000000000e+00
7.445504130551495336e+01,0.000000000000000000e+00,0.000000000000000000e+00
7.239904091530613073e+01,0.000000000000000000e+00,0.000000000000000000e+00
6.899245831903255066e+01,0.000000000000000000e+00,0.000000000000000000e+00
7.330557512112524421e+01,0.000000000000000000e+00,0.000000000000000000e+00
7.397161051735149329e+01,0.000000000000000000e+00,0.000000000000000000e+00
7.391836899416153983e+01,0.000000000000000000e+00,0.000000000000000000e+00
7.229002317541733191e+01,0.000000000000000000e+00,0.000000000000000000e+00
7.260692367764504240e+01,0.000000000000000000e+00,0.000000000000000000e+00
7.308663459475370416e+01,0.000000000000000000e+00,0.000000000000000000e+00
7.262205883404428164e+01,0.000000000000000000e+00,0.000000000000000000e+00
7.385324301452324391e+01,0.000000000000000000e+00,0.000000000000000000e+00
7.293735763004617922e+01,0.000000000000000000e+00,0.000000000000000000e+00
7.046928204367591775e+01,0.000000000000000000e+00,0.000000000000000000e+00
7.653228863211123212e+01,0.000000000000000000e+00,0.000000000000000000e+00
7.301960607311553986e+01,0.000000000000000000e+00,0.000000000000000000e+00
7.676592851407518481e+01,0.000000000000000000e+00,0.000000000000000000e+00
7.708093082869056900e+01,0.000000000000000000e+00,0.000000000000000000e+00
7.363136753480323193e+01,0.000000000000000000e+00,0.000000000000000000e+00
7.441361100367474535e+01,0.000000000000000000e+00,0.000000000000000000e+00
7.319648863281253170e+01,0.000000000000000000e+00,0.000000000000000000e+00
7.391359431898339949e+01,0.000000000000000000e+00,0.000000000000000000e+00
7.426622210430393523e+01,0.000000000000000000e+00,0.000000000000000000e+00
7.266505182730402623e+01,0.000000000000000000e+00,0.000000000000000000e+00
7.453201254885964033e+01,0.000000000000000000e+00,0.000000000000000000e+00
7.370625028415616953e+01,0.000000000000000000e+00,0.000000000000000000e+00
7.353197474924117216e+01,0.000000000000000000e+00,0.000000000000000000e+00
7.521201161673687352e+01,0.000000000000000000e+00,0.000000000000000000e+00
7.548896229616343589e+01,0.000000000000000000e+00,0.000000000000000000e+00
7.357046609110972213e+01,0.000000000000000000e+00,0.000000000000000000e+00
7.540673472830133051e+01,0.000000000000000000e+00,0.000000000000000000e+00
7.542298288875164758e+01,0.000000000000000000e+00,0.000000000000000000e+00
7.330852021359875437e+01,0.000000000000000000e+00,0.000000000000000000e+00
7.597062886481407418e+01,0.000000000000000000e+00,0.000000000000000000e+00
7.766027745174912411e+01,0.000000000000000000e+00,0.000000000000000000e+00
7.747815008718136198e+01,0.000000000000000000e+00,0.000000000000000000e+00
7.751912650572670316e+01,0.000000000000000000e+00,0.000000000000000000e+00
7.497535480474292058e+01,0.000000000000000000e+00,0.000000000000000000e+00
7.437655247461665908e+01,0.000000000000000000e+00,0.000000000000000000e+00
7.719700750981498061e+01,0.000000000000000000e+00,0.000000000000000000e+00
6.980628011478361827e+01,0.000000000000000000e+00,0.000000000000000000e+00
7.595938204551603690e+01,0.000000000000000000e+00,0.000000000000000000e+00
7.447537653556102555e+01,0.000000000000000000e+00,0.000000000000000000e+00
7.306622358072549162e+01,0.000000000000000000e+00,0.000000000000000000e+00
7.511345524384151418e+01,0.000000000000000000e+00,0.000000000000000000e+00
7.348423253455335669e+01,0.000000000000000000e+00,0.000000000000000000e+00
7.296688773261197980e+01,0.000000000000000000e+00,0.000000000000000000e+00
7.691657752363309442e+01,0.000000000000000000e+00,0.000000000000000000e+00
7.345907467804238422e+01,0.000000000000000000e+00,0.000000000000000000e+00
7.354113038757890308e+01,0.000000000000000000e+00,0.000000000000000000e+00
7.796057220973973756e+01,0.000000000000000000e+00,0.000000000000000000e+00
7.742065151641394039e+01,0.000000000000000000e+00,0.000000000000000000e+00
8.128950986745599039e+01,0.000000000000000000e+00,0.000000000000000000e+00
7.611609645093683696e+01,0.000000000000000000e+00,0.000000000000000000e+00
7.907859019004263246e+01,0.000000000000000000e+00,0.000000000000000000e+00
7.608899324732148273e+01,0.000000000000000000e+00,0.000000000000000000e+00
7.410402951274457450e+01,0.000000000000000000e+00,0.000000000000000000e+00
7.340670384520269920e+01,0.000000000000000000e+00,0.000000000000000000e+00
7.288679381651587619e+01,0.000000000000000000e+00,0.000000000000000000e+00
7.686228536257449662e+01,0.000000000000000000e+00,0.000000000000000000e+00
7.390051142583848787e+01,0.000000000000000000e+00,0.000000000000000000e+00
7.346069170171953999e+01,0.000000000000000000e+00,0.000000000000000000e+00
7.745218598192960258e+01,0.000000000000000000e+00,0.000000000000000000e+00
7.625539297681534379e+01,0.000000000000000000e+00,0.000000000000000000e+00
7.273284510538034908e+01,0.000000000000000000e+00,0.000000000000000000e+00
7.849273723858802043e+01,0.000000000000000000e+00,0.000000000000000000e+00
7.215058828612816910e+01,0.000000000000000000e+00,0.000000000000000000e+00
7.669970181324336522e+01,0.000000000000000000e+00,0.000000000000000000e+00
7.863074605877223178e+01,0.000000000000000000e+00,0.000000000000000000e+00
8.247003531215283090e+01,0.000000000000000000e+00,0.000000000000000000e+00
7.698839629709164001e+01,0.000000000000000000e+00,0.000000000000000000e+00
7.795400732138192268e+01,0.000000000000000000e+00,0.000000000000000000e+00
7.532983256079671719e+01,0.000000000000000000e+00,0.000000000000000000e+00
7.314758518272206800e+01,0.000000000000000000e+00,0.000000000000000000e+00
7.647406181741720843e+01,0.000000000000000000e+00,0.000000000000000000e+00
7.554307817457204521e+01,0.000000000000000000e+00,0.000000000000000000e+00
7.348430560494898600e+01,0.000000000000000000e+00,0.000000000000000000e+00
7.572903210568010479e+01,0.000000000000000000e+00,0.000000000000000000e+00
7.509130077527136393e+01,0.000000000000000000e+00,0.000000000000000000e+00
7.755367042124449029e+01,0.000000000000000000e+00,0.000000000000000000e+00
7.739234034252721983e+01,0.000000000000000000e+00,0.000000000000000000e+00
7.781649422349927647e+01,0.000000000000000000e+00,0.000000000000000000e+00
7.457587023442744112e+01,0.000000000000000000e+00,0.000000000000000000e+00
8.033557405724165790e+01,0.000000000000000000e+00,0.000000000000000000e+00
7.640625055943250743e+01,0.000000000000000000e+00,0.000000000000000000e+00
7.601164799233082192e+01,0.000000000000000000e+00,0.000000000000000000e+00
7.402722528467636209e+01,0.000000000000000000e+00,0.000000000000000000e+00
7.659140239682265872e+01,0.000000000000000000e+00,0.000000000000000000e+00
7.761477306311579127e+01,0.000000000000000000e+00,0.000000000000000000e+00
7.277959625995077886e+01,0.000000000000000000e+00,0.000000000000000000e+00
7.610600477265208497e+01,0.000000000000000000e+00,0.000000000000000000e+00
7.762242627136870965e+01,0.000000000000000000e+00,0.000000000000000000e+00
7.571790236970366550e+01,0.000000000000000000e+00,0.000000000000000000e+00
7.933958655143032956e+01,0.000000000000000000e+00,0.000000000000000000e+00
7.304140853567054137e+01,0.000000000000000000e+00,0.000000000000000000e+00
7.859293295813718316e+01,0.000000000000000000e+00,0.000000000000000000e+00
8.066416355841438701e+01,0.000000000000000000e+00,0.000000000000000000e+00
7.867382930487288206e+01,0.000000000000000000e+00,0.000000000000000000e+00
7.628630270401504276e+01,0.000000000000000000e+00,0.000000000000000000e+00
7.551800012308601140e+01,0.000000000000000000e+00,0.000000000000000000e+00
7.732750643156779802e+01,0.000000000000000000e+00,0.000000000000000000e+00
7.550090640296292577e+01,0.000000000000000000e+00,0.000000000000000000e+00
7.667652918224975167e+01,0.000000000000000000e+00,0.000000000000000000e+00
7.535764355349577670e+01,0.000000000000000000e+00,0.000000000000000000e+00
7.947886434750124351e+01,0.000000000000000000e+00,0.000000000000000000e+00
7.961244775566048304e+01,0.000000000000000000e+00,0.000000000000000000e+00
8.092394210623302797e+01,0.000000000000000000e+00,0.000000000000000000e+00
8.222044239244718256e+01,0.000000000000000000e+00,0.000000000000000000e+00
7.671256996274350115e+01,0.000000000000000000e+00,0.000000000000000000e+00
7.720354434145646394e+01,0.000000000000000000e+00,0.000000000000000000e+00
7.831041457993184451e+01,0.000000000000000000e+00,0.000000000000000000e+00
7.927813708355341760e+01,0.000000000000000000e+00,0.000000000000000000e+00
8.200467118275201983e+01,0.000000000000000000e+00,0.000000000000000000e+00
7.508634509060752293e+01,0.000000000000000000e+00,0.000000000000000000e+00
7.488297074529754127e+01,0.000000000000000000e+00,0.000000000000000000e+00
7.548787323998334386e+01,0.000000000000000000e+00,0.000000000000000000e+00
7.536392778854904861e+01,0.000000000000000000e+00,0.000000000000000000e+00
7.730397645534884532e+01,0.000000000000000000e+00,0.000000000000000000e+00
7.945936911130834801e+01,0.000000000000000000e+00,0.000000000000000000e+00
7.452449323007833470e+01,0.000000000000000000e+00,0.000000000000000000e+00
8.167091604227414336e+01,0.000000000000000000e+00,0.000000000000000000e+00
7.976070240284245472e+01,0.000000000000000000e+00,0.000000000000000000e+00
7.947373280016363140e+01,0.000000000000000000e+00,0.000000000000000000e+00
7.843572087021311745e+01,0.000000000000000000e+00,0.000000000000000000e+00
8.004993317448894175e+01,0.000000000000000000e+00,0.000000000000000000e+00
7.747802890986010027e+01,0.000000000000000000e+00,0.000000000000000000e+00
7.704180837854174513e+01,0.000000000000000000e+00,0.000000000000000000e+00
7.896053980896080304e+01,0.000000000000000000e+00,0.000000000000000000e+00
7.824495769637110243e+01,0.000000000000000000e+00,0.000000000000000000e+00
7.913592991615730909e+01,0.000000000000000000e+00,0.000000000000000000e+00
8.038529200468457248e+01,0.000000000000000000e+00,0.000000000000000000e+00
7.909668309337266123e+01,0.000000000000000000e+00,0.000000000000000000e+00
7.886652936174199624e+01,0.000000000000000000e+00,0.000000000000000000e+00
7.912910283934211009e+01,0.000000000000000000e+00,0.000000000000000000e+00
7.974557943903523949e+01,0.000000000000000000e+00,0.000000000000000000e+00
7.536352748514084965e+01,0.000000000000000000e+00,0.000000000000000000e+00
7.891853717919164524e+01,0.000000000000000000e+00,0.000000000000000000e+00
8.232640477446022942e+01,0.000000000000000000e+00,0.000000000000000000e+00
8.175601279538140886e+01,0.000000000000000000e+00,0.000000000000000000e+00
7.955898850311237425e+01,0.000000000000000000e+00,0.000000000000000000e+00
7.879505418128830740e+01,0.000000000000000000e+00,0.000000000000000000e+00
7.798266027081024276e+01,0.000000000000000000e+00,0.000000000000000000e+00
7.648180700426618728e+01,0.000000000000000000e+00,0.000000000000000000e+00
7.683434223385444284e+01,0.000000000000000000e+00,0.000000000000000000e+00
7.876561057317827874e+01,0.000000000000000000e+00,0.000000000000000000e+00
8.134136661752914677e+01,0.000000000000000000e+00,0.000000000000000000e+00
7.623178417956913222e+01,0.000000000000000000e+00,0.000000000000000000e+00
8.066087823856774719e+01,0.000000000000000000e+00,0.000000000000000000e+00
7.804299323318274162e+01,0.000000000000000000e+00,0.000000000000000000e+00
8.110959964025121849e+01,0.000000000000000000e+00,0.000000000000000000e+00
7.998591919082331003e+01,0.000000000000000000e+00,0.000000000000000000e+00
7.964723302848874198e+01,0.000000000000000000e+00,0.000000000000000000e+00
7.928825079276060706e+01,0.000000000000000000e+00,0.000000000000000000e+00
7.873253120122367932e+01,0.000000000000000000e+00,0.000000000000000000e+00
7.949725725183544967e+01,0.000000000000000000e+00,0.000000000000000000e+00
8.081156458706139745e+01,0.000000000000000000e+00,0.000000000000000000e+00
7.772812486194176529e+01,0.000000000000000000e+00,0.000000000000000000e+00
7.989256278298658742e+01,0.000000000000000000e+00,0.000000000000000000e+00
7.842292187295421968e+01,0.000000000000000000e+00,0.000000000000000000e+00
8.190728692395684618e+01,0.000000000000000000e+00,0.000000000000000000e+00
7.855145902557489990e+01,0.000000000000000000e+00,0.000000000000000000e+00
7.862659475805551779e+01,0.000000000000000000e+00,0.000000000000000000e+00
7.819654871802889318e+01,0.000000000000000000e+00,0.000000000000000000e+00
8.140153083956569446e+01,0.000000000000000000e+00,0.000000000000000000e+00
7.822800781970119033e+01,0.000000000000000000e+00,0.000000000000000000e+00
7.818999791263959764e+01,0.000000000000000000e+00,0.000000000000000000e+00
7.667651427650660878e+01,0.000000000000000000e+00,0.000000000000000000e+00
7.896981036552242017e+01,0.000000000000000000e+00,0.000000000000000000e+00
8.306928786917939078e+01,0.000000000000000000e+00,0.000000000000000000e+00
7.675723725153494570e+01,0.000000000000000000e+00,0.000000000000000000e+00
7.916328254361243921e+01,0.000000000000000000e+00,0.000000000000000000e+00
7.912395213513312342e+01,0.000000000000000000e+00,0.000000000000000000e+00
8.021031736877300489e+01,0.000000000000000000e+00,0.000000000000000000e+00
7.739659987960328635e+01,0.000000000000000000e+00,0.000000000000000000e+00
7.983306795096159192e+01,0.000000000000000000e+00,0.000000000000000000e+00
7.791404275927750689e+01,0.000000000000000000e+00,0.000000000000000000e+00
7.811546157020950432e+01,0.000000000000000000e+00,0.000000000000000000e+00
8.147864585289831041e+01,0.000000000000000000e+00,0.000000000000000000e+00
8.022114744028856137e+01,0.000000000000000000e+00,0.000000000000000000e+00
8.213879581697887033e+01,0.000000000000000000e+00,0.000000000000000000e+00
7.668328026442840439e+01,0.000000000000000000e+00,0.000000000000000000e+00
8.007781490590183182e+01,0.000000000000000000e+00,0.000000000000000000e+00
8.204091301793351931e+01,0.000000000000000000e+00,0.000000000000000000e+00
7.919411063005196638e+01,0.000000000000000000e+00,0.000000000000000000e+00
7.731145760847448400e+01,0.000000000000000000e+00,0.000000000000000000e+00
7.617197367457539769e+01,0.000000000000000000e+00,0.000000000000000000e+00
8.342485424454665122e+01,0.000000000000000000e+00,0.000000000000000000e+00
8.064469055762391747e+01,0.000000000000000000e+00,0.000000000000000000e+00
8.033208376784814675e+01,0.000000000000000000e+00,0.000000000000000000e+00
8.218958320594009592e+01,0.000000000000000000e+00,0.000000000000000000e+00
7.782210802940045369e+01,0.000000000000000000e+00,0.000000000000000000e+00
8.478787856380677113e+01,0.000000000000000000e+00,0.000000000000000000e+00
7.993338895339424255e+01,0.000000000000000000e+00,0.000000000000000000e+00
7.977999300587960363e+01,0.000000000000000000e+00,0.000000000000000000e+00
8.156745197668227831e+01,0.000000000000000000e+00,0.000000000000000000e+00
7.712126892488591068e+01,0.000000000000000000e+00,0.000000000000000000e+00
7.793308851977018037e+01,0.000000000000000000e+00,0.000000000000000000e+00
8.100348190472332988e+01,0.000000000000000000e+00,0.000000000000000000e+00
7.863274736061075032e+01,0.000000000000000000e+00,0.000000000000000000e+00
7.358125655900082052e+01,0.000000000000000000e+00,0.000000000000000000e+00
8.126973222674224928e+01,0.000000000000000000e+00,0.000000000000000000e+00
7.661097212808149948e+01,0.000000000000000000e+00,0.000000000000000000e+00
7.618072474906811919e+01,0.000000000000000000e+00,0.000000000000000000e+00
7.843634822624645153e+01,0.000000000000000000e+00,0.000000000000000000e+00
7.646265614203677785e+01,0.000000000000000000e+00,0.000000000000000000e+00
8.078058702909061140e+01,0.000000000000000000e+00,0.000000000000000000e+00
7.932687550555056077e+01,0.000000000000000000e+00,0.000000000000000000e+00
7.790329009779496516e+01,0.000000000000000000e+00,0.000000000000000000e+00
7.891784329816263721e+01,0.000000000000000000e+00,0.000000000000000000e+00
7.605443343229065079e+01,0.000000000000000000e+00,0.000000000000000000e+00
8.262497985126407229e+01,0.000000000000000000e+00,0.000000000000000000e+00
8.145760318665733735e+01,0.000000000000000000e+00,0.000000000000000000e+00
7.856041878891501540e+01,0.000000000000000000e+00,0.000000000000000000e+00
8.214195828365737384e+01,0.000000000000000000e+00,0.000000000000000000e+00
7.993933637932533998e+01,0.000000000000000000e+00,0.000000000000000000e+00
8.090919043560639068e+01,0.000000000000000000e+00,0.000000000000000000e+00
8.131500801009208601e+01,0.000000000000000000e+00,0.000000000000000000e+00
8.035576745408376098e+01,0.000000000000000000e+00,0.000000000000000000e+00
8.077542694525131139e+01,0.000000000000000000e+00,0.000000000000000000e+00
7.880701523784114215e+01,0.000000000000000000e+00,0.000000000000000000e+00
7.898733801846782399e+01,0.000000000000000000e+00,0.000000000000000000e+00
7.962581625224089521e+01,0.000000000000000000e+00,0.000000000000000000e+00
7.984900450199712907e+01,0.000000000000000000e+00,0.000000000000000000e+00
7.875512365895143319e+01,0.000000000000000000e+00,0.000000000000000000e+00
7.666043501949752681e+01,0.000000000000000000e+00,0.000000000000000000e+00
8.044031232830526790e+01,0.000000000000000000e+00,0.000000000000000000e+00
8.148352710141350030e+01,0.000000000000000000e+00,0.000000000000000000e+00
7.878013152699378452e+01,0.000000000000000000e+00,0.000000000000000000e+00
8.101220029716742488e+01,0.000000000000000000e+00,0.000000000000000000e+00
7.989705326628691751e+01,0.000000000000000000e+00,0.000000000000000000e+00
7.860467930941598524e+01,0.000000000000000000e+00,0.000000000000000000e+00
8.087071634747620408e+01,0.000000000000000000e+00,0.000000000000000000e+00
7.583840666857341262e+01,0.000000000000000000e+00,0.000000000000000000e+00
8.063000559156549230e+01,0.000000000000000000e+00,0.000000000000000000e+00
7.608373515543421206e+01,0.000000000000000000e+00,0.000000000000000000e+00
8.200789664120219413e+01,0.000000000000000000e+00,0.000000000000000000e+00
7.628044348987897649e+01,0.000000000000000000e+00,0.000000000000000000e+00
7.952337723521178248e+01,0.000000000000000000e+00,0.000000000000000000e+00
7.973591231480746444e+01,0.000000000000000000e+00,0.000000000000000000e+00
8.078718591497279533e+01,0.000000000000000000e+00,0.000000000000000000e+00
7.963463687170181515e+01,0.000000000000000000e+00,0.000000000000000000e+00
8.039939233410854058e+01,0.000000000000000000e+00,0.000000000000000000e+00
8.384404926233766275e+01,0.000000000000000000e+00,0.000000000000000000e+00
8.210189361721550938e+01,0.000000000000000000e+00,0.000000000000000000e+00
8.014811576619875666e+01,0.000000000000000000e+00,0.000000000000000000e+00
8.093149045453482415e+01,0.000000000000000000e+00,0.000000000000000000e+00
7.904674319769306123e+01,0.000000000000000000e+00,0.000000000000000000e+00
8.084071081824338023e+01,0.000000000000000000e+00,0.000000000000000000e+00
8.131828418800571967e+01,0.000000000000000000e+00,0.000000000000000000e+00
7.832841791381520125e+01,0.000000000000000000e+00,0.000000000000000000e+00
8.637976448557562037e+01,0.000000000000000000e+00,0.000000000000000000e+00
7.928391263441251624e+01,0.000000000000000000e+00,0.000000000000000000e+00
7.947363828477220693e+01,0.000000000000000000e+00,0.000000000000000000e+00
8.065856933559410891e+01,0.000000000000000000e+00,0.000000000000000000e+00
8.110706708015001709e+01,0.000000000000000000e+00,0.000000000000000000e+00
7.920021695531430339e+01,0.000000000000000000e+00,0.000000000000000000e+00
7.835334462322273907e+01,0.000000000000000000e+00,0.000000000000000000e+00
7.793404124186697857e+01,0.000000000000000000e+00,0.000000000000000000e+00
7.856664552903011156e+01,0.000000000000000000e+00,0.000000000000000000e+00
7.994494588888113640e+01,0.000000000000000000e+00,0.000000000000000000e+00
8.072153846682543588e+01,0.000000000000000000e+00,0.000000000000000000e+00
8.279447757776497951e+01,0.000000000000000000e+00,0.000000000000000000e+00
8.140181709140051680e+01,0.000000000000000000e+00,0.000000000000000000e+00
8.129263994294881002e+01,0.000000000000000000e+00,0.000000000000000000e+00
7.832300947430363181e+01,0.000000000000000000e+00,0.000000000000000000e+00
8.090447048482602099e+01,0.000000000000000000e+00,0.000000000000000000e+00
8.096287169980357135e+01,0.000000000000000000e+00,0.000000000000000000e+00
7.659516916514033369e+01,0.000000000000000000e+00,0.000000000000000000e+00
8.034375964130383352e+01,0.000000000000000000e+00,0.000000000000000000e+00
8.350214146105246016e+01,0.000000000000000000e+00,0.000000000000000000e+00
8.014812890047392102e+01,0.000000000000000000e+00,0.000000000000000000e+00
7.960855009050391118e+01,0.000000000000000000e+00,0.000000000000000000e+00
8.255907139725567845e+01,0.000000000000000000e+00,0.000000000000000000e+00
7.990725184428643502e+01,0.000000000000000000e+00,0.000000000000000000e+00
8.064253726392875876e+01,0.000000000000000000e+00,0.000000000000000000e+00
7.704796584143620919e+01,0.000000000000000000e+00,0.000000000000000000e+00
8.034301458439884414e+01,0.000000000000000000e+00,0.000000000000000000e+00
7.727424165923949317e+01,0.000000000000000000e+00,0.000000000000000000e+00
7.924139127438699859e+01,0.000000000000000000e+00,0.000000000000000000e+00
7.925232252692299539e+01,0.000000000000000000e+00,0.000000000000000000e+00
7.871847034355984363e+01,0.000000000000000000e+00,0.000000000000000000e+00
8.176023662530406000e+01,0.000000000000000000e+00,0.000000000000000000e+00
7.949120094997648778e+01,0.000000000000000000e+00,0.000000000000000000e+00
7.928181941077434658e+01,0.000000000000000000e+00,0.000000000000000000e+00
8.352079720120306661e+01,0.000000000000000000e+00,0.000000000000000000e+00
8.064289398435468570e+01,0.000000000000000000e+00,0.000000000000000000e+00
8.252100411134121316e+01,0.000000000000000000e+00,0.000000000000000000e+00
7.838874416392084754e+01,0.000000000000000000e+00,0.000000000000000000e+00
8.282302689232422210e+01,0.000000000000000000e+00,0.000000000000000000e+00
7.863776734445934835e+01,0.000000000000000000e+00,0.000000000000000000e+00
8.378189323615823980e+01,0.000000000000000000e+00,0.000000000000000000e+00
7.787832435466793868e+01,0.000000000000000000e+00,0.000000000000000000e+00
7.805000786527345724e+01,0.000000000000000000e+00,0.000000000000000000e+00
7.582321566218067233e+01,0.000000000000000000e+00,0.000000000000000000e+00
8.111900764603936409e+01,0.000000000000000000e+00,0.000000000000000000e+00
8.059935167191559913e+01,0.000000000000000000e+00,0.000000000000000000e+00
7.735679979822216978e+01,0.000000000000000000e+00,0.000000000000000000e+00
8.170838005592257502e+01,0.000000000000000000e+00,0.000000000000000000e+00
8.144854087910270835e+01,0.000000000000000000e+00,0.000000000000000000e+00
8.009333952488852049e+01,0.000000000000000000e+00,0.000000000000000000e+00
7.793063157364964866e+01,0.000000000000000000e+00,0.000000000000000000e+00
7.887079671203517250e+01,0.000000000000000000e+00,0.000000000000000000e+00
7.841428833510289564e+01,0.000000000000000000e+00,0.000000000000000000e+00
7.863228954967974005e+01,0.000000000000000000e+00,0.000000000000000000e+00
8.112721298782516044e+01,0.000000000000000000e+00,0.000000000000000000e+00
8.208110189637228871e+01,0.000000000000000000e+00,0.000000000000000000e+00
7.822165084406184121e+01,0.000000000000000000e+00,0.000000000000000000e+00
7.888660576643265188e+01,0.000000000000000000e+00,0.000000000000000000e+00
8.229952351001661270e+01,0.000000000000000000e+00,0.000000000000000000e+00
7.992525818038818386e+01,0.000000000000000000e+00,0.000000000000000000e+00
7.986972881882918784e+01,0.000000000000000000e+00,0.000000000000000000e+00
7.792420170485131337e+01,0.000000000000000000e+00,0.000000000000000000e+00
8.029886669034797819e+01,0.000000000000000000e+00,0.000000000000000000e+00
8.041666736317698394e+01,0.000000000000000000e+00,0.000000000000000000e+00
7.739140202998083851e+01,0.000000000000000000e+00,0.000000000000000000e+00
8.008850091280706351e+01,0.000000000000000000e+00,0.000000000000000000e+00
7.943760394596959884e+01,0.000000000000000000e+00,0.000000000000000000e+00
7.697324827635057432e+01,0.000000000000000000e+00,0.000000000000000000e+00
8.139024375423460356e+01,0.000000000000000000e+00,0.000000000000000000e+00
7.883964152258202773e+01,0.000000000000000000e+00,0.000000000000000000e+00
7.910769932496799584e+01,0.000000000000000000e+00,0.000000000000000000e+00
8.164163314497321267e+01,0.000000000000000000e+00,0.000000000000000000e+00
7.638978660404053755e+01,0.000000000000000000e+00,0.000000000000000000e+00
7.913845065803513990e+01,0.000000000000000000e+00,0.000000000000000000e+00
8.227280408731172656e+01,0.000000000000000000e+00,0.000000000000000000e+00
7.905418447420565542e+01,0.000000000000000000e+00,0.000000000000000000e+00
7.649509798987514841e+01,0.000000000000000000e+00,0.000000000000000000e+00
8.195490847922073385e+01,0.000000000000000000e+00,0.000000000000000000e+00
7.795324642269409310e+01,0.000000000000000000e+00,0.000000000000000000e+00
7.721117960472403752e+01,0.000000000000000000e+00,0.000000000000000000e+00
7.861836704611924631e+01,0.000000000000000000e+00,0.000000000000000000e+00
7.887439769501543196e+01,0.000000000000000000e+00,0.000000000000000000e+00
8.094881571891218641e+01,0.000000000000000000e+00,0.000000000000000000e+00
8.172578875696441969e+01,0.000000000000000000e+00,0.000000000000000000e+00
7.757383347871618184e+01,0.000000000000000000e+00,0.000000000000000000e+00
7.781365860551933622e+01,0.000000000000000000e+00,0.000000000000000000e+00
7.873849283135942301e+01,0.000000000000000000e+00,0.000000000000000000e+00
8.063510261173011884e+01,0.000000000000000000e+00,0.000000000000000000e+00
7.768598215437371834e+01,0.000000000000000000e+00,0.000000000000000000e+00
8.150152117303997557e+01,0.000000000000000000e+00,0.000000000000000000e+00
8.107891256041683903e+01,0.000000000000000000e+00,0.000000000000000000e+00
7.870696867241478856e+01,0.000000000000000000e+00,0.000000000000000000e+00
7.600377404320958874e+01,0.000000000000000000e+00,0.000000000000000000e+00
7.930877429469516926e+01,0.000000000000000000e+00,0.000000000000000000e+00
8.260298740551144192e+01,0.000000000000000000e+00,0.000000000000000000e+00
7.998047223571475683e+01,0.000000000000000000e+00,0.000000000000000000e+00
7.674974283497749639e+01,0.000000000000000000e+00,0.000000000000000000e+00
7.778848269625622436e+01,0.000000000000000000e+00,0.000000000000000000e+00
8.380323865628602675e+01,0.000000000000000000e+00,0.000000000000000000e+00
7.819018610424365079e+01,0.000000000000000000e+00,0.000000000000000000e+00
7.998424806611387794e+01,0.000000000000000000e+00,0.000000000000000000e+00
7.676930134308913978e+01,0.000000000000000000e+00,0.000000000000000000e+00
7.731357180451593081e+01,0.000000000000000000e+00,0.000000000000000000e+00
7.879104332599591487e+01,0.000000000000000000e+00,0.000000000000000000e+00
7.840887052524662693e+01,0.000000000000000000e+00,0.000000000000000000e+00
7.815405256519935051e+01,0.000000000000000000e+00,0.000000000000000000e+00
8.121019596397806595e+01,0.000000000000000000e+00,0.000000000000000000e+00
7.791133121968485398e+01,0.000000000000000000e+00,0.000000000000000000e+00
7.898423806137820691e+01,0.000000000000000000e+00,0.000000000000000000e+00
7.907598845305342650e+01,0.000000000000000000e+00,0.000000000000000000e+00
8.113823358281555898e+01,0.000000000000000000e+00,0.000000000000000000e+00
8.052197309784867230e+01,0.000000000000000000e+00,0.000000000000000000e+00
7.915378585098180508e+01,0.000000000000000000e+00,0.000000000000000000e+00
7.895212245283674690e+01,0.000000000000000000e+00,0.000000000000000000e+00
7.797986411948035368e+01,0.000000000000000000e+00,0.000000000000000000e+00
8.042733792608645160e+01,0.000000000000000000e+00,0.000000000000000000e+00
7.839586654969609469e+01,0.000000000000000000e+00,0.000000000000000000e+00
8.008248129786701952e+01,0.000000000000000000e+00,0.000000000000000000e+00
7.784461799049705633e+01,0.000000000000000000e+00,0.000000000000000000e+00
7.747579805338331482e+01,0.000000000000000000e+00,0.000000000000000000e+00
8.000409635209572912e+01,0.000000000000000000e+00,0.000000000000000000e+00
7.949913284620843967e+01,0.000000000000000000e+00,0.000000000000000000e+00
8.049842197235325614e+01,0.000000000000000000e+00,0.000000000000000000e+00
7.801661930794247723e+01,0.000000000000000000e+00,0.000000000000000000e+00
7.685114233022811447e+01,0.000000000000000000e+00,0.000000000000000000e+00
7.691122714522551007e+01,0.000000000000000000e+00,0.000000000000000000e+00
7.685615469680807621e+01,0.000000000000000000e+00,0.000000000000000000e+00
7.892357696831327019e+01,0.000000000000000000e+00,0.000000000000000000e+00
7.710804175604816635e+01,0.000000000000000000e+00,0.000000000000000000e+00
8.046812190117144326e+01,0.000000000000000000e+00,0.000000000000000000e+00
7.731028244233397118e+01,0.000000000000000000e+00,0.000000000000000000e+00
8.013783508807578926e+01,0.000000000000000000e+00,0.000000000000000000e+00
7.642000034246062512e+01,0.000000000000000000e+00,0.000000000000000000e+00
7.561328576537000856e+01,0.000000000000000000e+00,0.000000000000000000e+00
7.944744844821232732e+01,0.000000000000000000e+00,0.000000000000000000e+00
7.937227820411800394e+01,0.000000000000000000e+00,0.000000000000000000e+00
8.002843365834394262e+01,0.000000000000000000e+00,0.000000000000000000e+00
7.850410230544157741e+01,0.000000000000000000e+00,0.000000000000000000e+00
7.895077858035341478e+01,0.000000000000000000e+00,0.000000000000000000e+00
7.716491813174521042e+01,0.000000000000000000e+00,0.000000000000000000e+00
7.896746972073708548e+01,0.000000000000000000e+00,0.000000000000000000e+00
7.746355773059254091e+01,0.000000000000000000e+00,0.000000000000000000e+00
7.966190640046133353e+01,0.000000000000000000e+00,0.000000000000000000e+00
7.706467973611880495e+01,0.000000000000000000e+00,0.000000000000000000e+00
7.641081370464708300e+01,0.000000000000000000e+00,0.000000000000000000e+00
8.131077723403764423e+01,0.000000000000000000e+00,0.000000000000000000e+00
7.921313021784325770e+01,0.000000000000000000e+00,0.000000000000000000e+00
7.876395530902436803e+01,0.000000000000000000e+00,0.000000000000000000e+00
7.745076661302459797e+01,0.000000000000000000e+00,0.000000000000000000e+00
7.836110438110867449e+01,0.000000000000000000e+00,0.000000000000000000e+00
7.697995264695482831e+01,0.000000000000000000e+00,0.000000000000000000e+00
8.086549411289892930e+01,0.000000000000000000e+00,0.000000000000000000e+00
7.321742928559375230e+01,0.000000000000000000e+00,0.000000000000000000e+00
7.999685666235549775e+01,0.000000000000000000e+00,0.000000000000000000e+00
7.466346894468354378e+01,0.000000000000000000e+00,0.000000000000000000e+00
7.924020923174202835e+01,0.000000000000000000e+00,0.000000000000000000e+00
7.525939869828546591e+01,0.000000000000000000e+00,0.000000000000000000e+00
7.837911226011350152e+01,0.000000000000000000e+00,0.000000000000000000e+00
7.658505615830459590e+01,0.000000000000000000e+00,0.000000000000000000e+00
7.615377557326614522e+01,0.000000000000000000e+00,0.000000000000000000e+00
7.467750769372253217e+01,0.000000000000000000e+00,0.000000000000000000e+00
7.611821637743385338e+01,0.000000000000000000e+00,0.000000000000000000e+00
7.611533611933231214e+01,0.000000000000000000e+00,0.000000000000000000e+00
7.583667281719117170e+01,0.000000000000000000e+00,0.000000000000000000e+00
7.449821055660690661e+01,0.000000000000000000e+00,0.000000000000000000e+00
7.849378423187853571e+01,0.000000000000000000e+00,0.000000000000000000e+00
7.948621972597833008e+01,0.000000000000000000e+00,0.000000000000000000e+00
7.910115587966171802e+01,0.000000000000000000e+00,0.000000000000000000e+00
7.326763622958750943e+01,0.000000000000000000e+00,0.000000000000000000e+00
7.672298437483971156e+01,0.000000000000000000e+00,0.000000000000000000e+00
8.156036818376055919e+01,0.000000000000000000e+00,0.000000000000000000e+00
7.674773845482742729e+01,0.000000000000000000e+00,0.000000000000000000e+00
7.854360960981483686e+01,0.000000000000000000e+00,0.000000000000000000e+00
7.753559436246790426e+01,0.000000000000000000e+00,0.000000000000000000e+00
7.863441137793266478e+01,0.000000000000000000e+00,0.000000000000000000e+00
7.586951100179615537e+01,0.000000000000000000e+00,0.000000000000000000e+00
7.775533636519931235e+01,0.000000000000000000e+00,0.000000000000000000e+00
7.645156337096369725e+01,0.000000000000000000e+00,0.000000000000000000e+00
7.641709576950388794e+01,0.000000000000000000e+00,0.000000000000000000e+00
7.566820240118822483e+01,0.000000000000000000e+00,0.000000000000000000e+00
7.849672342286928028e+01,0.000000000000000000e+00,0.000000000000000000e+00
7.887696845355371522e+01,0.000000000000000000e+00,0.000000000000000000e+00
7.252221458052746073e+01,0.000000000000000000e+00,0.000000000000000000e+00
7.684371540534466760e+01,0.000000000000000000e+00,0.000000000000000000e+00
8.122872989528255516e+01,0.000000000000000000e+00,0.000000000000000000e+00
8.059647376096478411e+01,0.000000000000000000e+00,0.000000000000000000e+00
7.534831921986950931e+01,0.000000000000000000e+00,0.000000000000000000e+00
7.498350421277382338e+01,0.000000000000000000e+00,0.000000000000000000e+00
7.571886300930131597e+01,0.000000000000000000e+00,0.000000000000000000e+00
7.779467228751843777e+01,0.000000000000000000e+00,0.000000000000000000e+00
7.604700571027761669e+01,0.000000000000000000e+00,0.000000000000000000e+00
7.388467013985280119e+01,0.000000000000000000e+00,0.000000000000000000e+00
7.605437630677724314e+01,0.000000000000000000e+00,0.000000000000000000e+00
7.655652832384544126e+01,0.000000000000000000e+00,0.000000000000000000e+00
7.361180092098535965e+01,0.000000000000000000e+00,0.000000000000000000e+00
7.626739086894514230e+01,0.000000000000000000e+00,0.000000000000000000e+00
7.835898686257033319e+01,0.000000000000000000e+00,0.000000000000000000e+00
7.490578658506167642e+01,0.000000000000000000e+00,0.000000000000000000e+00
7.680199748775065416e+01,0.000000000000000000e+00,0.000000000000000000e+00
7.687549415897866822e+01,0.000000000000000000e+00,0.000000000000000000e+00
7.453880606400130659e+01,0.000000000000000000e+00,0.000000000000000000e+00
7.677816989400207603e+01,0.000000000000000000e+00,0.000000000000000000e+00
7.496340055587980089e+01,0.000000000000000000e+00,0.000000000000000000e+00
7.384829836020668381e+01,0.000000000000000000e+00,0.000000000000000000e+00
7.420784738993849317e+01,0.000000000000000000e+00,0.000000000000000000e+00
7.448908211627492904e+01,0.000000000000000000e+00,0.000000000000000000e+00
7.422546719949471594e+01,0.000000000000000000e+00,0.000000000000000000e+00
7.813407965477863115e+01,0.000000000000000000e+00,0.000000000000000000e+00
7.510095460667263012e+01,0.000000000000000000e+00,0.000000000000000000e+00
7.645402750239067302e+01,0.000000000000000000e+00,0.000000000000000000e+00
7.777725411212117024e+01,0.000000000000000000e+00,0.000000000000000000e+00
7.783202993825858584e+01,0.000000000000000000e+00,0.000000000000000000e+00
7.803160736258222130e+01,0.000000000000000000e+00,0.000000000000000000e+00
7.508117559918048300e+01,0.000000000000000000e+00,0.000000000000000000e+00
7.530988242923307041e+01,0.000000000000000000e+00,0.000000000000000000e+00
7.816659911983916231e+01,0.000000000000000000e+00,0.000000000000000000e+00
7.164983511700265240e+01,0.000000000000000000e+00,0.000000000000000000e+00
7.496675840676428493e+01,0.000000000000000000e+00,0.000000000000000000e+00
7.373889490269714031e+01,0.000000000000000000e+00,0.000000000000000000e+00
7.298897772985473864e+01,0.000000000000000000e+00,0.000000000000000000e+00
7.391051154403281487e+01,0.000000000000000000e+00,0.000000000000000000e+00
7.541976445011040653e+01,0.000000000000000000e+00,0.000000000000000000e+00
7.667543442692992528e+01,0.000000000000000000e+00,0.000000000000000000e+00
7.365337404782916053e+01,0.000000000000000000e+00,0.000000000000000000e+00
7.659717109062270879e+01,0.000000000000000000e+00,0.000000000000000000e+00
7.476089147654941769e+01,0.000000000000000000e+00,0.000000000000000000e+00
7.338622935640316314e+01,0.000000000000000000e+00,0.000000000000000000e+00
7.257286350741600245e+01,0.000000000000000000e+00,0.000000000000000000e+00
7.549623831428208121e+01,0.000000000000000000e+00,0.000000000000000000e+00
7.421833124789725389e+01,0.000000000000000000e+00,0.000000000000000000e+00
7.325986524851843740e+01,0.000000000000000000e+00,0.000000000000000000e+00
7.244105426714862972e+01,0.000000000000000000e+00,0.000000000000000000e+00
7.483031318015375177e+01,0.000000000000000000e+00,0.000000000000000000e+00
7.634102823819064554e+01,0.000000000000000000e+00,0.000000000000000000e+00
7.640453258133000247e+01,0.000000000000000000e+00,0.000000000000000000e+00
7.186756959611790307e+01,0.000000000000000000e+00,0.000000000000000000e+00
7.420270032760845424e+01,0.000000000000000000e+00,0.000000000000000000e+00
7.478877142377410792e+01,0.000000000000000000e+00,0.000000000000000000e+00
7.476591192940225028e+01,0.000000000000000000e+00,0.000000000000000000e+00
7.175327557648802212e+01,0.000000000000000000e+00,0.000000000000000000e+00
7.409990439771725335e+01,0.000000000000000000e+00,0.000000000000000000e+00
7.164129183560977765e+01,0.000000000000000000e+00,0.000000000000000000e+00
7.246033736813267012e+01,0.000000000000000000e+00,0.000000000000000000e+00
7.455635263888486008e+01,0.000000000000000000e+00,0.000000000000000000e+00
7.625215142690673531e+01,0.000000000000000000e+00,0.000000000000000000e+00
7.475623415457793897e+01,0.000000000000000000e+00,0.000000000000000000e+00
7.599100198965176389e+01,0.000000000000000000e+00,0.000000000000000000e+00
7.529190210626116198e+01,0.000000000000000000e+00,0.000000000000000000e+00
7.126253881860118611e+01,0.000000000000000000e+00,0.000000000000000000e+00
7.222716530083465614e+01,0.000000000000000000e+00,0.000000000000000000e+00
7.121530140716558321e+01,0.000000000000000000e+00,0.000000000000000000e+00
7.355320397009101896e+01,0.000000000000000000e+00,0.000000000000000000e+00
7.174341354181544261e+01,0.000000000000000000e+00,0.000000000000000000e+00
7.509599491760731382e+01,0.000000000000000000e+00,0.000000000000000000e+00
7.407311927036137433e+01,0.000000000000000000e+00,0.000000000000000000e+00
7.036221622992160007e+01,0.000000000000000000e+00,0.000000000000000000e+00
7.368831422012738130e+01,0.000000000000000000e+00,0.000000000000000000e+00
7.527121745150766685e+01,0.000000000000000000e+00,0.000000000000000000e+00
7.316200217336727007e+01,0.000000000000000000e+00,0.000000000000000000e+00
7.603454735904064421e+01,0.000000000000000000e+00,0.000000000000000000e+00
7.734556549825006755e+01,0.000000000000000000e+00,0.000000000000000000e+00
7.825499658181638551e+01,0.000000000000000000e+00,0.000000000000000000e+00
7.487670989881020489e+01,0.000000000000000000e+00,0.000000000000000000e+00
7.495004558337504363e+01,0.000000000000000000e+00,0.000000000000000000e+00
7.432884770076803704e+01,0.000000000000000000e+00,0.000000000000000000e+00
7.482843778245556621e+01,0.000000000000000000e+00,0.000000000000000000e+00
7.156133018641173749e+01,0.000000000000000000e+00,0.000000000000000000e+00
7.230108401973117793e+01,0.000000000000000000e+00,0.000000000000000000e+00
7.296227254486355207e+01,0.000000000000000000e+00,0.000000000000000000e+00
7.277444777326763869e+01,0.000000000000000000e+00,0.000000000000000000e+00
7.229429789267761919e+01,0.000000000000000000e+00,0.000000000000000000e+00
7.337153098202517754e+01,0.000000000000000000e+00,0.000000000000000000e+00
7.330759892279560574e+01,0.000000000000000000e+00,0.000000000000000000e+00
6.890874024297544054e+01,0.000000000000000000e+00,0.000000000000000000e+00
7.075736170707581607e+01,0.000000000000000000e+00,0.000000000000000000e+00
7.182888101576480722e+01,0.000000000000000000e+00,0.000000000000000000e+00
7.204360752269006696e+01,0.000000000000000000e+00,0.000000000000000000e+00
7.030526536877634669e+01,0.000000000000000000e+00,0.000000000000000000e+00
6.958403170702901264e+01,0.000000000000000000e+00,0.000000000000000000e+00
7.136827846483461713e+01,0.000000000000000000e+00,0.000000000000000000e+00
7.088494035533928184e+01,0.000000000000000000e+00,0.000000000000000000e+00
7.543005726583793091e+01,0.000000000000000000e+00,0.000000000000000000e+00
7.065772598778669078e+01,0.000000000000000000e+00,0.000000000000000000e+00
7.522715311023918616e+01,0.000000000000000000e+00,0.000000000000000000e+00
7.048163959318100069e+01,0.000000000000000000e+00,0.000000000000000000e+00
7.154662637803461678e+01,0.000000000000000000e+00,0.000000000000000000e+00
7.235820832772428446e+01,0.000000000000000000e+00,0.000000000000000000e+00
7.328979286402795879e+01,0.000000000000000000e+00,0.000000000000000000e+00
6.903310157108472822e+01,0.000000000000000000e+00,0.000000000000000000e+00
6.872670137725474149e+01,0.000000000000000000e+00,0.000000000000000000e+00
7.334225171133051902e+01,0.000000000000000000e+00,0.000000000000000000e+00
6.922144923643654124e+01,0.000000000000000000e+00,0.000000000000000000e+00
7.274497262922193386e+01,0.000000000000000000e+00,0.000000000000000000e+00
7.069021980914713765e+01,0.000000000000000000e+00,0.000000000000000000e+00
7.342666763865955204e+01,0.000000000000000000e+00,0.000000000000000000e+00
7.133641381803825254e+01,0.000000000000000000e+00,0.000000000000000000e+00
7.296890696409234067e+01,0.000000000000000000e+00,0.000000000000000000e+00
6.809003774905494311e+01,0.000000000000000000e+00,0.000000000000000000e+00
6.997992773049797677e+01,0.000000000000000000e+00,0.000000000000000000e+00
7.407446792224003218e+01,0.000000000000000000e+00,0.000000000000000000e+00
6.950962684311924988e+01,0.000000000000000000e+00,0.000000000000000000e+00
7.412660390368732521e+01,0.000000000000000000e+00,0.000000000000000000e+00
6.961188942594408502e+01,0.000000000000000000e+00,0.000000000000000000e+00
6.962833412501514374e+01,0.000000000000000000e+00,0.000000000000000000e+00
6.913611148409397344e+01,0.000000000000000000e+00,0.000000000000000000e+00
7.302651590928556402e+01,0.000000000000000000e+00,0.000000000000000000e+00
7.238630009186439906e+01,0.000000000000000000e+00,0.000000000000000000e+00
7.047675068503734508e+01,0.000000000000000000e+00,0.000000000000000000e+00
7.195745697580808553e+01,0.000000000000000000e+00,0.000000000000000000e+00
6.911620070416782369e+01,0.000000000000000000e+00,0.000000000000000000e+00
6.824645430937023605e+01,0.000000000000000000e+00,0.000000000000000000e+00
6.871021028449159473e+01,0.000000000000000000e+00,0.000000000000000000e+00
7.373753319143004603e+01,0.000000000000000000e+00,0.000000000000000000e+00
7.255953657627692621e+01,0.000000000000000000e+00,0.000000000000000000e+00
6.801653985526853319e+01,0.000000000000000000e+00,0.000000000000000000e+00
7.218518235371448100e+01,0.000000000000000000e+00,0.000000000000000000e+00
6.926483662185700041e+01,0.000000000000000000e+00,0.000000000000000000e+00
6.896766255313683303e+01,0.000000000000000000e+00,0.000000000000000000e+00
6.599298831332029636e+01,0.000000000000000000e+00,0.000000000000000000e+00
6.990397038243413874e+01,0.000000000000000000e+00,0.000000000000000000e+00
6.920081900030123734e+01,0.000000000000000000e+00,0.000000000000000000e+00
7.081323152858202263e+01,0.000000000000000000e+00,0.000000000000000000e+00
6.696352898391937458e+01,0.000000000000000000e+00,0.000000000000000000e+00
6.593336976310604314e+01,0.000000000000000000e+00,0.000000000000000000e+00
7.024611749856910592e+01,0.000000000000000000e+00,0.000000000000000000e+00
6.836450589258146238e+01,0.000000000000000000e+00,0.000000000000000000e+00
6.866842131582852460e+01,0.000000000000000000e+00,0.000000000000000000e+00
6.964219730266511021e+01,0.000000000000000000e+00,0.000000000000000000e+00
6.829401169377364056e+01,0.000000000000000000e+00,0.000000000000000000e+00
6.928528270061896421e+01,0.000000000000000000e+00,0.000000000000000000e+00
7.128636230116252648e+01,0.000000000000000000e+00,0.000000000000000000e+00
6.711420924317333458e+01,0.000000000000000000e+00,0.000000000000000000e+00
6.794667417880644678e+01,0.000000000000000000e+00,0.000000000000000000e+00
7.053080953214335125e+01,0.000000000000000000e+00,0.000000000000000000e+00
7.200311110860945973e+01,0.000000000000000000e+00,0.000000000000000000e+00
6.660801852119493560e+01,0.000000000000000000e+00,0.000000000000000000e+00
6.712435231662652768e+01,0.000000000000000000e+00,0.000000000000000000e+00
6.912434587682645315e+01,0.000000000000000000e+00,0.000000000000000000e+00
6.778939406463163664e+01,0.000000000000000000e+00,0.000000000000000000e+00
6.570179797585291226e+01,0.000000000000000000e+00,0.000000000000000000e+00
6.984361959214511728e+01,0.000000000000000000e+00,0.000000000000000000e+00
6.951733637185095915e+01,0.000000000000000000e+00,0.000000000000000000e+00
6.806669581974011862e+01,0.000000000000000000e+00,0.000000000000000000e+00
6.899291609672822290e+01,0.000000000000000000e+00,0.000000000000000000e+00
6.722966654034922840e+01,0.000000000000000000e+00,0.000000000000000000e+00
6.790784588334385319e+01,0.000000000000000000e+00,0.000000000000000000e+00
6.879401254259192910e+01,0.000000000000000000e+00,0.000000000000000000e+00
6.865330752157694860e+01,0.000000000000000000e+00,0.000000000000000000e+00
6.751746609735991456e+01,0.000000000000000000e+00,0.000000000000000000e+00
6.645602258176026567e+01,0.000000000000000000e+00,0.000000000000000000e+00
6.886070581051451711e+01,0.000000000000000000e+00,0.000000000000000000e+00
6.685231085144535257e+01,0.000000000000000000e+00,0.000000000000000000e+00
6.509365807877924226e+01,0.000000000000000000e+00,0.000000000000000000e+00
7.399867374347964244e+01,0.000000000000000000e+00,0.000000000000000000e+00
6.941605016626800762e+01,0.000000000000000000e+00,0.000000000000000000e+00
6.727798680133349762e+01,0.000000000000000000e+00,0.000000000000000000e+00
6.671139328616079922e+01,0.000000000000000000e+00,0.000000000000000000e+00
6.663041097846284799e+01,0.000000000000000000e+00,0.000000000000000000e+00
6.746727207212376243e+01,0.000000000000000000e+00,0.000000000000000000e+00
6.842598386787275899e+01,0.000000000000000000e+00,0.000000000000000000e+00
6.552231206130684882e+01,0.000000000000000000e+00,0.000000000000000000e+00
6.594639760760728109e+01,0.000000000000000000e+00,0.000000000000000000e+00
6.576803356626196262e+01,0.000000000000000000e+00,0.000000000000000000e+00
6.817043303540707200e+01,0.000000000000000000e+00,0.000000000000000000e+00
6.162030249614278432e+01,0.000000000000000000e+00,0.000000000000000000e+00
6.744723210178403860e+01,0.000000000000000000e+00,0.000000000000000000e+00
6.639659469403791547e+01,0.000000000000000000e+00,0.000000000000000000e+00
6.595851510103098292e+01,0.000000000000000000e+00,0.000000000000000000e+00
6.405104188360716932e+01,0.000000000000000000e+00,0.000000000000000000e+00
6.330862878443780062e+01,0.000000000000000000e+00,0.000000000000000000e+00
6.468023346217884750e+01,0.000000000000000000e+00,0.000000000000000000e+00
6.813886686383609970e+01,0.000000000000000000e+00,0.000000000000000000e+00
6.416278485801460363e+01,0.000000000000000000e+00,0.000000000000000000e+00
6.243548314741113359e+01,0.000000000000000000e+00,0.000000000000000000e+00
6.581305354879930292e+01,0.000000000000000000e+00,0.000000000000000000e+00
6.884507912096594850e+01,0.000000000000000000e+00,0.000000000000000000e+00
6.552632735347532389e+01,0.000000000000000000e+00,0.000000000000000000e+00
6.514071874568605836e+01,0.000000000000000000e+00,0.000000000000000000e+00
6.613363209058641701e+01,0.000000000000000000e+00,0.000000000000000000e+00
6.455642394935325967e+01,0.000000000000000000e+00,0.000000000000000000e+00
6.913881259453043526e+01,0.000000000000000000e+00,0.000000000000000000e+00
6.471320887230110941e+01,0.000000000000000000e+00,0.000000000000000000e+00
6.918671773966310923e+01,0.000000000000000000e+00,0.000000000000000000e+00
6.416956632761572621e+01,0.000000000000000000e+00,0.000000000000000000e+00
6.393357397473820214e+01,0.000000000000000000e+00,0.000000000000000000e+00
6.429341148789301030e+01,0.000000000000000000e+00,0.000000000000000000e+00
6.658043220942946050e+01,0.000000000000000000e+00,0.000000000000000000e+00
6.413229930472661522e+01,0.000000000000000000e+00,0.000000000000000000e+00
6.481142828771780273e+01,0.000000000000000000e+00,0.000000000000000000e+00
6.559995092614518342e+01,0.000000000000000000e+00,0.000000000000000000e+00
6.492992712697785862e+01,0.000000000000000000e+00,0.000000000000000000e+00
6.253313015470661185e+01,0.000000000000000000e+00,0.000000000000000000e+00
6.591931701558470991e+01,0.000000000000000000e+00,0.000000000000000000e+00
6.363030665520254558e+01,0.000000000000000000e+00,0.000000000000000000e+00
6.585639192572374156e+01,0.000000000000000000e+00,0.000000000000000000e+00
6.207033067449219033e+01,0.000000000000000000e+00,0.000000000000000000e+00
6.066410979970111583e+01,0.000000000000000000e+00,0.000000000000000000e+00
6.617372416030741533e+01,0.000000000000000000e+00,0.000000000000000000e+00
6.298789999876056100e+01,0.000000000000000000e+00,0.000000000000000000e+00
6.062416779036684744e+01,0.000000000000000000e+00,0.000000000000000000e+00
6.423341207841791345e+01,0.000000000000000000e+00,0.000000000000000000e+00
6.253991634912102882e+01,0.000000000000000000e+00,0.000000000000000000e+00
6.386162509039688473e+01,0.000000000000000000e+00,0.000000000000000000e+00
6.013714983207897546e+01,0.000000000000000000e+00,0.000000000000000000e+00
6.700490571115581417e+01,0.000000000000000000e+00,0.000000000000000000e+00
6.519094827271325698e+01,0.000000000000000000e+00,0.000000000000000000e+00
6.328678724841292791e+01,0.000000000000000000e+00,0.000000000000000000e+00
6.370711605813268363e+01,0.000000000000000000e+00,0.000000000000000000e+00
6.299120758631935502e+01,0.000000000000000000e+00,0.000000000000000000e+00
6.404674657413885086e+01,0.000000000000000000e+00,0.000000000000000000e+00
6.561342090188715304e+01,0.000000000000000000e+00,0.000000000000000000e+00
6.356510813579217967e+01,0.000000000000000000e+00,0.000000000000000000e+00
6.674823217012587406e+01,0.000000000000000000e+00,0.000000000000000000e+00
6.582320091680698226e+01,0.000000000000000000e+00,0.000000000000000000e+00
6.227408030499249492e+01,0.000000000000000000e+00,0.000000000000000000e+00
6.339799368126312373e+01,0.000000000000000000e+00,0.000000000000000000e+00
6.669463464465813729e+01,0.000000000000000000e+00,0.000000000000000000e+00
6.365120141783776830e+01,0.000000000000000000e+00,0.000000000000000000e+00
6.335041638346319104e+01,0.000000000000000000e+00,0.000000000000000000e+00
6.614207913143884809e+01,0.000000000000000000e+00,0.000000000000000000e+00
6.122027008318305263e+01,0.000000000000000000e+00,0.000000000000000000e+00
5.947987917924451295e+01,0.000000000000000000e+00,0.000000000000000000e+00
6.325478739218828395e+01,0.000000000000000000e+00,0.000000000000000000e+00
6.336941760708231897e+01,0.000000000000000000e+00,0.000000000000000000e+00
5.890312296329840791e+01,0.000000000000000000e+00,0.000000000000000000e+00
6.082303988911518644e+01,0.000000000000000000e+00,0.000000000000000000e+00
5.965840800473733196e+01,0.000000000000000000e+00,0.000000000000000000e+00
6.233077860859593500e+01,0.000000000000000000e+00,0.000000000000000000e+00
6.507795039729808195e+01,0.000000000000000000e+00,0.000000000000000000e+00
5.991148268184884529e+01,0.000000000000000000e+00,0.000000000000000000e+00
5.766389079120858696e+01,0.000000000000000000e+00,0.000000000000000000e+00
6.152852257981398765e+01,0.000000000000000000e+00,0.000000000000000000e+00
6.007675068589160361e+01,0.000000000000000000e+00,0.000000000000000000e+00
5.755754865318058933e+01,0.000000000000000000e+00,0.000000000000000000e+00
6.057783602848289206e+01,0.000000000000000000e+00,0.000000000000000000e+00
5.955172378661960408e+01,0.000000000000000000e+00,0.000000000000000000e+00
6.080109959666067709e+01,0.000000000000000000e+00,0.000000000000000000e+00
6.106222332780438222e+01,0.000000000000000000e+00,0.000000000000000000e+00
6.176273720460160632e+01,0.000000000000000000e+00,0.000000000000000000e+00
6.231953582660896274e+01,0.000000000000000000e+00,0.000000000000000000e+00
6.517392407829316880e+01,0.000000000000000000e+00,0.000000000000000000e+00
5.818454719439144185e+01,0.000000000000000000e+00,0.000000000000000000e+00
5.996550112494036711e+01,0.000000000000000000e+00,0.000000000000000000e+00
6.211437155679679734e+01,0.000000000000000000e+00,0.000000000000000000e+00
6.339426305036194265e+01,0.000000000000000000e+00,0.000000000000000000e+00
6.387269452155673122e+01,0.000000000000000000e+00,0.000000000000000000e+00
5.889979159149667254e+01,0.000000000000000000e+00,0.000000000000000000e+00
6.274334594068994875e+01,0.000000000000000000e+00,0.000000000000000000e+00
6.214198031657031152e+01,0.000000000000000000e+00,0.000000000000000000e+00
6.003207459895352116e+01,0.000000000000000000e+00,0.000000000000000000e+00
5.931250211492075408e+01,0.000000000000000000e+00,0.000000000000000000e+00
6.087138433655929504e+01,0.000000000000000000e+00,0.000000000000000000e+00
5.919401780184266215e+01,0.000000000000000000e+00,0.000000000000000000e+00
5.882388716965802899e+01,0.000000000000000000e+00,0.000000000000000000e+00
6.008337877480951761e+01,0.000000000000000000e+00,0.000000000000000000e+00
6.030312968515121241e+01,0.000000000000000000e+00,0.000000000000000000e+00
6.114795802077151166e+01,0.000000000000000000e+00,0.000000000000000000e+00
5.983917663152985966e+01,0.000000000000000000e+00,0.000000000000000000e+00
5.907067637648824387e+01,0.000000000000000000e+00,0.000000000000000000e+00
5.703271331311439951e+01,0.000000000000000000e+00,0.000000000000000000e+00
5.450936634624825672e+01,0.000000000000000000e+00,0.000000000000000000e+00
6.076285651130356769e+01,0.000000000000000000e+00,0.000000000000000000e+00
5.963865143200886365e+01,0.000000000000000000e+00,0.000000000000000000e+00
6.089839938453531687e+01,0.000000000000000000e+00,0.000000000000000000e+00
6.201474701980738757e+01,0.000000000000000000e+00,0.000000000000000000e+00
5.821652322718863104e+01,0.000000000000000000e+00,0.000000000000000000e+00
5.666329745933809647e+01,0.000000000000000000e+00,0.000000000000000000e+00
5.950569616253725513e+01,0.000000000000000000e+00,0.000000000000000000e+00
5.857891510628744669e+01,0.000000000000000000e+00,0.000000000000000000e+00
5.601428432665344559e+01,0.000000000000000000e+00,0.000000000000000000e+00
5.896462128995272423e+01,0.000000000000000000e+00,0.000000000000000000e+00
5.965566159340516350e+01,0.000000000000000000e+00,0.000000000000000000e+00
5.988960817691265959e+01,0.000000000000000000e+00,0.000000000000000000e+00
5.788256117395728495e+01,0.000000000000000000e+00,0.000000000000000000e+00
5.945140688459655820e+01,0.000000000000000000e+00,0.000000000000000000e+00
5.700373718706703841e+01,0.000000000000000000e+00,0.000000000000000000e+00
5.905869248619205791e+01,0.000000000000000000e+00,0.000000000000000000e+00
5.782958080344555896e+01,0.000000000000000000e+00,0.000000000000000000e+00
5.472040237057359491e+01,0.000000000000000000e+00,0.000000000000000000e+00
5.807359995561236587e+01,0.000000000000000000e+00,0.000000000000000000e+00
5.950450841672197555e+01,0.000000000000000000e+00,0.000000000000000000e+00
5.605122435298650885e+01,0.000000000000000000e+00,0.000000000000000000e+00
5.450435643092870919e+01,0.000000000000000000e+00,0.000000000000000000e+00
5.546124076917586621e+01,0.000000000000000000e+00,0.000000000000000000e+00
5.822699661329131970e+01,0.000000000000000000e+00,0.000000000000000000e+00
5.998614841501149186e+01,0.000000000000000000e+00,0.000000000000000000e+00
5.767722881764607479e+01,0.000000000000000000e+00,0.000000000000000000e+00
5.707431295887538880e+01,0.000000000000000000e+00,0.000000000000000000e+00
5.454147142432878326e+01,0.000000000000000000e+00,0.000000000000000000e+00
5.475630697463525820e+01,0.000000000000000000e+00,0.000000000000000000e+00
5.483543770764337921e+01,0.000000000000000000e+00,0.000000000000000000e+00
5.934916533497283098e+01,0.000000000000000000e+00,0.000000000000000000e+00
5.602401018710632030e+01,0.000000000000000000e+00,0.000000000000000000e+00
5.701992169500294239e+01,0.000000000000000000e+00,0.000000000000000000e+00
5.687294502506410510e+01,0.000000000000000000e+00,0.000000000000000000e+00
5.751004281381491978e+01,0.000000000000000000e+00,0.000000000000000000e+00
5.703273068352307007e+01,0.000000000000000000e+00,0.000000000000000000e+00
5.908821251519234607e+01,0.000000000000000000e+00,0.000000000000000000e+00
5.664714969400765199e+01,0.000000000000000000e+00,0.000000000000000000e+00
5.895195829243498764e+01,0.000000000000000000e+00,0.000000000000000000e+00
5.459577405200414546e+01,0.000000000000000000e+00,0.000000000000000000e+00
5.939796547416659678e+01,0.000000000000000000e+00,0.000000000000000000e+00
5.789115186948620106e+01,0.000000000000000000e+00,0.000000000000000000e+00
5.647833715747308503e+01,0.000000000000000000e+00,0.000000000000000000e+00
5.911996758792010098e+01,0.000000000000000000e+00,0.000000000000000000e+00
5.611022887451419905e+01,0.000000000000000000e+00,0.000000000000000000e+00
5.698516603227523802e+01,0.000000000000000000e+00,0.000000000000000000e+00
5.517975080366602469e+01,0.000000000000000000e+00,0.000000000000000000e+00
5.309267590809505322e+01,0.000000000000000000e+00,0.000000000000000000e+00
5.296516164166548890e+01,0.000000000000000000e+00,0.000000000000000000e+00
5.535685484235099807e+01,0.000000000000000000e+00,0.000000000000000000e+00
5.462490838174502272e+01,0.000000000000000000e+00,0.000000000000000000e+00
5.514673325652699987e+01,0.000000000000000000e+00,0.000000000000000000e+00
5.427597227008800473e+01,0.000000000000000000e+00,0.000000000000000000e+00
5.277927226237800795e+01,0.000000000000000000e+00,0.000000000000000000e+00
5.496215334942798592e+01,0.000000000000000000e+00,0.000000000000000000e+00
5.311577338181233898e+01,0.000000000000000000e+00,0.000000000000000000e+00
5.405810557898020363e+01,0.000000000000000000e+00,0.000000000000000000e+00
5.578254676280731417e+01,0.000000000000000000e+00,0.000000000000000000e+00
5.758837858748191962e+01,0.000000000000000000e+00,0.000000000000000000e+00
5.637078585941267050e+01,0.000000000000000000e+00,0.000000000000000000e+00
5.722688986034257397e+01,0.000000000000000000e+00,0.000000000000000000e+00
5.359696206876120783e+01,0.000000000000000000e+00,0.000000000000000000e+00
5.789671956788416196e+01,0.000000000000000000e+00,0.000000000000000000e+00
5.135517674361196327e+01,0.000000000000000000e+00,0.000000000000000000e+00
5.032842111683046937e+01,0.000000000000000000e+00,0.000000000000000000e+00
5.455636765594770310e+01,0.000000000000000000e+00,0.000000000000000000e+00
5.461063830852503997e+01,0.000000000000000000e+00,0.000000000000000000e+00
4.916499506506353612e+01,0.000000000000000000e+00,0.000000000000000000e+00
5.437347938734591679e+01,0.000000000000000000e+00,0.000000000000000000e+00
5.330645514507368432e+01,0.000000000000000000e+00,0.000000000000000000e+00
5.647218093986874976e+01,0.000000000000000000e+00,0.000000000000000000e+00
5.465125603300165125e+01,0.000000000000000000e+00,0.000000000000000000e+00
5.268789568145179913e+01,0.000000000000000000e+00,0.000000000000000000e+00
5.625804707505285762e+01,0.000000000000000000e+00,0.000000000000000000e+00
5.410116797840060343e+01,0.000000000000000000e+00,0.000000000000000000e+00
5.395252105593058189e+01,0.000000000000000000e+00,0.000000000000000000e+00
5.412676829570903436e+01,0.000000000000000000e+00,0.000000000000000000e+00
5.430361453641511815e+01,0.000000000000000000e+00,0.000000000000000000e+00
5.483429421217154243e+01,0.000000000000000000e+00,0.000000000000000000e+00
5.431151634404920969e+01,0.000000000000000000e+00,0.000000000000000000e+00
5.403846213227205197e+01,0.000000000000000000e+00,0.000000000000000000e+00
5.252101632687566024e+01,0.000000000000000000e+00,0.000000000000000000e+00
5.641032048113883235e+01,0.000000000000000000e+00,0.000000000000000000e+00
5.358016700721307046e+01,0.000000000000000000e+00,0.000000000000000000e+00
5.520302062057031378e+01,0.000000000000000000e+00,0.000000000000000000e+00
5.100654213292043693e+01,0.000000000000000000e+00,0.000000000000000000e+00
5.389082478335433990e+01,0.000000000000000000e+00,0.000000000000000000e+00
5.472049226314619119e+01,0.000000000000000000e+00,0.000000000000000000e+00
5.183930615987070212e+01,0.000000000000000000e+00,0.000000000000000000e+00
5.260488591859438401e+01,0.000000000000000000e+00,0.000000000000000000e+00
5.047147430294276660e+01,0.000000000000000000e+00,0.000000000000000000e+00
5.167902487601047312e+01,0.000000000000000000e+00,0.000000000000000000e+00
5.110690460441969662e+01,0.000000000000000000e+00,0.000000000000000000e+00
5.005333598596819655e+01,0.000000000000000000e+00,0.000000000000000000e+00
5.026583557923276402e+01,0.000000000000000000e+00,0.000000000000000000e+00
5.127052383647863110e+01,0.000000000000000000e+00,0.000000000000000000e+00
5.211175358382815404e+01,0.000000000000000000e+00,0.000000000000000000e+00
4.929221552756104074e+01,0.000000000000000000e+00,0.000000000000000000e+00
5.257230449073777834e+01,0.000000000000000000e+00,0.000000000000000000e+00
4.912190355635610928e+01,0.000000000000000000e+00,0.000000000000000000e+00
5.559433778475151655e+01,0.000000000000000000e+00,0.000000000000000000e+00
5.190817222535523001e+01,0.000000000000000000e+00,0.000000000000000000e+00
5.425906663761657711e+01,0.000000000000000000e+00,0.000000000000000000e+00
5.392300878632667605e+01,0.000000000000000000e+00,0.000000000000000000e+00
5.184477001927556472e+01,0.000000000000000000e+00,0.000000000000000000e+00
4.817015042432102234e+01,0.000000000000000000e+00,0.000000000000000000e+00
4.913724780761170763e+01,0.000000000000000000e+00,0.000000000000000000e+00
5.039707846510175671e+01,0.000000000000000000e+00,0.000000000000000000e+00
5.035363594986238667e+01,0.000000000000000000e+00,0.000000000000000000e+00
5.144792402933298803e+01,0.000000000000000000e+00,0.000000000000000000e+00
5.049466132065234802e+01,0.000000000000000000e+00,0.000000000000000000e+00
5.237084361341800332e+01,0.000000000000000000e+00,0.000000000000000000e+00
4.722805831599951887e+01,0.000000000000000000e+00,0.000000000000000000e+00
5.035605872980393372e+01,0.000000000000000000e+00,0.000000000000000000e+00
5.032437607253659451e+01,0.000000000000000000e+00,0.000000000000000000e+00
5.196024696920017050e+01,0.000000000000000000e+00,0.000000000000000000e+00
5.128955042518554563e+01,0.000000000000000000e+00,0.000000000000000000e+00
4.889134669728688465e+01,0.000000000000000000e+00,0.000000000000000000e+00
5.029454653512765105e+01,0.000000000000000000e+00,0.000000000000000000e+00
5.059256522129287248e+01,0.000000000000000000e+00,0.000000000000000000e+00
4.900332757418188123e+01,0.000000000000000000e+00,0.000000000000000000e+00
4.917051370809022615e+01,0.000000000000000000e+00,0.000000000000000000e+00
5.253431981772880022e+01,0.000000000000000000e+00,0.000000000000000000e+00
5.025472718087792856e+01,0.000000000000000000e+00,0.000000000000000000e+00
4.752594616324608978e+01,0.000000000000000000e+00,0.000000000000000000e+00
5.117277083520908576e+01,0.000000000000000000e+00,0.000000000000000000e+00
5.242075985739495536e+01,0.000000000000000000e+00,0.000000000000000000e+00
4.953455022508532579e+01,0.000000000000000000e+00,0.000000000000000000e+00
4.874330862201178149e+01,0.000000000000000000e+00,0.000000000000000000e+00
5.288833725071850012e+01,0.000000000000000000e+00,0.000000000000000000e+00
4.757780238727627875e+01,0.000000000000000000e+00,0.000000000000000000e+00
5.020839137212731629e+01,0.000000000000000000e+00,0.000000000000000000e+00
5.179031580506200072e+01,0.000000000000000000e+00,0.000000000000000000e+00
4.553451629815003798e+01,0.000000000000000000e+00,0.000000000000000000e+00
4.854857513385409362e+01,0.000000000000000000e+00,0.000000000000000000e+00
4.776285935897695367e+01,0.000000000000000000e+00,0.000000000000000000e+00
4.884778278478225388e+01,0.000000000000000000e+00,0.000000000000000000e+00
5.070209562593424124e+01,0.000000000000000000e+00,0.000000000000000000e+00
4.953376170860143191e+01,0.000000000000000000e+00,0.000000000000000000e+00
5.037156553130630954e+01,0.000000000000000000e+00,0.000000000000000000e+00
5.130643601165224510e+01,0.000000000000000000e+00,0.000000000000000000e+00
4.656073519699166496e+01,0.000000000000000000e+00,0.000000000000000000e+00
4.635626127855975653e+01,0.000000000000000000e+00,0.000000000000000000e+00
5.026953331414702575e+01,0.000000000000000000e+00,0.000000000000000000e+00
4.888509101487920816e+01,0.000000000000000000e+00,0.000000000000000000e+00
4.821007621960598044e+01,0.000000000000000000e+00,0.000000000000000000e+00
4.668353297342410002e+01,0.000000000000000000e+00,0.000000000000000000e+00
4.825837776398975620e+01,0.000000000000000000e+00,0.000000000000000000e+00
4.612206423974046032e+01,0.000000000000000000e+00,0.000000000000000000e+00
4.740243983054907773e+01,0.000000000000000000e+00,0.000000000000000000e+00
4.901046949999196300e+01,0.000000000000000000e+00,0.000000000000000000e+00
4.876958829210789048e+01,0.000000000000000000e+00,0.000000000000000000e+00
5.190654310917192049e+01,0.000000000000000000e+00,0.000000000000000000e+00
5.010296690601604297e+01,0.000000000000000000e+00,0.000000000000000000e+00
4.817373457500953293e+01,0.000000000000000000e+00,0.000000000000000000e+00
4.666918099365560124e+01,0.000000000000000000e+00,0.000000000000000000e+00
4.401429443305224254e+01,0.000000000000000000e+00,0.000000000000000000e+00
4.350622739016267104e+01,0.000000000000000000e+00,0.000000000000000000e+00
4.628283064356553922e+01,0.000000000000000000e+00,0.000000000000000000e+00
4.783937670671926412e+01,0.000000000000000000e+00,0.000000000000000000e+00
4.666697812109919141e+01,0.000000000000000000e+00,0.000000000000000000e+00
4.783129968976957258e+01,0.000000000000000000e+00,0.000000000000000000e+00
4.999797877045276095e+01,0.000000000000000000e+00,0.000000000000000000e+00
4.681240287905156094e+01,0.000000000000000000e+00,0.000000000000000000e+00
4.527481480352395238e+01,0.000000000000000000e+00,0.000000000000000000e+00
4.760197181295079361e+01,0.000000000000000000e+00,0.000000000000000000e+00
4.565532287991673854e+01,0.000000000000000000e+00,0.000000000000000000e+00
4.061699645969995487e+01,0.000000000000000000e+00,0.000000000000000000e+00
4.454272463071994537e+01,0.000000000000000000e+00,0.000000000000000000e+00
4.475744981512267628e+01,0.000000000000000000e+00,0.000000000000000000e+00
5.038650250189609636e+01,0.000000000000000000e+00,0.000000000000000000e+00
4.373823852214337649e+01,0.000000000000000000e+00,0.000000000000000000e+00
4.555331859480227052e+01,0.000000000000000000e+00,0.000000000000000000e+00
4.825822198516522121e+01,0.000000000000000000e+00,0.000000000000000000e+00
4.533967983389469936e+01,0.000000000000000000e+00,0.000000000000000000e+00
4.686800885970252750e+01,0.000000000000000000e+00,0.000000000000000000e+00
4.345224731112557492e+01,0.000000000000000000e+00,0.000000000000000000e+00
4.807603405293081522e+01,0.000000000000000000e+00,0.000000000000000000e+00
4.237265587284053225e+01,0.000000000000000000e+00,0.000000000000000000e+00
4.718680153711488146e+01,0.000000000000000000e+00,0.000000000000000000e+00
4.161133125383929610e+01,0.000000000000000000e+00,0.000000000000000000e+00
4.714303975063177177e+01,0.000000000000000000e+00,0.000000000000000000e+00
4.536099628255566785e+01,0.000000000000000000e+00,0.000000000000000000e+00
4.102523267951120545e+01,0.000000000000000000e+00,0.000000000000000000e+00
4.442585871554576471e+01,0.000000000000000000e+00,0.000000000000000000e+00
4.331760674067631101e+01,0.000000000000000000e+00,0.000000000000000000e+00
4.467887546101304252e+01,0.000000000000000000e+00,0.000000000000000000e+00
4.246370991145887785e+01,0.000000000000000000e+00,0.000000000000000000e+00
4.443614261880113503e+01,0.000000000000000000e+00,0.000000000000000000e+00
4.532708175736006950e+01,0.000000000000000000e+00,0.000000000000000000e+00
4.152301623076299819e+01,0.000000000000000000e+00,0.000000000000000000e+00
4.524750568853154675e+01,0.000000000000000000e+00,0.000000000000000000e+00
4.493169091284642036e+01,0.000000000000000000e+00,0.000000000000000000e+00
4.524879335020339255e+01,0.000000000000000000e+00,0.000000000000000000e+00
4.569619744424971941e+01,0.000000000000000000e+00,0.000000000000000000e+00
4.559391219197888034e+01,0.000000000000000000e+00,0.000000000000000000e+00
4.300605126080638740e+01,0.000000000000000000e+00,0.000000000000000000e+00
3.764846058924376848e+01,0.000000000000000000e+00,0.000000000000000000e+00
4.732338065162890217e+01,0.000000000000000000e+00,0.000000000000000000e+00
4.415374280654079087e+01,0.000000000000000000e+00,0.000000000000000000e+00
4.502208993116929037e+01,0.000000000000000000e+00,0.000000000000000000e+00
4.230439724830883108e+01,0.000000000000000000e+00,0.000000000000000000e+00
4.698329252468617767e+01,0.000000000000000000e+00,0.000000000000000000e+00
4.530840413660617827e+01,0.000000000000000000e+00,0.000000000000000000e+00
4.374909794658301365e+01,0.000000000000000000e+00,0.000000000000000000e+00
4.178894587627041801e+01,0.000000000000000000e+00,0.000000000000000000e+00
4.264938408048108442e+01,0.000000000000000000e+00,0.000000000000000000e+00
4.160202813261030030e+01,0.000000000000000000e+00,0.000000000000000000e+00
4.388359116909862223e+01,0.000000000000000000e+00,0.000000000000000000e+00
4.245939989655751390e+01,0.000000000000000000e+00,0.000000000000000000e+00
4.149158058949257821e+01,0.000000000000000000e+00,0.000000000000000000e+00
4.715540036042683880e+01,0.000000000000000000e+00,0.000000000000000000e+00
4.402613747654552157e+01,0.000000000000000000e+00,0.000000000000000000e+00
3.901112441123456165e+01,0.000000000000000000e+00,0.000000000000000000e+00
4.063612442693665372e+01,0.000000000000000000e+00,0.000000000000000000e+00
4.206033408856553990e+01,0.000000000000000000e+00,0.000000000000000000e+00
4.379211812093370781e+01,0.000000000000000000e+00,0.000000000000000000e+00
4.123457849813635079e+01,0.000000000000000000e+00,0.000000000000000000e+00
4.323743198160105550e+01,0.000000000000000000e+00,0.000000000000000000e+00
4.063228686836715298e+01,0.000000000000000000e+00,0.000000000000000000e+00
4.010994573548182274e+01,0.000000000000000000e+00,0.000000000000000000e+00
3.960962697740178129e+01,0.000000000000000000e+00,0.000000000000000000e+00
3.795840223782992240e+01,0.000000000000000000e+00,0.000000000000000000e+00
4.157227477069916688e+01,0.000000000000000000e+00,0.000000000000000000e+00
4.133634604911175359e+01,0.000000000000000000e+00,0.000000000000000000e+00
4.301492076398519515e+01,0.000000000000000000e+00,0.000000000000000000e+00
4.301388427040468798e+01,0.000000000000000000e+00,0.000000000000000000e+00
4.093785290299283730e+01,0.000000000000000000e+00,0.000000000000000000e+00
4.171476568749943681e+01,0.000000000000000000e+00,0.000000000000000000e+00
4.474141476131032391e+01,0.000000000000000000e+00,0.000000000000000000e+00
4.215687524585575829e+01,0.000000000000000000e+00,0.000000000000000000e+00
4.023629278029685707e+01,0.000000000000000000e+00,0.000000000000000000e+00
4.035927671134597716e+01,0.000000000000000000e+00,0.000000000000000000e+00
4.312086686887202092e+01,0.000000000000000000e+00,0.000000000000000000e+00
4.030036971842961435e+01,0.000000000000000000e+00,0.000000000000000000e+00
4.227480326401305177e+01,0.000000000000000000e+00,0.000000000000000000e+00
4.115824417903864685e+01,0.000000000000000000e+00,0.000000000000000000e+00
3.789441227273916724e+01,0.000000000000000000e+00,0.000000000000000000e+00
3.855155881648888538e+01,0.000000000000000000e+00,0.000000000000000000e+00
4.185432124854077074e+01,0.000000000000000000e+00,0.000000000000000000e+00
4.252597580982450154e+01,0.000000000000000000e+00,0.000000000000000000e+00
4.251452606965980152e+01,0.000000000000000000e+00,0.000000000000000000e+00
3.936035209732037998e+01,0.000000000000000000e+00,0.000000000000000000e+00
4.246697203696523104e+01,0.000000000000000000e+00,0.000000000000000000e+00
3.809781246763518681e+01,0.000000000000000000e+00,0.000000000000000000e+00
4.216385512818558823e+01,0.000000000000000000e+00,0.000000000000000000e+00
3.829544582611453762e+01,0.000000000000000000e+00,0.000000000000000000e+00
4.017019096638203024e+01,0.000000000000000000e+00,0.000000000000000000e+00
4.165254673009009423e+01,0.000000000000000000e+00,0.000000000000000000e+00
3.867812181519121140e+01,0.000000000000000000e+00,0.000000000000000000e+00
3.927746249538130741e+01,0.000000000000000000e+00,0.000000000000000000e+00
4.072251341661139890e+01,0.000000000000000000e+00,0.000000000000000000e+00
3.789351532276346290e+01,0.000000000000000000e+00,0.000000000000000000e+00
3.975308292976296798e+01,0.000000000000000000e+00,0.000000000000000000e+00
3.753646425509468543e+01,0.000000000000000000e+00,0.000000000000000000e+00
3.954897600630118149e+01,0.000000000000000000e+00,0.000000000000000000e+00
3.988688716307319737e+01,0.000000000000000000e+00,0.000000000000000000e+00
3.916533742670169005e+01,0.000000000000000000e+00,0.000000000000000000e+00
3.748945322017746662e+01,0.000000000000000000e+00,0.000000000000000000e+00
4.128126750878417539e+01,0.000000000000000000e+00,0.000000000000000000e+00
3.840188207402347587e+01,0.000000000000000000e+00,0.000000000000000000e+00
4.072537304853787532e+01,0.000000000000000000e+00,0.000000000000000000e+00
3.771124826865842294e+01,0.000000000000000000e+00,0.000000000000000000e+00
3.888828827655496667e+01,0.000000000000000000e+00,0.000000000000000000e+00
3.791862559680010492e+01,0.000000000000000000e+00,0.000000000000000000e+00
4.131578135830717002e+01,0.000000000000000000e+00,0.000000000000000000e+00
3.674641660937724907e+01,0.000000000000000000e+00,0.000000000000000000e+00
3.682181115071007582e+01,0.000000000000000000e+00,0.000000000000000000e+00
3.710357080271253238e+01,0.000000000000000000e+00,0.000000000000000000e+00
3.752724754198785462e+01,0.000000000000000000e+00,0.000000000000000000e+00
3.973886267085867985e+01,0.000000000000000000e+00,0.000000000000000000e+00
3.654019971380156306e+01,0.000000000000000000e+00,0.000000000000000000e+00
3.933378969787263912e+01,0.000000000000000000e+00,0.000000000000000000e+00
3.712344801438221964e+01,0.000000000000000000e+00,0.000000000000000000e+00
3.937274453214534731e+01,0.000000000000000000e+00,0.000000000000000000e+00
3.720917917362658045e+01,0.000000000000000000e+00,0.000000000000000000e+00
3.706200532969181438e+01,0.000000000000000000e+00,0.000000000000000000e+00
3.784879286419555200e+01,0.000000000000000000e+00,0.000000000000000000e+00
3.636486675449697259e+01,0.000000000000000000e+00,0.000000000000000000e+00
3.715549183822881929e+01,0.000000000000000000e+00,0.000000000000000000e+00
3.761897368636836347e+01,0.000000000000000000e+00,0.000000000000000000e+00
3.612654453345745509e+01,0.000000000000000000e+00,0.000000000000000000e+00
3.700572227267205250e+01,0.000000000000000000e+00,0.000000000000000000e+00
3.469752003648260086e+01,0.000000000000000000e+00,0.000000000000000000e+00
3.386581627596633126e+01,0.000000000000000000e+00,0.000000000000000000e+00
4.099593078249225897e+01,0.000000000000000000e+00,0.000000000000000000e+00
4.401007869625079394e+01,0.000000000000000000e+00,0.000000000000000000e+00
3.887482290105765514e+01,0.000000000000000000e+00,0.000000000000000000e+00
3.582154396252494877e+01,0.000000000000000000e+00,0.000000000000000000e+00
3.766486949679338636e+01,0.000000000000000000e+00,0.000000000000000000e+00
3.781713189308987211e+01,0.000000000000000000e+00,0.000000000000000000e+00
3.908807289939841212e+01,0.000000000000000000e+00,0.000000000000000000e+00
3.677051679708920773e+01,0.000000000000000000e+00,0.000000000000000000e+00
3.162799692486771619e+01,0.000000000000000000e+00,0.000000000000000000e+00
3.553329378290591478e+01,0.000000000000000000e+00,0.000000000000000000e+00
3.301108262875798260e+01,0.000000000000000000e+00,0.000000000000000000e+00
3.519856357889697307e+01,0.000000000000000000e+00,0.000000000000000000e+00
3.666130523266725305e+01,0.000000000000000000e+00,0.000000000000000000e+00
3.634190011935619680e+01,0.000000000000000000e+00,0.000000000000000000e+00
3.808241333869406731e+01,0.000000000000000000e+00,0.000000000000000000e+00
3.655549396519380423e+01,0.000000000000000000e+00,0.000000000000000000e+00
3.331073378073789115e+01,0.000000000000000000e+00,0.000000000000000000e+00
3.485752247577271845e+01,0.000000000000000000e+00,0.000000000000000000e+00
3.393678217233090066e+01,0.000000000000000000e+00,0.000000000000000000e+00
3.462911284689560176e+01,0.000000000000000000e+00,0.000000000000000000e+00
3.460374723284036946e+01,0.000000000000000000e+00,0.000000000000000000e+00
3.548806122277783004e+01,0.000000000000000000e+00,0.000000000000000000e+00
3.600572739466605299e+01,0.000000000000000000e+00,0.000000000000000000e+00
3.610618531421312838e+01,0.000000000000000000e+00,0.000000000000000000e+00
3.309192134497483551e+01,0.000000000000000000e+00,0.000000000000000000e+00
3.270323318142465752e+01,0.000000000000000000e+00,0.000000000000000000e+00
3.246699321847001585e+01,0.000000000000000000e+00,0.000000000000000000e+00
3.233369881090440856e+01,0.000000000000000000e+00,0.000000000000000000e+00
3.370623110456923399e+01,0.000000000000000000e+00,0.000000000000000000e+00
3.455844846793078773e+01,0.000000000000000000e+00,0.000000000000000000e+00
3.834447077094976919e+01,0.000000000000000000e+00,0.000000000000000000e+00
3.512917605541571930e+01,0.000000000000000000e+00,0.000000000000000000e+00
3.455474514406630249e+01,0.000000000000000000e+00,0.000000000000000000e+00
3.692443000430859001e+01,0.000000000000000000e+00,0.000000000000000000e+00
3.554456475624135692e+01,0.000000000000000000e+00,0.000000000000000000e+00
2.982079527514927264e+01,0.000000000000000000e+00,0.000000000000000000e+00
3.768889941621549156e+01,0.000000000000000000e+00,0.000000000000000000e+00
3.577200988696746009e+01,0.000000000000000000e+00,0.000000000000000000e+00
3.662713714508002738e+01,0.000000000000000000e+00,0.000000000000000000e+00
3.098950270413556041e+01,0.000000000000000000e+00,0.000000000000000000e+00
3.293249566814982643e+01,0.000000000000000000e+00,0.000000000000000000e+00
3.139014594814185699e+01,0.000000000000000000e+00,0.000000000000000000e+00
3.535730832281503666e+01,0.000000000000000000e+00,0.000000000000000000e+00
3.208688413193629430e+01,0.000000000000000000e+00,0.000000000000000000e+00
3.093827016977658673e+01,0.000000000000000000e+00,0.000000000000000000e+00
3.231404883588653831e+01,0.000000000000000000e+00,0.000000000000000000e+00
3.426948345714676947e+01,0.000000000000000000e+00,0.000000000000000000e+00
3.444112168414105923e+01,0.000000000000000000e+00,0.000000000000000000e+00
3.046011789827861804e+01,0.000000000000000000e+00,0.000000000000000000e+00
3.079902637856280023e+01,0.000000000000000000e+00,0.000000000000000000e+00
3.076705729633920683e+01,0.000000000000000000e+00,0.000000000000000000e+00
3.417817972591294762e+01,0.000000000000000000e+00,0.000000000000000000e+00
3.148267587508504306e+01,0.000000000000000000e+00,0.000000000000000000e+00
2.954154742250597820e+01,0.000000000000000000e+00,0.000000000000000000e+00
3.439445143614214118e+01,0.000000000000000000e+00,0.000000000000000000e+00
3.430857247233853258e+01,0.000000000000000000e+00,0.000000000000000000e+00
3.415321906930645213e+01,0.000000000000000000e+00,0.000000000000000000e+00
3.334010158372804256e+01,0.000000000000000000e+00,0.000000000000000000e+00
3.168433287518617192e+01,0.000000000000000000e+00,0.000000000000000000e+00
2.965442863249742445e+01,0.000000000000000000e+00,0.000000000000000000e+00
2.891604950688923026e+01,0.000000000000000000e+00,0.000000000000000000e+00
3.297047825540567345e+01,0.000000000000000000e+00,0.000000000000000000e+00
3.606911420021663162e+01,0.000000000000000000e+00,0.000000000000000000e+00
3.390947058793776137e+01,0.000000000000000000e+00,0.000000000000000000e+00
3.160296518223193019e+01,0.000000000000000000e+00,0.000000000000000000e+00
3.119648576592607370e+01,0.000000000000000000e+00,0.000000000000000000e+00
3.128323128116597829e+01,0.000000000000000000e+00,0.000000000000000000e+00
3.035321923719553894e+01,0.000000000000000000e+00,0.000000000000000000e+00
3.027132601814999546e+01,0.000000000000000000e+00,0.000000000000000000e+00
3.372875130436947444e+01,0.000000000000000000e+00,0.000000000000000000e+00
2.781932074539058419e+01,0.000000000000000000e+00,0.000000000000000000e+00
2.947691820975381916e+01,0.000000000000000000e+00,0.000000000000000000e+00
3.195624436791592160e+01,0.000000000000000000e+00,0.000000000000000000e+00
3.251892652065012612e+01,0.000000000000000000e+00,0.000000000000000000e+00
3.039991618253397831e+01,0.000000000000000000e+00,0.000000000000000000e+00
2.977824230141379047e+01,0.000000000000000000e+00,0.000000000000000000e+00
3.471572824910879973e+01,0.000000000000000000e+00,0.000000000000000000e+00
2.994119826212522995e+01,0.000000000000000000e+00,0.000000000000000000e+00
3.255625755218520112e+01,0.000000000000000000e+00,0.000000000000000000e+00
3.125652067201452056e+01,0.000000000000000000e+00,0.000000000000000000e+00
2.834010738793600837e+01,0.000000000000000000e+00,0.000000000000000000e+00
2.961264458396119892e+01,0.000000000000000000e+00,0.000000000000000000e+00
3.228764355264761576e+01,0.000000000000000000e+00,0.000000000000000000e+00
3.210869410535055124e+01,0.000000000000000000e+00,0.000000000000000000e+00
2.867211849500596088e+01,0.000000000000000000e+00,0.000000000000000000e+00
3.410125178919530242e+01,0.000000000000000000e+00,0.000000000000000000e+00
2.996526548134795576e+01,0.000000000000000000e+00,0.000000000000000000e+00
3.003070677878919881e+01,0.000000000000000000e+00,0.000000000000000000e+00
3.126134553689110263e+01,0.000000000000000000e+00,0.000000000000000000e+00
2.996681104624531855e+01,0.000000000000000000e+00,0.000000000000000000e+00
2.915742281160975224e+01,0.000000000000000000e+00,0.000000000000000000e+00
3.001115704114748084e+01,0.000000000000000000e+00,0.000000000000000000e+00
3.266085347755311119e+01,0.000000000000000000e+00,0.000000000000000000e+00
3.021991462427703112e+01,0.000000000000000000e+00,0.000000000000000000e+00
2.875998978901380809e+01,0.000000000000000000e+00,0.000000000000000000e+00
2.908425229866495343e+01,0.000000000000000000e+00,0.000000000000000000e+00
3.084878876352361488e+01,0.000000000000000000e+00,0.000000000000000000e+00
2.882991613867802272e+01,0.000000000000000000e+00,0.000000000000000000e+00
3.090413826424020982e+01,0.000000000000000000e+00,0.000000000000000000e+00
3.185799063732668657e+01,0.000000000000000000e+00,0.000000000000000000e+00
2.957241292953299805e+01,0.000000000000000000e+00,0.000000000000000000e+00
2.937237451925516041e+01,0.000000000000000000e+00,0.000000000000000000e+00
2.863589811915964489e+01,0.000000000000000000e+00,0.000000000000000000e+00
2.894871689083831612e+01,0.000000000000000000e+00,0.000000000000000000e+00
3.150356023463154287e+01,0.000000000000000000e+00,0.000000000000000000e+00
2.552562019514316916e+01,0.000000000000000000e+00,0.000000000000000000e+00
3.084304297561474328e+01,0.000000000000000000e+00,0.000000000000000000e+00
2.694361415925178704e+01,0.000000000000000000e+00,0.000000000000000000e+00
2.818912247637781121e+01,0.000000000000000000e+00,0.000000000000000000e+00
3.124022823261714876e+01,0.000000000000000000e+00,0.000000000000000000e+00
2.949913939211855407e+01,0.000000000000000000e+00,0.000000000000000000e+00
3.023000945185938448e+01,0.000000000000000000e+00,0.000000000000000000e+00
2.987950833559064634e+01,0.000000000000000000e+00,0.000000000000000000e+00
2.524200378959675106e+01,0.000000000000000000e+00,0.000000000000000000e+00
2.805241353023956563e+01,0.000000000000000000e+00,0.000000000000000000e+00
2.844733337585877564e+01,0.000000000000000000e+00,0.000000000000000000e+00
2.828729224973378109e+01,0.000000000000000000e+00,0.000000000000000000e+00
3.159472800657217562e+01,0.000000000000000000e+00,0.000000000000000000e+00
2.919192877153858134e+01,0.000000000000000000e+00,0.000000000000000000e+00
3.297820179662600282e+01,0.000000000000000000e+00,0.000000000000000000e+00
2.228725356412666514e+01,0.000000000000000000e+00,0.000000000000000000e+00
2.813719773580163164e+01,0.000000000000000000e+00,0.000000000000000000e+00
3.040576600676909536e+01,0.000000000000000000e+00,0.000000000000000000e+00
2.911048024132819023e+01,0.000000000000000000e+00,0.000000000000000000e+00
2.714121482175325895e+01,0.000000000000000000e+00,0.000000000000000000e+00
2.690132318568138459e+01,0.000000000000000000e+00,0.000000000000000000e+00
2.748582347021931227e+01,0.000000000000000000e+00,0.000000000000000000e+00
2.860382934626326801e+01,0.000000000000000000e+00,0.000000000000000000e+00
2.758539883159849637e+01,0.000000000000000000e+00,0.000000000000000000e+00
3.137394409733699518e+01,0.000000000000000000e+00,0.000000000000000000e+00
2.762561448520155594e+01,0.000000000000000000e+00,0.000000000000000000e+00
2.938530398621292150e+01,0.000000000000000000e+00,0.000000000000000000e+00
2.775832922325838936e+01,0.000000000000000000e+00,0.000000000000000000e+00
2.893637840198789490e+01,0.000000000000000000e+00,0.000000000000000000e+00
2.478105923777404129e+01,0.000000000000000000e+00,0.000000000000000000e+00
2.910244835208439085e+01,0.000000000000000000e+00,0.000000000000000000e+00
2.550769619094693397e+01,0.000000000000000000e+00,0.000000000000000000e+00
2.706151034846919856e+01,0.000000000000000000e+00,0.000000000000000000e+00
3.210587986361193913e+01,0.000000000000000000e+00,0.000000000000000000e+00
2.635169647443062502e+01,0.000000000000000000e+00,0.000000000000000000e+00
2.500815315909200365e+01,0.000000000000000000e+00,0.000000000000000000e+00
2.805502213395181599e+01,0.000000000000000000e+00,0.000000000000000000e+00
3.084698667822531348e+01,0.000000000000000000e+00,0.000000000000000000e+00
3.014955678425889829e+01,0.000000000000000000e+00,0.000000000000000000e+00
2.510201605792564195e+01,0.000000000000000000e+00,0.000000000000000000e+00
2.722393751252945648e+01,0.000000000000000000e+00,0.000000000000000000e+00
2.508195416847599191e+01,0.000000000000000000e+00,0.000000000000000000e+00
2.891787773209013679e+01,0.000000000000000000e+00,0.000000000000000000e+00
3.173880508483959417e+01,0.000000000000000000e+00,0.000000000000000000e+00
2.409288292322865388e+01,0.000000000000000000e+00,0.000000000000000000e+00
2.654843869525903344e+01,0.000000000000000000e+00,0.000000000000000000e+00
2.424147627064492383e+01,0.000000000000000000e+00,0.000000000000000000e+00
2.608070830182838051e+01,0.000000000000000000e+00,0.000000000000000000e+00
2.509823717936465926e+01,0.000000000000000000e+00,0.000000000000000000e+00
2.650199438000764829e+01,0.000000000000000000e+00,0.000000000000000000e+00
2.542400069859581535e+01,0.000000000000000000e+00,0.000000000000000000e+00
2.581013636723403692e+01,0.000000000000000000e+00,0.000000000000000000e+00
2.878167836872141905e+01,0.000000000000000000e+00,0.000000000000000000e+00
2.600705618480633063e+01,0.000000000000000000e+00,0.000000000000000000e+00
2.727750228525317056e+01,0.000000000000000000e+00,0.000000000000000000e+00
2.819518392269565510e+01,0.000000000000000000e+00,0.000000000000000000e+00
2.833772584812012596e+01,0.000000000000000000e+00,0.000000000000000000e+00
2.697448247892092610e+01,0.000000000000000000e+00,0.000000000000000000e+00
2.542382613557509430e+01,0.000000000000000000e+00,0.000000000000000000e+00
2.580769939626993903e+01,0.000000000000000000e+00,0.000000000000000000e+00
2.675007734387732583e+01,0.000000000000000000e+00,0.000000000000000000e+00
2.917329497334495869e+01,0.000000000000000000e+00,0.000000000000000000e+00
2.626496889868336027e+01,0.000000000000000000e+00,0.000000000000000000e+00
2.737331760503938582e+01,0.000000000000000000e+00,0.000000000000000000e+00
2.525220887302216255e+01,0.000000000000000000e+00,0.000000000000000000e+00
2.807895824620168668e+01,0.000000000000000000e+00,0.000000000000000000e+00
2.360880774838417651e+01,0.000000000000000000e+00,0.000000000000000000e+00
2.507034213027695557e+01,0.000000000000000000e+00,0.000000000000000000e+00
2.592459141314555282e+01,0.000000000000000000e+00,0.000000000000000000e+00
2.669195282108364253e+01,0.000000000000000000e+00,0.000000000000000000e+00
2.462799305363143887e+01,0.000000000000000000e+00,0.000000000000000000e+00
2.825428691681029036e+01,0.000000000000000000e+00,0.000000000000000000e+00
2.704118339353181355e+01,0.000000000000000000e+00,0.000000000000000000e+00
2.208763362638259764e+01,0.000000000000000000e+00,0.000000000000000000e+00
2.214524005805695950e+01,0.000000000000000000e+00,0.000000000000000000e+00
2.387741511861025501e+01,0.000000000000000000e+00,0.000000000000000000e+00
2.744206847640258928e+01,0.000000000000000000e+00,0.000000000000000000e+00
2.332064582076094794e+01,0.000000000000000000e+00,0.000000000000000000e+00
2.341581978307593204e+01,0.000000000000000000e+00,0.000000000000000000e+00
2.337958124826451822e+01,0.000000000000000000e+00,0.000000000000000000e+00
2.513178198601507418e+01,0.000000000000000000e+00,0.000000000000000000e+00
2.828398246640124114e+01,0.000000000000000000e+00,0.000000000000000000e+00
2.218754023699327860e+01,0.000000000000000000e+00,0.000000000000000000e+00
2.196178809124427289e+01,0.000000000000000000e+00,0.000000000000000000e+00
2.457239423081258067e+01,0.000000000000000000e+00,0.000000000000000000e+00
2.638371094134181405e+01,0.000000000000000000e+00,0.000000000000000000e+00
2.150306018941816788e+01,0.000000000000000000e+00,0.000000000000000000e+00
2.340741297909526963e+01,0.000000000000000000e+00,0.000000000000000000e+00
2.326798974798300179e+01,0.000000000000000000e+00,0.000000000000000000e+00
2.376020058850626526e+01,0.000000000000000000e+00,0.000000000000000000e+00
2.181203856623382364e+01,0.000000000000000000e+00,0.000000000000000000e+00
2.289428411805852903e+01,0.000000000000000000e+00,0.000000000000000000e+00
2.637942180763032951e+01,0.000000000000000000e+00,0.000000000000000000e+00
2.635338005297042585e+01,0.000000000000000000e+00,0.000000000000000000e+00
2.313225457759057946e+01,0.000000000000000000e+00,0.000000000000000000e+00
2.908107608581770620e+01,0.000000000000000000e+00,0.000000000000000000e+00
2.707260438030880678e+01,0.000000000000000000e+00,0.000000000000000000e+00
2.535058438966095551e+01,0.000000000000000000e+00,0.000000000000000000e+00
2.545762559615702969e+01,0.000000000000000000e+00,0.000000000000000000e+00
2.608005967561152261e+01,0.000000000000000000e+00,0.000000000000000000e+00
2.650744605363862760e+01,0.000000000000000000e+00,0.000000000000000000e+00
2.615234169262761554e+01,0.000000000000000000e+00,0.000000000000000000e+00
2.421227163863094844e+01,0.000000000000000000e+00,0.000000000000000000e+00
2.419611451544753677e+01,0.000000000000000000e+00,0.000000000000000000e+00
2.349527812989650144e+01,0.000000000000000000e+00,0.000000000000000000e+00
2.800873442970775784e+01,0.000000000000000000e+00,0.000000000000000000e+00
2.642714477748365454e+01,0.000000000000000000e+00,0.000000000000000000e+00
2.233840718487622823e+01,0.000000000000000000e+00,0.000000000000000000e+00
2.203004697080958252e+01,0.000000000000000000e+00,0.000000000000000000e+00
2.127240861954683382e+01,0.000000000000000000e+00,0.000000000000000000e+00
2.344561610175518140e+01,0.000000000000000000e+00,0.000000000000000000e+00
2.412202297616324387e+01,0.000000000000000000e+00,0.000000000000000000e+00
2.271604390050633526e+01,0.000000000000000000e+00,0.000000000000000000e+00
2.134268305605807470e+01,0.000000000000000000e+00,0.000000000000000000e+00
2.813496200422107307e+01,0.000000000000000000e+00,0.000000000000000000e+00
2.427936163547468240e+01,0.000000000000000000e+00,0.000000000000000000e+00
2.462609913289466945e+01,0.000000000000000000e+00,0.000000000000000000e+00
2.498836351041401826e+01,0.000000000000000000e+00,0.000000000000000000e+00
2.301886443103574820e+01,0.000000000000000000e+00,0.000000000000000000e+00
2.633364720382839153e+01,0.000000000000000000e+00,0.000000000000000000e+00
2.492879363931587378e+01,0.000000000000000000e+00,0.000000000000000000e+00
2.337488707864491388e+01,0.000000000000000000e+00,0.000000000000000000e+00
2.336254466507419636e+01,0.000000000000000000e+00,0.000000000000000000e+00
2.352959136269268470e+01,0.000000000000000000e+00,0.000000000000000000e+00
2.226891422533194032e+01,0.000000000000000000e+00,0.000000000000000000e+00
2.839338138935934808e+01,0.000000000000000000e+00,0.000000000000000000e+00
2.190829362395645674e+01,0.000000000000000000e+00,0.000000000000000000e+00
2.131326821566672436e+01,0.000000000000000000e+00,0.000000000000000000e+00
2.179924485660830413e+01,0.000000000000000000e+00,0.000000000000000000e+00
2.372515362193396982e+01,0.000000000000000000e+00,0.000000000000000000e+00
1.882687403835869944e+01,0.000000000000000000e+00,0.000000000000000000e+00
2.089739667012685942e+01,0.000000000000000000e+00,0.000000000000000000e+00
2.516562098740116582e+01,0.000000000000000000e+00,0.000000000000000000e+00
2.141719225532462545e+01,0.000000000000000000e+00,0.000000000000000000e+00
2.004654555088508161e+01,0.000000000000000000e+00,0.000000000000000000e+00
2.578296644030700335e+01,0.000000000000000000e+00,0.000000000000000000e+00
2.423809196151504608e+01,0.000000000000000000e+00,0.000000000000000000e+00
2.002059117827039003e+01,0.000000000000000000e+00,0.000000000000000000e+00
2.300840159319833944e+01,0.000000000000000000e+00,0.000000000000000000e+00
2.449759022421063648e+01,0.000000000000000000e+00,0.000000000000000000e+00
1.968260645298527578e+01,0.000000000000000000e+00,0.000000000000000000e+00
1.984145140350112158e+01,0.000000000000000000e+00,0.000000000000000000e+00
2.456094842706946935e+01,0.000000000000000000e+00,0.000000000000000000e+00
2.194240684666235808e+01,0.000000000000000000e+00,0.000000000000000000e+00
2.056357776825901951e+01,0.000000000000000000e+00,0.000000000000000000e+00
2.367041382243845149e+01,0.000000000000000000e+00,0.000000000000000000e+00
2.395267451024275118e+01,0.000000000000000000e+00,0.000000000000000000e+00
1.902301162276197743e+01,0.000000000000000000e+00,0.000000000000000000e+00
2.009888261176820379e+01,0.000000000000000000e+00,0.000000000000000000e+00
2.229063709108661584e+01,0.000000000000000000e+00,0.000000000000000000e+00
1.841789650909113618e+01,0.000000000000000000e+00,0.000000000000000000e+00
2.356957882404678628e+01,0.000000000000000000e+00,0.000000000000000000e+00
2.565112279983852872e+01,0.000000000000000000e+00,0.000000000000000000e+00
2.108612855394442676e+01,0.000000000000000000e+00,0.000000000000000000e+00
2.109583048988208276e+01,0.000000000000000000e+00,0.000000000000000000e+00
2.432948338512091979e+01,0.000000000000000000e+00,0.000000000000000000e+00
2.334242074327275773e+01,0.000000000000000000e+00,0.000000000000000000e+00
2.025917187612882131e+01,0.000000000000000000e+00,0.000000000000000000e+00
2.884182179381197386e+01,0.000000000000000000e+00,0.000000000000000000e+00
2.256389631827957132e+01,0.000000000000000000e+00,0.000000000000000000e+00
1.994925458355269043e+01,0.000000000000000000e+00,0.000000000000000000e+00
2.093189760118603004e+01,0.000000000000000000e+00,0.000000000000000000e+00
2.003805760652402057e+01,0.000000000000000000e+00,0.000000000000000000e+00
2.077317386513547603e+01,0.000000000000000000e+00,0.000000000000000000e+00
2.343888507947050215e+01,0.000000000000000000e+00,0.000000000000000000e+00
2.125143411183013598e+01,0.000000000000000000e+00,0.000000000000000000e+00
2.153475961580540954e+01,0.000000000000000000e+00,0.000000000000000000e+00
2.283603024192881392e+01,0.000000000000000000e+00,0.000000000000000000e+00
2.030809875954167154e+01,0.000000000000000000e+00,0.000000000000000000e+00
2.185631525067565306e+01,0.000000000000000000e+00,0.000000000000000000e+00
1.863900493448654316e+01,0.000000000000000000e+00,0.000000000000000000e+00
1.961739479395065189e+01,0.000000000000000000e+00,0.000000000000000000e+00
2.115645337561599604e+01,0.000000000000000000e+00,0.000000000000000000e+00
1.964546747713704633e+01,0.000000000000000000e+00,0.000000000000000000e+00
2.317211539200478043e+01,0.000000000000000000e+00,0.000000000000000000e+00
2.749386682617525324e+01,0.000000000000000000e+00,0.000000000000000000e+00
2.192061760952153193e+01,0.000000000000000000e+00,0.000000000000000000e+00
2.139481156608807666e+01,0.000000000000000000e+00,0.000000000000000000e+00
2.424144962218715449e+01,0.000000000000000000e+00,0.000000000000000000e+00
2.335814139586442906e+01,0.000000000000000000e+00,0.000000000000000000e+00
2.323877405738890900e+01,0.000000000000000000e+00,0.000000000000000000e+00
2.595431978015874108e+01,0.000000000000000000e+00,0.000000000000000000e+00
2.106623095727167438e+01,0.000000000000000000e+00,0.000000000000000000e+00
2.261063667315414349e+01,0.000000000000000000e+00,0.000000000000000000e+00
2.202129652254557612e+01,0.000000000000000000e+00,0.000000000000000000e+00
2.286168896233082037e+01,0.000000000000000000e+00,0.000000000000000000e+00
2.111459473947380516e+01,0.000000000000000000e+00,0.000000000000000000e+00
2.078344792340767810e+01,0.000000000000000000e+00,0.000000000000000000e+00
2.163799631885165553e+01,0.000000000000000000e+00,0.000000000000000000e+00
1.968202193840051351e+01,0.000000000000000000e+00,0.000000000000000000e+00
2.063986421137613902e+01,0.000000000000000000e+00,0.000000000000000000e+00
2.468392491624600993e+01,0.000000000000000000e+00,0.000000000000000000e+00
2.162766463151614715e+01,0.000000000000000000e+00,0.000000000000000000e+00
2.438429739313382072e+01,0.000000000000000000e+00,0.000000000000000000e+00
1.962990399828518306e+01,0.000000000000000000e+00,0.000000000000000000e+00
1.742809919202788649e+01,0.000000000000000000e+00,0.000000000000000000e+00
2.486676225723753575e+01,0.000000000000000000e+00,0.000000000000000000e+00
2.376203738952299460e+01,0.000000000000000000e+00,0.000000000000000000e+00
2.205443881502069914e+01,0.000000000000000000e+00,0.000000000000000000e+00
1.945743299373511093e+01,0.000000000000000000e+00,0.000000000000000000e+00
1.820557920298848842e+01,0.000000000000000000e+00,0.000000000000000000e+00
2.103543160534188416e+01,0.000000000000000000e+00,0.000000000000000000e+00
2.137220843158771189e+01,0.000000000000000000e+00,0.000000000000000000e+00
2.238827116352771540e+01,0.000000000000000000e+00,0.000000000000000000e+00
2.232044880715731949e+01,0.000000000000000000e+00,0.000000000000000000e+00
1.918336590238881456e+01,0.000000000000000000e+00,0.000000000000000000e+00
2.292334802491579637e+01,0.000000000000000000e+00,0.000000000000000000e+00
1.930792463267352943e+01,0.000000000000000000e+00,0.000000000000000000e+00
2.232588920588651860e+01,0.000000000000000000e+00,0.000000000000000000e+00
2.150820244478228460e+01,0.000000000000000000e+00,0.000000000000000000e+00
2.321310008799255797e+01,0.000000000000000000e+00,0.000000000000000000e+00
2.097796849914158912e+01,0.000000000000000000e+00,0.000000000000000000e+00
2.212970760384409630e+01,0.000000000000000000e+00,0.000000000000000000e+00
2.138389165735608088e+01,0.000000000000000000e+00,0.000000000000000000e+00
2.280177270872159667e+01,0.000000000000000000e+00,0.000000000000000000e+00
2.367168234316172004e+01,0.000000000000000000e+00,0.000000000000000000e+00
2.145656012485490294e+01,0.000000000000000000e+00,0.000000000000000000e+00
2.128104553855840209e+01,0.000000000000000000e+00,0.000000000000000000e+00
1.797033133349287937e+01,0.000000000000000000e+00,0.000000000000000000e+00
2.335930838816086208e+01,0.000000000000000000e+00,0.000000000000000000e+00
1.935000070337615341e+01,0.000000000000000000e+00,0.000000000000000000e+00
2.011522066994387359e+01,0.000000000000000000e+00,0.000000000000000000e+00
1.895339500241296804e+01,0.000000000000000000e+00,0.000000000000000000e+00
2.133070626531608838e+01,0.000000000000000000e+00,0.000000000000000000e+00
2.111803106592934398e+01,0.000000000000000000e+00,0.000000000000000000e+00
2.120817382671513940e+01,0.000000000000000000e+00,0.000000000000000000e+00
2.300992078172659561e+01,0.000000000000000000e+00,0.000000000000000000e+00
2.345538755610716564e+01,0.000000000000000000e+00,0.000000000000000000e+00
1.968181596683983514e+01,0.000000000000000000e+00,0.000000000000000000e+00
2.313014842290408168e+01,0.000000000000000000e+00,0.000000000000000000e+00
1.853083273476614679e+01,0.000000000000000000e+00,0.000000000000000000e+00
2.212986111046183524e+01,0.000000000000000000e+00,0.000000000000000000e+00
2.148815633231129851e+01,0.000000000000000000e+00,0.000000000000000000e+00
1.742579073821263336e+01,0.000000000000000000e+00,0.000000000000000000e+00
2.274675821799907283e+01,0.000000000000000000e+00,0.000000000000000000e+00
2.278780009829359798e+01,0.000000000000000000e+00,0.000000000000000000e+00
2.191155765909685371e+01,0.000000000000000000e+00,0.000000000000000000e+00
1.891145121867206313e+01,0.000000000000000000e+00,0.000000000000000000e+00
2.018069465457915257e+01,0.000000000000000000e+00,0.000000000000000000e+00
2.166906950754639638e+01,0.000000000000000000e+00,0.000000000000000000e+00
2.115503747280177649e+01,0.000000000000000000e+00,0.000000000000000000e+00
2.101792834249224740e+01,0.000000000000000000e+00,0.000000000000000000e+00
2.025533146164109155e+01,0.000000000000000000e+00,0.000000000000000000e+00
2.075630264233321043e+01,0.000000000000000000e+00,0.000000000000000000e+00
2.045472018276682036e+01,0.000000000000000000e+00,0.000000000000000000e+00
2.034914290467568065e+01,0.000000000000000000e+00,0.000000000000000000e+00
2.604214482341696879e+01,0.000000000000000000e+00,0.000000000000000000e+00
1.581395129171160008e+01,0.000000000000000000e+00,0.000000000000000000e+00
2.144382724366741755e+01,0.000000000000000000e+00,0.000000000000000000e+00
2.491626659331332050e+01,0.000000000000000000e+00,0.000000000000000000e+00
1.972849765347246276e+01,0.000000000000000000e+00,0.000000000000000000e+00
1.736691920980537418e+01,0.000000000000000000e+00,0.000000000000000000e+00
1.773940171133008192e+01,0.000000000000000000e+00,0.000000000000000000e+00
2.353122372184883915e+01,0.000000000000000000e+00,0.000000000000000000e+00
1.875039241283278812e+01,0.000000000000000000e+00,0.000000000000000000e+00
2.167594748120092873e+01,0.000000000000000000e+00,0.000000000000000000e+00
1.793480542674881306e+01,0.000000000000000000e+00,0.000000000000000000e+00
1.978737059630308792e+01,0.000000000000000000e+00,0.000000000000000000e+00
1.884362500442582089e+01,0.000000000000000000e+00,0.000000000000000000e+00
2.311674214377105940e+01,0.000000000000000000e+00,0.000000000000000000e+00
2.406957350855535438e+01,0.000000000000000000e+00,0.000000000000000000e+00
2.042535801145027108e+01,0.000000000000000000e+00,0.000000000000000000e+00
2.317124529022589385e+01,0.000000000000000000e+00,0.000000000000000000e+00
2.246003004245896406e+01,0.000000000000000000e+00,0.000000000000000000e+00
1.689301526586307745e+01,0.000000000000000000e+00,0.000000000000000000e+00
2.053545178356237599e+01,0.000000000000000000e+00,0.000000000000000000e+00
2.232102061837434803e+01,0.000000000000000000e+00,0.000000000000000000e+00
1.974698417794709826e+01,0.000000000000000000e+00,0.000000000000000000e+00
1.880464062040099549e+01,0.000000000000000000e+00,0.000000000000000000e+00
1.971746262286721674e+01,0.000000000000000000e+00,0.000000000000000000e+00
2.070135917076595788e+01,0.000000000000000000e+00,0.000000000000000000e+00
2.385783519820769882e+01,0.000000000000000000e+00,0.000000000000000000e+00
2.186299922106048399e+01,0.000000000000000000e+00,0.000000000000000000e+00
1.861090340259819698e+01,0.000000000000000000e+00,0.000000000000000000e+00
1.809728998902657793e+01,0.000000000000000000e+00,0.000000000000000000e+00
1.783878722944321282e+01,0.000000000000000000e+00,0.000000000000000000e+00
1.959277567440307521e+01,0.000000000000000000e+00,0.000000000000000000e+00
1.776856643088717647e+01,0.000000000000000000e+00,0.000000000000000000e+00
1.568697318190800694e+01,0.000000000000000000e+00,0.000000000000000000e+00
2.043839701579865675e+01,0.000000000000000000e+00,0.000000000000000000e+00
1.555812131243302687e+01,0.000000000000000000e+00,0.000000000000000000e+00
1.853929538565304114e+01,0.000000000000000000e+00,0.000000000000000000e+00
1.952006633008749148e+01,0.000000000000000000e+00,0.000000000000000000e+00
1.790829961917542335e+01,0.000000000000000000e+00,0.000000000000000000e+00
2.032357436271664497e+01,0.000000000000000000e+00,0.000000000000000000e+00
2.183378612510027494e+01,0.000000000000000000e+00,0.000000000000000000e+00
1.709640595899828597e+01,0.000000000000000000e+00,0.000000000000000000e+00
1.886648913610921596e+01,0.000000000000000000e+00,0.000000000000000000e+00
1.857021501151314169e+01,0.000000000000000000e+00,0.000000000000000000e+00
1.810410128921644457e+01,0.000000000000000000e+00,0.000000000000000000e+00
1.936981732155627611e+01,0.000000000000000000e+00,0.000000000000000000e+00
2.444637193861245095e+01,0.000000000000000000e+00,0.000000000000000000e+00
2.334682819688387667e+01,0.000000000000000000e+00,0.000000000000000000e+00
2.385275820683681047e+01,0.000000000000000000e+00,0.000000000000000000e+00
1.838137274445599445e+01,0.000000000000000000e+00,0.000000000000000000e+00
2.186296891925443475e+01,0.000000000000000000e+00,0.000000000000000000e+00
2.178514311678625859e+01,0.000000000000000000e+00,0.000000000000000000e+00
2.139681366662868101e+01,0.000000000000000000e+00,0.000000000000000000e+00
2.197509833569734639e+01,0.000000000000000000e+00,0.000000000000000000e+00
2.353633869174153759e+01,0.000000000000000000e+00,0.000000000000000000e+00
2.177418835648127882e+01,0.000000000000000000e+00,0.000000000000000000e+00
2.001262679035097491e+01,0.000000000000000000e+00,0.000000000000000000e+00
1.846433943333848049e+01,0.000000000000000000e+00,0.000000000000000000e+00
1.838183409661289858e+01,0.000000000000000000e+00,0.000000000000000000e+00
1.966842915157559801e+01,0.000000000000000000e+00,0.000000000000000000e+00
1.932929211681968695e+01,0.000000000000000000e+00,0.000000000000000000e+00
1.852268242017974842e+01,0.000000000000000000e+00,0.000000000000000000e+00
1.967077430489744572e+01,0.000000000000000000e+00,0.000000000000000000e+00
2.056336347659486918e+01,0.000000000000000000e+00,0.000000000000000000e+00
1.890292161111120350e+01,0.000000000000000000e+00,0.000000000000000000e+00
2.070266984976536762e+01,0.000000000000000000e+00,0.000000000000000000e+00
2.477926600469591989e+01,0.000000000000000000e+00,0.000000000000000000e+00
2.239987330786837560e+01,0.000000000000000000e+00,0.000000000000000000e+00
2.034428023744218805e+01,0.000000000000000000e+00,0.000000000000000000e+00
2.008136558251436554e+01,0.000000000000000000e+00,0.000000000000000000e+00
1.695146353960431185e+01,0.000000000000000000e+00,0.000000000000000000e+00
1.885289544564148656e+01,0.000000000000000000e+00,0.000000000000000000e+00
2.173041545430062271e+01,0.000000000000000000e+00,0.000000000000000000e+00
1.842783468082733478e+01,0.000000000000000000e+00,0.000000000000000000e+00
2.183174290041742793e+01,0.000000000000000000e+00,0.000000000000000000e+00
2.020644524971835665e+01,0.000000000000000000e+00,0.000000000000000000e+00
1.958337934196520180e+01,0.000000000000000000e+00,0.000000000000000000e+00
1.947479794059021074e+01,0.000000000000000000e+00,0.000000000000000000e+00
1.996929028759574010e+01,0.000000000000000000e+00,0.000000000000000000e+00
2.201886712225072174e+01,0.000000000000000000e+00,0.000000000000000000e+00
1.892951747764135817e+01,0.000000000000000000e+00,0.000000000000000000e+00
1.832189710266487026e+01,0.000000000000000000e+00,0.000000000000000000e+00
2.260097108962107271e+01,0.000000000000000000e+00,0.000000000000000000e+00
1.847206394952701913e+01,0.000000000000000000e+00,0.000000000000000000e+00
2.053223837404531693e+01,0.000000000000000000e+00,0.000000000000000000e+00
1.555412866723192522e+01,0.000000000000000000e+00,0.000000000000000000e+00
2.248095688060146458e+01,0.000000000000000000e+00,0.000000000000000000e+00
1.611861300605025704e+01,0.000000000000000000e+00,0.000000000000000000e+00
1.754562507815410299e+01,0.000000000000000000e+00,0.000000000000000000e+00
2.247822166618870909e+01,0.000000000000000000e+00,0.000000000000000000e+00
1.953416704200378717e+01,0.000000000000000000e+00,0.000000000000000000e+00
1.780984740688306900e+01,0.000000000000000000e+00,0.000000000000000000e+00
2.218779637271230598e+01,0.000000000000000000e+00,0.000000000000000000e+00
1.673088852621934564e+01,0.000000000000000000e+00,0.000000000000000000e+00
2.391550738810953547e+01,0.000000000000000000e+00,0.000000000000000000e+00
1.741790671771224552e+01,0.000000000000000000e+00,0.000000000000000000e+00
1.833147813095740730e+01,0.000000000000000000e+00,0.000000000000000000e+00
2.219157143700554968e+01,0.000000000000000000e+00,0.000000000000000000e+00
1.781240755051933533e+01,0.000000000000000000e+00,0.000000000000000000e+00
1.813840590791493668e+01,0.000000000000000000e+00,0.000000000000000000e+00
2.045334768136645565e+01,0.000000000000000000e+00,0.000000000000000000e+00
1.735479535721951549e+01,0.000000000000000000e+00,0.000000000000000000e+00
1.897503579977416877e+01,0.000000000000000000e+00,0.000000000000000000e+00
2.159673040538285349e+01,0.000000000000000000e+00,0.000000000000000000e+00
1.971660292623569433e+01,0.000000000000000000e+00,0.000000000000000000e+00
2.441608139665272859e+01,0.000000000000000000e+00,0.000000000000000000e+00
2.109327303209825288e+01,0.000000000000000000e+00,0.000000000000000000e+00
1.868876638729683037e+01,0.000000000000000000e+00,0.000000000000000000e+00
1.916389622397804970e+01,0.000000000000000000e+00,0.000000000000000000e+00
1.975260345035992060e+01,0.000000000000000000e+00,0.000000000000000000e+00
2.078930632218561314e+01,0.000000000000000000e+00,0.000000000000000000e+00
1.867591228066302378e+01,0.000000000000000000e+00,0.000000000000000000e+00
2.219114062863285852e+01,0.000000000000000000e+00,0.000000000000000000e+00
2.080253459724404763e+01,0.000000000000000000e+00,0.000000000000000000e+00
2.219922713350392840e+01,0.000000000000000000e+00,0.000000000000000000e+00
2.316192805694182155e+01,0.000000000000000000e+00,0.000000000000000000e+00
2.151483430689927445e+01,0.000000000000000000e+00,0.000000000000000000e+00
1.957103518635167916e+01,0.000000000000000000e+00,0.000000000000000000e+00
2.147762780224326917e+01,0.000000000000000000e+00,0.000000000000000000e+00
1.985020052702245152e+01,0.000000000000000000e+00,0.000000000000000000e+00
1.873048356485306343e+01,0.000000000000000000e+00,0.000000000000000000e+00
2.187397985331202577e+01,0.000000000000000000e+00,0.000000000000000000e+00
2.030476794308810184e+01,0.000000000000000000e+00,0.000000000000000000e+00
2.284355651636928641e+01,0.000000000000000000e+00,0.000000000000000000e+00
2.376080814066738256e+01,0.000000000000000000e+00,0.000000000000000000e+00
1.790478245627196685e+01,0.000000000000000000e+00,0.000000000000000000e+00
2.102272347404306885e+01,0.000000000000000000e+00,0.000000000000000000e+00
2.088783212294518066e+01,0.000000000000000000e+00,0.000000000000000000e+00
1.824357175959032773e+01,0.000000000000000000e+00,0.000000000000000000e+00
2.074355815082062549e+01,0.000000000000000000e+00,0.000000000000000000e+00
1.732479704919006736e+01,0.000000000000000000e+00,0.000000000000000000e+00
2.185651029162147196e+01,0.000000000000000000e+00,0.000000000000000000e+00
2.200681460089753472e+01,0.000000000000000000e+00,0.000000000000000000e+00
2.365409881811592996e+01,0.000000000000000000e+00,0.000000000000000000e+00
1.892687570525997387e+01,0.000000000000000000e+00,0.000000000000000000e+00
2.004398022351636044e+01,0.000000000000000000e+00,0.000000000000000000e+00
2.086708025253165033e+01,0.000000000000000000e+00,0.000000000000000000e+00
1.816260239187610281e+01,0.000000000000000000e+00,0.000000000000000000e+00
1.822616593669583551e+01,0.000000000000000000e+00,0.000000000000000000e+00
2.049895459483145288e+01,0.000000000000000000e+00,0.000000000000000000e+00
2.093068851172368738e+01,0.000000000000000000e+00,0.000000000000000000e+00
1.786712887309968423e+01,0.000000000000000000e+00,0.000000000000000000e+00
2.084433205750313434e+01,0.000000000000000000e+00,0.000000000000000000e+00
1.968589142004101333e+01,0.000000000000000000e+00,0.000000000000000000e+00
2.254135445352006428e+01,0.000000000000000000e+00,0.000000000000000000e+00
2.215522473423537875e+01,0.000000000000000000e+00,0.000000000000000000e+00
2.011212037890410542e+01,0.000000000000000000e+00,0.000000000000000000e+00
2.276219339737820135e+01,0.000000000000000000e+00,0.000000000000000000e+00
1.845610405227541406e+01,0.000000000000000000e+00,0.000000000000000000e+00
2.174117904153623826e+01,0.000000000000000000e+00,0.000000000000000000e+00
2.235242963058901466e+01,0.000000000000000000e+00,0.000000000000000000e+00
1.967749068009540991e+01,0.000000000000000000e+00,0.000000000000000000e+00
2.071812062415436984e+01,0.000000000000000000e+00,0.000000000000000000e+00
2.346871693233865130e+01,0.000000000000000000e+00,0.000000000000000000e+00
2.305397692442806346e+01,0.000000000000000000e+00,0.000000000000000000e+00
2.138217137243735877e+01,0.000000000000000000e+00,0.000000000000000000e+00
2.108776914848235506e+01,0.000000000000000000e+00,0.000000000000000000e+00
1.868455195840894234e+01,0.000000000000000000e+00,0.000000000000000000e+00
2.422524660759757253e+01,0.000000000000000000e+00,0.000000000000000000e+00
2.504377962647661349e+01,0.000000000000000000e+00,0.000000000000000000e+00
2.009655290646700010e+01,0.000000000000000000e+00,0.000000000000000000e+00
1.931559903743783124e+01,0.000000000000000000e+00,0.000000000000000000e+00
2.198083612567996425e+01,0.000000000000000000e+00,0.000000000000000000e+00
2.143378307711383712e+01,0.000000000000000000e+00,0.000000000000000000e+00
2.050372038099919791e+01,0.000000000000000000e+00,0.000000000000000000e+00
2.502275301039912492e+01,0.000000000000000000e+00,0.000000000000000000e+00
2.302061647767268227e+01,0.000000000000000000e+00,0.000000000000000000e+00
2.195001957765079226e+01,0.000000000000000000e+00,0.000000000000000000e+00
2.306312786824971539e+01,0.000000000000000000e+00,0.000000000000000000e+00
2.139977412794491229e+01,0.000000000000000000e+00,0.000000000000000000e+00
2.091538079994140276e+01,0.000000000000000000e+00,0.000000000000000000e+00
1.903390453993052134e+01,0.000000000000000000e+00,0.000000000000000000e+00
1.838911970129386830e+01,0.000000000000000000e+00,0.000000000000000000e+00
1.906532284456425685e+01,0.000000000000000000e+00,0.000000000000000000e+00
2.369712748818744430e+01,0.000000000000000000e+00,0.000000000000000000e+00
2.270088723582703594e+01,0.000000000000000000e+00,0.000000000000000000e+00
2.297823138701084034e+01,0.000000000000000000e+00,0.000000000000000000e+00
2.192859853070557818e+01,0.000000000000000000e+00,0.000000000000000000e+00
2.128530049241772204e+01,0.000000000000000000e+00,0.000000000000000000e+00
1.806718572147443425e+01,0.000000000000000000e+00,0.000000000000000000e+00
2.656310465442674484e+01,0.000000000000000000e+00,0.000000000000000000e+00
2.219996033490280141e+01,0.000000000000000000e+00,0.000000000000000000e+00
2.289139180226308667e+01,0.000000000000000000e+00,0.000000000000000000e+00
2.450684652168970956e+01,0.000000000000000000e+00,0.000000000000000000e+00
2.362588857815110188e+01,0.000000000000000000e+00,0.000000000000000000e+00
2.087585334077489918e+01,0.000000000000000000e+00,0.000000000000000000e+00
2.219618150098315823e+01,0.000000000000000000e+00,0.000000000000000000e+00
1.957853371271676934e+01,0.000000000000000000e+00,0.000000000000000000e+00
2.315508275215549361e+01,0.000000000000000000e+00,0.000000000000000000e+00
2.090211580947614323e+01,0.000000000000000000e+00,0.000000000000000000e+00
1.959156219595615056e+01,0.000000000000000000e+00,0.000000000000000000e+00
1.839426833541833162e+01,0.000000000000000000e+00,0.000000000000000000e+00
2.457873752943041623e+01,0.000000000000000000e+00,0.000000000000000000e+00
2.404787348748628517e+01,0.000000000000000000e+00,0.000000000000000000e+00
2.220992449605594032e+01,0.000000000000000000e+00,0.000000000000000000e+00
2.365040577067291494e+01,0.000000000000000000e+00,0.000000000000000000e+00
2.232484401025282850e+01,0.000000000000000000e+00,0.000000000000000000e+00
2.074375113986830499e+01,0.000000000000000000e+00,0.000000000000000000e+00
2.389954645459867777e+01,0.000000000000000000e+00,0.000000000000000000e+00
2.191152405144664783e+01,0.000000000000000000e+00,0.000000000000000000e+00
2.031614235847803940e+01,0.000000000000000000e+00,0.000000000000000000e+00
2.513992184877133340e+01,0.000000000000000000e+00,0.000000000000000000e+00
2.157352708174139622e+01,0.000000000000000000e+00,0.000000000000000000e+00
2.068597728619321785e+01,0.000000000000000000e+00,0.000000000000000000e+00
2.368307928064284340e+01,0.000000000000000000e+00,0.000000000000000000e+00
1.938292927742239513e+01,0.000000000000000000e+00,0.000000000000000000e+00
1.998163007531541524e+01,0.000000000000000000e+00,0.000000000000000000e+00
2.079749824353783438e+01,0.000000000000000000e+00,0.000000000000000000e+00
2.077149218522978202e+01,0.000000000000000000e+00,0.000000000000000000e+00
2.054117724900003594e+01,0.000000000000000000e+00,0.000000000000000000e+00
2.112839415008039623e+01,0.000000000000000000e+00,0.000000000000000000e+00
2.135155917461927544e+01,0.000000000000000000e+00,0.000000000000000000e+00
2.312129719963933283e+01,0.000000000000000000e+00,0.000000000000000000e+00
2.302474448747220137e+01,0.000000000000000000e+00,0.000000000000000000e+00
2.609131105219637448e+01,0.000000000000000000e+00,0.000000000000000000e+00
2.616570840636657991e+01,0.000000000000000000e+00,0.000000000000000000e+00
2.370303283738265065e+01,0.000000000000000000e+00,0.000000000000000000e+00
2.114512453646377566e+01,0.000000000000000000e+00,0.000000000000000000e+00
2.108441820532438626e+01,0.000000000000000000e+00,0.000000000000000000e+00
1.870824134921690174e+01,0.000000000000000000e+00,0.000000000000000000e+00
1.948672813660019187e+01,0.000000000000000000e+00,0.000000000000000000e+00
2.041581803624213265e+01,0.000000000000000000e+00,0.000000000000000000e+00
2.227760288037063674e+01,0.000000000000000000e+00,0.000000000000000000e+00
2.183063509040866279e+01,0.000000000000000000e+00,0.000000000000000000e+00
2.467350099177663125e+01,0.000000000000000000e+00,0.000000000000000000e+00
2.282441497202289682e+01,0.000000000000000000e+00,0.000000000000000000e+00
2.597392784913560959e+01,0.000000000000000000e+00,0.000000000000000000e+00
2.297490191635451140e+01,0.000000000000000000e+00,0.000000000000000000e+00
2.181811369205048834e+01,0.000000000000000000e+00,0.000000000000000000e+00
2.456526220941359284e+01,0.000000000000000000e+00,0.000000000000000000e+00
2.136944836480487453e+01,0.000000000000000000e+00,0.000000000000000000e+00
2.240606500740756246e+01,0.000000000000000000e+00,0.000000000000000000e+00
2.187072004349328580e+01,0.000000000000000000e+00,0.000000000000000000e+00
2.425230132634894531e+01,0.000000000000000000e+00,0.000000000000000000e+00
2.374962568153627629e+01,0.000000000000000000e+00,0.000000000000000000e+00
2.324762989130766044e+01,0.000000000000000000e+00,0.000000000000000000e+00
2.206076048210465501e+01,0.000000000000000000e+00,0.000000000000000000e+00
1.934513523580243444e+01,0.000000000000000000e+00,0.000000000000000000e+00
2.093958672367264739e+01,0.000000000000000000e+00,0.000000000000000000e+00
2.404498312416400907e+01,0.000000000000000000e+00,0.000000000000000000e+00
2.322387192611757101e+01,0.000000000000000000e+00,0.000000000000000000e+00
2.435999158094370998e+01,0.000000000000000000e+00,0.000000000000000000e+00
2.576032660804425589e+01,0.000000000000000000e+00,0.000000000000000000e+00
2.547528232775216850e+01,0.000000000000000000e+00,0.000000000000000000e+00
2.272360254980305072e+01,0.000000000000000000e+00,0.000000000000000000e+00
2.219514146609011007e+01,0.000000000000000000e+00,0.000000000000000000e+00
2.309796059793211143e+01,0.000000000000000000e+00,0.000000000000000000e+00
2.073843588803825710e+01,0.000000000000000000e+00,0.000000000000000000e+00
2.164877513616488613e+01,0.000000000000000000e+00,0.000000000000000000e+00
2.102909194515487812e+01,0.000000000000000000e+00,0.000000000000000000e+00
2.200563702306424574e+01,0.000000000000000000e+00,0.000000000000000000e+00
2.077617444046748219e+01,0.000000000000000000e+00,0.000000000000000000e+00
2.132586944867044920e+01,0.000000000000000000e+00,0.000000000000000000e+00
2.481415834520911545e+01,0.000000000000000000e+00,0.000000000000000000e+00
2.158732437784981073e+01,0.000000000000000000e+00,0.000000000000000000e+00
2.419190532011569772e+01,0.000000000000000000e+00,0.000000000000000000e+00
2.169748399294564223e+01,0.000000000000000000e+00,0.000000000000000000e+00
2.481120864528346459e+01,0.000000000000000000e+00,0.000000000000000000e+00
2.530782086882690507e+01,0.000000000000000000e+00,0.000000000000000000e+00
2.161204051168617468e+01,0.000000000000000000e+00,0.000000000000000000e+00
2.070207980766465994e+01,0.000000000000000000e+00,0.000000000000000000e+00
2.551331083484464202e+01,0.000000000000000000e+00,0.000000000000000000e+00
2.548086467946659184e+01,0.000000000000000000e+00,0.000000000000000000e+00
2.492916197396864675e+01,0.000000000000000000e+00,0.000000000000000000e+00
2.425455694093779968e+01,0.000000000000000000e+00,0.000000000000000000e+00
2.375485120293417651e+01,0.000000000000000000e+00,0.000000000000000000e+00
2.558632657056958948e+01,0.000000000000000000e+00,0.000000000000000000e+00
2.499236081202264614e+01,0.000000000000000000e+00,0.000000000000000000e+00
2.574941550453413086e+01,0.000000000000000000e+00,0.000000000000000000e+00
2.287331779165005230e+01,0.000000000000000000e+00,0.000000000000000000e+00
2.333231878650678226e+01,0.000000000000000000e+00,0.000000000000000000e+00
2.301554070513936523e+01,0.000000000000000000e+00,0.000000000000000000e+00
2.158557112456728078e+01,0.000000000000000000e+00,0.000000000000000000e+00
2.437890917744085328e+01,0.000000000000000000e+00,0.000000000000000000e+00
2.494107994062728650e+01,0.000000000000000000e+00,0.000000000000000000e+00
2.303987791448096800e+01,0.000000000000000000e+00,0.000000000000000000e+00
2.514617410648126139e+01,0.000000000000000000e+00,0.000000000000000000e+00
2.299368773061985749e+01,0.000000000000000000e+00,0.000000000000000000e+00
2.540207368830734325e+01,0.000000000000000000e+00,0.000000000000000000e+00
1.924943329320225871e+01,0.000000000000000000e+00,0.000000000000000000e+00
2.615180848532448721e+01,0.000000000000000000e+00,0.000000000000000000e+00
2.772912382920451080e+01,0.000000000000000000e+00,0.000000000000000000e+00
2.661009917134266800e+01,0.000000000000000000e+00,0.000000000000000000e+00
2.226297303905488434e+01,0.000000000000000000e+00,0.000000000000000000e+00
2.277885554914308841e+01,0.000000000000000000e+00,0.000000000000000000e+00
2.568343364169621523e+01,0.000000000000000000e+00,0.000000000000000000e+00
2.995268642596004938e+01,0.000000000000000000e+00,0.000000000000000000e+00
2.851829193081361424e+01,0.000000000000000000e+00,0.000000000000000000e+00
2.425736956141352607e+01,0.000000000000000000e+00,0.000000000000000000e+00
2.452294070100972334e+01,0.000000000000000000e+00,0.000000000000000000e+00
2.275405099716723356e+01,0.000000000000000000e+00,0.000000000000000000e+00
2.681875358505495655e+01,0.000000000000000000e+00,0.000000000000000000e+00
2.412663535634155565e+01,0.000000000000000000e+00,0.000000000000000000e+00
2.767004790183553808e+01,0.000000000000000000e+00,0.000000000000000000e+00
2.229706050341982149e+01,0.000000000000000000e+00,0.000000000000000000e+00
2.941251752616419068e+01,0.000000000000000000e+00,0.000000000000000000e+00
2.487455756980556032e+01,0.000000000000000000e+00,0.000000000000000000e+00
2.657284200442164490e+01,0.000000000000000000e+00,0.000000000000000000e+00
2.681830863942388987e+01,0.000000000000000000e+00,0.000000000000000000e+00
2.495213249198928196e+01,0.000000000000000000e+00,0.000000000000000000e+00
2.706663728307707473e+01,0.000000000000000000e+00,0.000000000000000000e+00
2.774219102366295431e+01,0.000000000000000000e+00,0.000000000000000000e+00
2.383929789986438763e+01,0.000000000000000000e+00,0.000000000000000000e+00
2.646235544907166926e+01,0.000000000000000000e+00,0.000000000000000000e+00
2.672351494511913828e+01,0.000000000000000000e+00,0.000000000000000000e+00
2.686106743723051338e+01,0.000000000000000000e+00,0.000000000000000000e+00
2.520080319295775340e+01,0.000000000000000000e+00,0.000000000000000000e+00
2.597188856112944677e+01,0.000000000000000000e+00,0.000000000000000000e+00
2.341458579666477036e+01,0.000000000000000000e+00,0.000000000000000000e+00
2.466492161013312412e+01,0.000000000000000000e+00,0.000000000000000000e+00
2.995398873729726930e+01,0.000000000000000000e+00,0.000000000000000000e+00
2.652344247583075898e+01,0.000000000000000000e+00,0.000000000000000000e+00
2.683051778031198964e+01,0.000000000000000000e+00,0.000000000000000000e+00
2.701364621144899658e+01,0.000000000000000000e+00,0.000000000000000000e+00
2.482877254794031074e+01,0.000000000000000000e+00,0.000000000000000000e+00
2.558798500444135726e+01,0.000000000000000000e+00,0.000000000000000000e+00
2.586993000858866409e+01,0.000000000000000000e+00,0.000000000000000000e+00
2.831144192376819291e+01,0.000000000000000000e+00,0.000000000000000000e+00
2.648736705290284377e+01,0.000000000000000000e+00,0.000000000000000000e+00
2.838693234960865297e+01,0.000000000000000000e+00,0.000000000000000000e+00
2.647612465671464577e+01,0.000000000000000000e+00,0.000000000000000000e+00
2.676087978805324141e+01,0.000000000000000000e+00,0.000000000000000000e+00
3.016061057248666089e+01,0.000000000000000000e+00,0.000000000000000000e+00
2.739109415492730548e+01,0.000000000000000000e+00,0.000000000000000000e+00
3.013440787194157267e+01,0.000000000000000000e+00,0.000000000000000000e+00
2.769292562665799551e+01,0.000000000000000000e+00,0.000000000000000000e+00
2.874531811668258641e+01,0.000000000000000000e+00,0.000000000000000000e+00
2.256674811129575886e+01,0.000000000000000000e+00,0.000000000000000000e+00
3.218618750923492655e+01,0.000000000000000000e+00,0.000000000000000000e+00
2.773282925997114745e+01,0.000000000000000000e+00,0.000000000000000000e+00
2.936759555081852469e+01,0.000000000000000000e+00,0.000000000000000000e+00
2.703628485786801150e+01,0.000000000000000000e+00,0.000000000000000000e+00
2.749286775827615870e+01,0.000000000000000000e+00,0.000000000000000000e+00
3.039464220056202137e+01,0.000000000000000000e+00,0.000000000000000000e+00
2.746895619516415366e+01,0.000000000000000000e+00,0.000000000000000000e+00
2.981264505086208061e+01,0.000000000000000000e+00,0.000000000000000000e+00
2.892995887561085411e+01,0.000000000000000000e+00,0.000000000000000000e+00
2.707048733405179064e+01,0.000000000000000000e+00,0.000000000000000000e+00
2.791707577190921086e+01,0.000000000000000000e+00,0.000000000000000000e+00
2.776001492856899588e+01,0.000000000000000000e+00,0.000000000000000000e+00
2.847224866967008694e+01,0.000000000000000000e+00,0.000000000000000000e+00
2.986715666584928641e+01,0.000000000000000000e+00,0.000000000000000000e+00
2.744321928142419154e+01,0.000000000000000000e+00,0.000000000000000000e+00
2.921884533552744401e+01,0.000000000000000000e+00,0.000000000000000000e+00
2.927813686854384656e+01,0.000000000000000000e+00,0.000000000000000000e+00
2.805427736607552092e+01,0.000000000000000000e+00,0.000000000000000000e+00
2.672385823098841584e+01,0.000000000000000000e+00,0.000000000000000000e+00
2.626734788727143055e+01,0.000000000000000000e+00,0.000000000000000000e+00
3.393895914941057157e+01,0.000000000000000000e+00,0.000000000000000000e+00
2.961945553599269942e+01,0.000000000000000000e+00,0.000000000000000000e+00
2.620038478086753031e+01,0.000000000000000000e+00,0.000000000000000000e+00
3.077880736887105328e+01,0.000000000000000000e+00,0.000000000000000000e+00
3.330745485347497947e+01,0.000000000000000000e+00,0.000000000000000000e+00
3.166442862433316918e+01,0.000000000000000000e+00,0.000000000000000000e+00
3.010816180843977818e+01,0.000000000000000000e+00,0.000000000000000000e+00
2.835662702472800589e+01,0.000000000000000000e+00,0.000000000000000000e+00
3.039690895970864304e+01,0.000000000000000000e+00,0.000000000000000000e+00
2.694064375234271580e+01,0.000000000000000000e+00,0.000000000000000000e+00
3.162559636681837816e+01,0.000000000000000000e+00,0.000000000000000000e+00
3.184605895555490207e+01,0.000000000000000000e+00,0.000000000000000000e+00
3.294541264935388369e+01,0.000000000000000000e+00,0.000000000000000000e+00
2.870692327398725396e+01,0.000000000000000000e+00,0.000000000000000000e+00
2.892437555680305294e+01,0.000000000000000000e+00,0.000000000000000000e+00
2.897566651688756778e+01,0.000000000000000000e+00,0.000000000000000000e+00
2.990394010945922076e+01,0.000000000000000000e+00,0.000000000000000000e+00
2.704942652994224872e+01,0.000000000000000000e+00,0.000000000000000000e+00
2.814439279206244748e+01,0.000000000000000000e+00,0.000000000000000000e+00
3.235508480796197261e+01,0.000000000000000000e+00,0.000000000000000000e+00
3.270637562586946245e+01,0.000000000000000000e+00,0.000000000000000000e+00
2.658772282608370929e+01,0.000000000000000000e+00,0.000000000000000000e+00
3.083382219747552710e+01,0.000000000000000000e+00,0.000000000000000000e+00
3.041205114026281464e+01,0.000000000000000000e+00,0.000000000000000000e+00
2.613593740402731669e+01,0.000000000000000000e+00,0.000000000000000000e+00
3.378238914291014794e+01,0.000000000000000000e+00,0.000000000000000000e+00
3.425041867331437118e+01,0.000000000000000000e+00,0.000000000000000000e+00
3.018077194164329313e+01,0.000000000000000000e+00,0.000000000000000000e+00
2.716346439341018737e+01,0.000000000000000000e+00,0.000000000000000000e+00
2.847037384563020268e+01,0.000000000000000000e+00,0.000000000000000000e+00
3.164012764829535129e+01,0.000000000000000000e+00,0.000000000000000000e+00
2.932318923838465707e+01,0.000000000000000000e+00,0.000000000000000000e+00
2.985042588996363122e+01,0.000000000000000000e+00,0.000000000000000000e+00
3.583324326375115021e+01,0.000000000000000000e+00,0.000000000000000000e+00
2.901134748459464063e+01,0.000000000000000000e+00,0.000000000000000000e+00
3.363426424441197327e+01,0.000000000000000000e+00,0.000000000000000000e+00
2.776978333283818756e+01,0.000000000000000000e+00,0.000000000000000000e+00
3.122143544715932251e+01,0.000000000000000000e+00,0.000000000000000000e+00
3.061815105227300648e+01,0.000000000000000000e+00,0.000000000000000000e+00
3.320613318224846466e+01,0.000000000000000000e+00,0.000000000000000000e+00
3.320922206021557344e+01,0.000000000000000000e+00,0.000000000000000000e+00
3.043661875619393342e+01,0.000000000000000000e+00,0.000000000000000000e+00
3.314104385783475237e+01,0.000000000000000000e+00,0.000000000000000000e+00
3.206604009528842880e+01,0.000000000000000000e+00,0.000000000000000000e+00
2.933526784094055984e+01,0.000000000000000000e+00,0.000000000000000000e+00
3.050623506291436016e+01,0.000000000000000000e+00,0.000000000000000000e+00
2.966285468719694052e+01,0.000000000000000000e+00,0.000000000000000000e+00
3.376384547390654234e+01,0.000000000000000000e+00,0.000000000000000000e+00
3.259907994881880455e+01,0.000000000000000000e+00,0.000000000000000000e+00
3.045271729119890125e+01,0.000000000000000000e+00,0.000000000000000000e+00
3.408489006491350182e+01,0.000000000000000000e+00,0.000000000000000000e+00
3.166678388110930698e+01,0.000000000000000000e+00,0.000000000000000000e+00
3.189599618836426842e+01,0.000000000000000000e+00,0.000000000000000000e+00
3.483280297667474912e+01,0.000000000000000000e+00,0.000000000000000000e+00
3.193529512528445480e+01,0.000000000000000000e+00,0.000000000000000000e+00
2.967658360841662812e+01,0.000000000000000000e+00,0.000000000000000000e+00
3.368097505591256891e+01,0.000000000000000000e+00,0.000000000000000000e+00
3.045705218741546361e+01,0.000000000000000000e+00,0.000000000000000000e+00
2.922412519924915841e+01,0.000000000000000000e+00,0.000000000000000000e+00
3.672971100338423156e+01,0.000000000000000000e+00,0.000000000000000000e+00
3.351468530727367323e+01,0.000000000000000000e+00,0.000000000000000000e+00
3.531952793996281770e+01,0.000000000000000000e+00,0.000000000000000000e+00
3.353727140828950581e+01,0.000000000000000000e+00,0.000000000000000000e+00
2.989786271422250863e+01,0.000000000000000000e+00,0.000000000000000000e+00
2.974551608668976144e+01,0.000000000000000000e+00,0.000000000000000000e+00
3.501208903693938623e+01,0.000000000000000000e+00,0.000000000000000000e+00
3.125391866958972997e+01,0.000000000000000000e+00,0.000000000000000000e+00
3.476067731762113056e+01,0.000000000000000000e+00,0.000000000000000000e+00
3.166757893843993088e+01,0.000000000000000000e+00,0.000000000000000000e+00
3.646669763272529963e+01,0.000000000000000000e+00,0.000000000000000000e+00
3.468827288154871269e+01,0.000000000000000000e+00,0.000000000000000000e+00
3.247026602361407299e+01,0.000000000000000000e+00,0.000000000000000000e+00
3.649783865247088244e+01,0.000000000000000000e+00,0.000000000000000000e+00
3.433150194281667922e+01,0.000000000000000000e+00,0.000000000000000000e+00
3.436424929392833860e+01,0.000000000000000000e+00,0.000000000000000000e+00
3.353078187177500524e+01,0.000000000000000000e+00,0.000000000000000000e+00
3.521813081854448768e+01,0.000000000000000000e+00,0.000000000000000000e+00
3.461697754431275342e+01,0.000000000000000000e+00,0.000000000000000000e+00
3.149625572449766508e+01,0.000000000000000000e+00,0.000000000000000000e+00
3.057527083621144470e+01,0.000000000000000000e+00,0.000000000000000000e+00
3.599255322431569937e+01,0.000000000000000000e+00,0.000000000000000000e+00
3.808940430840829094e+01,0.000000000000000000e+00,0.000000000000000000e+00
3.139254827732619901e+01,0.000000000000000000e+00,0.000000000000000000e+00
3.265154628524431502e+01,0.000000000000000000e+00,0.000000000000000000e+00
3.567919533732862192e+01,0.000000000000000000e+00,0.000000000000000000e+00
3.420267126599488705e+01,0.000000000000000000e+00,0.000000000000000000e+00
3.532062036500433067e+01,0.000000000000000000e+00,0.000000000000000000e+00
3.271360991489784453e+01,0.000000000000000000e+00,0.000000000000000000e+00
3.598024558501968784e+01,0.000000000000000000e+00,0.000000000000000000e+00
3.486039968856003668e+01,0.000000000000000000e+00,0.000000000000000000e+00
3.405464827602805400e+01,0.000000000000000000e+00,0.000000000000000000e+00
3.509647792306276415e+01,0.000000000000000000e+00,0.000000000000000000e+00
3.327881390759202418e+01,0.000000000000000000e+00,0.000000000000000000e+00
3.269847608056357302e+01,0.000000000000000000e+00,0.000000000000000000e+00
3.398281124259839459e+01,0.000000000000000000e+00,0.000000000000000000e+00
3.491579361270774484e+01,0.000000000000000000e+00,0.000000000000000000e+00
3.769909022948535693e+01,0.000000000000000000e+00,0.000000000000000000e+00
3.437022788805638385e+01,0.000000000000000000e+00,0.000000000000000000e+00
3.424792467497771042e+01,0.000000000000000000e+00,0.000000000000000000e+00
3.743592617982140780e+01,0.000000000000000000e+00,0.000000000000000000e+00
3.524030232207858404e+01,0.000000000000000000e+00,0.000000000000000000e+00
3.273826308699644017e+01,0.000000000000000000e+00,0.000000000000000000e+00
3.668270145765153245e+01,0.000000000000000000e+00,0.000000000000000000e+00
3.802589661361319173e+01,0.000000000000000000e+00,0.000000000000000000e+00
3.566366370678049691e+01,0.000000000000000000e+00,0.000000000000000000e+00
3.522914148407920720e+01,0.000000000000000000e+00,0.000000000000000000e+00
3.442678839466122298e+01,0.000000000000000000e+00,0.000000000000000000e+00
3.404709567767903167e+01,0.000000000000000000e+00,0.000000000000000000e+00
3.559346721359505494e+01,0.000000000000000000e+00,0.000000000000000000e+00
3.495910011031089226e+01,0.000000000000000000e+00,0.000000000000000000e+00
3.130403280946398681e+01,0.000000000000000000e+00,0.000000000000000000e+00
3.389516585355055156e+01,0.000000000000000000e+00,0.000000000000000000e+00
3.600237534223012403e+01,0.000000000000000000e+00,0.000000000000000000e+00
3.488641386581367243e+01,0.000000000000000000e+00,0.000000000000000000e+00
3.600797111695657549e+01,0.000000000000000000e+00,0.000000000000000000e+00
4.087789590757872560e+01,0.000000000000000000e+00,0.000000000000000000e+00
3.220847061464814232e+01,0.000000000000000000e+00,0.000000000000000000e+00
3.732077305561642078e+01,0.000000000000000000e+00,0.000000000000000000e+00
3.532811579575089667e+01,0.000000000000000000e+00,0.000000000000000000e+00
3.418813948098735978e+01,0.000000000000000000e+00,0.000000000000000000e+00
3.679938236821787712e+01,0.000000000000000000e+00,0.000000000000000000e+00
3.681557737993931312e+01,0.000000000000000000e+00,0.000000000000000000e+00
3.740854983360578956e+01,0.000000000000000000e+00,0.000000000000000000e+00
3.647981597985819491e+01,0.000000000000000000e+00,0.000000000000000000e+00
3.564842144954738501e+01,0.000000000000000000e+00,0.000000000000000000e+00
4.002934583050831208e+01,0.000000000000000000e+00,0.000000000000000000e+00
3.653756008479719952e+01,0.000000000000000000e+00,0.000000000000000000e+00
3.902818936112412018e+01,0.000000000000000000e+00,0.000000000000000000e+00
3.638003033049545820e+01,0.000000000000000000e+00,0.000000000000000000e+00
3.825953732655457173e+01,0.000000000000000000e+00,0.000000000000000000e+00
3.974948961597833375e+01,0.000000000000000000e+00,0.000000000000000000e+00
3.850262020131032159e+01,0.000000000000000000e+00,0.000000000000000000e+00
3.492603278821139412e+01,0.000000000000000000e+00,0.000000000000000000e+00
3.384169976481915398e+01,0.000000000000000000e+00,0.000000000000000000e+00
3.918627409745410262e+01,0.000000000000000000e+00,0.000000000000000000e+00
3.762962693482374021e+01,0.000000000000000000e+00,0.000000000000000000e+00
4.033002633804427006e+01,0.000000000000000000e+00,0.000000000000000000e+00
3.877944198072170678e+01,0.000000000000000000e+00,0.000000000000000000e+00
4.269333938224959724e+01,0.000000000000000000e+00,0.000000000000000000e+00
3.755621663008883360e+01,0.000000000000000000e+00,0.000000000000000000e+00
3.550856928199391405e+01,0.000000000000000000e+00,0.000000000000000000e+00
3.746552650672526852e+01,0.000000000000000000e+00,0.000000000000000000e+00
4.021954350583703786e+01,0.000000000000000000e+00,0.000000000000000000e+00
3.560795654480340033e+01,0.000000000000000000e+00,0.000000000000000000e+00
3.583703306167031144e+01,0.000000000000000000e+00,0.000000000000000000e+00
3.774811206881643244e+01,0.000000000000000000e+00,0.000000000000000000e+00
4.306362831540192104e+01,0.000000000000000000e+00,0.000000000000000000e+00
4.012841979078446997e+01,0.000000000000000000e+00,0.000000000000000000e+00
3.859743442908175126e+01,0.000000000000000000e+00,0.000000000000000000e+00
3.961891354449807068e+01,0.000000000000000000e+00,0.000000000000000000e+00
3.657174167240741980e+01,0.000000000000000000e+00,0.000000000000000000e+00
3.837199530453115415e+01,0.000000000000000000e+00,0.000000000000000000e+00
4.030580027358782047e+01,0.000000000000000000e+00,0.000000000000000000e+00
3.794355178031636910e+01,0.000000000000000000e+00,0.000000000000000000e+00
3.743537594592998374e+01,0.000000000000000000e+00,0.000000000000000000e+00
3.897691497201548572e+01,0.000000000000000000e+00,0.000000000000000000e+00
4.049724100702036367e+01,0.000000000000000000e+00,0.000000000000000000e+00
3.812176622259156034e+01,0.000000000000000000e+00,0.000000000000000000e+00
3.937413236308919551e+01,0.000000000000000000e+00,0.000000000000000000e+00
4.108396156825745749e+01,0.000000000000000000e+00,0.000000000000000000e+00
3.706541324182393993e+01,0.000000000000000000e+00,0.000000000000000000e+00
3.641877782475031466e+01,0.000000000000000000e+00,0.000000000000000000e+00
4.267893086768422961e+01,0.000000000000000000e+00,0.000000000000000000e+00
4.156934243445650878e+01,0.000000000000000000e+00,0.000000000000000000e+00
4.021313303996957700e+01,0.000000000000000000e+00,0.000000000000000000e+00
3.981592885118205771e+01,0.000000000000000000e+00,0.000000000000000000e+00
4.228482807391473131e+01,0.000000000000000000e+00,0.000000000000000000e+00
4.139554443287034502e+01,0.000000000000000000e+00,0.000000000000000000e+00
4.136418762874792066e+01,0.000000000000000000e+00,0.000000000000000000e+00
3.978227396296527019e+01,0.000000000000000000e+00,0.000000000000000000e+00
3.905167383233676759e+01,0.000000000000000000e+00,0.000000000000000000e+00
3.907556886002222285e+01,0.000000000000000000e+00,0.000000000000000000e+00
3.894631477235051875e+01,0.000000000000000000e+00,0.000000000000000000e+00
4.265356583803056623e+01,0.000000000000000000e+00,0.000000000000000000e+00
4.200635531859453664e+01,0.000000000000000000e+00,0.000000000000000000e+00
4.096532675243062727e+01,0.000000000000000000e+00,0.000000000000000000e+00
4.129991357697195298e+01,0.000000000000000000e+00,0.000000000000000000e+00
3.705827540879025150e+01,0.000000000000000000e+00,0.000000000000000000e+00
4.067850051670492917e+01,0.000000000000000000e+00,0.000000000000000000e+00
4.036175389278283632e+01,0.000000000000000000e+00,0.000000000000000000e+00
3.930246199599594092e+01,0.000000000000000000e+00,0.000000000000000000e+00
3.881570143469340906e+01,0.000000000000000000e+00,0.000000000000000000e+00
3.885510750487972587e+01,0.000000000000000000e+00,0.000000000000000000e+00
4.015908618846093248e+01,0.000000000000000000e+00,0.000000000000000000e+00
4.092004653733800268e+01,0.000000000000000000e+00,0.000000000000000000e+00
4.303822158980215562e+01,0.000000000000000000e+00,0.000000000000000000e+00
4.295527245643601333e+01,0.000000000000000000e+00,0.000000000000000000e+00
4.115292398208068647e+01,0.000000000000000000e+00,0.000000000000000000e+00
3.865613174904051164e+01,0.000000000000000000e+00,0.000000000000000000e+00
4.475333152907688827e+01,0.000000000000000000e+00,0.000000000000000000e+00
4.327752758789110032e+01,0.000000000000000000e+00,0.000000000000000000e+00
4.435750148387447211e+01,0.000000000000000000e+00,0.000000000000000000e+00
4.317210493216715861e+01,0.000000000000000000e+00,0.000000000000000000e+00
4.258461237464147331e+01,0.000000000000000000e+00,0.000000000000000000e+00
4.367886649880386329e+01,0.000000000000000000e+00,0.000000000000000000e+00
4.093723195684153637e+01,0.000000000000000000e+00,0.000000000000000000e+00
3.915075548457159016e+01,0.000000000000000000e+00,0.000000000000000000e+00
3.929592423818482416e+01,0.000000000000000000e+00,0.000000000000000000e+00
4.164197255780975127e+01,0.000000000000000000e+00,0.000000000000000000e+00
4.551326053396657301e+01,0.000000000000000000e+00,0.000000000000000000e+00
4.678555205292536812e+01,0.000000000000000000e+00,0.000000000000000000e+00
4.778326489988797476e+01,0.000000000000000000e+00,0.000000000000000000e+00
4.288992957783550253e+01,0.000000000000000000e+00,0.000000000000000000e+00
4.437697545173812586e+01,0.000000000000000000e+00,0.000000000000000000e+00
4.328249453581579331e+01,0.000000000000000000e+00,0.000000000000000000e+00
4.392471173737342127e+01,0.000000000000000000e+00,0.000000000000000000e+00
4.135839085050729835e+01,0.000000000000000000e+00,0.000000000000000000e+00
4.396518834560954048e+01,0.000000000000000000e+00,0.000000000000000000e+00
4.407845676660432588e+01,0.000000000000000000e+00,0.000000000000000000e+00
4.296784217924810179e+01,0.000000000000000000e+00,0.000000000000000000e+00
4.508071583339457788e+01,0.000000000000000000e+00,0.000000000000000000e+00
4.284339493392621279e+01,0.000000000000000000e+00,0.000000000000000000e+00
4.574448912682040458e+01,0.000000000000000000e+00,0.000000000000000000e+00
4.321730261526187888e+01,0.000000000000000000e+00,0.000000000000000000e+00
4.339436648000221908e+01,0.000000000000000000e+00,0.000000000000000000e+00
4.600395326471823410e+01,0.000000000000000000e+00,0.000000000000000000e+00
4.561843780557297379e+01,0.000000000000000000e+00,0.000000000000000000e+00
4.326178700699112056e+01,0.000000000000000000e+00,0.000000000000000000e+00
4.273305022666771436e+01,0.000000000000000000e+00,0.000000000000000000e+00
4.336196454098548969e+01,0.000000000000000000e+00,0.000000000000000000e+00
4.975901725677938714e+01,0.000000000000000000e+00,0.000000000000000000e+00
4.815902998209337227e+01,0.000000000000000000e+00,0.000000000000000000e+00
4.801857282470969324e+01,0.000000000000000000e+00,0.000000000000000000e+00
4.968293226920555128e+01,0.000000000000000000e+00,0.000000000000000000e+00
4.460327664393274461e+01,0.000000000000000000e+00,0.000000000000000000e+00
4.475946416275875350e+01,0.000000000000000000e+00,0.000000000000000000e+00
4.776526156216314689e+01,0.000000000000000000e+00,0.000000000000000000e+00
4.668072266770992940e+01,0.000000000000000000e+00,0.000000000000000000e+00
4.473453073219080522e+01,0.000000000000000000e+00,0.000000000000000000e+00
4.259258409345854801e+01,0.000000000000000000e+00,0.000000000000000000e+00
4.250441814422438824e+01,0.000000000000000000e+00,0.000000000000000000e+00
4.438671076883424149e+01,0.000000000000000000e+00,0.000000000000000000e+00
4.616999757375331370e+01,0.000000000000000000e+00,0.000000000000000000e+00
4.305119546703289757e+01,0.000000000000000000e+00,0.000000000000000000e+00
4.560007086966204781e+01,0.000000000000000000e+00,0.000000000000000000e+00
4.479041973047397107e+01,0.000000000000000000e+00,0.000000000000000000e+00
4.909485057028170019e+01,0.000000000000000000e+00,0.000000000000000000e+00
4.922618095755247225e+01,0.000000000000000000e+00,0.000000000000000000e+00
4.367972066330033698e+01,0.000000000000000000e+00,0.000000000000000000e+00
4.324276546922886411e+01,0.000000000000000000e+00,0.000000000000000000e+00
4.708882568091724607e+01,0.000000000000000000e+00,0.000000000000000000e+00
4.471186053688810347e+01,0.000000000000000000e+00,0.000000000000000000e+00
4.409824728462488252e+01,0.000000000000000000e+00,0.000000000000000000e+00
4.694811945206889447e+01,0.000000000000000000e+00,0.000000000000000000e+00
4.813614119586846840e+01,0.000000000000000000e+00,0.000000000000000000e+00
4.573423246328941616e+01,0.000000000000000000e+00,0.000000000000000000e+00
4.431432951778573681e+01,0.000000000000000000e+00,0.000000000000000000e+00
4.379019180784583654e+01,0.000000000000000000e+00,0.000000000000000000e+00
4.784478105451387364e+01,0.000000000000000000e+00,0.000000000000000000e+00
4.558821623773282283e+01,0.000000000000000000e+00,0.000000000000000000e+00
4.788166757728999556e+01,0.000000000000000000e+00,0.000000000000000000e+00
4.690120122330765184e+01,0.000000000000000000e+00,0.000000000000000000e+00
4.676449485291410468e+01,0.000000000000000000e+00,0.000000000000000000e+00
4.433339130789345717e+01,0.000000000000000000e+00,0.000000000000000000e+00
4.550395449145745630e+01,0.000000000000000000e+00,0.000000000000000000e+00
4.542706086120031017e+01,0.000000000000000000e+00,0.000000000000000000e+00
4.608165504217329556e+01,0.000000000000000000e+00,0.000000000000000000e+00
4.506409820394225108e+01,0.000000000000000000e+00,0.000000000000000000e+00
4.610666661715448100e+01,0.000000000000000000e+00,0.000000000000000000e+00
5.064998475576289394e+01,0.000000000000000000e+00,0.000000000000000000e+00
4.500888372127780457e+01,0.000000000000000000e+00,0.000000000000000000e+00
4.910965805770922543e+01,0.000000000000000000e+00,0.000000000000000000e+00
4.650239697789544380e+01,0.000000000000000000e+00,0.000000000000000000e+00
4.789222681732309184e+01,0.000000000000000000e+00,0.000000000000000000e+00
4.940788084399589764e+01,0.000000000000000000e+00,0.000000000000000000e+00
4.416572153916087728e+01,0.000000000000000000e+00,0.000000000000000000e+00
4.628823972435684908e+01,0.000000000000000000e+00,0.000000000000000000e+00
5.031670870452546751e+01,0.000000000000000000e+00,0.000000000000000000e+00
4.750937235026954397e+01,0.000000000000000000e+00,0.000000000000000000e+00
4.828026724019554905e+01,0.000000000000000000e+00,0.000000000000000000e+00
5.048339920715784501e+01,0.000000000000000000e+00,0.000000000000000000e+00
4.708266706171808380e+01,0.000000000000000000e+00,0.000000000000000000e+00
4.697394982734347479e+01,0.000000000000000000e+00,0.000000000000000000e+00
4.837174867850848869e+01,0.000000000000000000e+00,0.000000000000000000e+00
4.801570329922449076e+01,0.000000000000000000e+00,0.000000000000000000e+00
4.691054839324152681e+01,0.000000000000000000e+00,0.000000000000000000e+00
4.683238322824855260e+01,0.000000000000000000e+00,0.000000000000000000e+00
4.656725179625584587e+01,0.000000000000000000e+00,0.000000000000000000e+00
4.608314348677968297e+01,0.000000000000000000e+00,0.000000000000000000e+00
4.885983886600436676e+01,0.000000000000000000e+00,0.000000000000000000e+00
4.698907697226250235e+01,0.000000000000000000e+00,0.000000000000000000e+00
4.671900263701505907e+01,0.000000000000000000e+00,0.000000000000000000e+00
4.881624979405957987e+01,0.000000000000000000e+00,0.000000000000000000e+00
4.780860143103783599e+01,0.000000000000000000e+00,0.000000000000000000e+00
4.970788794836360580e+01,0.000000000000000000e+00,0.000000000000000000e+00
5.082301780801844870e+01,0.000000000000000000e+00,0.000000000000000000e+00
4.875166425264965397e+01,0.000000000000000000e+00,0.000000000000000000e+00
5.140987251898047106e+01,0.000000000000000000e+00,0.000000000000000000e+00
4.952306185693161211e+01,0.000000000000000000e+00,0.000000000000000000e+00
5.326233391030729791e+01,0.000000000000000000e+00,0.000000000000000000e+00
5.054775056750899154e+01,0.000000000000000000e+00,0.000000000000000000e+00
5.005219827122223109e+01,0.000000000000000000e+00,0.000000000000000000e+00
5.326766548550502733e+01,0.000000000000000000e+00,0.000000000000000000e+00
4.694739532928756631e+01,0.000000000000000000e+00,0.000000000000000000e+00
5.282564088892706877e+01,0.000000000000000000e+00,0.000000000000000000e+00
4.882165689911144568e+01,0.000000000000000000e+00,0.000000000000000000e+00
4.890627123680027921e+01,0.000000000000000000e+00,0.000000000000000000e+00
4.662469557457546188e+01,0.000000000000000000e+00,0.000000000000000000e+00
4.990822789202614018e+01,0.000000000000000000e+00,0.000000000000000000e+00
5.183932597685830501e+01,0.000000000000000000e+00,0.000000000000000000e+00
5.407819366170693343e+01,0.000000000000000000e+00,0.000000000000000000e+00
5.119288639542246955e+01,0.000000000000000000e+00,0.000000000000000000e+00
4.879071512577476000e+01,0.000000000000000000e+00,0.000000000000000000e+00
5.408917383533194112e+01,0.000000000000000000e+00,0.000000000000000000e+00
4.890545398355435225e+01,0.000000000000000000e+00,0.000000000000000000e+00
5.018192465350394116e+01,0.000000000000000000e+00,0.000000000000000000e+00
5.283961323741395688e+01,0.000000000000000000e+00,0.000000000000000000e+00
5.145290989191515507e+01,0.000000000000000000e+00,0.000000000000000000e+00
5.175294545217604281e+01,0.000000000000000000e+00,0.000000000000000000e+00
5.335118453143303441e+01,0.000000000000000000e+00,0.000000000000000000e+00
5.283274973632681082e+01,0.000000000000000000e+00,0.000000000000000000e+00
5.262105297514631275e+01,0.000000000000000000e+00,0.000000000000000000e+00
5.303831459004934601e+01,0.000000000000000000e+00,0.000000000000000000e+00
5.293734617299028145e+01,0.000000000000000000e+00,0.000000000000000000e+00
5.273526403711660038e+01,0.000000000000000000e+00,0.000000000000000000e+00
5.520560093302007942e+01,0.000000000000000000e+00,0.000000000000000000e+00
5.161585200859029499e+01,0.000000000000000000e+00,0.000000000000000000e+00
5.447954127659827606e+01,0.000000000000000000e+00,0.000000000000000000e+00
4.932495715942192760e+01,0.000000000000000000e+00,0.000000000000000000e+00
5.488193740799588483e+01,0.000000000000000000e+00,0.000000000000000000e+00
5.351402288194377377e+01,0.000000000000000000e+00,0.000000000000000000e+00
5.103580267568376172e+01,0.000000000000000000e+00,0.000000000000000000e+00
5.382197608041636272e+01,0.000000000000000000e+00,0.000000000000000000e+00
5.593787095460250214e+01,0.000000000000000000e+00,0.000000000000000000e+00
5.385230057669925685e+01,0.000000000000000000e+00,0.000000000000000000e+00
5.234505737297315164e+01,0.000000000000000000e+00,0.000000000000000000e+00
5.407588723890841464e+01,0.000000000000000000e+00,0.000000000000000000e+00
5.115013002370549344e+01,0.000000000000000000e+00,0.000000000000000000e+00
5.553120686880643575e+01,0.000000000000000000e+00,0.000000000000000000e+00
5.741599346726144404e+01,0.000000000000000000e+00,0.000000000000000000e+00
5.226344028273792475e+01,0.000000000000000000e+00,0.000000000000000000e+00
5.275922521296217127e+01,0.000000000000000000e+00,0.000000000000000000e+00
5.498003195582502656e+01,0.000000000000000000e+00,0.000000000000000000e+00
5.588653221116012304e+01,0.000000000000000000e+00,0.000000000000000000e+00
5.314299669967773809e+01,0.000000000000000000e+00,0.000000000000000000e+00
5.462210431353616258e+01,0.000000000000000000e+00,0.000000000000000000e+00
5.080185621677910035e+01,0.000000000000000000e+00,0.000000000000000000e+00
5.436010729935004804e+01,0.000000000000000000e+00,0.000000000000000000e+00
5.328331999669521224e+01,0.000000000000000000e+00,0.000000000000000000e+00
5.304038275343087605e+01,0.000000000000000000e+00,0.000000000000000000e+00
5.345552058626611114e+01,0.000000000000000000e+00,0.000000000000000000e+00
5.186979747439974631e+01,0.000000000000000000e+00,0.000000000000000000e+00
5.641353964117838871e+01,0.000000000000000000e+00,0.000000000000000000e+00
5.443357779533347696e+01,0.000000000000000000e+00,0.000000000000000000e+00
5.358558448827418630e+01,0.000000000000000000e+00,0.000000000000000000e+00
5.162082677782407814e+01,0.000000000000000000e+00,0.000000000000000000e+00
5.397267286975525735e+01,0.000000000000000000e+00,0.000000000000000000e+00
5.319319464616896198e+01,0.000000000000000000e+00,0.000000000000000000e+00
5.200083766501641236e+01,0.000000000000000000e+00,0.000000000000000000e+00
5.455098277272848861e+01,0.000000000000000000e+00,0.000000000000000000e+00
5.396296908712523077e+01,0.000000000000000000e+00,0.000000000000000000e+00
5.395105270044829382e+01,0.000000000000000000e+00,0.000000000000000000e+00
5.238113347213545978e+01,0.000000000000000000e+00,0.000000000000000000e+00
5.710198588587682877e+01,0.000000000000000000e+00,0.000000000000000000e+00
5.353258193689166689e+01,0.000000000000000000e+00,0.000000000000000000e+00
5.611214822321891660e+01,0.000000000000000000e+00,0.000000000000000000e+00
5.636303434683551927e+01,0.000000000000000000e+00,0.000000000000000000e+00
5.527510234545590606e+01,0.000000000000000000e+00,0.000000000000000000e+00
5.550004922101455662e+01,0.000000000000000000e+00,0.000000000000000000e+00
5.037148619846530551e+01,0.000000000000000000e+00,0.000000000000000000e+00
5.368837401675677512e+01,0.000000000000000000e+00,0.000000000000000000e+00
5.669642964748494762e+01,0.000000000000000000e+00,0.000000000000000000e+00
5.601312019350898908e+01,0.000000000000000000e+00,0.000000000000000000e+00
5.642088632668507131e+01,0.000000000000000000e+00,0.000000000000000000e+00
5.924561451446918880e+01,0.000000000000000000e+00,0.000000000000000000e+00
5.519282825766401146e+01,0.000000000000000000e+00,0.000000000000000000e+00
5.947480414820962835e+01,0.000000000000000000e+00,0.000000000000000000e+00
6.045870907516413695e+01,0.000000000000000000e+00,0.000000000000000000e+00
5.685583111284373103e+01,0.000000000000000000e+00,0.000000000000000000e+00
5.506382314235111863e+01,0.000000000000000000e+00,0.000000000000000000e+00
5.416841015225498523e+01,0.000000000000000000e+00,0.000000000000000000e+00
5.713959390723662324e+01,0.000000000000000000e+00,0.000000000000000000e+00
5.692414993456168304e+01,0.000000000000000000e+00,0.000000000000000000e+00
5.905751173352167882e+01,0.000000000000000000e+00,0.000000000000000000e+00
6.352065624686694179e+01,0.000000000000000000e+00,0.000000000000000000e+00
5.963993413512559272e+01,0.000000000000000000e+00,0.000000000000000000e+00
6.009631248532481607e+01,0.000000000000000000e+00,0.000000000000000000e+00
5.697214160189209764e+01,0.000000000000000000e+00,0.000000000000000000e+00
5.814805847814686501e+01,0.000000000000000000e+00,0.000000000000000000e+00
5.948511969749425532e+01,0.000000000000000000e+00,0.000000000000000000e+00
5.661436079518156816e+01,0.000000000000000000e+00,0.000000000000000000e+00
5.889439187772465800e+01,0.000000000000000000e+00,0.000000000000000000e+00
5.775938705291106601e+01,0.000000000000000000e+00,0.000000000000000000e+00
5.789174052877971377e+01,0.000000000000000000e+00,0.000000000000000000e+00
5.652153847276736087e+01,0.000000000000000000e+00,0.000000000000000000e+00
5.777531834432458169e+01,0.000000000000000000e+00,0.000000000000000000e+00
5.666263036539287867e+01,0.000000000000000000e+00,0.000000000000000000e+00
6.040188354957651740e+01,0.000000000000000000e+00,0.000000000000000000e+00
5.676151269290359380e+01,0.000000000000000000e+00,0.000000000000000000e+00
5.691497094041271509e+01,0.000000000000000000e+00,0.000000000000000000e+00
6.138080425109679794e+01,0.000000000000000000e+00,0.000000000000000000e+00
6.000453205070741092e+01,0.000000000000000000e+00,0.000000000000000000e+00
5.409432543227708123e+01,0.000000000000000000e+00,0.000000000000000000e+00
6.013511044285862539e+01,0.000000000000000000e+00,0.000000000000000000e+00
5.916795465016895150e+01,0.000000000000000000e+00,0.000000000000000000e+00
5.887100075126160448e+01,0.000000000000000000e+00,0.000000000000000000e+00
6.103559906599289064e+01,0.000000000000000000e+00,0.000000000000000000e+00
6.095252088884126351e+01,0.000000000000000000e+00,0.000000000000000000e+00
5.589247553953465797e+01,0.000000000000000000e+00,0.000000000000000000e+00
6.232157859966367397e+01,0.000000000000000000e+00,0.000000000000000000e+00
5.959443849575670527e+01,0.000000000000000000e+00,0.000000000000000000e+00
5.762238939536229765e+01,0.000000000000000000e+00,0.000000000000000000e+00
5.920724098958726245e+01,0.000000000000000000e+00,0.000000000000000000e+00
6.413525228544574475e+01,0.000000000000000000e+00,0.000000000000000000e+00
6.471057352936701079e+01,0.000000000000000000e+00,0.000000000000000000e+00
5.813847860767317144e+01,0.000000000000000000e+00,0.000000000000000000e+00
5.735615272703454082e+01,0.000000000000000000e+00,0.000000000000000000e+00
6.081645777558539834e+01,0.000000000000000000e+00,0.000000000000000000e+00
5.929845532453237666e+01,0.000000000000000000e+00,0.000000000000000000e+00
6.161846589128715124e+01,0.000000000000000000e+00,0.000000000000000000e+00
6.177251716373842072e+01,0.000000000000000000e+00,0.000000000000000000e+00
5.724720368871302156e+01,0.000000000000000000e+00,0.000000000000000000e+00
6.162206374853005997e+01,0.000000000000000000e+00,0.000000000000000000e+00
5.993311044097107754e+01,0.000000000000000000e+00,0.000000000000000000e+00
6.053995081168765324e+01,0.000000000000000000e+00,0.000000000000000000e+00
5.870778978811884485e+01,0.000000000000000000e+00,0.000000000000000000e+00
6.299782707527611336e+01,0.000000000000000000e+00,0.000000000000000000e+00
5.998609977619368294e+01,0.000000000000000000e+00,0.000000000000000000e+00
5.755938522201081753e+01,0.000000000000000000e+00,0.000000000000000000e+00
6.246219775040043487e+01,0.000000000000000000e+00,0.000000000000000000e+00
6.171494568944964954e+01,0.000000000000000000e+00,0.000000000000000000e+00
6.190589890681748386e+01,0.000000000000000000e+00,0.000000000000000000e+00
6.124837885916257818e+01,0.000000000000000000e+00,0.000000000000000000e+00
6.295532783094231633e+01,0.000000000000000000e+00,0.000000000000000000e+00
6.071315124439977495e+01,0.000000000000000000e+00,0.000000000000000000e+00
5.705209285238093031e+01,0.000000000000000000e+00,0.000000000000000000e+00
5.754510373367727993e+01,0.000000000000000000e+00,0.000000000000000000e+00
6.074646297089928737e+01,0.000000000000000000e+00,0.000000000000000000e+00
5.859353184832944095e+01,0.000000000000000000e+00,0.000000000000000000e+00
6.067131201519966766e+01,0.000000000000000000e+00,0.000000000000000000e+00
6.164890185925382582e+01,0.000000000000000000e+00,0.000000000000000000e+00
6.258137858038309531e+01,0.000000000000000000e+00,0.000000000000000000e+00
6.369033971709593800e+01,0.000000000000000000e+00,0.000000000000000000e+00
6.091059199827248705e+01,0.000000000000000000e+00,0.000000000000000000e+00
6.059433068726671934e+01,0.000000000000000000e+00,0.000000000000000000e+00
6.338652328320154083e+01,0.000000000000000000e+00,0.000000000000000000e+00
5.833966459912785041e+01,0.000000000000000000e+00,0.000000000000000000e+00
6.056583472810694957e+01,0.000000000000000000e+00,0.000000000000000000e+00
6.043141324175164897e+01,0.000000000000000000e+00,0.000000000000000000e+00
6.234162956672538769e+01,0.000000000000000000e+00,0.000000000000000000e+00
6.523051085938439542e+01,0.000000000000000000e+00,0.000000000000000000e+00
6.093467267357264916e+01,0.000000000000000000e+00,0.000000000000000000e+00
6.057009736011190881e+01,0.000000000000000000e+00,0.000000000000000000e+00
6.177284725949058242e+01,0.000000000000000000e+00,0.000000000000000000e+00
6.080180785909365682e+01,0.000000000000000000e+00,0.000000000000000000e+00
6.055108571405634876e+01,0.000000000000000000e+00,0.000000000000000000e+00
6.529191704183179468e+01,0.000000000000000000e+00,0.000000000000000000e+00
6.100705995293130712e+01,0.000000000000000000e+00,0.000000000000000000e+00
6.307394545864347180e+01,0.000000000000000000e+00,0.000000000000000000e+00
6.008324764393439210e+01,0.000000000000000000e+00,0.000000000000000000e+00
6.232605559856079225e+01,0.000000000000000000e+00,0.000000000000000000e+00
6.061264147854271300e+01,0.000000000000000000e+00,0.000000000000000000e+00
6.255963535515991225e+01,0.000000000000000000e+00,0.000000000000000000e+00
6.351978442729127750e+01,0.000000000000000000e+00,0.000000000000000000e+00
6.626717810391667740e+01,0.000000000000000000e+00,0.000000000000000000e+00
5.871084553984083243e+01,0.000000000000000000e+00,0.000000000000000000e+00
6.278447806737666781e+01,0.000000000000000000e+00,0.000000000000000000e+00
6.449698866003599562e+01,0.000000000000000000e+00,0.000000000000000000e+00
6.180873536963009229e+01,0.000000000000000000e+00,0.000000000000000000e+00
6.437844423423247520e+01,0.000000000000000000e+00,0.000000000000000000e+00
6.205653249148733863e+01,0.000000000000000000e+00,0.000000000000000000e+00
5.761229654002532641e+01,0.000000000000000000e+00,0.000000000000000000e+00
6.462431791839030382e+01,0.000000000000000000e+00,0.000000000000000000e+00
6.424793714803929845e+01,0.000000000000000000e+00,0.000000000000000000e+00
6.421071303454668566e+01,0.000000000000000000e+00,0.000000000000000000e+00
6.086381762856398581e+01,0.000000000000000000e+00,0.000000000000000000e+00
6.527694041862245911e+01,0.000000000000000000e+00,0.000000000000000000e+00
6.461066948403825450e+01,0.000000000000000000e+00,0.000000000000000000e+00
6.177741083230257146e+01,0.000000000000000000e+00,0.000000000000000000e+00
6.466003994735706328e+01,0.000000000000000000e+00,0.000000000000000000e+00
6.267014785377885033e+01,0.000000000000000000e+00,0.000000000000000000e+00
6.193883680313697937e+01,0.000000000000000000e+00,0.000000000000000000e+00
6.404650284626491441e+01,0.000000000000000000e+00,0.000000000000000000e+00
6.631007642645367639e+01,0.000000000000000000e+00,0.000000000000000000e+00
6.641339310864061929e+01,0.000000000000000000e+00,0.000000000000000000e+00
6.639777331778705616e+01,0.000000000000000000e+00,0.000000000000000000e+00
6.717225154163473633e+01,0.000000000000000000e+00,0.000000000000000000e+00
6.656799166285412639e+01,0.000000000000000000e+00,0.000000000000000000e+00
6.333064698787345037e+01,0.000000000000000000e+00,0.000000000000000000e+00
6.663487777626335173e+01,0.000000000000000000e+00,0.000000000000000000e+00
6.427114493055384514e+01,0.000000000000000000e+00,0.000000000000000000e+00
6.501082127578666814e+01,0.000000000000000000e+00,0.000000000000000000e+00
6.847358270616746267e+01,0.000000000000000000e+00,0.000000000000000000e+00
6.338780730265031593e+01,0.000000000000000000e+00,0.000000000000000000e+00
6.583093877691848661e+01,0.000000000000000000e+00,0.000000000000000000e+00
6.349419880661903193e+01,0.000000000000000000e+00,0.000000000000000000e+00
6.612860445687987010e+01,0.000000000000000000e+00,0.000000000000000000e+00
6.416900083220345152e+01,0.000000000000000000e+00,0.000000000000000000e+00
6.289387317593687499e+01,0.000000000000000000e+00,0.000000000000000000e+00
6.587596691382738356e+01,0.000000000000000000e+00,0.000000000000000000e+00
6.529292432774988697e+01,0.000000000000000000e+00,0.000000000000000000e+00
6.644731014946991365e+01,0.000000000000000000e+00,0.000000000000000000e+00
6.643295388823661085e+01,0.000000000000000000e+00,0.000000000000000000e+00
6.712039830478011027e+01,0.000000000000000000e+00,0.000000000000000000e+00
6.554891922362098455e+01,0.000000000000000000e+00,0.000000000000000000e+00
6.770894811196285445e+01,0.000000000000000000e+00,0.000000000000000000e+00
6.407985201203452164e+01,0.000000000000000000e+00,0.000000000000000000e+00
6.547859595808168365e+01,0.000000000000000000e+00,0.000000000000000000e+00
6.437856838696774275e+01,0.000000000000000000e+00,0.000000000000000000e+00
6.464828528641697858e+01,0.000000000000000000e+00,0.000000000000000000e+00
6.506812190101608451e+01,0.000000000000000000e+00,0.000000000000000000e+00
6.420074316682406845e+01,0.000000000000000000e+00,0.000000000000000000e+00
6.556742476258058616e+01,0.000000000000000000e+00,0.000000000000000000e+00
6.639881247163340561e+01,0.000000000000000000e+00,0.000000000000000000e+00
6.331794197082574982e+01,0.000000000000000000e+00,0.000000000000000000e+00
6.584140223254409818e+01,0.000000000000000000e+00,0.000000000000000000e+00
6.603222785167307052e+01,0.000000000000000000e+00,0.000000000000000000e+00
6.567815433645540679e+01,0.000000000000000000e+00,0.000000000000000000e+00
7.007263571383342082e+01,0.000000000000000000e+00,0.000000000000000000e+00
6.599130051498831051e+01,0.000000000000000000e+00,0.000000000000000000e+00
6.819821030390735928e+01,0.000000000000000000e+00,0.000000000000000000e+00
6.668515924522196769e+01,0.000000000000000000e+00,0.000000000000000000e+00
6.981360456245174362e+01,0.000000000000000000e+00,0.000000000000000000e+00
6.769644316360785297e+01,0.000000000000000000e+00,0.000000000000000000e+00
6.379428569508039004e+01,0.000000000000000000e+00,0.000000000000000000e+00
6.947241216311091705e+01,0.000000000000000000e+00,0.000000000000000000e+00
6.026393659302149075e+01,0.000000000000000000e+00,0.000000000000000000e+00
6.734612207829651709e+01,0.000000000000000000e+00,0.000000000000000000e+00
6.674470764730027383e+01,0.000000000000000000e+00,0.000000000000000000e+00
6.551737583644712970e+01,0.000000000000000000e+00,0.000000000000000000e+00
6.808771175614484150e+01,0.000000000000000000e+00,0.000000000000000000e+00
6.771450296678298741e+01,0.000000000000000000e+00,0.000000000000000000e+00
6.766250577559615920e+01,0.000000000000000000e+00,0.000000000000000000e+00
6.911428672050931254e+01,0.000000000000000000e+00,0.000000000000000000e+00
6.772402745518002121e+01,0.000000000000000000e+00,0.000000000000000000e+00
6.838902014206541935e+01,0.000000000000000000e+00,0.000000000000000000e+00
7.152647044410072397e+01,0.000000000000000000e+00,0.000000000000000000e+00
6.916775792516678223e+01,0.000000000000000000e+00,0.000000000000000000e+00
7.036871455357781713e+01,0.000000000000000000e+00,0.000000000000000000e+00
7.031216364973751354e+01,0.000000000000000000e+00,0.000000000000000000e+00
6.678945352888564457e+01,0.000000000000000000e+00,0.000000000000000000e+00
6.945251522561000002e+01,0.000000000000000000e+00,0.000000000000000000e+00
6.862583162603762332e+01,0.000000000000000000e+00,0.000000000000000000e+00
6.684584332791305883e+01,0.000000000000000000e+00,0.000000000000000000e+00
6.929761102086695246e+01,0.000000000000000000e+00,0.000000000000000000e+00
7.000368029816443993e+01,0.000000000000000000e+00,0.000000000000000000e+00
7.230558692903109375e+01,0.000000000000000000e+00,0.000000000000000000e+00
7.232982162038770468e+01,0.000000000000000000e+00,0.000000000000000000e+00
6.667006726033818609e+01,0.000000000000000000e+00,0.000000000000000000e+00
7.149561785292883087e+01,0.000000000000000000e+00,0.000000000000000000e+00
6.780018208321014583e+01,0.000000000000000000e+00,0.000000000000000000e+00
6.608529585199758571e+01,0.000000000000000000e+00,0.000000000000000000e+00
6.869774610852715568e+01,0.000000000000000000e+00,0.000000000000000000e+00
6.821710775706711161e+01,0.000000000000000000e+00,0.000000000000000000e+00
6.863243790897224983e+01,0.000000000000000000e+00,0.000000000000000000e+00
6.868628361520069348e+01,0.000000000000000000e+00,0.000000000000000000e+00
7.146776166983701728e+01,0.000000000000000000e+00,0.000000000000000000e+00
6.649167112677669422e+01,0.000000000000000000e+00,0.000000000000000000e+00
6.495871888414372108e+01,0.000000000000000000e+00,0.000000000000000000e+00
7.082238046970178402e+01,0.000000000000000000e+00,0.000000000000000000e+00
6.909934519603690717e+01,0.000000000000000000e+00,0.000000000000000000e+00
6.707221381540630034e+01,0.000000000000000000e+00,0.000000000000000000e+00
6.971766871619075800e+01,0.000000000000000000e+00,0.000000000000000000e+00
6.675143858141633757e+01,0.000000000000000000e+00,0.000000000000000000e+00
6.985189233641294493e+01,0.000000000000000000e+00,0.000000000000000000e+00
7.092111092116539339e+01,0.000000000000000000e+00,0.000000000000000000e+00
7.108902236939141517e+01,0.000000000000000000e+00,0.000000000000000000e+00
6.886443571810875142e+01,0.000000000000000000e+00,0.000000000000000000e+00
7.207722353675325166e+01,0.000000000000000000e+00,0.000000000000000000e+00
6.897278274919477781e+01,0.000000000000000000e+00,0.000000000000000000e+00
6.820175560401146697e+01,0.000000000000000000e+00,0.000000000000000000e+00
6.893820346198306481e+01,0.000000000000000000e+00,0.000000000000000000e+00
6.825890750114707828e+01,0.000000000000000000e+00,0.000000000000000000e+00
7.506123890914176400e+01,0.000000000000000000e+00,0.000000000000000000e+00
7.069432192885039967e+01,0.000000000000000000e+00,0.000000000000000000e+00
6.923759822808513320e+01,0.000000000000000000e+00,0.000000000000000000e+00
7.086317626024396077e+01,0.000000000000000000e+00,0.000000000000000000e+00
7.207768888717444611e+01,0.000000000000000000e+00,0.000000000000000000e+00
7.007554671093672027e+01,0.000000000000000000e+00,0.000000000000000000e+00
7.033709060264352786e+01,0.000000000000000000e+00,0.000000000000000000e+00
7.244381711104232124e+01,0.000000000000000000e+00,0.000000000000000000e+00
7.008453175766723575e+01,0.000000000000000000e+00,0.000000000000000000e+00
7.044680909478391584e+01,0.000000000000000000e+00,0.000000000000000000e+00
7.217489180822670392e+01,0.000000000000000000e+00,0.000000000000000000e+00
7.327503005692065585e+01,0.000000000000000000e+00,0.000000000000000000e+00
7.332986150930618408e+01,0.000000000000000000e+00,0.000000000000000000e+00
6.861842813618994796e+01,0.000000000000000000e+00,0.000000000000000000e+00
7.395816445314244447e+01,0.000000000000000000e+00,0.000000000000000000e+00
7.210451789768862341e+01,0.000000000000000000e+00,0.000000000000000000e+00
7.428074155455797722e+01,0.000000000000000000e+00,0.000000000000000000e+00
6.916963340870567833e+01,0.000000000000000000e+00,0.000000000000000000e+00
7.017105120408709240e+01,0.000000000000000000e+00,0.000000000000000000e+00
7.316411872061267729e+01,0.000000000000000000e+00,0.000000000000000000e+00
7.167745239309898864e+01,0.000000000000000000e+00,0.000000000000000000e+00
7.228561084257366076e+01,0.000000000000000000e+00,0.000000000000000000e+00
7.419051867974485504e+01,0.000000000000000000e+00,0.000000000000000000e+00
7.219991708482561421e+01,0.000000000000000000e+00,0.000000000000000000e+00
7.383053160473781418e+01,0.000000000000000000e+00,0.000000000000000000e+00
7.295695763172821557e+01,0.000000000000000000e+00,0.000000000000000000e+00
7.117390039449291805e+01,0.000000000000000000e+00,0.000000000000000000e+00
7.255162760480257589e+01,0.000000000000000000e+00,0.000000000000000000e+00
7.184116713473365223e+01,0.000000000000000000e+00,0.000000000000000000e+00
7.085435733331993902e+01,0.000000000000000000e+00,0.000000000000000000e+00
7.287051420800959534e+01,0.000000000000000000e+00,0.000000000000000000e+00
7.380474983103233910e+01,0.000000000000000000e+00,0.000000000000000000e+00
7.123148613322500466e+01,0.000000000000000000e+00,0.000000000000000000e+00
7.047452627878969622e+01,0.000000000000000000e+00,0.000000000000000000e+00
7.470897874693852714e+01,0.000000000000000000e+00,0.000000000000000000e+00
7.634205501440401065e+01,0.000000000000000000e+00,0.000000000000000000e+00
7.231235741267724393e+01,0.000000000000000000e+00,0.000000000000000000e+00
7.427395440969397100e+01,0.000000000000000000e+00,0.000000000000000000e+00
7.140875618148274384e+01,0.000000000000000000e+00,0.000000000000000000e+00
7.778691926196641759e+01,0.000000000000000000e+00,0.000000000000000000e+00
7.494640821372105677e+01,0.000000000000000000e+00,0.000000000000000000e+00
7.300991915825478884e+01,0.000000000000000000e+00,0.000000000000000000e+00
6.935273310676303993e+01,0.000000000000000000e+00,0.000000000000000000e+00
7.745667558144779719e+01,0.000000000000000000e+00,0.000000000000000000e+00
7.281964309963429116e+01,0.000000000000000000e+00,0.000000000000000000e+00
7.248671852664544701e+01,0.000000000000000000e+00,0.000000000000000000e+00
7.189925350869044962e+01,0.000000000000000000e+00,0.000000000000000000e+00
7.307680515398297416e+01,0.000000000000000000e+00,0.000000000000000000e+00
7.338620122080253338e+01,0.000000000000000000e+00,0.000000000000000000e+00
7.072538417084965090e+01,0.000000000000000000e+00,0.000000000000000000e+00
7.673940652647073080e+01,0.000000000000000000e+00,0.000000000000000000e+00
7.456591338081958042e+01,0.000000000000000000e+00,0.000000000000000000e+00
7.304952591269636741e+01,0.000000000000000000e+00,0.000000000000000000e+00
7.675715802091663420e+01,0.000000000000000000e+00,0.000000000000000000e+00
7.080940055985558956e+01,0.000000000000000000e+00,0.000000000000000000e+00
7.431854911525005036e+01,0.000000000000000000e+00,0.000000000000000000e+00
7.238977479657370395e+01,0.000000000000000000e+00,0.000000000000000000e+00
7.471430444055692988e+01,0.000000000000000000e+00,0.000000000000000000e+00
7.253666031154367033e+01,0.000000000000000000e+00,0.000000000000000000e+00
7.710211136581317248e+01,0.000000000000000000e+00,0.000000000000000000e+00
7.949489211363280106e+01,0.000000000000000000e+00,0.000000000000000000e+00
7.515088807957992856e+01,0.000000000000000000e+00,0.000000000000000000e+00
7.130249508987488127e+01,0.000000000000000000e+00,0.000000000000000000e+00
7.629629334459902168e+01,0.000000000000000000e+00,0.000000000000000000e+00
7.341525275023452934e+01,0.000000000000000000e+00,0.000000000000000000e+00
7.392823079696105992e+01,0.000000000000000000e+00,0.000000000000000000e+00
7.609455263733308072e+01,0.000000000000000000e+00,0.000000000000000000e+00
7.524443916358728757e+01,0.000000000000000000e+00,0.000000000000000000e+00
7.360039503908789982e+01,0.000000000000000000e+00,0.000000000000000000e+00
7.268287876837710826e+01,0.000000000000000000e+00,0.000000000000000000e+00
7.678463318274695837e+01,0.000000000000000000e+00,0.000000000000000000e+00
7.481606648996461217e+01,0.000000000000000000e+00,0.000000000000000000e+00
7.638985825048204958e+01,0.000000000000000000e+00,0.000000000000000000e+00
7.093453866683314857e+01,0.000000000000000000e+00,0.000000000000000000e+00
7.621598804707544161e+01,0.000000000000000000e+00,0.000000000000000000e+00
7.130904788572344444e+01,0.000000000000000000e+00,0.000000000000000000e+00
7.458679333506847797e+01,0.000000000000000000e+00,0.000000000000000000e+00
7.596964129319182746e+01,0.000000000000000000e+00,0.000000000000000000e+00
7.758384874750741744e+01,0.000000000000000000e+00,0.000000000000000000e+00
7.740537753546153965e+01,0.000000000000000000e+00,0.000000000000000000e+00
7.570120598352494312e+01,0.000000000000000000e+00,0.000000000000000000e+00
7.771696305119417048e+01,0.000000000000000000e+00,0.000000000000000000e+00
7.530303454653849826e+01,0.000000000000000000e+00,0.000000000000000000e+00
7.407582279640803335e+01,0.000000000000000000e+00,0.000000000000000000e+00
7.683390111973082526e+01,0.000000000000000000e+00,0.000000000000000000e+00
7.523732383618842334e+01,0.000000000000000000e+00,0.000000000000000000e+00
7.568311229428161369e+01,0.000000000000000000e+00,0.000000000000000000e+00
7.422317951677544556e+01,0.000000000000000000e+00,0.000000000000000000e+00
7.416450257645739441e+01,0.000000000000000000e+00,0.000000000000000000e+00
7.420687546738963647e+01,0.000000000000000000e+00,0.000000000000000000e+00
7.520436508562021061e+01,0.000000000000000000e+00,0.000000000000000000e+00
7.401217201116938327e+01,0.000000000000000000e+00,0.000000000000000000e+00
7.321272007932134329e+01,0.000000000000000000e+00,0.000000000000000000e+00
7.340050319949889968e+01,0.000000000000000000e+00,0.000000000000000000e+00
7.529000651910655506e+01,0.000000000000000000e+00,0.000000000000000000e+00
7.611709268749623902e+01,0.000000000000000000e+00,0.000000000000000000e+00
7.949397269463842974e+01,0.000000000000000000e+00,0.000000000000000000e+00
7.900533669411295534e+01,0.000000000000000000e+00,0.000000000000000000e+00
7.380324026265915904e+01,0.000000000000000000e+00,0.000000000000000000e+00
7.515223005330881278e+01,0.000000000000000000e+00,0.000000000000000000e+00
7.672261778411571242e+01,0.000000000000000000e+00,0.000000000000000000e+00
7.479553348872862273e+01,0.000000000000000000e+00,0.000000000000000000e+00
7.204593184589965915e+01,0.000000000000000000e+00,0.000000000000000000e+00
7.560207689820259702e+01,0.000000000000000000e+00,0.000000000000000000e+00
7.340675349329931976e+01,0.000000000000000000e+00,0.000000000000000000e+00
7.509185200281510220e+01,0.000000000000000000e+00,0.000000000000000000e+00
7.343412415563811635e+01,0.000000000000000000e+00,0.000000000000000000e+00
7.573201114767124409e+01,0.000000000000000000e+00,0.000000000000000000e+00
7.406542154100398534e+01,0.000000000000000000e+00,0.000000000000000000e+00
7.428575701416170318e+01,0.000000000000000000e+00,0.000000000000000000e+00
7.533335534804039924e+01,0.000000000000000000e+00,0.000000000000000000e+00
7.585357808569924032e+01,0.000000000000000000e+00,0.000000000000000000e+00
7.821913059905853061e+01,0.000000000000000000e+00,0.000000000000000000e+00
7.615244736648735113e+01,0.000000000000000000e+00,0.000000000000000000e+00
7.744171000997710053e+01,0.000000000000000000e+00,0.000000000000000000e+00
7.794745020651082257e+01,0.000000000000000000e+00,0.000000000000000000e+00
7.490306141763457504e+01,0.000000000000000000e+00,0.000000000000000000e+00
7.793926320702709631e+01,0.000000000000000000e+00,0.000000000000000000e+00
7.586482694648225333e+01,0.000000000000000000e+00,0.000000000000000000e+00
7.785655519956472403e+01,0.000000000000000000e+00,0.000000000000000000e+00
7.450452117785884809e+01,0.000000000000000000e+00,0.000000000000000000e+00
7.435614089244639047e+01,0.000000000000000000e+00,0.000000000000000000e+00
7.774333908897509104e+01,0.000000000000000000e+00,0.000000000000000000e+00
7.297920086815139484e+01,0.000000000000000000e+00,0.000000000000000000e+00
7.908995881075692580e+01,0.000000000000000000e+00,0.000000000000000000e+00
7.480569555387381797e+01,0.000000000000000000e+00,0.000000000000000000e+00
7.795885323797371314e+01,0.000000000000000000e+00,0.000000000000000000e+00
7.738309968935396910e+01,0.000000000000000000e+00,0.000000000000000000e+00
7.270977491595247955e+01,0.000000000000000000e+00,0.000000000000000000e+00
7.376002234871164376e+01,0.000000000000000000e+00,0.000000000000000000e+00
8.095731758240857801e+01,0.000000000000000000e+00,0.000000000000000000e+00
7.761735767380415041e+01,0.000000000000000000e+00,0.000000000000000000e+00
7.671645000818625704e+01,0.000000000000000000e+00,0.000000000000000000e+00
7.555694511441323868e+01,0.000000000000000000e+00,0.000000000000000000e+00
7.902742268414655769e+01,0.000000000000000000e+00,0.000000000000000000e+00
7.549711347056700106e+01,0.000000000000000000e+00,0.000000000000000000e+00
7.987313456947299528e+01,0.000000000000000000e+00,0.000000000000000000e+00
7.780473421966497938e+01,0.000000000000000000e+00,0.000000000000000000e+00
7.483467011323628526e+01,0.000000000000000000e+00,0.000000000000000000e+00
7.374791943937066208e+01,0.000000000000000000e+00,0.000000000000000000e+00
7.969218757080641069e+01,0.000000000000000000e+00,0.000000000000000000e+00
7.477177988710184309e+01,0.000000000000000000e+00,0.000000000000000000e+00
7.837289163691242777e+01,0.000000000000000000e+00,0.000000000000000000e+00
7.807740030280129417e+01,0.000000000000000000e+00,0.000000000000000000e+00
7.746633422758597476e+01,0.000000000000000000e+00,0.000000000000000000e+00
7.650949454613707701e+01,0.000000000000000000e+00,0.000000000000000000e+00
7.916745132984324584e+01,0.000000000000000000e+00,0.000000000000000000e+00
7.586468335062123458e+01,0.000000000000000000e+00,0.000000000000000000e+00
7.708966678364608072e+01,0.000000000000000000e+00,0.000000000000000000e+00
8.165373509166575161e+01,0.000000000000000000e+00,0.000000000000000000e+00
7.798682984987580369e+01,0.000000000000000000e+00,0.000000000000000000e+00
7.755711387822276492e+01,0.000000000000000000e+00,0.000000000000000000e+00
7.690689871811078149e+01,0.000000000000000000e+00,0.000000000000000000e+00
7.961720557020547062e+01,0.000000000000000000e+00,0.000000000000000000e+00
7.777830043474097010e+01,0.000000000000000000e+00,0.000000000000000000e+00
7.908807500558128822e+01,0.000000000000000000e+00,0.000000000000000000e+00
7.710451712114071654e+01,0.000000000000000000e+00,0.000000000000000000e+00
8.049632419547444329e+01,0.000000000000000000e+00,0.000000000000000000e+00
7.739904830567338934e+01,0.000000000000000000e+00,0.000000000000000000e+00
7.363711355817848414e+01,0.000000000000000000e+00,0.000000000000000000e+00
8.008679609046319570e+01,0.000000000000000000e+00,0.000000000000000000e+00
7.595730620326689575e+01,0.000000000000000000e+00,0.000000000000000000e+00
7.731943916869484212e+01,0.000000000000000000e+00,0.000000000000000000e+00
8.074839000275423473e+01,0.000000000000000000e+00,0.000000000000000000e+00
7.718942729563528360e+01,0.000000000000000000e+00,0.000000000000000000e+00
7.843803605533160805e+01,0.000000000000000000e+00,0.000000000000000000e+00
7.795535750202076031e+01,0.000000000000000000e+00,0.000000000000000000e+00
7.532459129966001399e+01,0.000000000000000000e+00,0.000000000000000000e+00
7.379488129353295278e+01,0.000000000000000000e+00,0.000000000000000000e+00
7.757478040271679731e+01,0.000000000000000000e+00,0.000000000000000000e+00
8.245044001646486720e+01,0.000000000000000000e+00,0.000000000000000000e+00
8.071490713397184891e+01,0.000000000000000000e+00,0.000000000000000000e+00
8.016412473636353297e+01,0.000000000000000000e+00,0.000000000000000000e+00
7.636802871523656222e+01,0.000000000000000000e+00,0.000000000000000000e+00
8.201018032575036898e+01,0.000000000000000000e+00,0.000000000000000000e+00
7.426986397226369263e+01,0.000000000000000000e+00,0.000000000000000000e+00
8.098459101150611161e+01,0.000000000000000000e+00,0.000000000000000000e+00
8.115352699793912450e+01,0.000000000000000000e+00,0.000000000000000000e+00
7.620424583190521162e+01,0.000000000000000000e+00,0.000000000000000000e+00
7.700507034592510536e+01,0.000000000000000000e+00,0.000000000000000000e+00
7.904445758844433101e+01,0.000000000000000000e+00,0.000000000000000000e+00
7.870777224665393135e+01,0.000000000000000000e+00,0.000000000000000000e+00
7.790269730269780268e+01,0.000000000000000000e+00,0.000000000000000000e+00
7.528838009590073455e+01,0.000000000000000000e+00,0.000000000000000000e+00
7.670924803905484168e+01,0.000000000000000000e+00,0.000000000000000000e+00
8.025018514195480179e+01,0.000000000000000000e+00,0.000000000000000000e+00
7.731099324908821302e+01,0.000000000000000000e+00,0.000000000000000000e+00
8.132995760615307290e+01,0.000000000000000000e+00,0.000000000000000000e+00
7.663902211305274648e+01,0.000000000000000000e+00,0.000000000000000000e+00
7.637433112348162467e+01,0.000000000000000000e+00,0.000000000000000000e+00
7.712274107159656467e+01,0.000000000000000000e+00,0.000000000000000000e+00
7.500289595277908461e+01,0.000000000000000000e+00,0.000000000000000000e+00
7.383546722115934813e+01,0.000000000000000000e+00,0.000000000000000000e+00
7.767575049148089761e+01,0.000000000000000000e+00,0.000000000000000000e+00
7.509976981013114994e+01,0.000000000000000000e+00,0.000000000000000000e+00
7.917865460888172890e+01,0.000000000000000000e+00,0.000000000000000000e+00
7.936539336852027304e+01,0.000000000000000000e+00,0.000000000000000000e+00
7.771199605574295788e+01,0.000000000000000000e+00,0.000000000000000000e+00
8.140784091184265492e+01,0.000000000000000000e+00,0.000000000000000000e+00
7.673316324620205364e+01,0.000000000000000000e+00,0.000000000000000000e+00
7.837593462799091526e+01,0.000000000000000000e+00,0.000000000000000000e+00
7.748483465589943364e+01,0.000000000000000000e+00,0.000000000000000000e+00
7.888019912283120050e+01,0.000000000000000000e+00,0.000000000000000000e+00
8.177818611703516183e+01,0.000000000000000000e+00,0.000000000000000000e+00
7.917768246432852663e+01,0.000000000000000000e+00,0.000000000000000000e+00
8.180794916691688456e+01,0.000000000000000000e+00,0.000000000000000000e+00
7.917838998403959749e+01,0.000000000000000000e+00,0.000000000000000000e+00
7.689594704927849023e+01,0.000000000000000000e+00,0.000000000000000000e+00
7.661033496973523427e+01,0.000000000000000000e+00,0.000000000000000000e+00
7.817141998140148473e+01,0.000000000000000000e+00,0.000000000000000000e+00
7.790080067293300203e+01,0.000000000000000000e+00,0.000000000000000000e+00
7.454011150860216617e+01,0.000000000000000000e+00,0.000000000000000000e+00
8.029761699497878169e+01,0.000000000000000000e+00,0.000000000000000000e+00
7.990360035808319594e+01,0.000000000000000000e+00,0.000000000000000000e+00
7.953413899192743486e+01,0.000000000000000000e+00,0.000000000000000000e+00
8.021736158631243541e+01,0.000000000000000000e+00,0.000000000000000000e+00
7.974702888602500650e+01,0.000000000000000000e+00,0.000000000000000000e+00
8.423191279910021478e+01,0.000000000000000000e+00,0.000000000000000000e+00
8.162546023077723589e+01,0.000000000000000000e+00,0.000000000000000000e+00
8.049743012762472461e+01,0.000000000000000000e+00,0.000000000000000000e+00
7.933667396113180814e+01,0.000000000000000000e+00,0.000000000000000000e+00
7.506617958850958416e+01,0.000000000000000000e+00,0.000000000000000000e+00
8.132070771247114749e+01,0.000000000000000000e+00,0.000000000000000000e+00
7.768984463860061851e+01,0.000000000000000000e+00,0.000000000000000000e+00
7.951055655352999452e+01,0.000000000000000000e+00,0.000000000000000000e+00
8.079209171546537505e+01,0.000000000000000000e+00,0.000000000000000000e+00
7.891926560041349603e+01,0.000000000000000000e+00,0.000000000000000000e+00
8.006416399892991365e+01,0.000000000000000000e+00,0.000000000000000000e+00
8.142446411107066240e+01,0.000000000000000000e+00,0.000000000000000000e+00
7.922754543336102984e+01,0.000000000000000000e+00,0.000000000000000000e+00
7.898347391945740981e+01,0.000000000000000000e+00,0.000000000000000000e+00
7.760711093622771273e+01,0.000000000000000000e+00,0.000000000000000000e+00
7.864883101377115793e+01,0.000000000000000000e+00,0.000000000000000000e+00
7.751078610728337992e+01,0.000000000000000000e+00,0.000000000000000000e+00
8.280939820212681468e+01,0.000000000000000000e+00,0.000000000000000000e+00
7.777638744443848395e+01,0.000000000000000000e+00,0.000000000000000000e+00
8.110457395133828129e+01,0.000000000000000000e+00,0.000000000000000000e+00
8.079762523655209350e+01,0.000000000000000000e+00,0.000000000000000000e+00
8.024050912564334226e+01,0.000000000000000000e+00,0.000000000000000000e+00
7.509658003775183488e+01,0.000000000000000000e+00,0.000000000000000000e+00
7.773400793204558568e+01,0.000000000000000000e+00,0.000000000000000000e+00
7.807308248042231469e+01,0.000000000000000000e+00,0.000000000000000000e+00
7.944355203530219001e+01,0.000000000000000000e+00,0.000000000000000000e+00
8.017607616001217252e+01,0.000000000000000000e+00,0.000000000000000000e+00
8.222337792831132219e+01,0.000000000000000000e+00,0.000000000000000000e+00
7.907709813794569698e+01,0.000000000000000000e+00,0.000000000000000000e+00
7.967795977638714078e+01,0.000000000000000000e+00,0.000000000000000000e+00
8.184860473565073846e+01,0.000000000000000000e+00,0.000000000000000000e+00
8.319302083539542991e+01,0.000000000000000000e+00,0.000000000000000000e+00
7.621619536584947241e+01,0.000000000000000000e+00,0.000000000000000000e+00
7.773777781212450577e+01,0.000000000000000000e+00,0.000000000000000000e+00
7.853043841502019973e+01,0.000000000000000000e+00,0.000000000000000000e+00
8.253070016445883539e+01,0.000000000000000000e+00,0.000000000000000000e+00
8.269219772464144569e+01,0.000000000000000000e+00,0.000000000000000000e+00
8.134497518350620737e+01,0.000000000000000000e+00,0.000000000000000000e+00
7.861969969508621148e+01,0.000000000000000000e+00,0.000000000000000000e+00
7.883514500536828962e+01,0.000000000000000000e+00,0.000000000000000000e+00
7.767579391595120342e+01,0.000000000000000000e+00,0.000000000000000000e+00
7.735894696445950558e+01,0.000000000000000000e+00,0.000000000000000000e+00
7.809483581270468733e+01,0.000000000000000000e+00,0.000000000000000000e+00
8.342523843764512037e+01,0.000000000000000000e+00,0.000000000000000000e+00
7.729154192716980276e+01,0.000000000000000000e+00,0.000000000000000000e+00
7.920852059743540963e+01,0.000000000000000000e+00,0.000000000000000000e+00
8.205805759712131930e+01,0.000000000000000000e+00,0.000000000000000000e+00
8.237840203367078118e+01,0.000000000000000000e+00,0.000000000000000000e+00
8.009062595971467147e+01,0.000000000000000000e+00,0.000000000000000000e+00
7.992671662235011354e+01,0.000000000000000000e+00,0.000000000000000000e+00
8.183788036184321868e+01,0.000000000000000000e+00,0.000000000000000000e+00
7.659241494229536329e+01,0.000000000000000000e+00,0.000000000000000000e+00
7.910446472147002339e+01,0.000000000000000000e+00,0.000000000000000000e+00
7.925061262064453160e+01,0.000000000000000000e+00,0.000000000000000000e+00
7.622533399597257642e+01,0.000000000000000000e+00,0.000000000000000000e+00
7.664154096525638238e+01,0.000000000000000000e+00,0.000000000000000000e+00
8.034882788612297588e+01,0.000000000000000000e+00,0.000000000000000000e+00
7.832713673482240324e+01,0.000000000000000000e+00,0.000000000000000000e+00
8.050808080664097588e+01,0.000000000000000000e+00,0.000000000000000000e+00
7.989586077678031018e+01,0.000000000000000000e+00,0.000000000000000000e+00
8.220360424433464175e+01,0.000000000000000000e+00,0.000000000000000000e+00
7.895079638820712375e+01,0.000000000000000000e+00,0.000000000000000000e+00
8.046354768875711727e+01,0.000000000000000000e+00,0.000000000000000000e+00
7.964277012282239809e+01,0.000000000000000000e+00,0.000000000000000000e+00
8.152922657893725500e+01,0.000000000000000000e+00,0.000000000000000000e+00
7.837019367152423399e+01,0.000000000000000000e+00,0.000000000000000000e+00
8.192700299468643266e+01,0.000000000000000000e+00,0.000000000000000000e+00
7.819889713687804544e+01,0.000000000000000000e+00,0.000000000000000000e+00
8.017153546066705871e+01,0.000000000000000000e+00,0.000000000000000000e+00
8.086352933707193813e+01,0.000000000000000000e+00,0.000000000000000000e+00
7.643875073106784157e+01,0.000000000000000000e+00,0.000000000000000000e+00
8.114912245214010511e+01,0.000000000000000000e+00,0.000000000000000000e+00
7.918394276382674946e+01,0.000000000000000000e+00,0.000000000000000000e+00
8.193525746979622681e+01,0.000000000000000000e+00,0.000000000000000000e+00
7.863888852912364769e+01,0.000000000000000000e+00,0.000000000000000000e+00
8.239728152682361895e+01,0.000000000000000000e+00,0.000000000000000000e+00
8.003029639084434166e+01,0.000000000000000000e+00,0.000000000000000000e+00
7.890481751141648203e+01,0.000000000000000000e+00,0.000000000000000000e+00
8.116254791509351207e+01,0.000000000000000000e+00,0.000000000000000000e+00
8.211048784275047296e+01,0.000000000000000000e+00,0.000000000000000000e+00
8.089363513970708652e+01,0.000000000000000000e+00,0.000000000000000000e+00
7.927331078290214350e+01,0.000000000000000000e+00,0.000000000000000000e+00
7.688496802249262885e+01,0.000000000000000000e+00,0.000000000000000000e+00
8.009427732824987345e+01,0.000000000000000000e+00,0.000000000000000000e+00
8.149274118768873620e+01,0.000000000000000000e+00,0.000000000000000000e+00
8.046263010979591002e+01,0.000000000000000000e+00,0.000000000000000000e+00
7.926048714651358296e+01,0.000000000000000000e+00,0.000000000000000000e+00
7.929168574751216170e+01,0.000000000000000000e+00,0.000000000000000000e+00
8.300336747507660107e+01,0.000000000000000000e+00,0.000000000000000000e+00
8.060597844894165576e+01,0.000000000000000000e+00,0.000000000000000000e+00
8.129465206801434363e+01,0.000000000000000000e+00,0.000000000000000000e+00
8.201985312065322375e+01,0.000000000000000000e+00,0.000000000000000000e+00
7.889943575707327739e+01,0.000000000000000000e+00,0.000000000000000000e+00
7.676339183555053580e+01,0.000000000000000000e+00,0.000000000000000000e+00
7.897867448808938207e+01,0.000000000000000000e+00,0.000000000000000000e+00
8.371416378339432640e+01,0.000000000000000000e+00,0.000000000000000000e+00
8.325344639011959202e+01,0.000000000000000000e+00,0.000000000000000000e+00
7.564564914128777673e+01,0.000000000000000000e+00,0.000000000000000000e+00
7.827009887031330493e+01,0.000000000000000000e+00,0.000000000000000000e+00
8.105625914192576431e+01,0.000000000000000000e+00,0.000000000000000000e+00
8.014991681395392220e+01,0.000000000000000000e+00,0.000000000000000000e+00
7.871514465684637685e+01,0.000000000000000000e+00,0.000000000000000000e+00
8.223678962740142140e+01,0.000000000000000000e+00,0.000000000000000000e+00
8.129909416304018066e+01,0.000000000000000000e+00,0.000000000000000000e+00
7.923506043636119500e+01,0.000000000000000000e+00,0.000000000000000000e+00
8.167580957565961342e+01,0.000000000000000000e+00,0.000000000000000000e+00
8.171643473868337537e+01,0.000000000000000000e+00,0.000000000000000000e+00
8.174105187581540122e+01,0.000000000000000000e+00,0.000000000000000000e+00
7.954779906613421758e+01,0.000000000000000000e+00,0.000000000000000000e+00
7.874191792489337161e+01,0.000000000000000000e+00,0.000000000000000000e+00
8.046303935194147527e+01,0.000000000000000000e+00,0.000000000000000000e+00
8.207396467978790611e+01,0.000000000000000000e+00,0.000000000000000000e+00
8.297365931757938995e+01,0.000000000000000000e+00,0.000000000000000000e+00
8.042248596295263496e+01,0.000000000000000000e+00,0.000000000000000000e+00
7.911775458478253142e+01,0.000000000000000000e+00,0.000000000000000000e+00
8.033019689053034540e+01,0.000000000000000000e+00,0.000000000000000000e+00
8.162448515909838420e+01,0.000000000000000000e+00,0.000000000000000000e+00
8.085249148085918591e+01,0.000000000000000000e+00,0.000000000000000000e+00
8.140010356853603923e+01,0.000000000000000000e+00,0.000000000000000000e+00
7.660982357341701743e+01,0.000000000000000000e+00,0.000000000000000000e+00
8.007516986808130355e+01,0.000000000000000000e+00,0.000000000000000000e+00
8.470460175964572613e+01,0.000000000000000000e+00,0.000000000000000000e+00
7.824832157660326004e+01,0.000000000000000000e+00,0.000000000000000000e+00
7.694261076383452291e+01,0.000000000000000000e+00,0.000000000000000000e+00
7.919840247294742142e+01,0.000000000000000000e+00,0.000000000000000000e+00
8.163662215856444959e+01,0.000000000000000000e+00,0.000000000000000000e+00
7.912793327264591881e+01,0.000000000000000000e+00,0.000000000000000000e+00
7.660906066392179525e+01,0.000000000000000000e+00,0.000000000000000000e+00
7.675705543735499248e+01,0.000000000000000000e+00,0.000000000000000000e+00
8.218763742528011562e+01,0.000000000000000000e+00,0.000000000000000000e+00
8.100723038018210787e+01,0.000000000000000000e+00,0.000000000000000000e+00
8.151429389066032627e+01,0.000000000000000000e+00,0.000000000000000000e+00
7.918402388407560011e+01,0.000000000000000000e+00,0.000000000000000000e+00
8.253758297941081423e+01,0.000000000000000000e+00,0.000000000000000000e+00
8.072615565406900373e+01,0.000000000000000000e+00,0.000000000000000000e+00
7.822696737339734341e+01,0.000000000000000000e+00,0.000000000000000000e+00
7.803805813874259911e+01,0.000000000000000000e+00,0.000000000000000000e+00
7.881228739766018521e+01,0.000000000000000000e+00,0.000000000000000000e+00
8.314809911594640823e+01,0.000000000000000000e+00,0.000000000000000000e+00
7.776335342157196351e+01,0.000000000000000000e+00,0.000000000000000000e+00
7.782971244525543852e+01,0.000000000000000000e+00,0.000000000000000000e+00
7.789362280705211106e+01,0.000000000000000000e+00,0.000000000000000000e+00
8.000160060520424565e+01,0.000000000000000000e+00,0.000000000000000000e+00
7.966526398721086366e+01,0.000000000000000000e+00,0.000000000000000000e+00
7.807005463270149903e+01,0.000000000000000000e+00,0.000000000000000000e+00
7.962363741796238514e+01,0.000000000000000000e+00,0.000000000000000000e+00
7.401683315283437992e+01,0.000000000000000000e+00,0.000000000000000000e+00
8.252472424201059198e+01,0.000000000000000000e+00,0.000000000000000000e+00
7.985833947052327630e+01,0.000000000000000000e+00,0.000000000000000000e+00
8.137256609290608367e+01,0.000000000000000000e+00,0.000000000000000000e+00
8.069283958560086489e+01,0.000000000000000000e+00,0.000000000000000000e+00
8.061437226316783722e+01,0.000000000000000000e+00,0.000000000000000000e+00
8.256902290107051101e+01,0.000000000000000000e+00,0.000000000000000000e+00
7.702083267491315155e+01,0.000000000000000000e+00,0.000000000000000000e+00
7.873435368788022970e+01,0.000000000000000000e+00,0.000000000000000000e+00
8.186695913699789173e+01,0.000000000000000000e+00,0.000000000000000000e+00
8.069751655185392281e+01,0.000000000000000000e+00,0.000000000000000000e+00
8.234697807945468639e+01,0.000000000000000000e+00,0.000000000000000000e+00
7.820093866204402389e+01,0.000000000000000000e+00,0.000000000000000000e+00
7.986172087536195363e+01,0.000000000000000000e+00,0.000000000000000000e+00
8.242718147209757262e+01,0.000000000000000000e+00,0.000000000000000000e+00
7.904899132685019936e+01,0.000000000000000000e+00,0.000000000000000000e+00
7.467482689152230080e+01,0.000000000000000000e+00,0.000000000000000000e+00
7.971117652384002383e+01,0.000000000000000000e+00,0.000000000000000000e+00
7.948530322891001276e+01,0.000000000000000000e+00,0.000000000000000000e+00
7.686317676538884314e+01,0.000000000000000000e+00,0.000000000000000000e+00
8.349252732296102408e+01,0.000000000000000000e+00,0.000000000000000000e+00
7.735091393178180397e+01,0.000000000000000000e+00,0.000000000000000000e+00
8.145357173817127716e+01,0.000000000000000000e+00,0.000000000000000000e+00
8.094222324731097729e+01,0.000000000000000000e+00,0.000000000000000000e+00
7.817015587357930428e+01,0.000000000000000000e+00,0.000000000000000000e+00
8.165106959291806277e+01,0.000000000000000000e+00,0.000000000000000000e+00
7.934268214494822757e+01,0.000000000000000000e+00,0.000000000000000000e+00
8.262688851426933923e+01,0.000000000000000000e+00,0.000000000000000000e+00
7.837687694578073661e+01,0.000000000000000000e+00,0.000000000000000000e+00
7.923492606968495977e+01,0.000000000000000000e+00,0.000000000000000000e+00
7.777647718159698798e+01,0.000000000000000000e+00,0.000000000000000000e+00
7.867671446935902679e+01,0.000000000000000000e+00,0.000000000000000000e+00
8.215457283794421528e+01,0.000000000000000000e+00,0.000000000000000000e+00
8.279244152872853135e+01,0.000000000000000000e+00,0.000000000000000000e+00
7.900237519331628278e+01,0.000000000000000000e+00,0.000000000000000000e+00
8.102019082447429810e+01,0.000000000000000000e+00,0.000000000000000000e+00
7.971153422533176069e+01,0.000000000000000000e+00,0.000000000000000000e+00
7.983221954995673286e+01,0.000000000000000000e+00,0.000000000000000000e+00
7.588245578214592513e+01,0.000000000000000000e+00,0.000000000000000000e+00
7.510733255490352178e+01,0.000000000000000000e+00,0.000000000000000000e+00
7.930183670398098172e+01,0.000000000000000000e+00,0.000000000000000000e+00
7.914564126274835587e+01,0.000000000000000000e+00,0.000000000000000000e+00
7.899979869136311095e+01,0.000000000000000000e+00,0.000000000000000000e+00
7.956898216532245272e+01,0.000000000000000000e+00,0.000000000000000000e+00
8.161691315541639824e+01,0.000000000000000000e+00,0.000000000000000000e+00
7.702851120637751592e+01,0.000000000000000000e+00,0.000000000000000000e+00
8.188829778625684241e+01,0.000000000000000000e+00,0.000000000000000000e+00
7.875623458044871938e+01,0.000000000000000000e+00,0.000000000000000000e+00
8.153090459304679882e+01,0.000000000000000000e+00,0.000000000000000000e+00
7.814646153940725526e+01,0.000000000000000000e+00,0.000000000000000000e+00
7.547498868588773746e+01,0.000000000000000000e+00,0.000000000000000000e+00
7.900629818818035233e+01,0.000000000000000000e+00,0.000000000000000000e+00
7.801602161522306744e+01,0.000000000000000000e+00,0.000000000000000000e+00
7.928257770055019193e+01,0.000000000000000000e+00,0.000000000000000000e+00
8.100838233866733162e+01,0.000000000000000000e+00,0.000000000000000000e+00
7.713894654001902040e+01,0.000000000000000000e+00,0.000000000000000000e+00
8.181213022594180018e+01,0.000000000000000000e+00,0.000000000000000000e+00
7.950367897228312586e+01,0.000000000000000000e+00,0.000000000000000000e+00
7.801949961765799912e+01,0.000000000000000000e+00,0.000000000000000000e+00
8.165765925055525543e+01,0.000000000000000000e+00,0.000000000000000000e+00
7.950008781941434677e+01,0.000000000000000000e+00,0.000000000000000000e+00
7.781818731966302494e+01,0.000000000000000000e+00,0.000000000000000000e+00
7.997893906923580687e+01,0.000000000000000000e+00,0.000000000000000000e+00
7.995510791231168923e+01,0.000000000000000000e+00,0.000000000000000000e+00
7.344714099962182274e+01,0.000000000000000000e+00,0.000000000000000000e+00
8.208159087704507328e+01,0.000000000000000000e+00,0.000000000000000000e+00
7.649890933240338597e+01,0.000000000000000000e+00,0.000000000000000000e+00
7.727674458700523985e+01,0.000000000000000000e+00,0.000000000000000000e+00
7.886946504598911645e+01,0.000000000000000000e+00,0.000000000000000000e+00
7.575746996574581260e+01,0.000000000000000000e+00,0.000000000000000000e+00
7.575064818311233239e+01,0.000000000000000000e+00,0.000000000000000000e+00
7.832090771577109933e+01,0.000000000000000000e+00,0.000000000000000000e+00
8.007505792625406116e+01,0.000000000000000000e+00,0.000000000000000000e+00
8.041631112636508760e+01,0.000000000000000000e+00,0.000000000000000000e+00
7.954419240276209280e+01,0.000000000000000000e+00,0.000000000000000000e+00
7.950923892972353713e+01,0.000000000000000000e+00,0.000000000000000000e+00
7.748395627297226440e+01,0.000000000000000000e+00,0.000000000000000000e+00
7.948411312011111818e+01,0.000000000000000000e+00,0.000000000000000000e+00
7.737905633446568743e+01,0.000000000000000000e+00,0.000000000000000000e+00
7.985206833324778586e+01,0.000000000000000000e+00,0.000000000000000000e+00
7.689643884566619647e+01,0.000000000000000000e+00,0.000000000000000000e+00
7.925487380758728762e+01,0.000000000000000000e+00,0.000000000000000000e+00
7.720358972603126801e+01,0.000000000000000000e+00,0.000000000000000000e+00
7.667649647890040399e+01,0.000000000000000000e+00,0.000000000000000000e+00
7.936444386626078540e+01,0.000000000000000000e+00,0.000000000000000000e+00
7.873788222223021194e+01,0.000000000000000000e+00,0.000000000000000000e+00
7.527771825016851892e+01,0.000000000000000000e+00,0.000000000000000000e+00
8.168576074276678867e+01,0.000000000000000000e+00,0.000000000000000000e+00
7.556440502788659330e+01,0.000000000000000000e+00,0.000000000000000000e+00
7.842473722406671754e+01,0.000000000000000000e+00,0.000000000000000000e+00
7.818592847057782080e+01,0.000000000000000000e+00,0.000000000000000000e+00
7.970116749627584340e+01,0.000000000000000000e+00,0.000000000000000000e+00
7.686382556528890575e+01,0.000000000000000000e+00,0.000000000000000000e+00
7.892507831629339421e+01,0.000000000000000000e+00,0.000000000000000000e+00
7.831581657737540070e+01,0.000000000000000000e+00,0.000000000000000000e+00
8.038786833931463605e+01,0.000000000000000000e+00,0.000000000000000000e+00
7.550875385849155919e+01,0.000000000000000000e+00,0.000000000000000000e+00
7.922554271749120858e+01,0.000000000000000000e+00,0.000000000000000000e+00
7.461697451164792483e+01,0.000000000000000000e+00,0.000000000000000000e+00
7.530692958066579479e+01,0.000000000000000000e+00,0.000000000000000000e+00
7.698391812304569726e+01,0.000000000000000000e+00,0.000000000000000000e+00
7.822421332374626957e+01,0.000000000000000000e+00,0.000000000000000000e+00
7.692504125808022764e+01,0.000000000000000000e+00,0.000000000000000000e+00
7.426502427292118114e+01,0.000000000000000000e+00,0.000000000000000000e+00
7.590671171899141711e+01,0.000000000000000000e+00,0.000000000000000000e+00
7.540388162363977642e+01,0.000000000000000000e+00,0.000000000000000000e+00
7.528132986369519131e+01,0.000000000000000000e+00,0.000000000000000000e+00
7.650260067949257348e+01,0.000000000000000000e+00,0.000000000000000000e+00
7.480282163172773835e+01,0.000000000000000000e+00,0.000000000000000000e+00
7.791253044510477821e+01,0.000000000000000000e+00,0.000000000000000000e+00
7.599726526012781846e+01,0.000000000000000000e+00,0.000000000000000000e+00
7.779148578274471504e+01,0.000000000000000000e+00,0.000000000000000000e+00
7.474670818548895568e+01,0.000000000000000000e+00,0.000000000000000000e+00
7.893415487050175727e+01,0.000000000000000000e+00,0.000000000000000000e+00
7.700613879270103723e+01,0.000000000000000000e+00,0.000000000000000000e+00
7.485858812457527733e+01,0.000000000000000000e+00,0.000000000000000000e+00
7.741443514463391296e+01,0.000000000000000000e+00,0.000000000000000000e+00
7.785759398812857057e+01,0.000000000000000000e+00,0.000000000000000000e+00
7.869040673359745597e+01,0.000000000000000000e+00,0.000000000000000000e+00
7.707184212751893426e+01,0.000000000000000000e+00,0.000000000000000000e+00
7.770049977849721756e+01,0.000000000000000000e+00,0.000000000000000000e+00
7.575700952905960150e+01,0.000000000000000000e+00,0.000000000000000000e+00
7.738146481692250234e+01,0.000000000000000000e+00,0.000000000000000000e+00
7.591796107791203951e+01,0.000000000000000000e+00,0.000000000000000000e+00
7.609475993893478574e+01,0.000000000000000000e+00,0.000000000000000000e+00
7.452865542751692374e+01,0.000000000000000000e+00,0.000000000000000000e+00
7.432759552930554037e+01,0.000000000000000000e+00,0.000000000000000000e+00
7.713619774029956488e+01,0.000000000000000000e+00,0.000000000000000000e+00
7.626591578296617513e+01,0.000000000000000000e+00,0.000000000000000000e+00
7.795066403537998667e+01,0.000000000000000000e+00,0.000000000000000000e+00
7.587840032058313966e+01,0.000000000000000000e+00,0.000000000000000000e+00
7.420649255909567898e+01,0.000000000000000000e+00,0.000000000000000000e+00
7.641641084717412014e+01,0.000000000000000000e+00,0.000000000000000000e+00
7.552946865839787449e+01,0.000000000000000000e+00,0.000000000000000000e+00
7.647599184093627400e+01,0.000000000000000000e+00,0.000000000000000000e+00
7.703104221821810427e+01,0.000000000000000000e+00,0.000000000000000000e+00
7.436300210803175048e+01,0.000000000000000000e+00,0.000000000000000000e+00
7.411455972984317953e+01,0.000000000000000000e+00,0.000000000000000000e+00
7.229382496873478203e+01,0.000000000000000000e+00,0.000000000000000000e+00
7.537029024526393073e+01,0.000000000000000000e+00,0.000000000000000000e+00
7.237877839883509523e+01,0.000000000000000000e+00,0.000000000000000000e+00
7.780621395338249613e+01,0.000000000000000000e+00,0.000000000000000000e+00
7.723580528304688642e+01,0.000000000000000000e+00,0.000000000000000000e+00
7.741965870961485052e+01,0.000000000000000000e+00,0.000000000000000000e+00
7.287430902910969621e+01,0.000000000000000000e+00,0.000000000000000000e+00
7.837809277955973641e+01,0.000000000000000000e+00,0.000000000000000000e+00
7.505189979504592657e+01,0.000000000000000000e+00,0.000000000000000000e+00
7.144119609776591062e+01,0.000000000000000000e+00,0.000000000000000000e+00
7.492761479174970418e+01,0.000000000000000000e+00,0.000000000000000000e+00
7.436362944303199640e+01,0.000000000000000000e+00,0.000000000000000000e+00
7.392052208995750107e+01,0.000000000000000000e+00,0.000000000000000000e+00
8.081327220691282776e+01,0.000000000000000000e+00,0.000000000000000000e+00
7.723981801386248947e+01,0.000000000000000000e+00,0.000000000000000000e+00
7.502360663621901438e+01,0.000000000000000000e+00,0.000000000000000000e+00
7.406042716910022250e+01,0.000000000000000000e+00,0.000000000000000000e+00
7.338987830646139798e+01,0.000000000000000000e+00,0.000000000000000000e+00
7.629847781324819778e+01,0.000000000000000000e+00,0.000000000000000000e+00
7.615437414067420718e+01,0.000000000000000000e+00,0.000000000000000000e+00
7.564114766764780029e+01,0.000000000000000000e+00,0.000000000000000000e+00
7.672312650115536314e+01,0.000000000000000000e+00,0.000000000000000000e+00
7.901888773729805848e+01,0.000000000000000000e+00,0.000000000000000000e+00
7.570345205057917326e+01,0.000000000000000000e+00,0.000000000000000000e+00
7.683547425509472362e+01,0.000000000000000000e+00,0.000000000000000000e+00
7.374484864689297581e+01,0.000000000000000000e+00,0.000000000000000000e+00
7.106617181573530218e+01,0.000000000000000000e+00,0.000000000000000000e+00
7.244883552407279126e+01,0.000000000000000000e+00,0.000000000000000000e+00
7.248906579139357120e+01,0.000000000000000000e+00,0.000000000000000000e+00
7.431357600660906826e+01,0.000000000000000000e+00,0.000000000000000000e+00
7.466227773492130382e+01,0.000000000000000000e+00,0.000000000000000000e+00
7.471607897666117992e+01,0.000000000000000000e+00,0.000000000000000000e+00
7.499331019285180844e+01,0.000000000000000000e+00,0.000000000000000000e+00
7.530407767552567577e+01,0.000000000000000000e+00,0.000000000000000000e+00
7.371037680756462862e+01,0.000000000000000000e+00,0.000000000000000000e+00
7.431309645269742248e+01,0.000000000000000000e+00,0.000000000000000000e+00
7.215156545041016045e+01,0.000000000000000000e+00,0.000000000000000000e+00
7.386839617674745284e+01,0.000000000000000000e+00,0.000000000000000000e+00
7.291300753127728740e+01,0.000000000000000000e+00,0.000000000000000000e+00
7.516154283053772645e+01,0.000000000000000000e+00,0.000000000000000000e+00
7.341093017403409249e+01,0.000000000000000000e+00,0.000000000000000000e+00
7.569528743399544624e+01,0.000000000000000000e+00,0.000000000000000000e+00
7.287294326908566688e+01,0.000000000000000000e+00,0.000000000000000000e+00
7.839283541202068761e+01,0.000000000000000000e+00,0.000000000000000000e+00
7.220603213806188592e+01,0.000000000000000000e+00,0.000000000000000000e+00
7.205717585433457373e+01,0.000000000000000000e+00,0.000000000000000000e+00
7.182225406947671331e+01,0.000000000000000000e+00,0.000000000000000000e+00
7.437099927762068319e+01,0.000000000000000000e+00,0.000000000000000000e+00
7.300093981305612090e+01,0.000000000000000000e+00,0.000000000000000000e+00
7.151637248942385838e+01,0.000000000000000000e+00,0.000000000000000000e+00
7.108878508229433635e+01,0.000000000000000000e+00,0.000000000000000000e+00
7.005799271549285834e+01,0.000000000000000000e+00,0.000000000000000000e+00
7.654016275560984184e+01,0.000000000000000000e+00,0.000000000000000000e+00
7.296723341494146098e+01,0.000000000000000000e+00,0.000000000000000000e+00
7.183308269149394221e+01,0.000000000000000000e+00,0.000000000000000000e+00
7.096055294134754377e+01,0.000000000000000000e+00,0.000000000000000000e+00
7.185484131392860263e+01,0.000000000000000000e+00,0.000000000000000000e+00
7.396785258028610599e+01,0.000000000000000000e+00,0.000000000000000000e+00
7.568944762554639283e+01,0.000000000000000000e+00,0.000000000000000000e+00
7.054217719240335782e+01,0.000000000000000000e+00,0.000000000000000000e+00
7.263742416024057036e+01,0.000000000000000000e+00,0.000000000000000000e+00
6.929163746497603427e+01,0.000000000000000000e+00,0.000000000000000000e+00
6.520705380115420269e+01,0.000000000000000000e+00,0.000000000000000000e+00
7.616234962784540130e+01,0.000000000000000000e+00,0.000000000000000000e+00
7.050166193032264061e+01,0.000000000000000000e+00,0.000000000000000000e+00
7.187922942840003770e+01,0.000000000000000000e+00,0.000000000000000000e+00
7.290720884639266330e+01,0.000000000000000000e+00,0.000000000000000000e+00
7.240736735980490835e+01,0.000000000000000000e+00,0.000000000000000000e+00
7.275449937066429129e+01,0.000000000000000000e+00,0.000000000000000000e+00
7.555835772132925854e+01,0.000000000000000000e+00,0.000000000000000000e+00
7.394694816694713779e+01,0.000000000000000000e+00,0.000000000000000000e+00
7.204811930936652686e+01,0.000000000000000000e+00,0.000000000000000000e+00
7.468325070993816439e+01,0.000000000000000000e+00,0.000000000000000000e+00
7.148481951030865389e+01,0.000000000000000000e+00,0.000000000000000000e+00
7.047606031894638079e+01,0.000000000000000000e+00,0.000000000000000000e+00
7.224609026254471189e+01,0.000000000000000000e+00,0.000000000000000000e+00
6.835842823409527114e+01,0.000000000000000000e+00,0.000000000000000000e+00
7.239307125909563467e+01,0.000000000000000000e+00,0.000000000000000000e+00
7.208397145098426506e+01,0.000000000000000000e+00,0.000000000000000000e+00
7.286820423090613019e+01,0.000000000000000000e+00,0.000000000000000000e+00
7.022806746691833268e+01,0.000000000000000000e+00,0.000000000000000000e+00
7.380922303319533739e+01,0.000000000000000000e+00,0.000000000000000000e+00
7.159472924891876744e+01,0.000000000000000000e+00,0.000000000000000000e+00
6.845006559561416282e+01,0.000000000000000000e+00,0.000000000000000000e+00
6.968942385398133865e+01,0.000000000000000000e+00,0.000000000000000000e+00
7.313280333025316793e+01,0.000000000000000000e+00,0.000000000000000000e+00
7.189337490313175749e+01,0.000000000000000000e+00,0.000000000000000000e+00
7.424612125253827344e+01,0.000000000000000000e+00,0.000000000000000000e+00
7.187041555232285361e+01,0.000000000000000000e+00,0.000000000000000000e+00
7.305492888939623697e+01,0.000000000000000000e+00,0.000000000000000000e+00
7.407548060647759769e+01,0.000000000000000000e+00,0.000000000000000000e+00
7.010059775619123457e+01,0.000000000000000000e+00,0.000000000000000000e+00
7.150027067969861605e+01,0.000000000000000000e+00,0.000000000000000000e+00
6.968853295839541317e+01,0.000000000000000000e+00,0.000000000000000000e+00
7.127044609800050523e+01,0.000000000000000000e+00,0.000000000000000000e+00
6.911517815179304591e+01,0.000000000000000000e+00,0.000000000000000000e+00
7.215615680885542815e+01,0.000000000000000000e+00,0.000000000000000000e+00
7.085665930309650662e+01,0.000000000000000000e+00,0.000000000000000000e+00
7.126472158608434881e+01,0.000000000000000000e+00,0.000000000000000000e+00
7.011008697908491172e+01,0.000000000000000000e+00,0.000000000000000000e+00
6.755738805487628440e+01,0.000000000000000000e+00,0.000000000000000000e+00
7.067561898184216318e+01,0.000000000000000000e+00,0.000000000000000000e+00
7.144488466942740956e+01,0.000000000000000000e+00,0.000000000000000000e+00
6.809369828712367223e+01,0.000000000000000000e+00,0.000000000000000000e+00
6.858338222835089937e+01,0.000000000000000000e+00,0.000000000000000000e+00
7.105047339025695408e+01,0.000000000000000000e+00,0.000000000000000000e+00
7.227126202656019416e+01,0.000000000000000000e+00,0.000000000000000000e+00
7.061144590673904986e+01,0.000000000000000000e+00,0.000000000000000000e+00
6.941393500839532749e+01,0.000000000000000000e+00,0.000000000000000000e+00
6.923673290660779855e+01,0.000000000000000000e+00,0.000000000000000000e+00
7.304813899954166345e+01,0.000000000000000000e+00,0.000000000000000000e+00
6.822785577620290098e+01,0.000000000000000000e+00,0.000000000000000000e+00
6.985137875878029945e+01,0.000000000000000000e+00,0.000000000000000000e+00
7.334822542565137837e+01,0.000000000000000000e+00,0.000000000000000000e+00
7.316607375240178612e+01,0.000000000000000000e+00,0.000000000000000000e+00
7.151550299893274598e+01,0.000000000000000000e+00,0.000000000000000000e+00
6.923110528099392980e+01,0.000000000000000000e+00,0.000000000000000000e+00
7.012577028681401714e+01,0.000000000000000000e+00,0.000000000000000000e+00
6.881940360568485460e+01,0.000000000000000000e+00,0.000000000000000000e+00
7.381660139019786016e+01,0.000000000000000000e+00,0.000000000000000000e+00
7.497596909247552333e+01,0.000000000000000000e+00,0.000000000000000000e+00
7.260470861155071987e+01,0.000000000000000000e+00,0.000000000000000000e+00
6.833974317448982561e+01,0.000000000000000000e+00,0.000000000000000000e+00
7.078294642573796125e+01,0.000000000000000000e+00,0.000000000000000000e+00
7.052015318510453312e+01,0.000000000000000000e+00,0.000000000000000000e+00
6.706504517242528607e+01,0.000000000000000000e+00,0.000000000000000000e+00
7.080627071820663332e+01,0.000000000000000000e+00,0.000000000000000000e+00
6.828648103333962638e+01,0.000000000000000000e+00,0.000000000000000000e+00
6.686527576803631234e+01,0.000000000000000000e+00,0.000000000000000000e+00
6.760386883356152055e+01,0.000000000000000000e+00,0.000000000000000000e+00
6.792234366330787054e+01,0.000000000000000000e+00,0.000000000000000000e+00
7.161942063176346096e+01,0.000000000000000000e+00,0.000000000000000000e+00
6.807586984065194713e+01,0.000000000000000000e+00,0.000000000000000000e+00
6.827271052570476684e+01,0.000000000000000000e+00,0.000000000000000000e+00
7.164433924052899272e+01,0.000000000000000000e+00,0.000000000000000000e+00
6.832747521269058666e+01,0.000000000000000000e+00,0.000000000000000000e+00
6.941513808837181898e+01,0.000000000000000000e+00,0.000000000000000000e+00
6.346656383206240548e+01,0.000000000000000000e+00,0.000000000000000000e+00
6.564976410169059307e+01,0.000000000000000000e+00,0.000000000000000000e+00
6.773218122767953275e+01,0.000000000000000000e+00,0.000000000000000000e+00
7.016835329101645868e+01,0.000000000000000000e+00,0.000000000000000000e+00
6.571238177219571241e+01,0.000000000000000000e+00,0.000000000000000000e+00
6.775750861424094751e+01,0.000000000000000000e+00,0.000000000000000000e+00
7.038979320338629009e+01,0.000000000000000000e+00,0.000000000000000000e+00
6.763813129039532157e+01,0.000000000000000000e+00,0.000000000000000000e+00
6.748032263563104038e+01,0.000000000000000000e+00,0.000000000000000000e+00
6.775392346820338219e+01,0.000000000000000000e+00,0.000000000000000000e+00
6.609641855739420180e+01,0.000000000000000000e+00,0.000000000000000000e+00
6.634726913467349618e+01,0.000000000000000000e+00,0.000000000000000000e+00
6.701917692162059836e+01,0.000000000000000000e+00,0.000000000000000000e+00
7.014914566650571714e+01,0.000000000000000000e+00,0.000000000000000000e+00
6.740724507474310201e+01,0.000000000000000000e+00,0.000000000000000000e+00
6.770670340268603127e+01,0.000000000000000000e+00,0.000000000000000000e+00
6.821780389125707700e+01,0.000000000000000000e+00,0.000000000000000000e+00
6.793611623189535464e+01,0.000000000000000000e+00,0.000000000000000000e+00
7.014417104262570035e+01,0.000000000000000000e+00,0.000000000000000000e+00
6.803862626173413730e+01,0.000000000000000000e+00,0.000000000000000000e+00
6.386952916496146315e+01,0.000000000000000000e+00,0.000000000000000000e+00
6.620455963985422443e+01,0.000000000000000000e+00,0.000000000000000000e+00
6.698437920006664115e+01,0.000000000000000000e+00,0.000000000000000000e+00
6.857087616304733046e+01,0.000000000000000000e+00,0.000000000000000000e+00
6.661772500680035591e+01,0.000000000000000000e+00,0.000000000000000000e+00
6.606396952964084335e+01,0.000000000000000000e+00,0.000000000000000000e+00
6.702429851509988623e+01,0.000000000000000000e+00,0.000000000000000000e+00
6.615204501429312245e+01,0.000000000000000000e+00,0.000000000000000000e+00
6.688956537090346899e+01,0.000000000000000000e+00,0.000000000000000000e+00
6.685331626839692376e+01,0.000000000000000000e+00,0.000000000000000000e+00
6.927806972870629920e+01,0.000000000000000000e+00,0.000000000000000000e+00
6.507114149923344826e+01,0.000000000000000000e+00,0.000000000000000000e+00
6.628965222689518555e+01,0.000000000000000000e+00,0.000000000000000000e+00
7.048616277636935479e+01,0.000000000000000000e+00,0.000000000000000000e+00
6.339096836813448732e+01,0.000000000000000000e+00,0.000000000000000000e+00
6.663048598712028081e+01,0.000000000000000000e+00,0.000000000000000000e+00
6.837347977198584204e+01,0.000000000000000000e+00,0.000000000000000000e+00
6.457030892479548356e+01,0.000000000000000000e+00,0.000000000000000000e+00
6.415182277040310055e+01,0.000000000000000000e+00,0.000000000000000000e+00
6.271997844557260038e+01,0.000000000000000000e+00,0.000000000000000000e+00
6.642963876807675661e+01,0.000000000000000000e+00,0.000000000000000000e+00
6.458123043749931469e+01,0.000000000000000000e+00,0.000000000000000000e+00
6.473014514802035535e+01,0.000000000000000000e+00,0.000000000000000000e+00
6.750302864019636218e+01,0.000000000000000000e+00,0.000000000000000000e+00
6.672053487544980044e+01,0.000000000000000000e+00,0.000000000000000000e+00
6.461709100691444974e+01,0.000000000000000000e+00,0.000000000000000000e+00
6.625928282212896647e+01,0.000000000000000000e+00,0.000000000000000000e+00
6.307025153733747658e+01,0.000000000000000000e+00,0.000000000000000000e+00
6.970181597150784114e+01,0.000000000000000000e+00,0.000000000000000000e+00
6.597979234552080641e+01,0.000000000000000000e+00,0.000000000000000000e+00
6.279908665929603018e+01,0.000000000000000000e+00,0.000000000000000000e+00
6.526544224140411643e+01,0.000000000000000000e+00,0.000000000000000000e+00
6.058445527156394661e+01,0.000000000000000000e+00,0.000000000000000000e+00
6.447998535323930014e+01,0.000000000000000000e+00,0.000000000000000000e+00
6.809454639541795018e+01,0.000000000000000000e+00,0.000000000000000000e+00
6.444712112572385365e+01,0.000000000000000000e+00,0.000000000000000000e+00
6.343269055601593465e+01,0.000000000000000000e+00,0.000000000000000000e+00
6.212200676631285745e+01,0.000000000000000000e+00,0.000000000000000000e+00
6.660780253630868231e+01,0.000000000000000000e+00,0.000000000000000000e+00
6.270845822550249693e+01,0.000000000000000000e+00,0.000000000000000000e+00
6.354248676978436805e+01,0.000000000000000000e+00,0.000000000000000000e+00
6.404130723231935463e+01,0.000000000000000000e+00,0.000000000000000000e+00
6.372334902494507958e+01,0.000000000000000000e+00,0.000000000000000000e+00
6.465378342171707970e+01,0.000000000000000000e+00,0.000000000000000000e+00
6.760537764541638239e+01,0.000000000000000000e+00,0.000000000000000000e+00
6.527080648611921276e+01,0.000000000000000000e+00,0.000000000000000000e+00
6.383263228145472112e+01,0.000000000000000000e+00,0.000000000000000000e+00
6.634388815798256189e+01,0.000000000000000000e+00,0.000000000000000000e+00
6.276091910096326387e+01,0.000000000000000000e+00,0.000000000000000000e+00
6.752508566404260648e+01,0.000000000000000000e+00,0.000000000000000000e+00
6.465640281572788695e+01,0.000000000000000000e+00,0.000000000000000000e+00
6.421188516750019915e+01,0.000000000000000000e+00,0.000000000000000000e+00
6.738069707645080086e+01,0.000000000000000000e+00,0.000000000000000000e+00
6.308093776673677411e+01,0.000000000000000000e+00,0.000000000000000000e+00
6.554989976760849402e+01,0.000000000000000000e+00,0.000000000000000000e+00
6.201494034105893860e+01,0.000000000000000000e+00,0.000000000000000000e+00
6.079458192953294571e+01,0.000000000000000000e+00,0.000000000000000000e+00
6.121396652900237711e+01,0.000000000000000000e+00,0.000000000000000000e+00
6.367287761244947575e+01,0.000000000000000000e+00,0.000000000000000000e+00
6.305798366691085022e+01,0.000000000000000000e+00,0.000000000000000000e+00
6.505167903131821561e+01,0.000000000000000000e+00,0.000000000000000000e+00
6.352015368015950258e+01,0.000000000000000000e+00,0.000000000000000000e+00
6.155761134090484177e+01,0.000000000000000000e+00,0.000000000000000000e+00
6.339542558214433399e+01,0.000000000000000000e+00,0.000000000000000000e+00
6.388266200236795100e+01,0.000000000000000000e+00,0.000000000000000000e+00
6.325735976329241339e+01,0.000000000000000000e+00,0.000000000000000000e+00
6.199937557672570421e+01,0.000000000000000000e+00,0.000000000000000000e+00
6.452497558276779444e+01,0.000000000000000000e+00,0.000000000000000000e+00
6.065762327855836133e+01,0.000000000000000000e+00,0.000000000000000000e+00
6.688956830876850290e+01,0.000000000000000000e+00,0.000000000000000000e+00
6.256070629078257639e+01,0.000000000000000000e+00,0.000000000000000000e+00
6.332251843618031018e+01,0.000000000000000000e+00,0.000000000000000000e+00
6.309843956548398580e+01,0.000000000000000000e+00,0.000000000000000000e+00
6.233092547798472793e+01,0.000000000000000000e+00,0.000000000000000000e+00
6.183040832969030731e+01,0.000000000000000000e+00,0.000000000000000000e+00
6.366373211755316674e+01,0.000000000000000000e+00,0.000000000000000000e+00
6.218845757297223997e+01,0.000000000000000000e+00,0.000000000000000000e+00
6.184583088963159980e+01,0.000000000000000000e+00,0.000000000000000000e+00
6.218883751835996776e+01,0.000000000000000000e+00,0.000000000000000000e+00
5.989977214697576358e+01,0.000000000000000000e+00,0.000000000000000000e+00
6.214490409773696200e+01,0.000000000000000000e+00,0.000000000000000000e+00
6.304531790310760186e+01,0.000000000000000000e+00,0.000000000000000000e+00
6.165927050365019824e+01,0.000000000000000000e+00,0.000000000000000000e+00
6.052873861371309516e+01,0.000000000000000000e+00,0.000000000000000000e+00
6.535541662599763413e+01,0.000000000000000000e+00,0.000000000000000000e+00
6.009369195327748514e+01,0.000000000000000000e+00,0.000000000000000000e+00
5.943805412146059552e+01,0.000000000000000000e+00,0.000000000000000000e+00
6.151726231648018484e+01,0.000000000000000000e+00,0.000000000000000000e+00
5.814533024388208560e+01,0.000000000000000000e+00,0.000000000000000000e+00
6.133800318616260228e+01,0.000000000000000000e+00,0.000000000000000000e+00
5.992829926935402796e+01,0.000000000000000000e+00,0.000000000000000000e+00
6.081104210590919479e+01,0.000000000000000000e+00,0.000000000000000000e+00
5.952414835784774283e+01,0.000000000000000000e+00,0.000000000000000000e+00
6.128156564158739883e+01,0.000000000000000000e+00,0.000000000000000000e+00
6.183196208569725627e+01,0.000000000000000000e+00,0.000000000000000000e+00
6.038980330352573134e+01,0.000000000000000000e+00,0.000000000000000000e+00
6.124298879393721506e+01,0.000000000000000000e+00,0.000000000000000000e+00
5.807784754365043511e+01,0.000000000000000000e+00,0.000000000000000000e+00
6.042266418317731791e+01,0.000000000000000000e+00,0.000000000000000000e+00
6.043771865313065206e+01,0.000000000000000000e+00,0.000000000000000000e+00
5.626735523821130869e+01,0.000000000000000000e+00,0.000000000000000000e+00
5.918166482973262532e+01,0.000000000000000000e+00,0.000000000000000000e+00
5.940578066675088564e+01,0.000000000000000000e+00,0.000000000000000000e+00
6.206194316236525310e+01,0.000000000000000000e+00,0.000000000000000000e+00
5.672232761855202909e+01,0.000000000000000000e+00,0.000000000000000000e+00
6.316494435908010274e+01,0.000000000000000000e+00,0.000000000000000000e+00
6.015675499429942619e+01,0.000000000000000000e+00,0.000000000000000000e+00
6.072842492747220433e+01,0.000000000000000000e+00,0.000000000000000000e+00
6.113267605553765094e+01,0.000000000000000000e+00,0.000000000000000000e+00
5.967989250388347244e+01,0.000000000000000000e+00,0.000000000000000000e+00
5.737934331964302714e+01,0.000000000000000000e+00,0.000000000000000000e+00
5.914903513729557005e+01,0.000000000000000000e+00,0.000000000000000000e+00
5.539683193766761349e+01,0.000000000000000000e+00,0.000000000000000000e+00
6.108112394582901317e+01,0.000000000000000000e+00,0.000000000000000000e+00
5.800268807132631110e+01,0.000000000000000000e+00,0.000000000000000000e+00
6.251012067714811593e+01,0.000000000000000000e+00,0.000000000000000000e+00
5.746660669349468264e+01,0.000000000000000000e+00,0.000000000000000000e+00
6.031995146123055918e+01,0.000000000000000000e+00,0.000000000000000000e+00
5.932712390769722788e+01,0.000000000000000000e+00,0.000000000000000000e+00
5.913192268499531679e+01,0.000000000000000000e+00,0.000000000000000000e+00
5.753174734731295104e+01,0.000000000000000000e+00,0.000000000000000000e+00
5.473311557204049649e+01,0.000000000000000000e+00,0.000000000000000000e+00
5.549218708117503240e+01,0.000000000000000000e+00,0.000000000000000000e+00
5.790473882443466636e+01,0.000000000000000000e+00,0.000000000000000000e+00
6.361892233560533327e+01,0.000000000000000000e+00,0.000000000000000000e+00
5.818847710644899962e+01,0.000000000000000000e+00,0.000000000000000000e+00
5.707166935232474714e+01,0.000000000000000000e+00,0.000000000000000000e+00
5.902283135126113933e+01,0.000000000000000000e+00,0.000000000000000000e+00
5.898215610047356705e+01,0.000000000000000000e+00,0.000000000000000000e+00
5.651809191255080833e+01,0.000000000000000000e+00,0.000000000000000000e+00
5.608531715144105334e+01,0.000000000000000000e+00,0.000000000000000000e+00
5.764164249487270553e+01,0.000000000000000000e+00,0.000000000000000000e+00
5.974655229595416728e+01,0.000000000000000000e+00,0.000000000000000000e+00
5.657259241661633098e+01,0.000000000000000000e+00,0.000000000000000000e+00
5.692839655633941476e+01,0.000000000000000000e+00,0.000000000000000000e+00
5.897339524660972643e+01,0.000000000000000000e+00,0.000000000000000000e+00
5.826997156736391048e+01,0.000000000000000000e+00,0.000000000000000000e+00
5.684690889687313131e+01,0.000000000000000000e+00,0.000000000000000000e+00
5.583838150290696234e+01,0.000000000000000000e+00,0.000000000000000000e+00
5.538567704722153451e+01,0.000000000000000000e+00,0.000000000000000000e+00
5.760881444502322069e+01,0.000000000000000000e+00,0.000000000000000000e+00
5.524831764582193472e+01,0.000000000000000000e+00,0.000000000000000000e+00
6.045457997027709496e+01,0.000000000000000000e+00,0.000000000000000000e+00
5.600857396866017268e+01,0.000000000000000000e+00,0.000000000000000000e+00
5.823697267186748405e+01,0.000000000000000000e+00,0.000000000000000000e+00
5.715196848729161161e+01,0.000000000000000000e+00,0.000000000000000000e+00
5.546766779500524081e+01,0.000000000000000000e+00,0.000000000000000000e+00
5.605066699654650364e+01,0.000000000000000000e+00,0.000000000000000000e+00
5.560775097264134104e+01,0.000000000000000000e+00,0.000000000000000000e+00
5.643331144063527205e+01,0.000000000000000000e+00,0.000000000000000000e+00
5.545587231634081604e+01,0.000000000000000000e+00,0.000000000000000000e+00
5.736282843968024281e+01,0.000000000000000000e+00,0.000000000000000000e+00
5.400830813691216292e+01,0.000000000000000000e+00,0.000000000000000000e+00
5.651916166074479975e+01,0.000000000000000000e+00,0.000000000000000000e+00
5.659775613696982788e+01,0.000000000000000000e+00,0.000000000000000000e+00
5.659500326807047088e+01,0.000000000000000000e+00,0.000000000000000000e+00
5.277558797258481604e+01,0.000000000000000000e+00,0.000000000000000000e+00
5.843105259507343874e+01,0.000000000000000000e+00,0.000000000000000000e+00
5.825529928759006282e+01,0.000000000000000000e+00,0.000000000000000000e+00
5.435534762278543042e+01,0.000000000000000000e+00,0.000000000000000000e+00
5.508156565211278632e+01,0.000000000000000000e+00,0.000000000000000000e+00
5.959619595197162312e+01,0.000000000000000000e+00,0.000000000000000000e+00
5.617143185806750694e+01,0.000000000000000000e+00,0.000000000000000000e+00
5.439210578476350122e+01,0.000000000000000000e+00,0.000000000000000000e+00
5.349459779799791193e+01,0.000000000000000000e+00,0.000000000000000000e+00
5.684681390404624324e+01,0.000000000000000000e+00,0.000000000000000000e+00
5.540866329614173935e+01,0.000000000000000000e+00,0.000000000000000000e+00
5.369524326591745478e+01,0.000000000000000000e+00,0.000000000000000000e+00
5.594644353831343864e+01,0.000000000000000000e+00,0.000000000000000000e+00
5.447134505126290804e+01,0.000000000000000000e+00,0.000000000000000000e+00
5.480595188367253456e+01,0.000000000000000000e+00,0.000000000000000000e+00
5.479549564528782923e+01,0.000000000000000000e+00,0.000000000000000000e+00
5.300449480761602672e+01,0.000000000000000000e+00,0.000000000000000000e+00
5.291336499273829475e+01,0.000000000000000000e+00,0.000000000000000000e+00
5.391315315970435051e+01,0.000000000000000000e+00,0.000000000000000000e+00
5.382396258713192339e+01,0.000000000000000000e+00,0.000000000000000000e+00
5.131563067290853297e+01,0.000000000000000000e+00,0.000000000000000000e+00
5.420022592529789307e+01,0.000000000000000000e+00,0.000000000000000000e+00
5.230157255894287971e+01,0.000000000000000000e+00,0.000000000000000000e+00
5.076089957284242615e+01,0.000000000000000000e+00,0.000000000000000000e+00
5.461250537385274839e+01,0.000000000000000000e+00,0.000000000000000000e+00
5.675894449083331494e+01,0.000000000000000000e+00,0.000000000000000000e+00
5.244826829509498367e+01,0.000000000000000000e+00,0.000000000000000000e+00
5.536341144565403027e+01,0.000000000000000000e+00,0.000000000000000000e+00
5.219298546088763402e+01,0.000000000000000000e+00,0.000000000000000000e+00
5.363749453257436528e+01,0.000000000000000000e+00,0.000000000000000000e+00
5.187070259214100076e+01,0.000000000000000000e+00,0.000000000000000000e+00
5.789509120016820276e+01,0.000000000000000000e+00,0.000000000000000000e+00
5.518977981157055268e+01,0.000000000000000000e+00,0.000000000000000000e+00
5.279991465522948602e+01,0.000000000000000000e+00,0.000000000000000000e+00
5.037759126723188530e+01,0.000000000000000000e+00,0.000000000000000000e+00
4.810005014568582027e+01,0.000000000000000000e+00,0.000000000000000000e+00
5.155973204337491467e+01,0.000000000000000000e+00,0.000000000000000000e+00
5.170545184669730077e+01,0.000000000000000000e+00,0.000000000000000000e+00
5.605658865376038591e+01,0.000000000000000000e+00,0.000000000000000000e+00
4.886867489886955696e+01,0.000000000000000000e+00,0.000000000000000000e+00
5.365961797112667142e+01,0.000000000000000000e+00,0.000000000000000000e+00
5.357293870928846502e+01,0.000000000000000000e+00,0.000000000000000000e+00
5.282862920816111085e+01,0.000000000000000000e+00,0.000000000000000000e+00
5.187479198904527777e+01,0.000000000000000000e+00,0.000000000000000000e+00
5.586283347669119337e+01,0.000000000000000000e+00,0.000000000000000000e+00
5.301734220072672343e+01,0.000000000000000000e+00,0.000000000000000000e+00
5.142355876304420548e+01,0.000000000000000000e+00,0.000000000000000000e+00
5.452075182489321037e+01,0.000000000000000000e+00,0.000000000000000000e+00
5.596529305686646438e+01,0.000000000000000000e+00,0.000000000000000000e+00
5.065397368318790683e+01,0.000000000000000000e+00,0.000000000000000000e+00
5.271111682294974798e+01,0.000000000000000000e+00,0.000000000000000000e+00
4.720250642435764377e+01,0.000000000000000000e+00,0.000000000000000000e+00
4.709279552094173482e+01,0.000000000000000000e+00,0.000000000000000000e+00
5.130415449081048962e+01,0.000000000000000000e+00,0.000000000000000000e+00
4.842226573656125765e+01,0.000000000000000000e+00,0.000000000000000000e+00
5.226560920000453336e+01,0.000000000000000000e+00,0.000000000000000000e+00
5.178711782550221443e+01,0.000000000000000000e+00,0.000000000000000000e+00
5.235476198144412763e+01,0.000000000000000000e+00,0.000000000000000000e+00
5.454938972642508332e+01,0.000000000000000000e+00,0.000000000000000000e+00
5.109307300528552531e+01,0.000000000000000000e+00,0.000000000000000000e+00
5.038636870377765575e+01,0.000000000000000000e+00,0.000000000000000000e+00
5.148115644647232614e+01,0.000000000000000000e+00,0.000000000000000000e+00
5.353011376739338090e+01,0.000000000000000000e+00,0.000000000000000000e+00
4.872904409759156152e+01,0.000000000000000000e+00,0.000000000000000000e+00
5.047193195188428660e+01,0.000000000000000000e+00,0.000000000000000000e+00
4.887250146958611197e+01,0.000000000000000000e+00,0.000000000000000000e+00
4.675473959749874098e+01,0.000000000000000000e+00,0.000000000000000000e+00
5.279362849902439336e+01,0.000000000000000000e+00,0.000000000000000000e+00
4.606474946535111314e+01,0.000000000000000000e+00,0.000000000000000000e+00
5.077077396493533001e+01,0.000000000000000000e+00,0.000000000000000000e+00
4.833101252264815173e+01,0.000000000000000000e+00,0.000000000000000000e+00
4.517537237602660127e+01,0.000000000000000000e+00,0.000000000000000000e+00
5.129572465046685892e+01,0.000000000000000000e+00,0.000000000000000000e+00
4.712837155658269950e+01,0.000000000000000000e+00,0.000000000000000000e+00
4.761863842998852192e+01,0.000000000000000000e+00,0.000000000000000000e+00
5.003410120022383012e+01,0.000000000000000000e+00,0.000000000000000000e+00
4.500053747943894678e+01,0.000000000000000000e+00,0.000000000000000000e+00
5.056375185052991839e+01,0.000000000000000000e+00,0.000000000000000000e+00
4.738497532611074803e+01,0.000000000000000000e+00,0.000000000000000000e+00
4.732921165242775174e+01,0.000000000000000000e+00,0.000000000000000000e+00
5.244749595470770487e+01,0.000000000000000000e+00,0.000000000000000000e+00
4.782847168008174776e+01,0.000000000000000000e+00,0.000000000000000000e+00
4.918083350061424852e+01,0.000000000000000000e+00,0.000000000000000000e+00
4.823881241852597412e+01,0.000000000000000000e+00,0.000000000000000000e+00
4.816931827868088334e+01,0.000000000000000000e+00,0.000000000000000000e+00
4.833623161163648518e+01,0.000000000000000000e+00,0.000000000000000000e+00
4.692691932120860088e+01,0.000000000000000000e+00,0.000000000000000000e+00
4.749282141222052189e+01,0.000000000000000000e+00,0.000000000000000000e+00
4.866911755982986421e+01,0.000000000000000000e+00,0.000000000000000000e+00
4.832380895583114722e+01,0.000000000000000000e+00,0.000000000000000000e+00
4.735418786879483832e+01,0.000000000000000000e+00,0.000000000000000000e+00
4.887339103836333720e+01,0.000000000000000000e+00,0.000000000000000000e+00
4.840084092058856413e+01,0.000000000000000000e+00,0.000000000000000000e+00
4.951195281219244038e+01,0.000000000000000000e+00,0.000000000000000000e+00
4.587697741957498465e+01,0.000000000000000000e+00,0.000000000000000000e+00
4.585342746355284760e+01,0.000000000000000000e+00,0.000000000000000000e+00
4.834631572923731113e+01,0.000000000000000000e+00,0.000000000000000000e+00
5.109179618580321147e+01,0.000000000000000000e+00,0.000000000000000000e+00
4.719189106622424390e+01,0.000000000000000000e+00,0.000000000000000000e+00
4.489385299509343241e+01,0.000000000000000000e+00,0.000000000000000000e+00
4.591301090320175859e+01,0.000000000000000000e+00,0.000000000000000000e+00
4.709981269861699360e+01,0.000000000000000000e+00,0.000000000000000000e+00
4.204245740619712279e+01,0.000000000000000000e+00,0.000000000000000000e+00
4.568878058406546927e+01,0.000000000000000000e+00,0.000000000000000000e+00
4.638040351395925853e+01,0.000000000000000000e+00,0.000000000000000000e+00
4.766585950183547737e+01,0.000000000000000000e+00,0.000000000000000000e+00
4.453779563198170877e+01,0.000000000000000000e+00,0.000000000000000000e+00
4.573660967092776986e+01,0.000000000000000000e+00,0.000000000000000000e+00
4.397172435655765099e+01,0.000000000000000000e+00,0.000000000000000000e+00
4.793951808052401020e+01,0.000000000000000000e+00,0.000000000000000000e+00
4.318080847421201440e+01,0.000000000000000000e+00,0.000000000000000000e+00
4.510408359732843309e+01,0.000000000000000000e+00,0.000000000000000000e+00
4.797954416338141215e+01,0.000000000000000000e+00,0.000000000000000000e+00
4.320031844306200952e+01,0.000000000000000000e+00,0.000000000000000000e+00
4.449575967415071887e+01,0.000000000000000000e+00,0.000000000000000000e+00
4.644965401896708102e+01,0.000000000000000000e+00,0.000000000000000000e+00
4.477813717837521068e+01,0.000000000000000000e+00,0.000000000000000000e+00
4.593788103803212408e+01,0.000000000000000000e+00,0.000000000000000000e+00
4.280926145083157053e+01,0.000000000000000000e+00,0.000000000000000000e+00
4.541170393501086977e+01,0.000000000000000000e+00,0.000000000000000000e+00
4.455569321448889752e+01,0.000000000000000000e+00,0.000000000000000000e+00
4.775640080643024987e+01,0.000000000000000000e+00,0.000000000000000000e+00
4.432777624365402858e+01,0.000000000000000000e+00,0.000000000000000000e+00
4.215228035096227899e+01,0.000000000000000000e+00,0.000000000000000000e+00
4.582585284424331462e+01,0.000000000000000000e+00,0.000000000000000000e+00
4.378746454473529326e+01,0.000000000000000000e+00,0.000000000000000000e+00
4.397497688686342343e+01,0.000000000000000000e+00,0.000000000000000000e+00
4.172621851515600611e+01,0.000000000000000000e+00,0.000000000000000000e+00
4.399254062559268874e+01,0.000000000000000000e+00,0.000000000000000000e+00
4.544429681414239752e+01,0.000000000000000000e+00,0.000000000000000000e+00
4.558453091913077060e+01,0.000000000000000000e+00,0.000000000000000000e+00
4.584537066068315170e+01,0.000000000000000000e+00,0.000000000000000000e+00
4.696476676283747764e+01,0.000000000000000000e+00,0.000000000000000000e+00
4.470960973372633163e+01,0.000000000000000000e+00,0.000000000000000000e+00
4.732896523833138502e+01,0.000000000000000000e+00,0.000000000000000000e+00
4.589143340411594352e+01,0.000000000000000000e+00,0.000000000000000000e+00
4.490892112184056373e+01,0.000000000000000000e+00,0.000000000000000000e+00
4.633175457862220981e+01,0.000000000000000000e+00,0.000000000000000000e+00
4.425693222254901826e+01,0.000000000000000000e+00,0.000000000000000000e+00
4.385659386939975235e+01,0.000000000000000000e+00,0.000000000000000000e+00
4.226606639217004613e+01,0.000000000000000000e+00,0.000000000000000000e+00
4.360783381052941365e+01,0.000000000000000000e+00,0.000000000000000000e+00
4.689657713402829131e+01,0.000000000000000000e+00,0.000000000000000000e+00
4.317921153686802427e+01,0.000000000000000000e+00,0.000000000000000000e+00
4.222435339326793269e+01,0.000000000000000000e+00,0.000000000000000000e+00
4.151164930419756161e+01,0.000000000000000000e+00,0.000000000000000000e+00
3.921149389441769983e+01,0.000000000000000000e+00,0.000000000000000000e+00
4.601192883866046657e+01,0.000000000000000000e+00,0.000000000000000000e+00
4.280975512376351588e+01,0.000000000000000000e+00,0.000000000000000000e+00
4.071106038976029140e+01,0.000000000000000000e+00,0.000000000000000000e+00
4.229223385035483318e+01,0.000000000000000000e+00,0.000000000000000000e+00
4.231023050413720910e+01,0.000000000000000000e+00,0.000000000000000000e+00
4.165116684371724887e+01,0.000000000000000000e+00,0.000000000000000000e+00
4.574430599931582009e+01,0.000000000000000000e+00,0.000000000000000000e+00
4.233287669382090712e+01,0.000000000000000000e+00,0.000000000000000000e+00
4.002215414654982339e+01,0.000000000000000000e+00,0.000000000000000000e+00
3.791513061119763250e+01,0.000000000000000000e+00,0.000000000000000000e+00
4.383198678683594096e+01,0.000000000000000000e+00,0.000000000000000000e+00
4.278441085880279360e+01,0.000000000000000000e+00,0.000000000000000000e+00
4.565713754443780203e+01,0.000000000000000000e+00,0.000000000000000000e+00
4.279252555074744180e+01,0.000000000000000000e+00,0.000000000000000000e+00
4.276990538454525392e+01,0.000000000000000000e+00,0.000000000000000000e+00
4.330671495692516970e+01,0.000000000000000000e+00,0.000000000000000000e+00
4.505956949531275058e+01,0.000000000000000000e+00,0.000000000000000000e+00
4.129658041967515913e+01,0.000000000000000000e+00,0.000000000000000000e+00
3.890646827664890139e+01,0.000000000000000000e+00,0.000000000000000000e+00
4.436779126537646079e+01,0.000000000000000000e+00,0.000000000000000000e+00
4.221885240335941347e+01,0.000000000000000000e+00,0.000000000000000000e+00
3.865828922246812738e+01,0.000000000000000000e+00,0.000000000000000000e+00
4.137753423075837844e+01,0.000000000000000000e+00,0.000000000000000000e+00
4.078176862255119062e+01,0.000000000000000000e+00,0.000000000000000000e+00
4.305963380002239660e+01,0.000000000000000000e+00,0.000000000000000000e+00
4.180758357840068840e+01,0.000000000000000000e+00,0.000000000000000000e+00
4.069904284944646378e+01,0.000000000000000000e+00,0.000000000000000000e+00
4.446015967735075236e+01,0.000000000000000000e+00,0.000000000000000000e+00
3.821874829003733254e+01,0.000000000000000000e+00,0.000000000000000000e+00
4.269256880524768150e+01,0.000000000000000000e+00,0.000000000000000000e+00
3.991531832590989382e+01,0.000000000000000000e+00,0.000000000000000000e+00
4.265258628790942197e+01,0.000000000000000000e+00,0.000000000000000000e+00
3.883959938569553572e+01,0.000000000000000000e+00,0.000000000000000000e+00
4.293452433700891646e+01,0.000000000000000000e+00,0.000000000000000000e+00
4.164861099873306927e+01,0.000000000000000000e+00,0.000000000000000000e+00
3.804673256726971431e+01,0.000000000000000000e+00,0.000000000000000000e+00
4.046354034172518510e+01,0.000000000000000000e+00,0.000000000000000000e+00
3.842905466134648407e+01,0.000000000000000000e+00,0.000000000000000000e+00
3.819069587519251741e+01,0.000000000000000000e+00,0.000000000000000000e+00
3.622592277358464230e+01,0.000000000000000000e+00,0.000000000000000000e+00
3.824617096652750803e+01,0.000000000000000000e+00,0.000000000000000000e+00
3.843344045095897599e+01,0.000000000000000000e+00,0.000000000000000000e+00
3.619305941263638715e+01,0.000000000000000000e+00,0.000000000000000000e+00
3.933478414541001200e+01,0.000000000000000000e+00,0.000000000000000000e+00
3.927947537954131008e+01,0.000000000000000000e+00,0.000000000000000000e+00
4.051576762268783227e+01,0.000000000000000000e+00,0.000000000000000000e+00
3.896943072871001590e+01,0.000000000000000000e+00,0.000000000000000000e+00
4.007048707871625481e+01,0.000000000000000000e+00,0.000000000000000000e+00
3.960527027390567412e+01,0.000000000000000000e+00,0.000000000000000000e+00
4.207343028755439462e+01,0.000000000000000000e+00,0.000000000000000000e+00
3.728019624930792020e+01,0.000000000000000000e+00,0.000000000000000000e+00
3.545264140863394431e+01,0.000000000000000000e+00,0.000000000000000000e+00
4.394635956323799775e+01,0.000000000000000000e+00,0.000000000000000000e+00
4.105993689829512050e+01,0.000000000000000000e+00,0.000000000000000000e+00
4.013986855250859520e+01,0.000000000000000000e+00,0.000000000000000000e+00
3.723617439818665531e+01,0.000000000000000000e+00,0.000000000000000000e+00
3.907001904779779267e+01,0.000000000000000000e+00,0.000000000000000000e+00
3.738226927722796233e+01,0.000000000000000000e+00,0.000000000000000000e+00
3.623184138089954587e+01,0.000000000000000000e+00,0.000000000000000000e+00
3.558359070696718618e+01,0.000000000000000000e+00,0.000000000000000000e+00
3.659686782601044541e+01,0.000000000000000000e+00,0.000000000000000000e+00
3.960944754949376545e+01,0.000000000000000000e+00,0.000000000000000000e+00
3.875149591197688181e+01,0.000000000000000000e+00,0.000000000000000000e+00
4.110435552433295214e+01,0.000000000000000000e+00,0.000000000000000000e+00
3.671774892353978004e+01,0.000000000000000000e+00,0.000000000000000000e+00
3.854028421165090634e+01,0.000000000000000000e+00,0.000000000000000000e+00
3.484920873997382529e+01,0.000000000000000000e+00,0.000000000000000000e+00
4.355310695007990773e+01,0.000000000000000000e+00,0.000000000000000000e+00
3.867351435093900136e+01,0.000000000000000000e+00,0.000000000000000000e+00
3.308329481828646124e+01,0.000000000000000000e+00,0.000000000000000000e+00
3.862368586261531078e+01,0.000000000000000000e+00,0.000000000000000000e+00
3.825185800718574569e+01,0.000000000000000000e+00,0.000000000000000000e+00
3.904337727140665493e+01,0.000000000000000000e+00,0.000000000000000000e+00
3.918832000582534647e+01,0.000000000000000000e+00,0.000000000000000000e+00
3.617205933067492651e+01,0.000000000000000000e+00,0.000000000000000000e+00
3.824215027925337296e+01,0.000000000000000000e+00,0.000000000000000000e+00
3.838282309107717793e+01,0.000000000000000000e+00,0.000000000000000000e+00
3.462389555085484005e+01,0.000000000000000000e+00,0.000000000000000000e+00
3.573893374902559117e+01,0.000000000000000000e+00,0.000000000000000000e+00
3.960473539597277437e+01,0.000000000000000000e+00,0.000000000000000000e+00
3.703768399381939247e+01,0.000000000000000000e+00,0.000000000000000000e+00
3.366287005357751383e+01,0.000000000000000000e+00,0.000000000000000000e+00
3.642379362165646484e+01,0.000000000000000000e+00,0.000000000000000000e+00
3.947127363346235285e+01,0.000000000000000000e+00,0.000000000000000000e+00
3.730996418347885424e+01,0.000000000000000000e+00,0.000000000000000000e+00
3.975347996239253945e+01,0.000000000000000000e+00,0.000000000000000000e+00
3.601425942489888854e+01,0.000000000000000000e+00,0.000000000000000000e+00
3.500894792631437724e+01,0.000000000000000000e+00,0.000000000000000000e+00
3.667755729225688555e+01,0.000000000000000000e+00,0.000000000000000000e+00
3.180105350828842603e+01,0.000000000000000000e+00,0.000000000000000000e+00
3.596831133382006840e+01,0.000000000000000000e+00,0.000000000000000000e+00
3.528724484197841349e+01,0.000000000000000000e+00,0.000000000000000000e+00
3.597538730784801686e+01,0.000000000000000000e+00,0.000000000000000000e+00
3.636048006389476939e+01,0.000000000000000000e+00,0.000000000000000000e+00
3.542695351332588416e+01,0.000000000000000000e+00,0.000000000000000000e+00
3.497724549870928712e+01,0.000000000000000000e+00,0.000000000000000000e+00
3.193494115336863715e+01,0.000000000000000000e+00,0.000000000000000000e+00
3.599710930400752318e+01,0.000000000000000000e+00,0.000000000000000000e+00
4.033141339104875556e+01,0.000000000000000000e+00,0.000000000000000000e+00
3.338231575404194729e+01,0.000000000000000000e+00,0.000000000000000000e+00
3.972689443827585620e+01,0.000000000000000000e+00,0.000000000000000000e+00
3.458993555235197448e+01,0.000000000000000000e+00,0.000000000000000000e+00
3.829395889973711320e+01,0.000000000000000000e+00,0.000000000000000000e+00
3.751032332685151971e+01,0.000000000000000000e+00,0.000000000000000000e+00
3.495102764384532179e+01,0.000000000000000000e+00,0.000000000000000000e+00
3.517634216670652592e+01,0.000000000000000000e+00,0.000000000000000000e+00
3.878475455678556472e+01,0.000000000000000000e+00,0.000000000000000000e+00
3.714809709271792570e+01,0.000000000000000000e+00,0.000000000000000000e+00
3.111158761879071477e+01,0.000000000000000000e+00,0.000000000000000000e+00
3.479062161701924794e+01,0.000000000000000000e+00,0.000000000000000000e+00
3.452667520537728763e+01,0.000000000000000000e+00,0.000000000000000000e+00
3.599009291299537239e+01,0.000000000000000000e+00,0.000000000000000000e+00
3.464350022627576919e+01,0.000000000000000000e+00,0.000000000000000000e+00
3.394175031470359016e+01,0.000000000000000000e+00,0.000000000000000000e+00
3.432263151118778666e+01,0.000000000000000000e+00,0.000000000000000000e+00
3.640207804188437990e+01,0.000000000000000000e+00,0.000000000000000000e+00
3.193193669724695027e+01,0.000000000000000000e+00,0.000000000000000000e+00
3.293453957447033531e+01,0.000000000000000000e+00,0.000000000000000000e+00
3.133979953806147023e+01,0.000000000000000000e+00,0.000000000000000000e+00
3.638181721701495519e+01,0.000000000000000000e+00,0.000000000000000000e+00
3.357340139439818927e+01,0.000000000000000000e+00,0.000000000000000000e+00
3.442600843077913453e+01,0.000000000000000000e+00,0.000000000000000000e+00
3.443282386421807928e+01,0.000000000000000000e+00,0.000000000000000000e+00
3.679776505623688365e+01,0.000000000000000000e+00,0.000000000000000000e+00
3.593321288616440512e+01,0.000000000000000000e+00,0.000000000000000000e+00
3.565336626969724421e+01,0.000000000000000000e+00,0.000000000000000000e+00
3.250101521262155302e+01,0.000000000000000000e+00,0.000000000000000000e+00
3.436656443242465286e+01,0.000000000000000000e+00,0.000000000000000000e+00
3.374372434330216208e+01,0.000000000000000000e+00,0.000000000000000000e+00
3.445647317294120882e+01,0.000000000000000000e+00,0.000000000000000000e+00
3.370465604088023071e+01,0.000000000000000000e+00,0.000000000000000000e+00
3.580177514938257133e+01,0.000000000000000000e+00,0.000000000000000000e+00
3.315237914678270670e+01,0.000000000000000000e+00,0.000000000000000000e+00
3.385261970449399627e+01,0.000000000000000000e+00,0.000000000000000000e+00
3.305371246380875050e+01,0.000000000000000000e+00,0.000000000000000000e+00
3.420491000665786885e+01,0.000000000000000000e+00,0.000000000000000000e+00
3.535758667012569845e+01,0.000000000000000000e+00,0.000000000000000000e+00
3.380815558602652260e+01,0.000000000000000000e+00,0.000000000000000000e+00
3.131738970366050978e+01,0.000000000000000000e+00,0.000000000000000000e+00
3.648987955270644079e+01,0.000000000000000000e+00,0.000000000000000000e+00
3.404304751892904335e+01,0.000000000000000000e+00,0.000000000000000000e+00
3.363365825197369219e+01,0.000000000000000000e+00,0.000000000000000000e+00
3.149669528219490999e+01,0.000000000000000000e+00,0.000000000000000000e+00
3.111394131807292140e+01,0.000000000000000000e+00,0.000000000000000000e+00
3.011338645601185604e+01,0.000000000000000000e+00,0.000000000000000000e+00
3.244153982522470869e+01,0.000000000000000000e+00,0.000000000000000000e+00
3.066343592886412139e+01,0.000000000000000000e+00,0.000000000000000000e+00
3.332910337499187392e+01,0.000000000000000000e+00,0.000000000000000000e+00
3.023932231333584753e+01,0.000000000000000000e+00,0.000000000000000000e+00
2.904148873239610751e+01,0.000000000000000000e+00,0.000000000000000000e+00
3.290295010729492020e+01,0.000000000000000000e+00,0.000000000000000000e+00
2.814562473479409022e+01,0.000000000000000000e+00,0.000000000000000000e+00
3.352069613931951153e+01,0.000000000000000000e+00,0.000000000000000000e+00
2.985320864744460323e+01,0.000000000000000000e+00,0.000000000000000000e+00
3.114305400462890816e+01,0.000000000000000000e+00,0.000000000000000000e+00
3.224236258146562761e+01,0.000000000000000000e+00,0.000000000000000000e+00
3.151311296512347937e+01,0.000000000000000000e+00,0.000000000000000000e+00
3.127460667775318370e+01,0.000000000000000000e+00,0.000000000000000000e+00
3.160367851184036070e+01,0.000000000000000000e+00,0.000000000000000000e+00
3.286960152371810295e+01,0.000000000000000000e+00,0.000000000000000000e+00
3.006444547362465869e+01,0.000000000000000000e+00,0.000000000000000000e+00
3.111197166336083342e+01,0.000000000000000000e+00,0.000000000000000000e+00
3.006504716070485728e+01,0.000000000000000000e+00,0.000000000000000000e+00
3.051500392831567865e+01,0.000000000000000000e+00,0.000000000000000000e+00
3.164108820093570174e+01,0.000000000000000000e+00,0.000000000000000000e+00
3.307167277233716618e+01,0.000000000000000000e+00,0.000000000000000000e+00
3.184973745484889207e+01,0.000000000000000000e+00,0.000000000000000000e+00
3.099270698906924082e+01,0.000000000000000000e+00,0.000000000000000000e+00
2.849387252841435014e+01,0.000000000000000000e+00,0.000000000000000000e+00
2.752555905815279047e+01,0.000000000000000000e+00,0.000000000000000000e+00
2.892017998356863373e+01,0.000000000000000000e+00,0.000000000000000000e+00
3.107916434798959315e+01,0.000000000000000000e+00,0.000000000000000000e+00
3.023033643032755791e+01,0.000000000000000000e+00,0.000000000000000000e+00
3.270852520463982671e+01,0.000000000000000000e+00,0.000000000000000000e+00
2.972386101453620455e+01,0.000000000000000000e+00,0.000000000000000000e+00
3.094588928950285833e+01,0.000000000000000000e+00,0.000000000000000000e+00
2.882226248462485074e+01,0.000000000000000000e+00,0.000000000000000000e+00
2.867511645927264041e+01,0.000000000000000000e+00,0.000000000000000000e+00
3.284461894455767350e+01,0.000000000000000000e+00,0.000000000000000000e+00
3.296107512878423051e+01,0.000000000000000000e+00,0.000000000000000000e+00
3.138157325482462667e+01,0.000000000000000000e+00,0.000000000000000000e+00
3.127829242408019184e+01,0.000000000000000000e+00,0.000000000000000000e+00
3.083687705695973591e+01,0.000000000000000000e+00,0.000000000000000000e+00
2.661063163729253489e+01,0.000000000000000000e+00,0.000000000000000000e+00
2.913698714886235308e+01,0.000000000000000000e+00,0.000000000000000000e+00
2.770507974340677748e+01,0.000000000000000000e+00,0.000000000000000000e+00
2.980055543360904480e+01,0.000000000000000000e+00,0.000000000000000000e+00
2.947808966901983041e+01,0.000000000000000000e+00,0.000000000000000000e+00
2.796034748029052253e+01,0.000000000000000000e+00,0.000000000000000000e+00
2.814695452427801925e+01,0.000000000000000000e+00,0.000000000000000000e+00
2.779909735181203345e+01,0.000000000000000000e+00,0.000000000000000000e+00
3.093210313310339643e+01,0.000000000000000000e+00,0.000000000000000000e+00
3.099892970015879001e+01,0.000000000000000000e+00,0.000000000000000000e+00
2.819288926658633798e+01,0.000000000000000000e+00,0.000000000000000000e+00
3.066883020923549452e+01,0.000000000000000000e+00,0.000000000000000000e+00
3.207860484530588252e+01,0.000000000000000000e+00,0.000000000000000000e+00
3.079298558144338571e+01,0.000000000000000000e+00,0.000000000000000000e+00
3.198376205877001865e+01,0.000000000000000000e+00,0.000000000000000000e+00
2.906941668234367881e+01,0.000000000000000000e+00,0.000000000000000000e+00
2.890211908757121506e+01,0.000000000000000000e+00,0.000000000000000000e+00
2.972480986173692230e+01,0.000000000000000000e+00,0.000000000000000000e+00
3.139982872592105423e+01,0.000000000000000000e+00,0.000000000000000000e+00
2.939871676632074937e+01,0.000000000000000000e+00,0.000000000000000000e+00
3.169751719667667800e+01,0.000000000000000000e+00,0.000000000000000000e+00
3.077834668704036858e+01,0.000000000000000000e+00,0.000000000000000000e+00
2.731004076137805114e+01,0.000000000000000000e+00,0.000000000000000000e+00
2.944237419528598210e+01,0.000000000000000000e+00,0.000000000000000000e+00
2.726012576996926740e+01,0.000000000000000000e+00,0.000000000000000000e+00
2.872919372440139796e+01,0.000000000000000000e+00,0.000000000000000000e+00
2.732466169434521319e+01,0.000000000000000000e+00,0.000000000000000000e+00
3.046664971301519031e+01,0.000000000000000000e+00,0.000000000000000000e+00
3.145402853268055310e+01,0.000000000000000000e+00,0.000000000000000000e+00
2.741400191490353677e+01,0.000000000000000000e+00,0.000000000000000000e+00
3.189873471229815749e+01,0.000000000000000000e+00,0.000000000000000000e+00
2.706580996865299582e+01,0.000000000000000000e+00,0.000000000000000000e+00
3.083347879108375622e+01,0.000000000000000000e+00,0.000000000000000000e+00
2.550348686253567720e+01,0.000000000000000000e+00,0.000000000000000000e+00
2.691784431881709239e+01,0.000000000000000000e+00,0.000000000000000000e+00
2.904812710748731419e+01,0.000000000000000000e+00,0.000000000000000000e+00
2.975436042397272374e+01,0.000000000000000000e+00,0.000000000000000000e+00
2.536481385989040405e+01,0.000000000000000000e+00,0.000000000000000000e+00
2.759584490012625579e+01,0.000000000000000000e+00,0.000000000000000000e+00
2.986711130007722304e+01,0.000000000000000000e+00,0.000000000000000000e+00
2.625373951150823970e+01,0.000000000000000000e+00,0.000000000000000000e+00
2.778155595148640700e+01,0.000000000000000000e+00,0.000000000000000000e+00
2.539928554922398973e+01,0.000000000000000000e+00,0.000000000000000000e+00
2.753398225129748411e+01,0.000000000000000000e+00,0.000000000000000000e+00
2.695155452017736053e+01,0.000000000000000000e+00,0.000000000000000000e+00
2.478167634403358122e+01,0.000000000000000000e+00,0.000000000000000000e+00
2.665357467131567049e+01,0.000000000000000000e+00,0.000000000000000000e+00
2.883626655765230495e+01,0.000000000000000000e+00,0.000000000000000000e+00
2.944489024139168620e+01,0.000000000000000000e+00,0.000000000000000000e+00
2.493920133604922640e+01,0.000000000000000000e+00,0.000000000000000000e+00
2.650610811200202477e+01,0.000000000000000000e+00,0.000000000000000000e+00
2.796389913152017215e+01,0.000000000000000000e+00,0.000000000000000000e+00
2.763724873912587654e+01,0.000000000000000000e+00,0.000000000000000000e+00
2.904137252466985686e+01,0.000000000000000000e+00,0.000000000000000000e+00
2.698372253465066350e+01,0.000000000000000000e+00,0.000000000000000000e+00
2.792224575877489912e+01,0.000000000000000000e+00,0.000000000000000000e+00
2.474234126921980348e+01,0.000000000000000000e+00,0.000000000000000000e+00
2.979298237241816238e+01,0.000000000000000000e+00,0.000000000000000000e+00
2.664863458626376769e+01,0.000000000000000000e+00,0.000000000000000000e+00
2.557165582518284808e+01,0.000000000000000000e+00,0.000000000000000000e+00
2.963288850121120532e+01,0.000000000000000000e+00,0.000000000000000000e+00
2.551552579719377789e+01,0.000000000000000000e+00,0.000000000000000000e+00
2.383552452285002943e+01,0.000000000000000000e+00,0.000000000000000000e+00
2.284091617593508161e+01,0.000000000000000000e+00,0.000000000000000000e+00
2.859640339862598069e+01,0.000000000000000000e+00,0.000000000000000000e+00
2.923451151785199187e+01,0.000000000000000000e+00,0.000000000000000000e+00
2.709387364010859400e+01,0.000000000000000000e+00,0.000000000000000000e+00
2.780405693326592953e+01,0.000000000000000000e+00,0.000000000000000000e+00
2.671070600848790377e+01,0.000000000000000000e+00,0.000000000000000000e+00
2.252738261275518283e+01,0.000000000000000000e+00,0.000000000000000000e+00
2.799089088939686221e+01,0.000000000000000000e+00,0.000000000000000000e+00
2.864645299621640007e+01,0.000000000000000000e+00,0.000000000000000000e+00
2.880214743702023128e+01,0.000000000000000000e+00,0.000000000000000000e+00
2.618474069783122360e+01,0.000000000000000000e+00,0.000000000000000000e+00
2.459753724353444326e+01,0.000000000000000000e+00,0.000000000000000000e+00
2.479751307787066850e+01,0.000000000000000000e+00,0.000000000000000000e+00
2.318304500880483232e+01,0.000000000000000000e+00,0.000000000000000000e+00
2.518239365785186479e+01,0.000000000000000000e+00,0.000000000000000000e+00
2.376992144238448645e+01,0.000000000000000000e+00,0.000000000000000000e+00
2.585523096358955542e+01,0.000000000000000000e+00,0.000000000000000000e+00
2.455673628697092781e+01,0.000000000000000000e+00,0.000000000000000000e+00
2.483688292895834238e+01,0.000000000000000000e+00,0.000000000000000000e+00
2.719003804356911758e+01,0.000000000000000000e+00,0.000000000000000000e+00
2.724918491962374034e+01,0.000000000000000000e+00,0.000000000000000000e+00
2.391651154376904742e+01,0.000000000000000000e+00,0.000000000000000000e+00
2.530614317470039865e+01,0.000000000000000000e+00,0.000000000000000000e+00
2.621974656408279714e+01,0.000000000000000000e+00,0.000000000000000000e+00
2.218103546186228314e+01,0.000000000000000000e+00,0.000000000000000000e+00
2.566233489455699868e+01,0.000000000000000000e+00,0.000000000000000000e+00
2.558270269257214835e+01,0.000000000000000000e+00,0.000000000000000000e+00
2.160523546834884456e+01,0.000000000000000000e+00,0.000000000000000000e+00
2.246389841040108948e+01,0.000000000000000000e+00,0.000000000000000000e+00
2.828402028125002943e+01,0.000000000000000000e+00,0.000000000000000000e+00
2.020665722507644801e+01,0.000000000000000000e+00,0.000000000000000000e+00
2.509687008134554631e+01,0.000000000000000000e+00,0.000000000000000000e+00
2.636135588847979605e+01,0.000000000000000000e+00,0.000000000000000000e+00
2.633963409134712563e+01,0.000000000000000000e+00,0.000000000000000000e+00
2.652847982703150720e+01,0.000000000000000000e+00,0.000000000000000000e+00
2.568084935319054196e+01,0.000000000000000000e+00,0.000000000000000000e+00
2.169200236764066503e+01,0.000000000000000000e+00,0.000000000000000000e+00
2.434463060704298343e+01,0.000000000000000000e+00,0.000000000000000000e+00
2.821303871119667050e+01,0.000000000000000000e+00,0.000000000000000000e+00
2.423031991996794687e+01,0.000000000000000000e+00,0.000000000000000000e+00
2.440577386502688029e+01,0.000000000000000000e+00,0.000000000000000000e+00
2.519653686172802409e+01,0.000000000000000000e+00,0.000000000000000000e+00
2.687616006536295288e+01,0.000000000000000000e+00,0.000000000000000000e+00
2.451913191458114127e+01,0.000000000000000000e+00,0.000000000000000000e+00
2.682600708142748047e+01,0.000000000000000000e+00,0.000000000000000000e+00
2.343171974540214109e+01,0.000000000000000000e+00,0.000000000000000000e+00
2.647117224563729820e+01,0.000000000000000000e+00,0.000000000000000000e+00
2.449815347427028200e+01,0.000000000000000000e+00,0.000000000000000000e+00
2.445555122376365631e+01,0.000000000000000000e+00,0.000000000000000000e+00
2.651975762131262471e+01,0.000000000000000000e+00,0.000000000000000000e+00
2.656279941504215714e+01,0.000000000000000000e+00,0.000000000000000000e+00
2.305537441692044354e+01,0.000000000000000000e+00,0.000000000000000000e+00
2.661579908607181366e+01,0.000000000000000000e+00,0.000000000000000000e+00
2.401795747290291771e+01,0.000000000000000000e+00,0.000000000000000000e+00
2.315163038572762844e+01,0.000000000000000000e+00,0.000000000000000000e+00
2.025091034784055211e+01,0.000000000000000000e+00,0.000000000000000000e+00
2.334790818493963371e+01,0.000000000000000000e+00,0.000000000000000000e+00
2.559822992789552032e+01,0.000000000000000000e+00,0.000000000000000000e+00
2.144311334127906576e+01,0.000000000000000000e+00,0.000000000000000000e+00
2.206924118557742176e+01,0.000000000000000000e+00,0.000000000000000000e+00
2.698266829839036518e+01,0.000000000000000000e+00,0.000000000000000000e+00
2.409214993957608186e+01,0.000000000000000000e+00,0.000000000000000000e+00
2.284972245348941300e+01,0.000000000000000000e+00,0.000000000000000000e+00
2.448169157024190667e+01,0.000000000000000000e+00,0.000000000000000000e+00
2.561212857165976686e+01,0.000000000000000000e+00,0.000000000000000000e+00
2.544787516636123215e+01,0.000000000000000000e+00,0.000000000000000000e+00
2.228495452494169982e+01,0.000000000000000000e+00,0.000000000000000000e+00
2.111345450462110662e+01,0.000000000000000000e+00,0.000000000000000000e+00
2.332665412817868145e+01,0.000000000000000000e+00,0.000000000000000000e+00
2.270290834561584248e+01,0.000000000000000000e+00,0.000000000000000000e+00
2.370201312981213349e+01,0.000000000000000000e+00,0.000000000000000000e+00
2.267640139057228055e+01,0.000000000000000000e+00,0.000000000000000000e+00
2.198342730285820323e+01,0.000000000000000000e+00,0.000000000000000000e+00
2.254454887452217093e+01,0.000000000000000000e+00,0.000000000000000000e+00
2.372940428196563190e+01,0.000000000000000000e+00,0.000000000000000000e+00
2.328315932856342130e+01,0.000000000000000000e+00,0.000000000000000000e+00
2.202921232668805374e+01,0.000000000000000000e+00,0.000000000000000000e+00
2.158249724180592111e+01,0.000000000000000000e+00,0.000000000000000000e+00
2.390873001522116326e+01,0.000000000000000000e+00,0.000000000000000000e+00
2.110352050772131349e+01,0.000000000000000000e+00,0.000000000000000000e+00
2.445990516563997375e+01,0.000000000000000000e+00,0.000000000000000000e+00
2.109574577195476408e+01,0.000000000000000000e+00,0.000000000000000000e+00
2.609981472275050862e+01,0.000000000000000000e+00,0.000000000000000000e+00
2.344636309483729519e+01,0.000000000000000000e+00,0.000000000000000000e+00
2.641479086741636095e+01,0.000000000000000000e+00,0.000000000000000000e+00
2.178804886719177958e+01,0.000000000000000000e+00,0.000000000000000000e+00
2.419426435466398217e+01,0.000000000000000000e+00,0.000000000000000000e+00
2.308945954500598674e+01,0.000000000000000000e+00,0.000000000000000000e+00
2.382892332012675141e+01,0.000000000000000000e+00,0.000000000000000000e+00
2.406716096243939873e+01,0.000000000000000000e+00,0.000000000000000000e+00
2.241954371610362884e+01,0.000000000000000000e+00,0.000000000000000000e+00
2.625009731253172163e+01,0.000000000000000000e+00,0.000000000000000000e+00
2.349291648064395588e+01,0.000000000000000000e+00,0.000000000000000000e+00
2.509142455710667008e+01,0.000000000000000000e+00,0.000000000000000000e+00
2.549793086615569493e+01,0.000000000000000000e+00,0.000000000000000000e+00
2.127368599162583251e+01,0.000000000000000000e+00,0.000000000000000000e+00
2.134822400922774577e+01,0.000000000000000000e+00,0.000000000000000000e+00
2.117069052772331972e+01,0.000000000000000000e+00,0.000000000000000000e+00
2.198085858461274000e+01,0.000000000000000000e+00,0.000000000000000000e+00
2.526903005491291410e+01,0.000000000000000000e+00,0.000000000000000000e+00
2.061604486147385273e+01,0.000000000000000000e+00,0.000000000000000000e+00
1.812437802641563422e+01,0.000000000000000000e+00,0.000000000000000000e+00
2.171255962958633745e+01,0.000000000000000000e+00,0.000000000000000000e+00
2.560610667360266390e+01,0.000000000000000000e+00,0.000000000000000000e+00
2.343356247600870645e+01,0.000000000000000000e+00,0.000000000000000000e+00
2.233827137631919868e+01,0.000000000000000000e+00,0.000000000000000000e+00
2.081778055769409264e+01,0.000000000000000000e+00,0.000000000000000000e+00
2.128091217517775036e+01,0.000000000000000000e+00,0.000000000000000000e+00
2.258858716742610184e+01,0.000000000000000000e+00,0.000000000000000000e+00
2.017334877830081297e+01,0.000000000000000000e+00,0.000000000000000000e+00
2.167351285379395165e+01,0.000000000000000000e+00,0.000000000000000000e+00
2.252851046139692670e+01,0.000000000000000000e+00,0.000000000000000000e+00
1.786625328482908515e+01,0.000000000000000000e+00,0.000000000000000000e+00
2.380579112490992344e+01,0.000000000000000000e+00,0.000000000000000000e+00
2.248817560788648606e+01,0.000000000000000000e+00,0.000000000000000000e+00
2.270677113153609028e+01,0.000000000000000000e+00,0.000000000000000000e+00
2.354322670552629404e+01,0.000000000000000000e+00,0.000000000000000000e+00
2.138241381579290490e+01,0.000000000000000000e+00,0.000000000000000000e+00
1.903330133427251880e+01,0.000000000000000000e+00,0.000000000000000000e+00
1.828573814686763654e+01,0.000000000000000000e+00,0.000000000000000000e+00
2.004186860339321896e+01,0.000000000000000000e+00,0.000000000000000000e+00
2.283517242175214434e+01,0.000000000000000000e+00,0.000000000000000000e+00
2.326942374923847012e+01,0.000000000000000000e+00,0.000000000000000000e+00
2.207033096900411095e+01,0.000000000000000000e+00,0.000000000000000000e+00
2.108522530314778010e+01,0.000000000000000000e+00,0.000000000000000000e+00
2.383794576162271994e+01,0.000000000000000000e+00,0.000000000000000000e+00
2.452907613407419518e+01,0.000000000000000000e+00,0.000000000000000000e+00
2.459169291888632358e+01,0.000000000000000000e+00,0.000000000000000000e+00
2.634908113471298563e+01,0.000000000000000000e+00,0.000000000000000000e+00
2.409025066859880582e+01,0.000000000000000000e+00,0.000000000000000000e+00
2.027271435425477719e+01,0.000000000000000000e+00,0.000000000000000000e+00
2.129174000508420050e+01,0.000000000000000000e+00,0.000000000000000000e+00
2.317060240248605041e+01,0.000000000000000000e+00,0.000000000000000000e+00
2.232336436587878126e+01,0.000000000000000000e+00,0.000000000000000000e+00
2.344119886950753084e+01,0.000000000000000000e+00,0.000000000000000000e+00
2.059938922218646340e+01,0.000000000000000000e+00,0.000000000000000000e+00
2.249442091252295839e+01,0.000000000000000000e+00,0.000000000000000000e+00
1.910926640192956683e+01,0.000000000000000000e+00,0.000000000000000000e+00
2.307807517103749362e+01,0.000000000000000000e+00,0.000000000000000000e+00
1.948425302565512141e+01,0.000000000000000000e+00,0.000000000000000000e+00
2.275946749564731064e+01,0.000000000000000000e+00,0.000000000000000000e+00
2.140696305752006978e+01,0.000000000000000000e+00,0.000000000000000000e+00
1.871353226437211248e+01,0.000000000000000000e+00,0.000000000000000000e+00
2.455324784463668308e+01,0.000000000000000000e+00,0.000000000000000000e+00
2.166988361669242735e+01,0.000000000000000000e+00,0.000000000000000000e+00
2.432433534789851848e+01,0.000000000000000000e+00,0.000000000000000000e+00
1.938044192454932713e+01,0.000000000000000000e+00,0.000000000000000000e+00
2.171411531386865335e+01,0.000000000000000000e+00,0.000000000000000000e+00
2.162850250535117880e+01,0.000000000000000000e+00,0.000000000000000000e+00
2.264822479134149447e+01,0.000000000000000000e+00,0.000000000000000000e+00
2.238604325583310839e+01,0.000000000000000000e+00,0.000000000000000000e+00
1.835270810979318412e+01,0.000000000000000000e+00,0.000000000000000000e+00
1.895147959520875247e+01,0.000000000000000000e+00,0.000000000000000000e+00
2.384189239088950174e+01,0.000000000000000000e+00,0.000000000000000000e+00
2.339278715145821863e+01,0.000000000000000000e+00,0.000000000000000000e+00
2.037292576884125950e+01,0.000000000000000000e+00,0.000000000000000000e+00
2.112031076662460549e+01,0.000000000000000000e+00,0.000000000000000000e+00
2.314716794888970952e+01,0.000000000000000000e+00,0.000000000000000000e+00
1.857846762744669178e+01,0.000000000000000000e+00,0.000000000000000000e+00
1.814331975717269430e+01,0.000000000000000000e+00,0.000000000000000000e+00
2.113935094129157122e+01,0.000000000000000000e+00,0.000000000000000000e+00
1.936883058234622013e+01,0.000000000000000000e+00,0.000000000000000000e+00
1.899343325994055931e+01,0.000000000000000000e+00,0.000000000000000000e+00
2.057976651218095299e+01,0.000000000000000000e+00,0.000000000000000000e+00
2.042356788310653570e+01,0.000000000000000000e+00,0.000000000000000000e+00
2.112249362354020832e+01,0.000000000000000000e+00,0.000000000000000000e+00
1.938496339902201271e+01,0.000000000000000000e+00,0.000000000000000000e+00
2.371391571687489375e+01,0.000000000000000000e+00,0.000000000000000000e+00
1.777116297421832414e+01,0.000000000000000000e+00,0.000000000000000000e+00
1.977452914832489483e+01,0.000000000000000000e+00,0.000000000000000000e+00
1.861215964843094284e+01,0.000000000000000000e+00,0.000000000000000000e+00
2.153777529235055610e+01,0.000000000000000000e+00,0.000000000000000000e+00
2.272476948115066975e+01,0.000000000000000000e+00,0.000000000000000000e+00
1.726430842610058392e+01,0.000000000000000000e+00,0.000000000000000000e+00
1.909228555812234873e+01,0.000000000000000000e+00,0.000000000000000000e+00
2.021401439825062241e+01,0.000000000000000000e+00,0.000000000000000000e+00
1.868288246113320383e+01,0.000000000000000000e+00,0.000000000000000000e+00
2.151750101174043550e+01,0.000000000000000000e+00,0.000000000000000000e+00
1.979009898072163764e+01,0.000000000000000000e+00,0.000000000000000000e+00
2.439014324669330236e+01,0.000000000000000000e+00,0.000000000000000000e+00
1.982169805931064133e+01,0.000000000000000000e+00,0.000000000000000000e+00
1.990467759153054317e+01,0.000000000000000000e+00,0.000000000000000000e+00
2.231324676093917603e+01,0.000000000000000000e+00,0.000000000000000000e+00
2.161859200461121588e+01,0.000000000000000000e+00,0.000000000000000000e+00
2.067751257322396441e+01,0.000000000000000000e+00,0.000000000000000000e+00
1.797840833605186717e+01,0.000000000000000000e+00,0.000000000000000000e+00
1.897451310757486453e+01,0.000000000000000000e+00,0.000000000000000000e+00
2.151357838930191235e+01,0.000000000000000000e+00,0.000000000000000000e+00
2.190419026852214657e+01,0.000000000000000000e+00,0.000000000000000000e+00
2.037399907317614023e+01,0.000000000000000000e+00,0.000000000000000000e+00
2.024878690161052930e+01,0.000000000000000000e+00,0.000000000000000000e+00
2.114319070781498766e+01,0.000000000000000000e+00,0.000000000000000000e+00
1.687560198550892210e+01,0.000000000000000000e+00,0.000000000000000000e+00
2.383932395912480473e+01,0.000000000000000000e+00,0.000000000000000000e+00
1.982018758832296612e+01,0.000000000000000000e+00,0.000000000000000000e+00
2.205452159959559566e+01,0.000000000000000000e+00,0.000000000000000000e+00
2.100101399876025354e+01,0.000000000000000000e+00,0.000000000000000000e+00
1.933650052410468589e+01,0.000000000000000000e+00,0.000000000000000000e+00
2.059137915085501547e+01,0.000000000000000000e+00,0.000000000000000000e+00
2.253920220417037257e+01,0.000000000000000000e+00,0.000000000000000000e+00
1.891501058960527359e+01,0.000000000000000000e+00,0.000000000000000000e+00
1.930950071376346600e+01,0.000000000000000000e+00,0.000000000000000000e+00
1.896026930992788806e+01,0.000000000000000000e+00,0.000000000000000000e+00
2.159231078169445439e+01,0.000000000000000000e+00,0.000000000000000000e+00
1.738268684930853780e+01,0.000000000000000000e+00,0.000000000000000000e+00
1.833128948211613363e+01,0.000000000000000000e+00,0.000000000000000000e+00
1.769997973714164274e+01,0.000000000000000000e+00,0.000000000000000000e+00
2.105639820518503313e+01,0.000000000000000000e+00,0.000000000000000000e+00
2.114733765952831135e+01,0.000000000000000000e+00,0.000000000000000000e+00
1.975465689889171372e+01,0.000000000000000000e+00,0.000000000000000000e+00
1.679902363925402753e+01,0.000000000000000000e+00,0.000000000000000000e+00
1.960667534649518373e+01,0.000000000000000000e+00,0.000000000000000000e+00
1.805606976101236327e+01,0.000000000000000000e+00,0.000000000000000000e+00
2.062406550820319495e+01,0.000000000000000000e+00,0.000000000000000000e+00
2.213518404824210606e+01,0.000000000000000000e+00,0.000000000000000000e+00
2.328472361087462872e+01,0.000000000000000000e+00,0.000000000000000000e+00
2.137621767234464087e+01,0.000000000000000000e+00,0.000000000000000000e+00
1.997792823759332492e+01,0.000000000000000000e+00,0.000000000000000000e+00
1.855083363770706484e+01,0.000000000000000000e+00,0.000000000000000000e+00
2.091802599360024928e+01,0.000000000000000000e+00,0.000000000000000000e+00
2.206811230163256710e+01,0.000000000000000000e+00,0.000000000000000000e+00
2.162256559330675643e+01,0.000000000000000000e+00,0.000000000000000000e+00
1.768124570092389547e+01,0.000000000000000000e+00,0.000000000000000000e+00
2.259010460005895027e+01,0.000000000000000000e+00,0.000000000000000000e+00
2.242564878959471741e+01,0.000000000000000000e+00,0.000000000000000000e+00
1.949959105625550038e+01,0.000000000000000000e+00,0.000000000000000000e+00
2.023948041481796167e+01,0.000000000000000000e+00,0.000000000000000000e+00
1.607467312681557203e+01,0.000000000000000000e+00,0.000000000000000000e+00
2.305823762403610999e+01,0.000000000000000000e+00,0.000000000000000000e+00
1.823773283453364158e+01,0.000000000000000000e+00,0.000000000000000000e+00
2.039461294190129692e+01,0.000000000000000000e+00,0.000000000000000000e+00
2.029994799500894231e+01,0.000000000000000000e+00,0.000000000000000000e+00
1.842170717707932681e+01,0.000000000000000000e+00,0.000000000000000000e+00
2.065678531385795225e+01,0.000000000000000000e+00,0.000000000000000000e+00
1.691970941066770706e+01,0.000000000000000000e+00,0.000000000000000000e+00
1.887538212177192065e+01,0.000000000000000000e+00,0.000000000000000000e+00
1.717671918393342523e+01,0.000000000000000000e+00,0.000000000000000000e+00
1.994100984913718477e+01,0.000000000000000000e+00,0.000000000000000000e+00
2.057999089658523317e+01,0.000000000000000000e+00,0.000000000000000000e+00
2.012570819290329993e+01,0.000000000000000000e+00,0.000000000000000000e+00
1.905963018207227577e+01,0.000000000000000000e+00,0.000000000000000000e+00
2.105592930779566174e+01,0.000000000000000000e+00,0.000000000000000000e+00
1.939430428810920048e+01,0.000000000000000000e+00,0.000000000000000000e+00
1.844174814743615087e+01,0.000000000000000000e+00,0.000000000000000000e+00
2.311001732395986252e+01,0.000000000000000000e+00,0.000000000000000000e+00
2.122720631974121730e+01,0.000000000000000000e+00,0.000000000000000000e+00
2.138408444363559724e+01,0.000000000000000000e+00,0.000000000000000000e+00
1.881076201888591370e+01,0.000000000000000000e+00,0.000000000000000000e+00
1.689646532318197814e+01,0.000000000000000000e+00,0.000000000000000000e+00
2.021990770654158354e+01,0.000000000000000000e+00,0.000000000000000000e+00
2.202096366024757756e+01,0.000000000000000000e+00,0.000000000000000000e+00
2.242736240849868068e+01,0.000000000000000000e+00,0.000000000000000000e+00
1.850541734899140422e+01,0.000000000000000000e+00,0.000000000000000000e+00
1.929437982070517776e+01,0.000000000000000000e+00,0.000000000000000000e+00
1.820752608805842598e+01,0.000000000000000000e+00,0.000000000000000000e+00
2.205839547705278036e+01,0.000000000000000000e+00,0.000000000000000000e+00
1.644273003536950739e+01,0.000000000000000000e+00,0.000000000000000000e+00
2.127021266382410403e+01,0.000000000000000000e+00,0.000000000000000000e+00
1.848256789078525841e+01,0.000000000000000000e+00,0.000000000000000000e+00
2.016201243921804220e+01,0.000000000000000000e+00,0.000000000000000000e+00
2.261777909058780978e+01,0.000000000000000000e+00,0.000000000000000000e+00
1.594980462136176236e+01,0.000000000000000000e+00,0.000000000000000000e+00
1.973740342364641975e+01,0.000000000000000000e+00,0.000000000000000000e+00
2.051891018384426246e+01,0.000000000000000000e+00,0.000000000000000000e+00
2.010063711439160983e+01,0.000000000000000000e+00,0.000000000000000000e+00
1.676750193336145855e+01,0.000000000000000000e+00,0.000000000000000000e+00
1.951833715894759536e+01,0.000000000000000000e+00,0.000000000000000000e+00
2.056857320201671513e+01,0.000000000000000000e+00,0.000000000000000000e+00
1.963928529830992886e+01,0.000000000000000000e+00,0.000000000000000000e+00
1.791285877750021882e+01,0.000000000000000000e+00,0.000000000000000000e+00
2.257430446848778516e+01,0.000000000000000000e+00,0.000000000000000000e+00
2.200605656369205931e+01,0.000000000000000000e+00,0.000000000000000000e+00
2.359193493796212948e+01,0.000000000000000000e+00,0.000000000000000000e+00
1.897455351103638677e+01,0.000000000000000000e+00,0.000000000000000000e+00
2.304669109938651061e+01,0.000000000000000000e+00,0.000000000000000000e+00
2.022020911889202921e+01,0.000000000000000000e+00,0.000000000000000000e+00
2.271808138412026423e+01,0.000000000000000000e+00,0.000000000000000000e+00
2.022809051124376367e+01,0.000000000000000000e+00,0.000000000000000000e+00
2.072260664517964557e+01,0.000000000000000000e+00,0.000000000000000000e+00
1.986815944713311310e+01,0.000000000000000000e+00,0.000000000000000000e+00
2.034173956287342833e+01,0.000000000000000000e+00,0.000000000000000000e+00
1.885782318488806197e+01,0.000000000000000000e+00,0.000000000000000000e+00
2.261437339843032035e+01,0.000000000000000000e+00,0.000000000000000000e+00
1.871389715846019186e+01,0.000000000000000000e+00,0.000000000000000000e+00
2.051973041967205091e+01,0.000000000000000000e+00,0.000000000000000000e+00
2.032108576770733066e+01,0.000000000000000000e+00,0.000000000000000000e+00
1.961192844675160529e+01,0.000000000000000000e+00,0.000000000000000000e+00
2.139213794198867546e+01,0.000000000000000000e+00,0.000000000000000000e+00
1.855781833878961606e+01,0.000000000000000000e+00,0.000000000000000000e+00
2.127462790054814690e+01,0.000000000000000000e+00,0.000000000000000000e+00
1.939769191945505966e+01,0.000000000000000000e+00,0.000000000000000000e+00
1.887331964691168196e+01,0.000000000000000000e+00,0.000000000000000000e+00
1.835034146731138094e+01,0.000000000000000000e+00,0.000000000000000000e+00
2.189232617392530145e+01,0.000000000000000000e+00,0.000000000000000000e+00
1.880041624857985738e+01,0.000000000000000000e+00,0.000000000000000000e+00
1.972088379045221629e+01,0.000000000000000000e+00,0.000000000000000000e+00
2.188618149243834665e+01,0.000000000000000000e+00,0.000000000000000000e+00
2.281022207974352867e+01,0.000000000000000000e+00,0.000000000000000000e+00
2.309262627299760950e+01,0.000000000000000000e+00,0.000000000000000000e+00
1.815281337357122027e+01,0.000000000000000000e+00,0.000000000000000000e+00
2.434341730571604856e+01,0.000000000000000000e+00,0.000000000000000000e+00
1.955019433644703497e+01,0.000000000000000000e+00,0.000000000000000000e+00
1.931286788047416891e+01,0.000000000000000000e+00,0.000000000000000000e+00
2.005672574769349836e+01,0.000000000000000000e+00,0.000000000000000000e+00
1.897104834957284680e+01,0.000000000000000000e+00,0.000000000000000000e+00
1.984203564045057178e+01,0.000000000000000000e+00,0.000000000000000000e+00
1.747239318424611554e+01,0.000000000000000000e+00,0.000000000000000000e+00
2.075405070497214410e+01,0.000000000000000000e+00,0.000000000000000000e+00
1.867761434356923900e+01,0.000000000000000000e+00,0.000000000000000000e+00
1.858481674505798509e+01,0.000000000000000000e+00,0.000000000000000000e+00
1.980657861682590948e+01,0.000000000000000000e+00,0.000000000000000000e+00
1.665013122920345268e+01,0.000000000000000000e+00,0.000000000000000000e+00
1.773330847684442801e+01,0.000000000000000000e+00,0.000000000000000000e+00
2.014664245716872415e+01,0.000000000000000000e+00,0.000000000000000000e+00
1.926883897952590274e+01,0.000000000000000000e+00,0.000000000000000000e+00
2.179942844104875732e+01,0.000000000000000000e+00,0.000000000000000000e+00
1.883188708278517609e+01,0.000000000000000000e+00,0.000000000000000000e+00
2.315526859633490986e+01,0.000000000000000000e+00,0.000000000000000000e+00
2.233988443874629937e+01,0.000000000000000000e+00,0.000000000000000000e+00
1.923801499036416374e+01,0.000000000000000000e+00,0.000000000000000000e+00
1.963703658828596943e+01,0.000000000000000000e+00,0.000000000000000000e+00
2.249956953513567015e+01,0.000000000000000000e+00,0.000000000000000000e+00
2.270853589928615435e+01,0.000000000000000000e+00,0.000000000000000000e+00
2.121422884137196618e+01,0.000000000000000000e+00,0.000000000000000000e+00
2.010753156055062973e+01,0.000000000000000000e+00,0.000000000000000000e+00
1.788538590614551183e+01,0.000000000000000000e+00,0.000000000000000000e+00
2.151350021410820190e+01,0.000000000000000000e+00,0.000000000000000000e+00
1.957131445662170677e+01,0.000000000000000000e+00,0.000000000000000000e+00
2.048719047035078233e+01,0.000000000000000000e+00,0.000000000000000000e+00
2.279093117394312173e+01,0.000000000000000000e+00,0.000000000000000000e+00
1.638964659367295695e+01,0.000000000000000000e+00,0.000000000000000000e+00
1.811484347359429492e+01,0.000000000000000000e+00,0.000000000000000000e+00
2.223789097640232626e+01,0.000000000000000000e+00,0.000000000000000000e+00
2.286292879682783052e+01,0.000000000000000000e+00,0.000000000000000000e+00
1.837309641125699500e+01,0.000000000000000000e+00,0.000000000000000000e+00
2.057975294789359566e+01,0.000000000000000000e+00,0.000000000000000000e+00
2.170339829928354547e+01,0.000000000000000000e+00,0.000000000000000000e+00
2.393416866366998619e+01,0.000000000000000000e+00,0.000000000000000000e+00
2.329049916091510397e+01,0.000000000000000000e+00,0.000000000000000000e+00
1.910268202590135189e+01,0.000000000000000000e+00,0.000000000000000000e+00
2.192367971797731130e+01,0.000000000000000000e+00,0.000000000000000000e+00
2.210858837234055940e+01,0.000000000000000000e+00,0.000000000000000000e+00
2.071142920461628734e+01,0.000000000000000000e+00,0.000000000000000000e+00
1.632629659678317324e+01,0.000000000000000000e+00,0.000000000000000000e+00
2.200265889309268630e+01,0.000000000000000000e+00,0.000000000000000000e+00
2.076405454853541599e+01,0.000000000000000000e+00,0.000000000000000000e+00
2.077009047194551883e+01,0.000000000000000000e+00,0.000000000000000000e+00
1.781455546158943903e+01,0.000000000000000000e+00,0.000000000000000000e+00
2.325135277558794655e+01,0.000000000000000000e+00,0.000000000000000000e+00
2.120505505731714635e+01,0.000000000000000000e+00,0.000000000000000000e+00
2.109678698961879917e+01,0.000000000000000000e+00,0.000000000000000000e+00
2.267294580971717366e+01,0.000000000000000000e+00,0.000000000000000000e+00
1.986578650240200261e+01,0.000000000000000000e+00,0.000000000000000000e+00
2.368346374846364810e+01,0.000000000000000000e+00,0.000000000000000000e+00
2.011679587608224296e+01,0.000000000000000000e+00,0.000000000000000000e+00
1.866358223538282957e+01,0.000000000000000000e+00,0.000000000000000000e+00
1.981085661999232173e+01,0.000000000000000000e+00,0.000000000000000000e+00
1.845855401133866991e+01,0.000000000000000000e+00,0.000000000000000000e+00
2.050067853800495143e+01,0.000000000000000000e+00,0.000000000000000000e+00
2.063584204501455233e+01,0.000000000000000000e+00,0.000000000000000000e+00
2.334857710084690297e+01,0.000000000000000000e+00,0.000000000000000000e+00
1.790487616064282861e+01,0.000000000000000000e+00,0.000000000000000000e+00
1.983468059717916887e+01,0.000000000000000000e+00,0.000000000000000000e+00
2.276306969605765218e+01,0.000000000000000000e+00,0.000000000000000000e+00
2.145797355776203474e+01,0.000000000000000000e+00,0.000000000000000000e+00
2.130974798771565659e+01,0.000000000000000000e+00,0.000000000000000000e+00
1.961759421895746058e+01,0.000000000000000000e+00,0.000000000000000000e+00
2.268278080345858427e+01,0.000000000000000000e+00,0.000000000000000000e+00
2.114946267571059479e+01,0.000000000000000000e+00,0.000000000000000000e+00
2.463227344892957404e+01,0.000000000000000000e+00,0.000000000000000000e+00
2.190427457078408224e+01,0.000000000000000000e+00,0.000000000000000000e+00
1.967333255268763992e+01,0.000000000000000000e+00,0.000000000000000000e+00
2.283611331479610129e+01,0.000000000000000000e+00,0.000000000000000000e+00
2.161873264918561333e+01,0.000000000000000000e+00,0.000000000000000000e+00
1.971541774919206347e+01,0.000000000000000000e+00,0.000000000000000000e+00
2.141799319049506423e+01,0.000000000000000000e+00,0.000000000000000000e+00
2.035304195641048253e+01,0.000000000000000000e+00,0.000000000000000000e+00
2.436606267363628575e+01,0.000000000000000000e+00,0.000000000000000000e+00
2.301694668998117876e+01,0.000000000000000000e+00,0.000000000000000000e+00
2.123645589082169494e+01,0.000000000000000000e+00,0.000000000000000000e+00
2.258613973950000897e+01,0.000000000000000000e+00,0.000000000000000000e+00
1.789630841738804179e+01,0.000000000000000000e+00,0.000000000000000000e+00
2.024143862035843711e+01,0.000000000000000000e+00,0.000000000000000000e+00
2.401344246071956334e+01,0.000000000000000000e+00,0.000000000000000000e+00
2.144842428644492927e+01,0.000000000000000000e+00,0.000000000000000000e+00
2.147914954998149994e+01,0.000000000000000000e+00,0.000000000000000000e+00
1.790804294785504780e+01,0.000000000000000000e+00,0.000000000000000000e+00
2.117714832947289239e+01,0.000000000000000000e+00,0.000000000000000000e+00
2.057300201919490590e+01,0.000000000000000000e+00,0.000000000000000000e+00
2.284831858403812177e+01,0.000000000000000000e+00,0.000000000000000000e+00
2.358554542468685611e+01,0.000000000000000000e+00,0.000000000000000000e+00
2.409225895120691519e+01,0.000000000000000000e+00,0.000000000000000000e+00
2.439131871973610899e+01,0.000000000000000000e+00,0.000000000000000000e+00
2.305873554857220853e+01,0.000000000000000000e+00,0.000000000000000000e+00
2.370653012618556588e+01,0.000000000000000000e+00,0.000000000000000000e+00
2.612012238735416148e+01,0.000000000000000000e+00,0.000000000000000000e+00
2.243902724199844911e+01,0.000000000000000000e+00,0.000000000000000000e+00
2.367344830556142199e+01,0.000000000000000000e+00,0.000000000000000000e+00
2.156690722346083788e+01,0.000000000000000000e+00,0.000000000000000000e+00
2.363361308774680936e+01,0.000000000000000000e+00,0.000000000000000000e+00
2.064964478886052746e+01,0.000000000000000000e+00,0.000000000000000000e+00
2.136694426082467047e+01,0.000000000000000000e+00,0.000000000000000000e+00
2.219943509937250425e+01,0.000000000000000000e+00,0.000000000000000000e+00
2.037541411542598269e+01,0.000000000000000000e+00,0.000000000000000000e+00
2.499641597638374435e+01,0.000000000000000000e+00,0.000000000000000000e+00
2.448573196884470349e+01,0.000000000000000000e+00,0.000000000000000000e+00
2.327086530198663894e+01,0.000000000000000000e+00,0.000000000000000000e+00
2.459775912759040750e+01,0.000000000000000000e+00,0.000000000000000000e+00
2.083841085989601538e+01,0.000000000000000000e+00,0.000000000000000000e+00
2.605349946998015653e+01,0.000000000000000000e+00,0.000000000000000000e+00
2.333311932277376144e+01,0.000000000000000000e+00,0.000000000000000000e+00
2.344137821815165168e+01,0.000000000000000000e+00,0.000000000000000000e+00
2.398953240147983479e+01,0.000000000000000000e+00,0.000000000000000000e+00
2.138847026042889965e+01,0.000000000000000000e+00,0.000000000000000000e+00
2.339086266815611737e+01,0.000000000000000000e+00,0.000000000000000000e+00
2.401394808760434074e+01,0.000000000000000000e+00,0.000000000000000000e+00
1.993377300608948488e+01,0.000000000000000000e+00,0.000000000000000000e+00
2.076187476440950519e+01,0.000000000000000000e+00,0.000000000000000000e+00
2.213989351781253490e+01,0.000000000000000000e+00,0.000000000000000000e+00
1.892798293865915582e+01,0.000000000000000000e+00,0.000000000000000000e+00
2.666129596040344651e+01,0.000000000000000000e+00,0.000000000000000000e+00
1.894057351451006355e+01,0.000000000000000000e+00,0.000000000000000000e+00
2.064321438907279926e+01,0.000000000000000000e+00,0.000000000000000000e+00
2.488716315545878288e+01,0.000000000000000000e+00,0.000000000000000000e+00
2.515275550598008891e+01,0.000000000000000000e+00,0.000000000000000000e+00
2.371237434462482341e+01,0.000000000000000000e+00,0.000000000000000000e+00
2.449798590860660852e+01,0.000000000000000000e+00,0.000000000000000000e+00
2.233735621823360518e+01,0.000000000000000000e+00,0.000000000000000000e+00
2.208351649409888040e+01,0.000000000000000000e+00,0.000000000000000000e+00
2.351982196951626491e+01,0.000000000000000000e+00,0.000000000000000000e+00
2.467822175597686041e+01,0.000000000000000000e+00,0.000000000000000000e+00
2.166812203791436175e+01,0.000000000000000000e+00,0.000000000000000000e+00
2.185200306573712581e+01,0.000000000000000000e+00,0.000000000000000000e+00
2.762290502174677442e+01,0.000000000000000000e+00,0.000000000000000000e+00
2.196142824164328289e+01,0.000000000000000000e+00,0.000000000000000000e+00
2.265949668145449536e+01,0.000000000000000000e+00,0.000000000000000000e+00
2.248350671303994375e+01,0.000000000000000000e+00,0.000000000000000000e+00
2.395870817664592778e+01,0.000000000000000000e+00,0.000000000000000000e+00
2.622007166915867771e+01,0.000000000000000000e+00,0.000000000000000000e+00
2.410197842300566151e+01,0.000000000000000000e+00,0.000000000000000000e+00
2.893918805151425744e+01,0.000000000000000000e+00,0.000000000000000000e+00
2.073563465215958956e+01,0.000000000000000000e+00,0.000000000000000000e+00
2.266494099702661558e+01,0.000000000000000000e+00,0.000000000000000000e+00
2.431919758839324430e+01,0.000000000000000000e+00,0.000000000000000000e+00
2.819911021510494464e+01,0.000000000000000000e+00,0.000000000000000000e+00
2.203390247298001015e+01,0.000000000000000000e+00,0.000000000000000000e+00
2.102505951534929451e+01,0.000000000000000000e+00,0.000000000000000000e+00
2.132418205981523229e+01,0.000000000000000000e+00,0.000000000000000000e+00
2.482710665156724872e+01,0.000000000000000000e+00,0.000000000000000000e+00
2.412786874308224583e+01,0.000000000000000000e+00,0.000000000000000000e+00
2.288984952982948329e+01,0.000000000000000000e+00,0.000000000000000000e+00
2.321102110294161491e+01,0.000000000000000000e+00,0.000000000000000000e+00
2.149482768631161633e+01,0.000000000000000000e+00,0.000000000000000000e+00
2.641847073114501399e+01,0.000000000000000000e+00,0.000000000000000000e+00
2.510375567377696271e+01,0.000000000000000000e+00,0.000000000000000000e+00
2.282063588266829512e+01,0.000000000000000000e+00,0.000000000000000000e+00
2.592464208024987471e+01,0.000000000000000000e+00,0.000000000000000000e+00
2.421499981521649403e+01,0.000000000000000000e+00,0.000000000000000000e+00
2.457425396812427465e+01,0.000000000000000000e+00,0.000000000000000000e+00
2.702848190570565379e+01,0.000000000000000000e+00,0.000000000000000000e+00
2.546632591239313115e+01,0.000000000000000000e+00,0.000000000000000000e+00
2.728858691453340413e+01,0.000000000000000000e+00,0.000000000000000000e+00
2.512047289519944826e+01,0.000000000000000000e+00,0.000000000000000000e+00
2.680072324427696628e+01,0.000000000000000000e+00,0.000000000000000000e+00
2.605518083140269070e+01,0.000000000000000000e+00,0.000000000000000000e+00
2.670677291719929514e+01,0.000000000000000000e+00,0.000000000000000000e+00
2.854978165988880079e+01,0.000000000000000000e+00,0.000000000000000000e+00
2.414991893849994753e+01,0.000000000000000000e+00,0.000000000000000000e+00
2.710053160322249255e+01,0.000000000000000000e+00,0.000000000000000000e+00
2.491002901655051360e+01,0.000000000000000000e+00,0.000000000000000000e+00
2.400136925628900997e+01,0.000000000000000000e+00,0.000000000000000000e+00
2.856784518198536915e+01,0.000000000000000000e+00,0.000000000000000000e+00
2.442846109776572305e+01,0.000000000000000000e+00,0.000000000000000000e+00
2.800213273994430097e+01,0.000000000000000000e+00,0.000000000000000000e+00
2.448257336415301211e+01,0.000000000000000000e+00,0.000000000000000000e+00
2.555830274474760699e+01,0.000000000000000000e+00,0.000000000000000000e+00
2.298454711353090474e+01,0.000000000000000000e+00,0.000000000000000000e+00
2.346561599246155438e+01,0.000000000000000000e+00,0.000000000000000000e+00
2.692216782719074430e+01,0.000000000000000000e+00,0.000000000000000000e+00
2.568123551377985692e+01,0.000000000000000000e+00,0.000000000000000000e+00
2.679070822848071032e+01,0.000000000000000000e+00,0.000000000000000000e+00
2.471293208890595849e+01,0.000000000000000000e+00,0.000000000000000000e+00
2.786087929095288729e+01,0.000000000000000000e+00,0.000000000000000000e+00
2.682699044422789569e+01,0.000000000000000000e+00,0.000000000000000000e+00
2.595300859367229052e+01,0.000000000000000000e+00,0.000000000000000000e+00
2.713127203072414773e+01,0.000000000000000000e+00,0.000000000000000000e+00
2.523495599882400953e+01,0.000000000000000000e+00,0.000000000000000000e+00
2.723943753602723561e+01,0.000000000000000000e+00,0.000000000000000000e+00
3.047557356041993870e+01,0.000000000000000000e+00,0.000000000000000000e+00
2.733647939116640302e+01,0.000000000000000000e+00,0.000000000000000000e+00
2.710418991346652362e+01,0.000000000000000000e+00,0.000000000000000000e+00
2.788114464576071327e+01,0.000000000000000000e+00,0.000000000000000000e+00
2.689918510770764470e+01,0.000000000000000000e+00,0.000000000000000000e+00
2.848960763918104533e+01,0.000000000000000000e+00,0.000000000000000000e+00
2.669443538092577839e+01,0.000000000000000000e+00,0.000000000000000000e+00
2.860194445696911103e+01,0.000000000000000000e+00,0.000000000000000000e+00
2.318443218532450700e+01,0.000000000000000000e+00,0.000000000000000000e+00
2.418949383639888140e+01,0.000000000000000000e+00,0.000000000000000000e+00
2.902470760324847987e+01,0.000000000000000000e+00,0.000000000000000000e+00
2.730252771844874005e+01,0.000000000000000000e+00,0.000000000000000000e+00
2.416990335414400803e+01,0.000000000000000000e+00,0.000000000000000000e+00
2.506495290780277330e+01,0.000000000000000000e+00,0.000000000000000000e+00
2.708215546611297597e+01,0.000000000000000000e+00,0.000000000000000000e+00
2.623463316421823777e+01,0.000000000000000000e+00,0.000000000000000000e+00
2.626748609122996569e+01,0.000000000000000000e+00,0.000000000000000000e+00
2.980977521142694542e+01,0.000000000000000000e+00,0.000000000000000000e+00
2.638959480066659324e+01,0.000000000000000000e+00,0.000000000000000000e+00
2.898636945044420798e+01,0.000000000000000000e+00,0.000000000000000000e+00
2.712776944427040959e+01,0.000000000000000000e+00,0.000000000000000000e+00
2.575876200010469219e+01,0.000000000000000000e+00,0.000000000000000000e+00
2.914498253937160044e+01,0.000000000000000000e+00,0.000000000000000000e+00
2.875399055083546429e+01,0.000000000000000000e+00,0.000000000000000000e+00
2.960462433750627298e+01,0.000000000000000000e+00,0.000000000000000000e+00
2.894631879505711680e+01,0.000000000000000000e+00,0.000000000000000000e+00
2.509687757539179387e+01,0.000000000000000000e+00,0.000000000000000000e+00
2.602870716828257613e+01,0.000000000000000000e+00,0.000000000000000000e+00
2.389308964235569377e+01,0.000000000000000000e+00,0.000000000000000000e+00
2.899184528253548976e+01,0.000000000000000000e+00,0.000000000000000000e+00
2.933715892042275897e+01,0.000000000000000000e+00,0.000000000000000000e+00
2.887264698445219935e+01,0.000000000000000000e+00,0.000000000000000000e+00
2.599560683233733016e+01,0.000000000000000000e+00,0.000000000000000000e+00
2.947474249745543773e+01,0.000000000000000000e+00,0.000000000000000000e+00
2.629549512811621881e+01,0.000000000000000000e+00,0.000000000000000000e+00
2.783170210117902954e+01,0.000000000000000000e+00,0.000000000000000000e+00
2.938508051067074334e+01,0.000000000000000000e+00,0.000000000000000000e+00
3.091975090087548494e+01,0.000000000000000000e+00,0.000000000000000000e+00
2.947982631133094955e+01,0.000000000000000000e+00,0.000000000000000000e+00
2.531852914291036427e+01,0.000000000000000000e+00,0.000000000000000000e+00
3.131899508572808344e+01,0.000000000000000000e+00,0.000000000000000000e+00
2.862566971208618938e+01,0.000000000000000000e+00,0.000000000000000000e+00
2.757466183094986079e+01,0.000000000000000000e+00,0.000000000000000000e+00
2.723961799726594890e+01,0.000000000000000000e+00,0.000000000000000000e+00
3.233167105884183457e+01,0.000000000000000000e+00,0.000000000000000000e+00
3.177598794159824536e+01,0.000000000000000000e+00,0.000000000000000000e+00
2.819187380732182291e+01,0.000000000000000000e+00,0.000000000000000000e+00
2.817194834037135465e+01,0.000000000000000000e+00,0.000000000000000000e+00
2.950183622465558742e+01,0.000000000000000000e+00,0.000000000000000000e+00
2.805417144988096467e+01,0.000000000000000000e+00,0.000000000000000000e+00
2.834259319709056868e+01,0.000000000000000000e+00,0.000000000000000000e+00
2.897073185139206686e+01,0.000000000000000000e+00,0.000000000000000000e+00
2.961092812678242936e+01,0.000000000000000000e+00,0.000000000000000000e+00
3.067991375284619338e+01,0.000000000000000000e+00,0.000000000000000000e+00
2.864419923889392905e+01,0.000000000000000000e+00,0.000000000000000000e+00
2.857010531798064790e+01,0.000000000000000000e+00,0.000000000000000000e+00
2.679925337266842789e+01,0.000000000000000000e+00,0.000000000000000000e+00
3.110177586332772393e+01,0.000000000000000000e+00,0.000000000000000000e+00
2.704790303352037384e+01,0.000000000000000000e+00,0.000000000000000000e+00
2.805997878541040436e+01,0.000000000000000000e+00,0.000000000000000000e+00
3.210161545924187010e+01,0.000000000000000000e+00,0.000000000000000000e+00
2.669461568858705647e+01,0.000000000000000000e+00,0.000000000000000000e+00
2.900554001980815144e+01,0.000000000000000000e+00,0.000000000000000000e+00
2.627747410718478704e+01,0.000000000000000000e+00,0.000000000000000000e+00
3.109889981474074006e+01,0.000000000000000000e+00,0.000000000000000000e+00
2.826730845837966655e+01,0.000000000000000000e+00,0.000000000000000000e+00
3.066311801358451561e+01,0.000000000000000000e+00,0.000000000000000000e+00
3.017752153891634848e+01,0.000000000000000000e+00,0.000000000000000000e+00
3.410915114112793844e+01,0.000000000000000000e+00,0.000000000000000000e+00
2.636895083391852523e+01,0.000000000000000000e+00,0.000000000000000000e+00
3.089244532169441726e+01,0.000000000000000000e+00,0.000000000000000000e+00
3.064300580779669048e+01,0.000000000000000000e+00,0.000000000000000000e+00
2.966219917839032760e+01,0.000000000000000000e+00,0.000000000000000000e+00
2.850112831882514186e+01,0.000000000000000000e+00,0.000000000000000000e+00
3.306302746456795205e+01,0.000000000000000000e+00,0.000000000000000000e+00
3.052791377589463906e+01,0.000000000000000000e+00,0.000000000000000000e+00
3.081661399159716908e+01,0.000000000000000000e+00,0.000000000000000000e+00
2.970766756678844445e+01,0.000000000000000000e+00,0.000000000000000000e+00
2.942115355909597341e+01,0.000000000000000000e+00,0.000000000000000000e+00
3.352740476504517630e+01,0.000000000000000000e+00,0.000000000000000000e+00
3.125973179560547521e+01,0.000000000000000000e+00,0.000000000000000000e+00
2.987987217551596331e+01,0.000000000000000000e+00,0.000000000000000000e+00
2.826854372146392080e+01,0.000000000000000000e+00,0.000000000000000000e+00
2.778991519964851165e+01,0.000000000000000000e+00,0.000000000000000000e+00
2.813795992051904449e+01,0.000000000000000000e+00,0.000000000000000000e+00
3.173306547711663939e+01,0.000000000000000000e+00,0.000000000000000000e+00
3.039534323153615958e+01,0.000000000000000000e+00,0.000000000000000000e+00
3.069292705101964103e+01,0.000000000000000000e+00,0.000000000000000000e+00
3.276169079444498777e+01,0.000000000000000000e+00,0.000000000000000000e+00
3.156863189261320102e+01,0.000000000000000000e+00,0.000000000000000000e+00
3.464125360498518802e+01,0.000000000000000000e+00,0.000000000000000000e+00
2.910672572971961003e+01,0.000000000000000000e+00,0.000000000000000000e+00
3.050117034297685947e+01,0.000000000000000000e+00,0.000000000000000000e+00
3.161665008887693773e+01,0.000000000000000000e+00,0.000000000000000000e+00
3.383047440741020040e+01,0.000000000000000000e+00,0.000000000000000000e+00
3.165792430518468947e+01,0.000000000000000000e+00,0.000000000000000000e+00
3.630383688507372852e+01,0.000000000000000000e+00,0.000000000000000000e+00
2.944637795553868997e+01,0.000000000000000000e+00,0.000000000000000000e+00
3.271043229859252222e+01,0.000000000000000000e+00,0.000000000000000000e+00
2.794179012043953847e+01,0.000000000000000000e+00,0.000000000000000000e+00
3.356391083849334933e+01,0.000000000000000000e+00,0.000000000000000000e+00
3.005176173783079818e+01,0.000000000000000000e+00,0.000000000000000000e+00
3.315738228935438059e+01,0.000000000000000000e+00,0.000000000000000000e+00
2.960353939851846761e+01,0.000000000000000000e+00,0.000000000000000000e+00
3.451548314330506173e+01,0.000000000000000000e+00,0.000000000000000000e+00
3.109461301662141253e+01,0.000000000000000000e+00,0.000000000000000000e+00
3.373271420108440566e+01,0.000000000000000000e+00,0.000000000000000000e+00
2.978914287754978574e+01,0.000000000000000000e+00,0.000000000000000000e+00
3.079310602140630237e+01,0.000000000000000000e+00,0.000000000000000000e+00
3.322165225254244092e+01,0.000000000000000000e+00,0.000000000000000000e+00
3.000320797543666629e+01,0.000000000000000000e+00,0.000000000000000000e+00
3.578410280345259054e+01,0.000000000000000000e+00,0.000000000000000000e+00
2.787682018065465783e+01,0.000000000000000000e+00,0.000000000000000000e+00
3.119357821324257785e+01,0.000000000000000000e+00,0.000000000000000000e+00
3.318082869729766315e+01,0.000000000000000000e+00,0.000000000000000000e+00
3.502637287647482367e+01,0.000000000000000000e+00,0.000000000000000000e+00
3.256469489226350333e+01,0.000000000000000000e+00,0.000000000000000000e+00
3.431825278872288010e+01,0.000000000000000000e+00,0.000000000000000000e+00
3.097490036473354991e+01,0.000000000000000000e+00,0.000000000000000000e+00
3.647235555367551285e+01,0.000000000000000000e+00,0.000000000000000000e+00
3.345271309842382124e+01,0.000000000000000000e+00,0.000000000000000000e+00
3.444381805231639504e+01,0.000000000000000000e+00,0.000000000000000000e+00
3.571606399421686717e+01,0.000000000000000000e+00,0.000000000000000000e+00
3.110337731503870984e+01,0.000000000000000000e+00,0.000000000000000000e+00
3.419367127704578024e+01,0.000000000000000000e+00,0.000000000000000000e+00
3.351521058818338616e+01,0.000000000000000000e+00,0.000000000000000000e+00
3.605266451527000982e+01,0.000000000000000000e+00,0.000000000000000000e+00
3.409850486272598857e+01,0.000000000000000000e+00,0.000000000000000000e+00
3.127552900571983940e+01,0.000000000000000000e+00,0.000000000000000000e+00
3.256429310910427688e+01,0.000000000000000000e+00,0.000000000000000000e+00
3.520926137430072345e+01,0.000000000000000000e+00,0.000000000000000000e+00
3.825189533222687999e+01,0.000000000000000000e+00,0.000000000000000000e+00
3.456923704985452162e+01,0.000000000000000000e+00,0.000000000000000000e+00
3.369869691940694878e+01,0.000000000000000000e+00,0.000000000000000000e+00
3.483600142427297186e+01,0.000000000000000000e+00,0.000000000000000000e+00
3.657798866708007779e+01,0.000000000000000000e+00,0.000000000000000000e+00
3.560066095063851321e+01,0.000000000000000000e+00,0.000000000000000000e+00
3.447405567148714312e+01,0.000000000000000000e+00,0.000000000000000000e+00
3.222924603903239671e+01,0.000000000000000000e+00,0.000000000000000000e+00
3.634406609588021553e+01,0.000000000000000000e+00,0.000000000000000000e+00
3.458916413521392030e+01,0.000000000000000000e+00,0.000000000000000000e+00
3.491208797744496195e+01,0.000000000000000000e+00,0.000000000000000000e+00
3.442883168787803072e+01,0.000000000000000000e+00,0.000000000000000000e+00
3.852295619044185315e+01,0.000000000000000000e+00,0.000000000000000000e+00
3.419452173461316846e+01,0.000000000000000000e+00,0.000000000000000000e+00
3.434460469606539590e+01,0.000000000000000000e+00,0.000000000000000000e+00
3.642017146906611202e+01,0.000000000000000000e+00,0.000000000000000000e+00
3.755769727388752699e+01,0.000000000000000000e+00,0.000000000000000000e+00
3.541769677445039832e+01,0.000000000000000000e+00,0.000000000000000000e+00
3.662946643296466220e+01,0.000000000000000000e+00,0.000000000000000000e+00
3.674843816628952453e+01,0.000000000000000000e+00,0.000000000000000000e+00
3.678975616312300900e+01,0.000000000000000000e+00,0.000000000000000000e+00
3.444419239192163218e+01,0.000000000000000000e+00,0.000000000000000000e+00
3.677691559804304688e+01,0.000000000000000000e+00,0.000000000000000000e+00
3.520565262585447641e+01,0.000000000000000000e+00,0.000000000000000000e+00
3.402692102309340072e+01,0.000000000000000000e+00,0.000000000000000000e+00
3.224448660480453555e+01,0.000000000000000000e+00,0.000000000000000000e+00
3.379858305108787420e+01,0.000000000000000000e+00,0.000000000000000000e+00
3.785699165746319039e+01,0.000000000000000000e+00,0.000000000000000000e+00
3.959311748880274706e+01,0.000000000000000000e+00,0.000000000000000000e+00
3.606550307701758840e+01,0.000000000000000000e+00,0.000000000000000000e+00
3.632848327007643263e+01,0.000000000000000000e+00,0.000000000000000000e+00
3.684269847985904534e+01,0.000000000000000000e+00,0.000000000000000000e+00
3.499356812605262235e+01,0.000000000000000000e+00,0.000000000000000000e+00
4.038221951728607451e+01,0.000000000000000000e+00,0.000000000000000000e+00
3.302365667775453062e+01,0.000000000000000000e+00,0.000000000000000000e+00
3.920764943280737924e+01,0.000000000000000000e+00,0.000000000000000000e+00
3.809981099340121347e+01,0.000000000000000000e+00,0.000000000000000000e+00
3.666426629188500641e+01,0.000000000000000000e+00,0.000000000000000000e+00
3.408266963270252603e+01,0.000000000000000000e+00,0.000000000000000000e+00
3.906562634733599992e+01,0.000000000000000000e+00,0.000000000000000000e+00
3.755392220857906693e+01,0.000000000000000000e+00,0.000000000000000000e+00
3.673997504723727303e+01,0.000000000000000000e+00,0.000000000000000000e+00
3.891849719037728050e+01,0.000000000000000000e+00,0.000000000000000000e+00
3.680389930725682035e+01,0.000000000000000000e+00,0.000000000000000000e+00
3.782468453765488192e+01,0.000000000000000000e+00,0.000000000000000000e+00
3.890810948388169521e+01,0.000000000000000000e+00,0.000000000000000000e+00
3.597290024851555046e+01,0.000000000000000000e+00,0.000000000000000000e+00
3.929807712722997337e+01,0.000000000000000000e+00,0.000000000000000000e+00
3.738411207187817809e+01,0.000000000000000000e+00,0.000000000000000000e+00
3.651156909090077107e+01,0.000000000000000000e+00,0.000000000000000000e+00
3.591146614663180259e+01,0.000000000000000000e+00,0.000000000000000000e+00
3.907365155605095453e+01,0.000000000000000000e+00,0.000000000000000000e+00
4.036027761459845209e+01,0.000000000000000000e+00,0.000000000000000000e+00
3.578058067499413397e+01,0.000000000000000000e+00,0.000000000000000000e+00
4.023858402974219928e+01,0.000000000000000000e+00,0.000000000000000000e+00
3.733263179785870989e+01,0.000000000000000000e+00,0.000000000000000000e+00
3.913451746310358459e+01,0.000000000000000000e+00,0.000000000000000000e+00
3.874500663764869302e+01,0.000000000000000000e+00,0.000000000000000000e+00
3.582381706520699538e+01,0.000000000000000000e+00,0.000000000000000000e+00
3.908758213805403159e+01,0.000000000000000000e+00,0.000000000000000000e+00
3.856671159388444181e+01,0.000000000000000000e+00,0.000000000000000000e+00
3.941298278750600304e+01,0.000000000000000000e+00,0.000000000000000000e+00
4.189136042212108180e+01,0.000000000000000000e+00,0.000000000000000000e+00
3.995188065527515420e+01,0.000000000000000000e+00,0.000000000000000000e+00
3.534989726657983056e+01,0.000000000000000000e+00,0.000000000000000000e+00
3.296575228376833877e+01,0.000000000000000000e+00,0.000000000000000000e+00
3.974166887577968765e+01,0.000000000000000000e+00,0.000000000000000000e+00
3.710846240315851219e+01,0.000000000000000000e+00,0.000000000000000000e+00
4.346010428692225247e+01,0.000000000000000000e+00,0.000000000000000000e+00
3.776375816044424027e+01,0.000000000000000000e+00,0.000000000000000000e+00
3.983783536281863036e+01,0.000000000000000000e+00,0.000000000000000000e+00
4.002067474220866927e+01,0.000000000000000000e+00,0.000000000000000000e+00
3.903712249753621677e+01,0.000000000000000000e+00,0.000000000000000000e+00
3.624093891810718304e+01,0.000000000000000000e+00,0.000000000000000000e+00
4.227073008377965380e+01,0.000000000000000000e+00,0.000000000000000000e+00
3.942262155217055408e+01,0.000000000000000000e+00,0.000000000000000000e+00
3.800195645207413264e+01,0.000000000000000000e+00,0.000000000000000000e+00
4.247154994532435524e+01,0.000000000000000000e+00,0.000000000000000000e+00
4.001721389474575119e+01,0.000000000000000000e+00,0.000000000000000000e+00
3.977052200538664550e+01,0.000000000000000000e+00,0.000000000000000000e+00
3.975909929200838633e+01,0.000000000000000000e+00,0.000000000000000000e+00
3.931988130931308945e+01,0.000000000000000000e+00,0.000000000000000000e+00
4.204824303156118503e+01,0.000000000000000000e+00,0.000000000000000000e+00
3.699106878948973076e+01,0.000000000000000000e+00,0.000000000000000000e+00
4.107324241322125147e+01,0.000000000000000000e+00,0.000000000000000000e+00
3.696398473686085850e+01,0.000000000000000000e+00,0.000000000000000000e+00
4.311375155935332515e+01,0.000000000000000000e+00,0.000000000000000000e+00
3.987383481285967690e+01,0.000000000000000000e+00,0.000000000000000000e+00
4.073710951535785085e+01,0.000000000000000000e+00,0.000000000000000000e+00
4.027110976217085181e+01,0.000000000000000000e+00,0.000000000000000000e+00
3.980092389635127148e+01,0.000000000000000000e+00,0.000000000000000000e+00
3.876811306901303311e+01,0.000000000000000000e+00,0.000000000000000000e+00
3.908660060105626854e+01,0.000000000000000000e+00,0.000000000000000000e+00
4.127876653429498077e+01,0.000000000000000000e+00,0.000000000000000000e+00
3.922706161694449634e+01,0.000000000000000000e+00,0.000000000000000000e+00
3.886729090882234772e+01,0.000000000000000000e+00,0.000000000000000000e+00
4.391255282696958773e+01,0.000000000000000000e+00,0.000000000000000000e+00
4.220927882129344511e+01,0.000000000000000000e+00,0.000000000000000000e+00
4.113163776021463747e+01,0.000000000000000000e+00,0.000000000000000000e+00
3.840623082292118795e+01,0.000000000000000000e+00,0.000000000000000000e+00
4.262492322414327361e+01,0.000000000000000000e+00,0.000000000000000000e+00
4.403733528504313455e+01,0.000000000000000000e+00,0.000000000000000000e+00
4.165543223787701521e+01,0.000000000000000000e+00,0.000000000000000000e+00
4.286922829262659462e+01,0.000000000000000000e+00,0.000000000000000000e+00
4.011346660939339870e+01,0.000000000000000000e+00,0.000000000000000000e+00
4.341967689196090419e+01,0.000000000000000000e+00,0.000000000000000000e+00
4.083653893967174042e+01,0.000000000000000000e+00,0.000000000000000000e+00
3.580213571806207540e+01,0.000000000000000000e+00,0.000000000000000000e+00
4.501780401022512024e+01,0.000000000000000000e+00,0.000000000000000000e+00
4.437444065538493732e+01,0.000000000000000000e+00,0.000000000000000000e+00
4.274715770758215427e+01,0.000000000000000000e+00,0.000000000000000000e+00
4.318413819803964770e+01,0.000000000000000000e+00,0.000000000000000000e+00
4.109150258705819425e+01,0.000000000000000000e+00,0.000000000000000000e+00
4.373511411541275606e+01,0.000000000000000000e+00,0.000000000000000000e+00
4.230246038473980974e+01,0.000000000000000000e+00,0.000000000000000000e+00
4.686176293429399919e+01,0.000000000000000000e+00,0.000000000000000000e+00
4.240122830056476033e+01,0.000000000000000000e+00,0.000000000000000000e+00
4.247970390834542087e+01,0.000000000000000000e+00,0.000000000000000000e+00
4.279398825112817661e+01,0.000000000000000000e+00,0.000000000000000000e+00
4.597797151303531393e+01,0.000000000000000000e+00,0.000000000000000000e+00
4.325961964667444448e+01,0.000000000000000000e+00,0.000000000000000000e+00
4.403221489343229678e+01,0.000000000000000000e+00,0.000000000000000000e+00
4.382201228627917544e+01,0.000000000000000000e+00,0.000000000000000000e+00
4.774548128283806392e+01,0.000000000000000000e+00,0.000000000000000000e+00
4.344586569416416211e+01,0.000000000000000000e+00,0.000000000000000000e+00
4.087416235390077901e+01,0.000000000000000000e+00,0.000000000000000000e+00
4.332556203493013669e+01,0.000000000000000000e+00,0.000000000000000000e+00
4.576229782622547759e+01,0.000000000000000000e+00,0.000000000000000000e+00
4.324113400817319786e+01,0.000000000000000000e+00,0.000000000000000000e+00
4.323559817403358352e+01,0.000000000000000000e+00,0.000000000000000000e+00
4.217344611055563774e+01,0.000000000000000000e+00,0.000000000000000000e+00
4.884196420750490120e+01,0.000000000000000000e+00,0.000000000000000000e+00
4.558207569076510879e+01,0.000000000000000000e+00,0.000000000000000000e+00
4.198810928025303468e+01,0.000000000000000000e+00,0.000000000000000000e+00
4.511921616026423720e+01,0.000000000000000000e+00,0.000000000000000000e+00
4.200920733017431985e+01,0.000000000000000000e+00,0.000000000000000000e+00
4.215207877200648312e+01,0.000000000000000000e+00,0.000000000000000000e+00
4.448483873518880927e+01,0.000000000000000000e+00,0.000000000000000000e+00
4.382764171558135047e+01,0.000000000000000000e+00,0.000000000000000000e+00
4.560684229761852748e+01,0.000000000000000000e+00,0.000000000000000000e+00
4.483964524473022806e+01,0.000000000000000000e+00,0.000000000000000000e+00
4.413030193463618645e+01,0.000000000000000000e+00,0.000000000000000000e+00
4.198571379978590556e+01,0.000000000000000000e+00,0.000000000000000000e+00
4.704951172182486374e+01,0.000000000000000000e+00,0.000000000000000000e+00
4.585030335449111760e+01,0.000000000000000000e+00,0.000000000000000000e+00
4.348986970546395270e+01,0.000000000000000000e+00,0.000000000000000000e+00
4.703069977924997858e+01,0.000000000000000000e+00,0.000000000000000000e+00
4.390103859199972902e+01,0.000000000000000000e+00,0.000000000000000000e+00
4.601779974509933169e+01,0.000000000000000000e+00,0.000000000000000000e+00
4.432393217218283610e+01,0.000000000000000000e+00,0.000000000000000000e+00
4.302215844078215667e+01,0.000000000000000000e+00,0.000000000000000000e+00
4.699396513060146674e+01,0.000000000000000000e+00,0.000000000000000000e+00
4.561182912976287440e+01,0.000000000000000000e+00,0.000000000000000000e+00
4.489461714708576068e+01,0.000000000000000000e+00,0.000000000000000000e+00
4.864519811784323622e+01,0.000000000000000000e+00,0.000000000000000000e+00
4.653557108885473070e+01,0.000000000000000000e+00,0.000000000000000000e+00
4.311668913264544045e+01,0.000000000000000000e+00,0.000000000000000000e+00
4.587527965654037132e+01,0.000000000000000000e+00,0.000000000000000000e+00
4.434039885971842665e+01,0.000000000000000000e+00,0.000000000000000000e+00
4.691568731277240545e+01,0.000000000000000000e+00,0.000000000000000000e+00
4.927528815129127793e+01,0.000000000000000000e+00,0.000000000000000000e+00
4.988009538558892331e+01,0.000000000000000000e+00,0.000000000000000000e+00
4.851182281754975634e+01,0.000000000000000000e+00,0.000000000000000000e+00
4.588096345795064934e+01,0.000000000000000000e+00,0.000000000000000000e+00
4.901334030255765128e+01,0.000000000000000000e+00,0.000000000000000000e+00
4.494556913915821639e+01,0.000000000000000000e+00,0.000000000000000000e+00
4.219559050761991159e+01,0.000000000000000000e+00,0.000000000000000000e+00
5.059338175876241905e+01,0.000000000000000000e+00,0.000000000000000000e+00
4.616878536248396614e+01,0.000000000000000000e+00,0.000000000000000000e+00
4.673095757606139955e+01,0.000000000000000000e+00,0.000000000000000000e+00
4.595549934710992801e+01,0.000000000000000000e+00,0.000000000000000000e+00
4.563577025271967358e+01,0.000000000000000000e+00,0.000000000000000000e+00
4.850656573413689898e+01,0.000000000000000000e+00,0.000000000000000000e+00
4.763701838383322951e+01,0.000000000000000000e+00,0.000000000000000000e+00
4.707794923675820087e+01,0.000000000000000000e+00,0.000000000000000000e+00
4.493262625654407572e+01,0.000000000000000000e+00,0.000000000000000000e+00
4.825635796308522885e+01,0.000000000000000000e+00,0.000000000000000000e+00
5.267291618833463218e+01,0.000000000000000000e+00,0.000000000000000000e+00
4.829258560848625592e+01,0.000000000000000000e+00,0.000000000000000000e+00
4.594078741190170234e+01,0.000000000000000000e+00,0.000000000000000000e+00
4.677077894392406421e+01,0.000000000000000000e+00,0.000000000000000000e+00
4.684641633363849422e+01,0.000000000000000000e+00,0.000000000000000000e+00
4.878926468396252858e+01,0.000000000000000000e+00,0.000000000000000000e+00
5.023797690180961695e+01,0.000000000000000000e+00,0.000000000000000000e+00
4.498759900844136439e+01,0.000000000000000000e+00,0.000000000000000000e+00
4.797315996976779928e+01,0.000000000000000000e+00,0.000000000000000000e+00
4.765392141338703880e+01,0.000000000000000000e+00,0.000000000000000000e+00
4.881736985400316087e+01,0.000000000000000000e+00,0.000000000000000000e+00
5.247003438419717014e+01,0.000000000000000000e+00,0.000000000000000000e+00
4.968997370206781738e+01,0.000000000000000000e+00,0.000000000000000000e+00
4.747988931932304979e+01,0.000000000000000000e+00,0.000000000000000000e+00
4.647116458243059611e+01,0.000000000000000000e+00,0.000000000000000000e+00
5.163169635415288639e+01,0.000000000000000000e+00,0.000000000000000000e+00
4.768586371672702739e+01,0.000000000000000000e+00,0.000000000000000000e+00
4.659002333616852809e+01,0.000000000000000000e+00,0.000000000000000000e+00
4.710887151798383599e+01,0.000000000000000000e+00,0.000000000000000000e+00
5.203022173403559236e+01,0.000000000000000000e+00,0.000000000000000000e+00
4.919828978298261291e+01,0.000000000000000000e+00,0.000000000000000000e+00
5.262265179154999828e+01,0.000000000000000000e+00,0.000000000000000000e+00
5.118337597744922363e+01,0.000000000000000000e+00,0.000000000000000000e+00
5.130648899157291964e+01,0.000000000000000000e+00,0.000000000000000000e+00
5.357902218687392093e+01,0.000000000000000000e+00,0.000000000000000000e+00
5.222431272041953321e+01,0.000000000000000000e+00,0.000000000000000000e+00
5.107398515171739461e+01,0.000000000000000000e+00,0.000000000000000000e+00
5.237765521419986214e+01,0.000000000000000000e+00,0.000000000000000000e+00
4.739640899976777177e+01,0.000000000000000000e+00,0.000000000000000000e+00
5.005435027929022596e+01,0.000000000000000000e+00,0.000000000000000000e+00
5.017169161329104554e+01,0.000000000000000000e+00,0.000000000000000000e+00
4.830817432039527404e+01,0.000000000000000000e+00,0.000000000000000000e+00
4.973371014457112693e+01,0.000000000000000000e+00,0.000000000000000000e+00
5.096165549213391444e+01,0.000000000000000000e+00,0.000000000000000000e+00
4.941060541579519594e+01,0.000000000000000000e+00,0.000000000000000000e+00
5.462389977520842166e+01,0.000000000000000000e+00,0.000000000000000000e+00
5.044578994031016350e+01,0.000000000000000000e+00,0.000000000000000000e+00
4.836108324653025647e+01,0.000000000000000000e+00,0.000000000000000000e+00
5.385100407114831000e+01,0.000000000000000000e+00,0.000000000000000000e+00
5.195525034028181466e+01,0.000000000000000000e+00,0.000000000000000000e+00
5.348343196717161163e+01,0.000000000000000000e+00,0.000000000000000000e+00
5.586665634881610742e+01,0.000000000000000000e+00,0.000000000000000000e+00
4.906134688471668426e+01,0.000000000000000000e+00,0.000000000000000000e+00
5.051511866317769517e+01,0.000000000000000000e+00,0.000000000000000000e+00
5.325394926107215099e+01,0.000000000000000000e+00,0.000000000000000000e+00
5.017855909003137072e+01,0.000000000000000000e+00,0.000000000000000000e+00
5.152138638322490749e+01,0.000000000000000000e+00,0.000000000000000000e+00
5.437284884685914221e+01,0.000000000000000000e+00,0.000000000000000000e+00
5.377433587531847792e+01,0.000000000000000000e+00,0.000000000000000000e+00
5.201700462126723323e+01,0.000000000000000000e+00,0.000000000000000000e+00
5.515646438428806420e+01,0.000000000000000000e+00,0.000000000000000000e+00
5.154114520203598460e+01,0.000000000000000000e+00,0.000000000000000000e+00
5.610444947106915237e+01,0.000000000000000000e+00,0.000000000000000000e+00
5.144426185616970315e+01,0.000000000000000000e+00,0.000000000000000000e+00
4.962719312397877758e+01,0.000000000000000000e+00,0.000000000000000000e+00
5.304814713337165699e+01,0.000000000000000000e+00,0.000000000000000000e+00
5.816134611393547971e+01,0.000000000000000000e+00,0.000000000000000000e+00
5.296505266989073135e+01,0.000000000000000000e+00,0.000000000000000000e+00
5.638939756096394262e+01,0.000000000000000000e+00,0.000000000000000000e+00
5.152527258670346555e+01,0.000000000000000000e+00,0.000000000000000000e+00
5.306059341740504465e+01,0.000000000000000000e+00,0.000000000000000000e+00
5.365693408914027884e+01,0.000000000000000000e+00,0.000000000000000000e+00
5.231940974326603566e+01,0.000000000000000000e+00,0.000000000000000000e+00
5.389174084226954875e+01,0.000000000000000000e+00,0.000000000000000000e+00
5.504232898300011101e+01,0.000000000000000000e+00,0.000000000000000000e+00
5.144324251017570759e+01,0.000000000000000000e+00,0.000000000000000000e+00
5.431263487621432517e+01,0.000000000000000000e+00,0.000000000000000000e+00
5.459566665075295333e+01,0.000000000000000000e+00,0.000000000000000000e+00
5.191045898738266118e+01,0.000000000000000000e+00,0.000000000000000000e+00
5.312036695707704581e+01,0.000000000000000000e+00,0.000000000000000000e+00
5.532983547446551142e+01,0.000000000000000000e+00,0.000000000000000000e+00
5.334366296408009589e+01,0.000000000000000000e+00,0.000000000000000000e+00
5.374526621386608838e+01,0.000000000000000000e+00,0.000000000000000000e+00
5.244271678491872990e+01,0.000000000000000000e+00,0.000000000000000000e+00
5.002646594851904638e+01,0.000000000000000000e+00,0.000000000000000000e+00
5.398656186034115478e+01,0.000000000000000000e+00,0.000000000000000000e+00
5.419227220338747486e+01,0.000000000000000000e+00,0.000000000000000000e+00
5.606192367056647186e+01,0.000000000000000000e+00,0.000000000000000000e+00
5.451826848746534893e+01,0.000000000000000000e+00,0.000000000000000000e+00
5.521663553216006193e+01,0.000000000000000000e+00,0.000000000000000000e+00
5.522630658115321012e+01,0.000000000000000000e+00,0.000000000000000000e+00
5.470182101221790560e+01,0.000000000000000000e+00,0.000000000000000000e+00
5.277299114928511159e+01,0.000000000000000000e+00,0.000000000000000000e+00
5.480188744206287765e+01,0.000000000000000000e+00,0.000000000000000000e+00
5.636898084585870805e+01,0.000000000000000000e+00,0.000000000000000000e+00
5.582536396768902875e+01,0.000000000000000000e+00,0.000000000000000000e+00
5.464391970639503882e+01,0.000000000000000000e+00,0.000000000000000000e+00
5.307235334467081600e+01,0.000000000000000000e+00,0.000000000000000000e+00
5.740240848881603597e+01,0.000000000000000000e+00,0.000000000000000000e+00
6.116499219086018257e+01,0.000000000000000000e+00,0.000000000000000000e+00
5.749220000933619446e+01,0.000000000000000000e+00,0.000000000000000000e+00
5.555035175109442491e+01,0.000000000000000000e+00,0.000000000000000000e+00
5.584890056067054331e+01,0.000000000000000000e+00,0.000000000000000000e+00
5.744759460135309581e+01,0.000000000000000000e+00,0.000000000000000000e+00
4.907534206291572332e+01,0.000000000000000000e+00,0.000000000000000000e+00
5.514884204235244169e+01,0.000000000000000000e+00,0.000000000000000000e+00
5.610085717820528117e+01,0.000000000000000000e+00,0.000000000000000000e+00
5.494093103147692148e+01,0.000000000000000000e+00,0.000000000000000000e+00
5.598153119651217224e+01,0.000000000000000000e+00,0.000000000000000000e+00
5.671919134183112021e+01,0.000000000000000000e+00,0.000000000000000000e+00
5.611522926116602861e+01,0.000000000000000000e+00,0.000000000000000000e+00
5.622670784472736472e+01,0.000000000000000000e+00,0.000000000000000000e+00
5.608508303393662686e+01,0.000000000000000000e+00,0.000000000000000000e+00
5.492102605502117285e+01,0.000000000000000000e+00,0.000000000000000000e+00
5.388169580854240337e+01,0.000000000000000000e+00,0.000000000000000000e+00
5.650169166342062965e+01,0.000000000000000000e+00,0.000000000000000000e+00
5.809053034271938998e+01,0.000000000000000000e+00,0.000000000000000000e+00
5.591041014249039875e+01,0.000000000000000000e+00,0.000000000000000000e+00
5.722008765989716039e+01,0.000000000000000000e+00,0.000000000000000000e+00
6.129184525868625144e+01,0.000000000000000000e+00,0.000000000000000000e+00
5.950429523918653985e+01,0.000000000000000000e+00,0.000000000000000000e+00
6.065891395189910895e+01,0.000000000000000000e+00,0.000000000000000000e+00
5.567856690825563959e+01,0.000000000000000000e+00,0.000000000000000000e+00
5.737104687067089515e+01,0.000000000000000000e+00,0.000000000000000000e+00
5.349725530322660916e+01,0.000000000000000000e+00,0.000000000000000000e+00
5.549049492114174598e+01,0.000000000000000000e+00,0.000000000000000000e+00
5.843814437544477869e+01,0.000000000000000000e+00,0.000000000000000000e+00
5.577923701198906770e+01,0.000000000000000000e+00,0.000000000000000000e+00
5.654429372040782198e+01,0.000000000000000000e+00,0.000000000000000000e+00
5.730159376904643409e+01,0.000000000000000000e+00,0.000000000000000000e+00
6.029129030466695127e+01,0.000000000000000000e+00,0.000000000000000000e+00
5.669083901723666230e+01,0.000000000000000000e+00,0.000000000000000000e+00
5.769238598687729791e+01,0.000000000000000000e+00,0.000000000000000000e+00
5.740611006852877551e+01,0.000000000000000000e+00,0.000000000000000000e+00
5.709389245258968515e+01,0.000000000000000000e+00,0.000000000000000000e+00
5.872807315726748101e+01,0.000000000000000000e+00,0.000000000000000000e+00
5.926956428331970983e+01,0.000000000000000000e+00,0.000000000000000000e+00
5.710139000847786406e+01,0.000000000000000000e+00,0.000000000000000000e+00
5.791503878230676605e+01,0.000000000000000000e+00,0.000000000000000000e+00
5.859185758442210812e+01,0.000000000000000000e+00,0.000000000000000000e+00
5.804292285014135899e+01,0.000000000000000000e+00,0.000000000000000000e+00
5.676821970466766487e+01,0.000000000000000000e+00,0.000000000000000000e+00
5.779132269625419838e+01,0.000000000000000000e+00,0.000000000000000000e+00
5.870903626351821458e+01,0.000000000000000000e+00,0.000000000000000000e+00
5.700482887953714339e+01,0.000000000000000000e+00,0.000000000000000000e+00
6.033892655479132117e+01,0.000000000000000000e+00,0.000000000000000000e+00
5.598223880024664822e+01,0.000000000000000000e+00,0.000000000000000000e+00
5.654539181229766598e+01,0.000000000000000000e+00,0.000000000000000000e+00
5.926256012975240139e+01,0.000000000000000000e+00,0.000000000000000000e+00
5.726904309496814705e+01,0.000000000000000000e+00,0.000000000000000000e+00
5.729086520081542488e+01,0.000000000000000000e+00,0.000000000000000000e+00
5.994675718874881198e+01,0.000000000000000000e+00,0.000000000000000000e+00
6.337068746590397694e+01,0.000000000000000000e+00,0.000000000000000000e+00
5.694439178051036521e+01,0.000000000000000000e+00,0.000000000000000000e+00
5.726069222778424717e+01,0.000000000000000000e+00,0.000000000000000000e+00
5.886925098383471777e+01,0.000000000000000000e+00,0.000000000000000000e+00
5.787980758690572713e+01,0.000000000000000000e+00,0.000000000000000000e+00
6.032962366492696304e+01,0.000000000000000000e+00,0.000000000000000000e+00
6.043887897256071540e+01,0.000000000000000000e+00,0.000000000000000000e+00
5.928994233644899481e+01,0.000000000000000000e+00,0.000000000000000000e+00
6.018907056734535388e+01,0.000000000000000000e+00,0.000000000000000000e+00
6.111246129223754764e+01,0.000000000000000000e+00,0.000000000000000000e+00
5.968866251739957818e+01,0.000000000000000000e+00,0.000000000000000000e+00
6.132347310841925037e+01,0.000000000000000000e+00,0.000000000000000000e+00
5.923689797401667079e+01,0.000000000000000000e+00,0.000000000000000000e+00
5.941747328187994981e+01,0.000000000000000000e+00,0.000000000000000000e+00
5.904434321880759740e+01,0.000000000000000000e+00,0.000000000000000000e+00
6.261019200202066060e+01,0.000000000000000000e+00,0.000000000000000000e+00
6.051257927794858205e+01,0.000000000000000000e+00,0.000000000000000000e+00
5.731518414142378504e+01,0.000000000000000000e+00,0.000000000000000000e+00
6.007483228611275194e+01,0.000000000000000000e+00,0.000000000000000000e+00
6.092020660608101679e+01,0.000000000000000000e+00,0.000000000000000000e+00
6.170958858250881462e+01,0.000000000000000000e+00,0.000000000000000000e+00
6.462024491471032661e+01,0.000000000000000000e+00,0.000000000000000000e+00
6.189392427885364611e+01,0.000000000000000000e+00,0.000000000000000000e+00
6.190120684090538816e+01,0.000000000000000000e+00,0.000000000000000000e+00
6.424488475561665268e+01,0.000000000000000000e+00,0.000000000000000000e+00
5.950427201912504671e+01,0.000000000000000000e+00,0.000000000000000000e+00
6.273179602541931388e+01,0.000000000000000000e+00,0.000000000000000000e+00
6.109306368773330576e+01,0.000000000000000000e+00,0.000000000000000000e+00
6.023245283342404832e+01,0.000000000000000000e+00,0.000000000000000000e+00
6.327962203400687713e+01,0.000000000000000000e+00,0.000000000000000000e+00
6.212511534829231152e+01,0.000000000000000000e+00,0.000000000000000000e+00
6.279436100386036657e+01,0.000000000000000000e+00,0.000000000000000000e+00
5.976331799730220240e+01,0.000000000000000000e+00,0.000000000000000000e+00
6.233383304907274436e+01,0.000000000000000000e+00,0.000000000000000000e+00
6.364575387694888775e+01,0.000000000000000000e+00,0.000000000000000000e+00
6.229893448394069111e+01,0.000000000000000000e+00,0.000000000000000000e+00
6.170010732121896524e+01,0.000000000000000000e+00,0.000000000000000000e+00
6.430715648379546678e+01,0.000000000000000000e+00,0.000000000000000000e+00
6.133696938487502592e+01,0.000000000000000000e+00,0.000000000000000000e+00
6.107350639978089646e+01,0.000000000000000000e+00,0.000000000000000000e+00
6.103955409470706428e+01,0.000000000000000000e+00,0.000000000000000000e+00
6.600280165406688582e+01,0.000000000000000000e+00,0.000000000000000000e+00
6.081687941260593533e+01,0.000000000000000000e+00,0.000000000000000000e+00
6.324832609160053210e+01,0.000000000000000000e+00,0.000000000000000000e+00
6.222725592782413173e+01,0.000000000000000000e+00,0.000000000000000000e+00
6.338279644528731183e+01,0.000000000000000000e+00,0.000000000000000000e+00
6.277876316880760754e+01,0.000000000000000000e+00,0.000000000000000000e+00
6.345034805001461820e+01,0.000000000000000000e+00,0.000000000000000000e+00
5.914071967058855961e+01,0.000000000000000000e+00,0.000000000000000000e+00
6.533143642844044052e+01,0.000000000000000000e+00,0.000000000000000000e+00
6.319082331247470563e+01,0.000000000000000000e+00,0.000000000000000000e+00
6.350630582100361465e+01,0.000000000000000000e+00,0.000000000000000000e+00
6.352208958624831325e+01,0.000000000000000000e+00,0.000000000000000000e+00
6.652160207925757618e+01,0.000000000000000000e+00,0.000000000000000000e+00
6.209356419902063351e+01,0.000000000000000000e+00,0.000000000000000000e+00
6.326537211145691941e+01,0.000000000000000000e+00,0.000000000000000000e+00
6.171267313580817415e+01,0.000000000000000000e+00,0.000000000000000000e+00
6.417754363184396027e+01,0.000000000000000000e+00,0.000000000000000000e+00
6.226001364077667688e+01,0.000000000000000000e+00,0.000000000000000000e+00
6.307878336802185260e+01,0.000000000000000000e+00,0.000000000000000000e+00
6.316349284986836921e+01,0.000000000000000000e+00,0.000000000000000000e+00
6.537547292064901683e+01,0.000000000000000000e+00,0.000000000000000000e+00
6.340287192880662559e+01,0.000000000000000000e+00,0.000000000000000000e+00
6.335303711983066677e+01,0.000000000000000000e+00,0.000000000000000000e+00
6.719528649871439541e+01,0.000000000000000000e+00,0.000000000000000000e+00
6.110705422535338016e+01,0.000000000000000000e+00,0.000000000000000000e+00
6.468681693408804279e+01,0.000000000000000000e+00,0.000000000000000000e+00
6.148683656488631044e+01,0.000000000000000000e+00,0.000000000000000000e+00
6.485950752553506504e+01,0.000000000000000000e+00,0.000000000000000000e+00
6.564934185110035969e+01,0.000000000000000000e+00,0.000000000000000000e+00
6.191464336166028914e+01,0.000000000000000000e+00,0.000000000000000000e+00
6.281038987539865559e+01,0.000000000000000000e+00,0.000000000000000000e+00
6.410047571109626574e+01,0.000000000000000000e+00,0.000000000000000000e+00
6.722799397117320552e+01,0.000000000000000000e+00,0.000000000000000000e+00
6.481234686088843944e+01,0.000000000000000000e+00,0.000000000000000000e+00
6.296020849376868966e+01,0.000000000000000000e+00,0.000000000000000000e+00
6.525622186458363672e+01,0.000000000000000000e+00,0.000000000000000000e+00
6.550261839722061552e+01,0.000000000000000000e+00,0.000000000000000000e+00
6.457699064510612175e+01,0.000000000000000000e+00,0.000000000000000000e+00
6.758452100368407400e+01,0.000000000000000000e+00,0.000000000000000000e+00
6.272588268407973544e+01,0.000000000000000000e+00,0.000000000000000000e+00
6.336522317009521998e+01,0.000000000000000000e+00,0.000000000000000000e+00
6.476734483003612297e+01,0.000000000000000000e+00,0.000000000000000000e+00
6.464767975349126061e+01,0.000000000000000000e+00,0.000000000000000000e+00
6.808929477025016297e+01,0.000000000000000000e+00,0.000000000000000000e+00
6.601319903702612635e+01,0.000000000000000000e+00,0.000000000000000000e+00
6.595500947109078993e+01,0.000000000000000000e+00,0.000000000000000000e+00
6.502490726678772148e+01,0.000000000000000000e+00,0.000000000000000000e+00
6.586027551539916658e+01,0.000000000000000000e+00,0.000000000000000000e+00
6.408944412195258167e+01,0.000000000000000000e+00,0.000000000000000000e+00
6.525120945165808450e+01,0.000000000000000000e+00,0.000000000000000000e+00
6.582468500482042373e+01,0.000000000000000000e+00,0.000000000000000000e+00
6.684684954837399573e+01,0.000000000000000000e+00,0.000000000000000000e+00
6.347874598262286128e+01,0.000000000000000000e+00,0.000000000000000000e+00
6.474285543404934629e+01,0.000000000000000000e+00,0.000000000000000000e+00
6.746227725987037616e+01,0.000000000000000000e+00,0.000000000000000000e+00
6.743329663532894358e+01,0.000000000000000000e+00,0.000000000000000000e+00
6.833984718280487414e+01,0.000000000000000000e+00,0.000000000000000000e+00
6.668663194651331594e+01,0.000000000000000000e+00,0.000000000000000000e+00
6.594290816271522715e+01,0.000000000000000000e+00,0.000000000000000000e+00
6.826978636338741069e+01,0.000000000000000000e+00,0.000000000000000000e+00
6.537333130979904183e+01,0.000000000000000000e+00,0.000000000000000000e+00
6.259220831798169371e+01,0.000000000000000000e+00,0.000000000000000000e+00
6.691520049580923057e+01,0.000000000000000000e+00,0.000000000000000000e+00
6.846625412673827782e+01,0.000000000000000000e+00,0.000000000000000000e+00
6.622425153166122413e+01,0.000000000000000000e+00,0.000000000000000000e+00
6.623392324034615797e+01,0.000000000000000000e+00,0.000000000000000000e+00
6.904612338897003099e+01,0.000000000000000000e+00,0.000000000000000000e+00
6.762078147990239074e+01,0.000000000000000000e+00,0.000000000000000000e+00
6.828675242201703099e+01,0.000000000000000000e+00,0.000000000000000000e+00
6.957239920672510891e+01,0.000000000000000000e+00,0.000000000000000000e+00
7.081736706328300102e+01,0.000000000000000000e+00,0.000000000000000000e+00
6.789806660366531332e+01,0.000000000000000000e+00,0.000000000000000000e+00
6.558956430222822576e+01,0.000000000000000000e+00,0.000000000000000000e+00
6.762024585699577983e+01,0.000000000000000000e+00,0.000000000000000000e+00
6.667509997687487555e+01,0.000000000000000000e+00,0.000000000000000000e+00
6.298061953033561622e+01,0.000000000000000000e+00,0.000000000000000000e+00
7.015280900999108837e+01,0.000000000000000000e+00,0.000000000000000000e+00
6.701183944626049538e+01,0.000000000000000000e+00,0.000000000000000000e+00
6.733147103470793127e+01,0.000000000000000000e+00,0.000000000000000000e+00
6.965734561425423976e+01,0.000000000000000000e+00,0.000000000000000000e+00
6.514262728078530529e+01,0.000000000000000000e+00,0.000000000000000000e+00
6.801412525918676977e+01,0.000000000000000000e+00,0.000000000000000000e+00
6.669951697265889834e+01,0.000000000000000000e+00,0.000000000000000000e+00
7.314570459300003336e+01,0.000000000000000000e+00,0.000000000000000000e+00
6.977121207998219177e+01,0.000000000000000000e+00,0.000000000000000000e+00
6.890507882198900802e+01,0.000000000000000000e+00,0.000000000000000000e+00
6.924761774064118924e+01,0.000000000000000000e+00,0.000000000000000000e+00
6.641803944725749886e+01,0.000000000000000000e+00,0.000000000000000000e+00
7.374090748889997826e+01,0.000000000000000000e+00,0.000000000000000000e+00
6.968066319622630544e+01,0.000000000000000000e+00,0.000000000000000000e+00
6.948647901926646853e+01,0.000000000000000000e+00,0.000000000000000000e+00
6.798110776589405191e+01,0.000000000000000000e+00,0.000000000000000000e+00
6.929414661484688054e+01,0.000000000000000000e+00,0.000000000000000000e+00
6.672308338546565665e+01,0.000000000000000000e+00,0.000000000000000000e+00
6.982653076021728111e+01,0.000000000000000000e+00,0.000000000000000000e+00
6.948900466555072342e+01,0.000000000000000000e+00,0.000000000000000000e+00
7.059102266252797619e+01,0.000000000000000000e+00,0.000000000000000000e+00
7.144187964151748815e+01,0.000000000000000000e+00,0.000000000000000000e+00
6.704845368673896644e+01,0.000000000000000000e+00,0.000000000000000000e+00
7.132132299340497639e+01,0.000000000000000000e+00,0.000000000000000000e+00
6.944464904371994862e+01,0.000000000000000000e+00,0.000000000000000000e+00
7.133322833990725087e+01,0.000000000000000000e+00,0.000000000000000000e+00
6.913016076603496174e+01,0.000000000000000000e+00,0.000000000000000000e+00
6.770064512258259981e+01,0.000000000000000000e+00,0.000000000000000000e+00
6.942550050953008167e+01,0.000000000000000000e+00,0.000000000000000000e+00
7.276950659556226242e+01,0.000000000000000000e+00,0.000000000000000000e+00
6.674235556082766152e+01,0.000000000000000000e+00,0.000000000000000000e+00
6.868713135336497544e+01,0.000000000000000000e+00,0.000000000000000000e+00
6.504666281311122589e+01,0.000000000000000000e+00,0.000000000000000000e+00
6.609434987083466240e+01,0.000000000000000000e+00,0.000000000000000000e+00
6.686367416290494248e+01,0.000000000000000000e+00,0.000000000000000000e+00
6.980949544305323684e+01,0.000000000000000000e+00,0.000000000000000000e+00
6.391988848308508153e+01,0.000000000000000000e+00,0.000000000000000000e+00
6.800055671135773139e+01,0.000000000000000000e+00,0.000000000000000000e+00
6.987522098318882513e+01,0.000000000000000000e+00,0.000000000000000000e+00
7.180956999809917818e+01,0.000000000000000000e+00,0.000000000000000000e+00
7.175920033017852973e+01,0.000000000000000000e+00,0.000000000000000000e+00
6.978157623196725012e+01,0.000000000000000000e+00,0.000000000000000000e+00
7.046371483191768448e+01,0.000000000000000000e+00,0.000000000000000000e+00
7.227962097304097711e+01,0.000000000000000000e+00,0.000000000000000000e+00
6.969122266363110896e+01,0.000000000000000000e+00,0.000000000000000000e+00
7.030792659379252996e+01,0.000000000000000000e+00,0.000000000000000000e+00
7.085605379488896460e+01,0.000000000000000000e+00,0.000000000000000000e+00
7.088545040530699737e+01,0.000000000000000000e+00,0.000000000000000000e+00
6.858795970981863377e+01,0.000000000000000000e+00,0.000000000000000000e+00
7.023440569041585491e+01,0.000000000000000000e+00,0.000000000000000000e+00
6.881513260533699849e+01,0.000000000000000000e+00,0.000000000000000000e+00
6.680146177255178941e+01,0.000000000000000000e+00,0.000000000000000000e+00
7.002547948648327747e+01,0.000000000000000000e+00,0.000000000000000000e+00
6.958547281017531816e+01,0.000000000000000000e+00,0.000000000000000000e+00
6.973957381835795388e+01,0.000000000000000000e+00,0.000000000000000000e+00
7.449925322373601944e+01,0.000000000000000000e+00,0.000000000000000000e+00
7.028599942777157139e+01,0.000000000000000000e+00,0.000000000000000000e+00
6.910587969652779350e+01,0.000000000000000000e+00,0.000000000000000000e+00
6.968251902756620098e+01,0.000000000000000000e+00,0.000000000000000000e+00
7.270651875496925243e+01,0.000000000000000000e+00,0.000000000000000000e+00
7.369554867062447556e+01,0.000000000000000000e+00,0.000000000000000000e+00
6.895027931966471613e+01,0.000000000000000000e+00,0.000000000000000000e+00
7.346945489657228734e+01,0.000000000000000000e+00,0.000000000000000000e+00
6.979687859960063179e+01,0.000000000000000000e+00,0.000000000000000000e+00
7.047939811930476139e+01,0.000000000000000000e+00,0.000000000000000000e+00
7.283930269721957984e+01,0.000000000000000000e+00,0.000000000000000000e+00
7.205705382340056531e+01,0.000000000000000000e+00,0.000000000000000000e+00
6.713254640974594167e+01,0.000000000000000000e+00,0.000000000000000000e+00
6.798088646447203587e+01,0.000000000000000000e+00,0.000000000000000000e+00
7.269159674642169477e+01,0.000000000000000000e+00,0.000000000000000000e+00
7.451031614176456230e+01,0.000000000000000000e+00,0.000000000000000000e+00
7.109890353106574423e+01,0.000000000000000000e+00,0.000000000000000000e+00
7.111738509942946962e+01,0.000000000000000000e+00,0.000000000000000000e+00
7.369558662855511955e+01,0.000000000000000000e+00,0.000000000000000000e+00
7.058615643125784800e+01,0.000000000000000000e+00,0.000000000000000000e+00
7.443718078494325141e+01,0.000000000000000000e+00,0.000000000000000000e+00
7.338281938122234749e+01,0.000000000000000000e+00,0.000000000000000000e+00
7.122944824064148861e+01,0.000000000000000000e+00,0.000000000000000000e+00
7.385671585958604624e+01,0.000000000000000000e+00,0.000000000000000000e+00
7.172913351516925218e+01,0.000000000000000000e+00,0.000000000000000000e+00
7.215115068274448618e+01,0.000000000000000000e+00,0.000000000000000000e+00
7.551283617525005809e+01,0.000000000000000000e+00,0.000000000000000000e+00
7.365149188927962598e+01,0.000000000000000000e+00,0.000000000000000000e+00
7.313915640137778951e+01,0.000000000000000000e+00,0.000000000000000000e+00
7.100758370340079750e+01,0.000000000000000000e+00,0.000000000000000000e+00
7.428065626569822655e+01,0.000000000000000000e+00,0.000000000000000000e+00
7.144670749516541264e+01,0.000000000000000000e+00,0.000000000000000000e+00
7.060192445249282400e+01,0.000000000000000000e+00,0.000000000000000000e+00
6.927985162672388242e+01,0.000000000000000000e+00,0.000000000000000000e+00
7.617289149389097247e+01,0.000000000000000000e+00,0.000000000000000000e+00
7.253828447300131188e+01,0.000000000000000000e+00,0.000000000000000000e+00
7.289339924245619784e+01,0.000000000000000000e+00,0.000000000000000000e+00
7.270815264711465886e+01,0.000000000000000000e+00,0.000000000000000000e+00
7.592819368540612857e+01,0.000000000000000000e+00,0.000000000000000000e+00
7.415369932822412125e+01,0.000000000000000000e+00,0.000000000000000000e+00
7.100303655770153455e+01,0.000000000000000000e+00,0.000000000000000000e+00
7.563096608744380944e+01,0.000000000000000000e+00,0.000000000000000000e+00
7.667412541087141165e+01,0.000000000000000000e+00,0.000000000000000000e+00
7.303315364242273233e+01,0.000000000000000000e+00,0.000000000000000000e+00
7.693802748521470392e+01,0.000000000000000000e+00,0.000000000000000000e+00
7.256202626941674794e+01,0.000000000000000000e+00,0.000000000000000000e+00
7.194683094672244295e+01,0.000000000000000000e+00,0.000000000000000000e+00
7.446137924232127148e+01,0.000000000000000000e+00,0.000000000000000000e+00
7.253494316002803544e+01,0.000000000000000000e+00,0.000000000000000000e+00
7.619529996862797816e+01,0.000000000000000000e+00,0.000000000000000000e+00
7.306677639995677964e+01,0.000000000000000000e+00,0.000000000000000000e+00
7.329122839900209385e+01,0.000000000000000000e+00,0.000000000000000000e+00
7.505832796996563161e+01,0.000000000000000000e+00,0.000000000000000000e+00
7.218015991470899451e+01,0.000000000000000000e+00,0.000000000000000000e+00
7.405210485710450996e+01,0.000000000000000000e+00,0.000000000000000000e+00
7.817320444233077126e+01,0.000000000000000000e+00,0.000000000000000000e+00
7.482073933638149299e+01,0.000000000000000000e+00,0.000000000000000000e+00
7.658923535907371161e+01,0.000000000000000000e+00,0.000000000000000000e+00
7.457123868929826926e+01,0.000000000000000000e+00,0.000000000000000000e+00
7.352628050860934650e+01,0.000000000000000000e+00,0.000000000000000000e+00
7.787594265963383577e+01,0.000000000000000000e+00,0.000000000000000000e+00
7.600155480940878761e+01,0.000000000000000000e+00,0.000000000000000000e+00
7.750542035131229568e+01,0.000000000000000000e+00,0.000000000000000000e+00
7.422551396937775792e+01,0.000000000000000000e+00,0.000000000000000000e+00
7.572399791746781261e+01,0.000000000000000000e+00,0.000000000000000000e+00
7.395512807839133984e+01,0.000000000000000000e+00,0.000000000000000000e+00
7.620647460107622351e+01,0.000000000000000000e+00,0.000000000000000000e+00
7.673996458674625387e+01,0.000000000000000000e+00,0.000000000000000000e+00
7.300998419405352990e+01,0.000000000000000000e+00,0.000000000000000000e+00
7.695194686702643594e+01,0.000000000000000000e+00,0.000000000000000000e+00
7.553968164051157430e+01,0.000000000000000000e+00,0.000000000000000000e+00
8.010558439445442502e+01,0.000000000000000000e+00,0.000000000000000000e+00
7.592047460472838338e+01,0.000000000000000000e+00,0.000000000000000000e+00
7.496383831010700760e+01,0.000000000000000000e+00,0.000000000000000000e+00
7.676814193643591011e+01,0.000000000000000000e+00,0.000000000000000000e+00
7.703246789716340004e+01,0.000000000000000000e+00,0.000000000000000000e+00
7.609088597521734698e+01,0.000000000000000000e+00,0.000000000000000000e+00
7.574034256001880294e+01,0.000000000000000000e+00,0.000000000000000000e+00
7.411292032537966179e+01,0.000000000000000000e+00,0.000000000000000000e+00
7.637888380938713340e+01,0.000000000000000000e+00,0.000000000000000000e+00
7.673532974742114732e+01,0.000000000000000000e+00,0.000000000000000000e+00
7.182239850300786088e+01,0.000000000000000000e+00,0.000000000000000000e+00
7.280932851589246013e+01,0.000000000000000000e+00,0.000000000000000000e+00
7.870642021355195084e+01,0.000000000000000000e+00,0.000000000000000000e+00
7.725788724217687786e+01,0.000000000000000000e+00,0.000000000000000000e+00
7.251353302508651666e+01,0.000000000000000000e+00,0.000000000000000000e+00
7.243286931320903932e+01,0.000000000000000000e+00,0.000000000000000000e+00
6.980811471697177240e+01,0.000000000000000000e+00,0.000000000000000000e+00
7.404369652532368207e+01,0.000000000000000000e+00,0.000000000000000000e+00
7.631928863115327033e+01,0.000000000000000000e+00,0.000000000000000000e+00
7.476968160946152864e+01,0.000000000000000000e+00,0.000000000000000000e+00
7.519842480850525135e+01,0.000000000000000000e+00,0.000000000000000000e+00
7.623769300413020744e+01,0.000000000000000000e+00,0.000000000000000000e+00
7.539023768658687175e+01,0.000000000000000000e+00,0.000000000000000000e+00
7.498930065421680524e+01,0.000000000000000000e+00,0.000000000000000000e+00
7.754046913106405725e+01,0.000000000000000000e+00,0.000000000000000000e+00
7.751912254929013102e+01,0.000000000000000000e+00,0.000000000000000000e+00
7.796798798926320728e+01,0.000000000000000000e+00,0.000000000000000000e+00
7.418553994553444397e+01,0.000000000000000000e+00,0.000000000000000000e+00
7.689248293680491031e+01,0.000000000000000000e+00,0.000000000000000000e+00
7.761847333123621695e+01,0.000000000000000000e+00,0.000000000000000000e+00
7.806214133796444798e+01,0.000000000000000000e+00,0.000000000000000000e+00
7.518113795626685203e+01,0.000000000000000000e+00,0.000000000000000000e+00
7.671532109202790650e+01,0.000000000000000000e+00,0.000000000000000000e+00
7.557618734371183677e+01,0.000000000000000000e+00,0.000000000000000000e+00
7.660904103695203560e+01,0.000000000000000000e+00,0.000000000000000000e+00
7.601822313425329014e+01,0.000000000000000000e+00,0.000000000000000000e+00
7.375356899669168342e+01,0.000000000000000000e+00,0.000000000000000000e+00
7.595362918951268227e+01,0.000000000000000000e+00,0.000000000000000000e+00
7.801896090750467749e+01,0.000000000000000000e+00,0.000000000000000000e+00
7.774617812629482216e+01,0.000000000000000000e+00,0.000000000000000000e+00
7.532969667428201888e+01,0.000000000000000000e+00,0.000000000000000000e+00
7.740282014882770056e+01,0.000000000000000000e+00,0.000000000000000000e+00
7.814264768550641804e+01,0.000000000000000000e+00,0.000000000000000000e+00
7.220134716612329839e+01,0.000000000000000000e+00,0.000000000000000000e+00
7.477928984537373935e+01,0.000000000000000000e+00,0.000000000000000000e+00
7.275726507580299085e+01,0.000000000000000000e+00,0.000000000000000000e+00
7.662693789831250513e+01,0.000000000000000000e+00,0.000000000000000000e+00
7.699925336883362093e+01,0.000000000000000000e+00,0.000000000000000000e+00
7.489947589666972760e+01,0.000000000000000000e+00,0.000000000000000000e+00
7.720864023583759206e+01,0.000000000000000000e+00,0.000000000000000000e+00
7.767179496559236895e+01,0.000000000000000000e+00,0.000000000000000000e+00
7.680768507983478344e+01,0.000000000000000000e+00,0.000000000000000000e+00
7.625664874240847269e+01,0.000000000000000000e+00,0.000000000000000000e+00
7.613903029297351566e+01,0.000000000000000000e+00,0.000000000000000000e+00
7.594245685358531261e+01,0.000000000000000000e+00,0.000000000000000000e+00
7.480718295161206299e+01,0.000000000000000000e+00,0.000000000000000000e+00
7.423818814269351662e+01,0.000000000000000000e+00,0.000000000000000000e+00
7.730928066392932863e+01,0.000000000000000000e+00,0.000000000000000000e+00
7.923016374583068000e+01,0.000000000000000000e+00,0.000000000000000000e+00
7.510586831431055543e+01,0.000000000000000000e+00,0.000000000000000000e+00
7.624956095781567456e+01,0.000000000000000000e+00,0.000000000000000000e+00
7.430889288173364093e+01,0.000000000000000000e+00,0.000000000000000000e+00
7.586382465363226402e+01,0.000000000000000000e+00,0.000000000000000000e+00
7.981677585756864346e+01,0.000000000000000000e+00,0.000000000000000000e+00
7.997442498464772598e+01,0.000000000000000000e+00,0.000000000000000000e+00
7.918150407721861939e+01,0.000000000000000000e+00,0.000000000000000000e+00
7.853254323874502063e+01,0.000000000000000000e+00,0.000000000000000000e+00
7.517415492609140415e+01,0.000000000000000000e+00,0.000000000000000000e+00
7.918655294538085343e+01,0.000000000000000000e+00,0.000000000000000000e+00
7.714110246612600008e+01,0.000000000000000000e+00,0.000000000000000000e+00
7.678096831348219098e+01,0.000000000000000000e+00,0.000000000000000000e+00
7.634090195830259518e+01,0.000000000000000000e+00,0.000000000000000000e+00
7.595612503823660688e+01,0.000000000000000000e+00,0.000000000000000000e+00
7.762782503310702964e+01,0.000000000000000000e+00,0.000000000000000000e+00
7.896889168630931977e+01,0.000000000000000000e+00,0.000000000000000000e+00
8.030869750474157343e+01,0.000000000000000000e+00,0.000000000000000000e+00
7.801561248099288548e+01,0.000000000000000000e+00,0.000000000000000000e+00
7.995207589118615488e+01,0.000000000000000000e+00,0.000000000000000000e+00
8.301217316254428624e+01,0.000000000000000000e+00,0.000000000000000000e+00
7.887590371792954613e+01,0.000000000000000000e+00,0.000000000000000000e+00
7.662735260672806703e+01,0.000000000000000000e+00,0.000000000000000000e+00
7.886421993526032281e+01,0.000000000000000000e+00,0.000000000000000000e+00
7.659683955946510991e+01,0.000000000000000000e+00,0.000000000000000000e+00
7.886695460176549943e+01,0.000000000000000000e+00,0.000000000000000000e+00
8.006848148745390858e+01,0.000000000000000000e+00,0.000000000000000000e+00
7.746631470066017755e+01,0.000000000000000000e+00,0.000000000000000000e+00
8.071097767369367659e+01,0.000000000000000000e+00,0.000000000000000000e+00
7.762987304727776916e+01,0.000000000000000000e+00,0.000000000000000000e+00
7.569741609286637640e+01,0.000000000000000000e+00,0.000000000000000000e+00
7.624223932859644037e+01,0.000000000000000000e+00,0.000000000000000000e+00
8.026715238302406874e+01,0.000000000000000000e+00,0.000000000000000000e+00
7.844545591837047027e+01,0.000000000000000000e+00,0.000000000000000000e+00
7.565602180586546410e+01,0.000000000000000000e+00,0.000000000000000000e+00
7.866797949920024280e+01,0.000000000000000000e+00,0.000000000000000000e+00
7.833436709637901174e+01,0.000000000000000000e+00,0.000000000000000000e+00
7.856145664635815251e+01,0.000000000000000000e+00,0.000000000000000000e+00
7.637802263191764496e+01,0.000000000000000000e+00,0.000000000000000000e+00
7.828026902000750908e+01,0.000000000000000000e+00,0.000000000000000000e+00
8.222080979877222262e+01,0.000000000000000000e+00,0.000000000000000000e+00
7.736847604530153433e+01,0.000000000000000000e+00,0.000000000000000000e+00
7.708346476288301119e+01,0.000000000000000000e+00,0.000000000000000000e+00
7.941559914004629661e+01,0.000000000000000000e+00,0.000000000000000000e+00
7.583184693842763124e+01,0.000000000000000000e+00,0.000000000000000000e+00
7.833974556271030565e+01,0.000000000000000000e+00,0.000000000000000000e+00
7.875545811977939081e+01,0.000000000000000000e+00,0.000000000000000000e+00
7.560669206040103063e+01,0.000000000000000000e+00,0.000000000000000000e+00
7.357134569998696350e+01,0.000000000000000000e+00,0.000000000000000000e+00
7.920600745317759106e+01,0.000000000000000000e+00,0.000000000000000000e+00
7.865228904959224110e+01,0.000000000000000000e+00,0.000000000000000000e+00
7.864264362453141644e+01,0.000000000000000000e+00,0.000000000000000000e+00
7.969854085600924520e+01,0.000000000000000000e+00,0.000000000000000000e+00
7.420909899452821890e+01,0.000000000000000000e+00,0.000000000000000000e+00
7.790772608078390249e+01,0.000000000000000000e+00,0.000000000000000000e+00
7.966186657027451190e+01,0.000000000000000000e+00,0.000000000000000000e+00
8.118357093512987888e+01,0.000000000000000000e+00,0.000000000000000000e+00
7.806294165214677605e+01,0.000000000000000000e+00,0.000000000000000000e+00
7.866009583573345765e+01,0.000000000000000000e+00,0.000000000000000000e+00
7.944252680321449134e+01,0.000000000000000000e+00,0.000000000000000000e+00
7.453373618302816794e+01,0.000000000000000000e+00,0.000000000000000000e+00
7.411632115037943436e+01,0.000000000000000000e+00,0.000000000000000000e+00
8.115412233058488312e+01,0.000000000000000000e+00,0.000000000000000000e+00
8.145965935739467056e+01,0.000000000000000000e+00,0.000000000000000000e+00
7.703616309127045270e+01,0.000000000000000000e+00,0.000000000000000000e+00
7.917008074246643901e+01,0.000000000000000000e+00,0.000000000000000000e+00
8.160570370327594958e+01,0.000000000000000000e+00,0.000000000000000000e+00
7.836079731230832124e+01,0.000000000000000000e+00,0.000000000000000000e+00
8.046953031354837549e+01,0.000000000000000000e+00,0.000000000000000000e+00
7.971011652269194769e+01,0.000000000000000000e+00,0.000000000000000000e+00
8.131341620747956256e+01,0.000000000000000000e+00,0.000000000000000000e+00
8.392982055591109258e+01,0.000000000000000000e+00,0.000000000000000000e+00
7.728165392298969039e+01,0.000000000000000000e+00,0.000000000000000000e+00
8.043725942064200751e+01,0.000000000000000000e+00,0.000000000000000000e+00
7.884065478719492148e+01,0.000000000000000000e+00,0.000000000000000000e+00
7.850340217708568957e+01,0.000000000000000000e+00,0.000000000000000000e+00
8.012242017326701671e+01,0.000000000000000000e+00,0.000000000000000000e+00
7.779690230962714281e+01,0.000000000000000000e+00,0.000000000000000000e+00
7.718391267018238011e+01,0.000000000000000000e+00,0.000000000000000000e+00
7.628949783003356799e+01,0.000000000000000000e+00,0.000000000000000000e+00
7.974887834581879531e+01,0.000000000000000000e+00,0.000000000000000000e+00
7.796632844183902478e+01,0.000000000000000000e+00,0.000000000000000000e+00
7.761724818093226475e+01,0.000000000000000000e+00,0.000000000000000000e+00
7.737916427350272386e+01,0.000000000000000000e+00,0.000000000000000000e+00
7.688489171585507620e+01,0.000000000000000000e+00,0.000000000000000000e+00
7.943043564392564804e+01,0.000000000000000000e+00,0.000000000000000000e+00
7.851118691709983466e+01,0.000000000000000000e+00,0.000000000000000000e+00
7.906667553286744976e+01,0.000000000000000000e+00,0.000000000000000000e+00
7.790205875292728877e+01,0.000000000000000000e+00,0.000000000000000000e+00
7.973719346120489604e+01,0.000000000000000000e+00,0.000000000000000000e+00
8.012166006758045000e+01,0.000000000000000000e+00,0.000000000000000000e+00
7.778433130749586155e+01,0.000000000000000000e+00,0.000000000000000000e+00
7.816371824598461160e+01,0.000000000000000000e+00,0.000000000000000000e+00
7.741544109323764644e+01,0.000000000000000000e+00,0.000000000000000000e+00
7.911809923072470951e+01,0.000000000000000000e+00,0.000000000000000000e+00
7.727604854367569942e+01,0.000000000000000000e+00,0.000000000000000000e+00
8.104671445954407716e+01,0.000000000000000000e+00,0.000000000000000000e+00
7.892049066740274554e+01,0.000000000000000000e+00,0.000000000000000000e+00
8.061479786703739592e+01,0.000000000000000000e+00,0.000000000000000000e+00
8.248113407381839579e+01,0.000000000000000000e+00,0.000000000000000000e+00
7.934738336826730176e+01,0.000000000000000000e+00,0.000000000000000000e+00
7.848747661173995027e+01,0.000000000000000000e+00,0.000000000000000000e+00
7.978215598576933587e+01,0.000000000000000000e+00,0.000000000000000000e+00
8.319016328077256617e+01,0.000000000000000000e+00,0.000000000000000000e+00
8.007580762927980800e+01,0.000000000000000000e+00,0.000000000000000000e+00
8.222112993511495915e+01,0.000000000000000000e+00,0.000000000000000000e+00
8.352775533670370578e+01,0.000000000000000000e+00,0.000000000000000000e+00
7.846157174522963373e+01,0.000000000000000000e+00,0.000000000000000000e+00
8.007669560051850510e+01,0.000000000000000000e+00,0.000000000000000000e+00
7.993441537090895110e+01,0.000000000000000000e+00,0.000000000000000000e+00
7.940745981513997265e+01,0.000000000000000000e+00,0.000000000000000000e+00
8.100277718750021450e+01,0.000000000000000000e+00,0.000000000000000000e+00
8.090215464348703733e+01,0.000000000000000000e+00,0.000000000000000000e+00
8.022941328377477532e+01,0.000000000000000000e+00,0.000000000000000000e+00
7.668773480153492983e+01,0.000000000000000000e+00,0.000000000000000000e+00
7.635532659001060551e+01,0.000000000000000000e+00,0.000000000000000000e+00
8.152272702814050831e+01,0.000000000000000000e+00,0.000000000000000000e+00
7.746021890160550072e+01,0.000000000000000000e+00,0.000000000000000000e+00
7.881958193473202812e+01,0.000000000000000000e+00,0.000000000000000000e+00
8.081970748629764500e+01,0.000000000000000000e+00,0.000000000000000000e+00
7.707942892006241209e+01,0.000000000000000000e+00,0.000000000000000000e+00
7.900511153039371948e+01,0.000000000000000000e+00,0.000000000000000000e+00
8.004241911353774697e+01,0.000000000000000000e+00,0.000000000000000000e+00
7.858962067417037645e+01,0.000000000000000000e+00,0.000000000000000000e+00
8.013941407587692822e+01,0.000000000000000000e+00,0.000000000000000000e+00
8.617483587609787321e+01,0.000000000000000000e+00,0.000000000000000000e+00
8.291482857662883532e+01,0.000000000000000000e+00,0.000000000000000000e+00
8.031226573866877061e+01,0.000000000000000000e+00,0.000000000000000000e+00
7.885633979995613174e+01,0.000000000000000000e+00,0.000000000000000000e+00
8.046213405474577485e+01,0.000000000000000000e+00,0.000000000000000000e+00
8.164798189496282532e+01,0.000000000000000000e+00,0.000000000000000000e+00
7.798364599313737244e+01,0.000000000000000000e+00,0.000000000000000000e+00
8.009117798164830049e+01,0.000000000000000000e+00,0.000000000000000000e+00
7.867541001668928402e+01,0.000000000000000000e+00,0.000000000000000000e+00
8.236205545262431826e+01,0.000000000000000000e+00,0.000000000000000000e+00
7.905757337697581022e+01,0.000000000000000000e+00,0.000000000000000000e+00
8.082348253000010629e+01,0.000000000000000000e+00,0.000000000000000000e+00
8.005916423892450950e+01,0.000000000000000000e+00,0.000000000000000000e+00
8.038898660083093262e+01,0.000000000000000000e+00,0.000000000000000000e+00
7.865169084417991030e+01,0.000000000000000000e+00,0.000000000000000000e+00
8.118293929313314550e+01,0.000000000000000000e+00,0.000000000000000000e+00
7.998933120145403564e+01,0.000000000000000000e+00,0.000000000000000000e+00
8.050352044260100115e+01,0.000000000000000000e+00,0.000000000000000000e+00
8.117562423100702063e+01,0.000000000000000000e+00,0.000000000000000000e+00
7.893486190621949561e+01,0.000000000000000000e+00,0.000000000000000000e+00
7.899649923957352371e+01,0.000000000000000000e+00,0.000000000000000000e+00
8.361466277664710844e+01,0.000000000000000000e+00,0.000000000000000000e+00
7.916409521939230842e+01,0.000000000000000000e+00,0.000000000000000000e+00
8.187984996517708680e+01,0.000000000000000000e+00,0.000000000000000000e+00
8.197776144382081043e+01,0.000000000000000000e+00,0.000000000000000000e+00
8.167659755380408626e+01,0.000000000000000000e+00,0.000000000000000000e+00
8.071043552479532934e+01,0.000000000000000000e+00,0.000000000000000000e+00
8.038703893509278942e+01,0.000000000000000000e+00,0.000000000000000000e+00
7.871987510762157569e+01,0.000000000000000000e+00,0.000000000000000000e+00
7.824955424553469641e+01,0.000000000000000000e+00,0.000000000000000000e+00
8.190434144318646759e+01,0.000000000000000000e+00,0.000000000000000000e+00
8.024422185904325033e+01,0.000000000000000000e+00,0.000000000000000000e+00
7.725487283517367132e+01,0.000000000000000000e+00,0.000000000000000000e+00
8.124907502400344583e+01,0.000000000000000000e+00,0.000000000000000000e+00
8.102549917512719446e+01,0.000000000000000000e+00,0.000000000000000000e+00
8.174935074230197074e+01,0.000000000000000000e+00,0.000000000000000000e+00
7.855147985390098597e+01,0.000000000000000000e+00,0.000000000000000000e+00
7.783607625001262420e+01,0.000000000000000000e+00,0.000000000000000000e+00
7.847822262827888551e+01,0.000000000000000000e+00,0.000000000000000000e+00
8.093861681110276152e+01,0.000000000000000000e+00,0.000000000000000000e+00
8.236969742821413831e+01,0.000000000000000000e+00,0.000000000000000000e+00
7.992618452713332999e+01,0.000000000000000000e+00,0.000000000000000000e+00
8.055984525023812637e+01,0.000000000000000000e+00,0.000000000000000000e+00
8.006221230081158069e+01,0.000000000000000000e+00,0.000000000000000000e+00
8.238242173178424821e+01,0.000000000000000000e+00,0.000000000000000000e+00
7.640130015121901863e+01,0.000000000000000000e+00,0.000000000000000000e+00
8.029066299409932128e+01,0.000000000000000000e+00,0.000000000000000000e+00
8.230427414255862573e+01,0.000000000000000000e+00,0.000000000000000000e+00
7.980662366730830115e+01,0.000000000000000000e+00,0.000000000000000000e+00
8.001714308810828413e+01,0.000000000000000000e+00,0.000000000000000000e+00
7.967773279169371392e+01,0.000000000000000000e+00,0.000000000000000000e+00
8.021649705512047035e+01,0.000000000000000000e+00,0.000000000000000000e+00
8.157892853221797225e+01,0.000000000000000000e+00,0.000000000000000000e+00
8.069787827449144402e+01,0.000000000000000000e+00,0.000000000000000000e+00
8.148895244422980966e+01,0.000000000000000000e+00,0.000000000000000000e+00
7.702508334473641582e+01,0.000000000000000000e+00,0.000000000000000000e+00
8.047129955021449632e+01,0.000000000000000000e+00,0.000000000000000000e+00
7.584694522195346167e+01,0.000000000000000000e+00,0.000000000000000000e+00
7.960460531782929650e+01,0.000000000000000000e+00,0.000000000000000000e+00
7.945979739655521712e+01,0.000000000000000000e+00,0.000000000000000000e+00
7.597772076619361314e+01,0.000000000000000000e+00,0.000000000000000000e+00
8.041723443769542712e+01,0.000000000000000000e+00,0.000000000000000000e+00
8.203390111812056773e+01,0.000000000000000000e+00,0.000000000000000000e+00
7.941001780690244516e+01,0.000000000000000000e+00,0.000000000000000000e+00
7.621425314400116235e+01,0.000000000000000000e+00,0.000000000000000000e+00
8.099088727340941318e+01,0.000000000000000000e+00,0.000000000000000000e+00
7.683212531155385250e+01,0.000000000000000000e+00,0.000000000000000000e+00
8.029862038076707620e+01,0.000000000000000000e+00,0.000000000000000000e+00
7.935738460252838422e+01,0.000000000000000000e+00,0.000000000000000000e+00
8.229331081728409458e+01,0.000000000000000000e+00,0.000000000000000000e+00
8.085294189172930146e+01,0.000000000000000000e+00,0.000000000000000000e+00
8.048402480609296106e+01,0.000000000000000000e+00,0.000000000000000000e+00
7.820856046048609755e+01,0.000000000000000000e+00,0.000000000000000000e+00
8.119415631321918170e+01,0.000000000000000000e+00,0.000000000000000000e+00
8.107845540912119020e+01,0.000000000000000000e+00,0.000000000000000000e+00
7.880447441519076790e+01,0.000000000000000000e+00,0.000000000000000000e+00
8.228600898988598544e+01,0.000000000000000000e+00,0.000000000000000000e+00
8.166905116834271894e+01,0.000000000000000000e+00,0.000000000000000000e+00
7.866732206691378337e+01,0.000000000000000000e+00,0.000000000000000000e+00
7.929369868058911663e+01,0.000000000000000000e+00,0.000000000000000000e+00
7.948398107857762795e+01,0.000000000000000000e+00,0.000000000000000000e+00
7.877278604019191732e+01,0.000000000000000000e+00,0.000000000000000000e+00
7.781062950337461359e+01,0.000000000000000000e+00,0.000000000000000000e+00
7.834407106718487057e+01,0.000000000000000000e+00,0.000000000000000000e+00
8.099327901201013447e+01,0.000000000000000000e+00,0.000000000000000000e+00
8.183602289579060596e+01,0.000000000000000000e+00,0.000000000000000000e+00
7.780257492045144829e+01,0.000000000000000000e+00,0.000000000000000000e+00
7.815636653231773323e+01,0.000000000000000000e+00,0.000000000000000000e+00
8.349001559531335204e+01,0.000000000000000000e+00,0.000000000000000000e+00
7.799440951574534608e+01,0.000000000000000000e+00,0.000000000000000000e+00
7.818612627630373879e+01,0.000000000000000000e+00,0.000000000000000000e+00
7.775755206708107892e+01,0.000000000000000000e+00,0.000000000000000000e+00
7.912912583777696796e+01,0.000000000000000000e+00,0.000000000000000000e+00
7.874966912450938139e+01,0.000000000000000000e+00,0.000000000000000000e+00
8.152156590098289257e+01,0.000000000000000000e+00,0.000000000000000000e+00
7.482087769131204880e+01,0.000000000000000000e+00,0.000000000000000000e+00
7.960018399657771226e+01,0.000000000000000000e+00,0.000000000000000000e+00
8.007145937622327381e+01,0.000000000000000000e+00,0.000000000000000000e+00
7.721878095001667930e+01,0.000000000000000000e+00,0.000000000000000000e+00
7.749248710453547062e+01,0.000000000000000000e+00,0.000000000000000000e+00
8.254950697552395411e+01,0.000000000000000000e+00,0.000000000000000000e+00
8.074766359687663453e+01,0.000000000000000000e+00,0.000000000000000000e+00
8.191347223501098540e+01,0.000000000000000000e+00,0.000000000000000000e+00
8.236074890480131216e+01,0.000000000000000000e+00,0.000000000000000000e+00
8.033324320950764275e+01,0.000000000000000000e+00,0.000000000000000000e+00
7.868696404379979015e+01,0.000000000000000000e+00,0.000000000000000000e+00
7.703716299349532903e+01,0.000000000000000000e+00,0.000000000000000000e+00
7.707234429866112180e+01,0.000000000000000000e+00,0.000000000000000000e+00
7.785959620230192968e+01,0.000000000000000000e+00,0.000000000000000000e+00
7.780418094552138086e+01,0.000000000000000000e+00,0.000000000000000000e+00
8.406299280438325638e+01,0.000000000000000000e+00,0.000000000000000000e+00
8.142293707580044781e+01,0.000000000000000000e+00,0.000000000000000000e+00
7.784058471867203366e+01,0.000000000000000000e+00,0.000000000000000000e+00
7.742941644610577612e+01,0.000000000000000000e+00,0.000000000000000000e+00
7.839617357712552348e+01,0.000000000000000000e+00,0.000000000000000000e+00
7.739221042118202831e+01,0.000000000000000000e+00,0.000000000000000000e+00
8.104630292121217394e+01,0.000000000000000000e+00,0.000000000000000000e+00
7.576640432102574607e+01,0.000000000000000000e+00,0.000000000000000000e+00
7.841747846526584453e+01,0.000000000000000000e+00,0.000000000000000000e+00
7.818502899282913177e+01,0.000000000000000000e+00,0.000000000000000000e+00
7.872915652959682120e+01,0.000000000000000000e+00,0.000000000000000000e+00
7.804233596595936717e+01,0.000000000000000000e+00,0.000000000000000000e+00
7.948384960385116926e+01,0.000000000000000000e+00,0.000000000000000000e+00
7.586653964402538008e+01,0.000000000000000000e+00,0.000000000000000000e+00
7.972912490083621151e+01,0.000000000000000000e+00,0.000000000000000000e+00
7.699056284146219298e+01,0.000000000000000000e+00,0.000000000000000000e+00
7.992838439037276999e+01,0.000000000000000000e+00,0.000000000000000000e+00
7.992794769357769269e+01,0.000000000000000000e+00,0.000000000000000000e+00
7.842235055862902016e+01,0.000000000000000000e+00,0.000000000000000000e+00
7.889623699644999988e+01,0.000000000000000000e+00,0.000000000000000000e+00
7.967171032195622615e+01,0.000000000000000000e+00,0.000000000000000000e+00
7.552911382904720483e+01,0.000000000000000000e+00,0.000000000000000000e+00
7.860530175243994222e+01,0.000000000000000000e+00,0.000000000000000000e+00
7.791233868708062005e+01,0.000000000000000000e+00,0.000000000000000000e+00
8.296037626376707408e+01,0.000000000000000000e+00,0.000000000000000000e+00
7.512139756037647942e+01,0.000000000000000000e+00,0.000000000000000000e+00
7.766418078802441016e+01,0.000000000000000000e+00,0.000000000000000000e+00
7.774899079431858695e+01,0.000000000000000000e+00,0.000000000000000000e+00
7.674971993755958977e+01,0.000000000000000000e+00,0.000000000000000000e+00
7.715660400727099955e+01,0.000000000000000000e+00,0.000000000000000000e+00
8.264869915663904010e+01,0.000000000000000000e+00,0.000000000000000000e+00
7.913031774029091991e+01,0.000000000000000000e+00,0.000000000000000000e+00
7.873964062772226669e+01,0.000000000000000000e+00,0.000000000000000000e+00
7.907578120154506962e+01,0.000000000000000000e+00,0.000000000000000000e+00
7.709072912470726635e+01,0.000000000000000000e+00,0.000000000000000000e+00
7.984166507012888303e+01,0.000000000000000000e+00,0.000000000000000000e+00
7.666426355930269665e+01,0.000000000000000000e+00,0.000000000000000000e+00
7.868443528577684276e+01,0.000000000000000000e+00,0.000000000000000000e+00
8.111004391296910399e+01,0.000000000000000000e+00,0.000000000000000000e+00
8.106147647601343920e+01,0.000000000000000000e+00,0.000000000000000000e+00
7.966810202198988122e+01,0.000000000000000000e+00,0.000000000000000000e+00
7.626242287200825842e+01,0.000000000000000000e+00,0.000000000000000000e+00
7.718419103617165433e+01,0.000000000000000000e+00,0.000000000000000000e+00
7.585820708531070977e+01,0.000000000000000000e+00,0.000000000000000000e+00
8.154306610440788461e+01,0.000000000000000000e+00,0.000000000000000000e+00
7.540293875550372604e+01,0.000000000000000000e+00,0.000000000000000000e+00
7.765221102179967261e+01,0.000000000000000000e+00,0.000000000000000000e+00
7.577034586753448764e+01,0.000000000000000000e+00,0.000000000000000000e+00
7.743563263295284571e+01,0.000000000000000000e+00,0.000000000000000000e+00
7.815149798850467278e+01,0.000000000000000000e+00,0.000000000000000000e+00
7.833610782192515387e+01,0.000000000000000000e+00,0.000000000000000000e+00
7.822301539651232360e+01,0.000000000000000000e+00,0.000000000000000000e+00
7.867629931609494065e+01,0.000000000000000000e+00,0.000000000000000000e+00
7.965581605134589438e+01,0.000000000000000000e+00,0.000000000000000000e+00
7.814075761741057136e+01,0.000000000000000000e+00,0.000000000000000000e+00
7.853589194523769379e+01,0.000000000000000000e+00,0.000000000000000000e+00
7.641558249872988995e+01,0.000000000000000000e+00,0.000000000000000000e+00
7.958040620663147990e+01,0.000000000000000000e+00,0.000000000000000000e+00
7.612873729711550652e+01,0.000000000000000000e+00,0.000000000000000000e+00
7.517906294216028584e+01,0.000000000000000000e+00,0.000000000000000000e+00
7.835825706370954435e+01,0.000000000000000000e+00,0.000000000000000000e+00
7.693899262163746755e+01,0.000000000000000000e+00,0.000000000000000000e+00
7.613860401041132775e+01,0.000000000000000000e+00,0.000000000000000000e+00
7.557951368970404360e+01,0.000000000000000000e+00,0.000000000000000000e+00
7.543843264058232023e+01,0.000000000000000000e+00,0.000000000000000000e+00
7.601200449626038846e+01,0.000000000000000000e+00,0.000000000000000000e+00
7.813962635443495230e+01,0.000000000000000000e+00,0.000000000000000000e+00
8.018822860167347244e+01,0.000000000000000000e+00,0.000000000000000000e+00
7.470214353523344641e+01,0.000000000000000000e+00,0.000000000000000000e+00
7.868051825668719346e+01,0.000000000000000000e+00,0.000000000000000000e+00
8.116953272091481608e+01,0.000000000000000000e+00,0.000000000000000000e+00
7.577885822731086307e+01,0.000000000000000000e+00,0.000000000000000000e+00
7.708487910980099400e+01,0.000000000000000000e+00,0.000000000000000000e+00
7.791059781598940503e+01,0.000000000000000000e+00,0.000000000000000000e+00
7.765206833287965082e+01,0.000000000000000000e+00,0.000000000000000000e+00
7.688325816240097765e+01,0.000000000000000000e+00,0.000000000000000000e+00
7.635327153710220216e+01,0.000000000000000000e+00,0.000000000000000000e+00
7.839391763146348069e+01,0.000000000000000000e+00,0.000000000000000000e+00
7.724428828656151325e+01,0.000000000000000000e+00,0.000000000000000000e+00
7.700662654854920675e+01,0.000000000000000000e+00,0.000000000000000000e+00
7.525347013366750559e+01,0.000000000000000000e+00,0.000000000000000000e+00
7.667154060185151820e+01,0.000000000000000000e+00,0.000000000000000000e+00
7.691509265199593415e+01,0.000000000000000000e+00,0.000000000000000000e+00
8.061731388161169320e+01,0.000000000000000000e+00,0.000000000000000000e+00
7.761817348762593838e+01,0.000000000000000000e+00,0.000000000000000000e+00
7.532997005725951567e+01,0.000000000000000000e+00,0.000000000000000000e+00
7.732706689089722829e+01,0.000000000000000000e+00,0.000000000000000000e+00
7.646489725197882592e+01,0.000000000000000000e+00,0.000000000000000000e+00
7.648072330668858854e+01,0.000000000000000000e+00,0.000000000000000000e+00
7.661833131782523765e+01,0.000000000000000000e+00,0.000000000000000000e+00
7.864478512398403609e+01,0.000000000000000000e+00,0.000000000000000000e+00
7.592175013887199952e+01,0.000000000000000000e+00,0.000000000000000000e+00
7.743499753869116375e+01,0.000000000000000000e+00,0.000000000000000000e+00
7.920278249240041646e+01,0.000000000000000000e+00,0.000000000000000000e+00
7.630600202110471741e+01,0.000000000000000000e+00,0.000000000000000000e+00
7.529205016071379930e+01,0.000000000000000000e+00,0.000000000000000000e+00
7.910217289217956704e+01,0.000000000000000000e+00,0.000000000000000000e+00
7.526856335123973452e+01,0.000000000000000000e+00,0.000000000000000000e+00
7.649801453912668592e+01,0.000000000000000000e+00,0.000000000000000000e+00
8.109799502129426685e+01,0.000000000000000000e+00,0.000000000000000000e+00
7.902171906892056086e+01,0.000000000000000000e+00,0.000000000000000000e+00
7.391523494049353360e+01,0.000000000000000000e+00,0.000000000000000000e+00
7.555663492200470444e+01,0.000000000000000000e+00,0.000000000000000000e+00
7.374285188132742519e+01,0.000000000000000000e+00,0.000000000000000000e+00
7.646877621862870456e+01,0.000000000000000000e+00,0.000000000000000000e+00
7.334835833041024955e+01,0.000000000000000000e+00,0.000000000000000000e+00
7.806872877365756835e+01,0.000000000000000000e+00,0.000000000000000000e+00
7.667934423535099597e+01,0.000000000000000000e+00,0.000000000000000000e+00
7.574454261450942738e+01,0.000000000000000000e+00,0.000000000000000000e+00
7.482067679316634212e+01,0.000000000000000000e+00,0.000000000000000000e+00
7.324917483638401450e+01,0.000000000000000000e+00,0.000000000000000000e+00
7.566888018878485411e+01,0.000000000000000000e+00,0.000000000000000000e+00
8.021722873286566369e+01,0.000000000000000000e+00,0.000000000000000000e+00
7.515648235639982033e+01,0.000000000000000000e+00,0.000000000000000000e+00
7.395296945293158331e+01,0.000000000000000000e+00,0.000000000000000000e+00
7.459068258099890159e+01,0.000000000000000000e+00,0.000000000000000000e+00
7.789399823132394829e+01,0.000000000000000000e+00,0.000000000000000000e+00
7.798745677548076571e+01,0.000000000000000000e+00,0.000000000000000000e+00
7.595248372970922901e+01,0.000000000000000000e+00,0.000000000000000000e+00
7.514855569861816775e+01,0.000000000000000000e+00,0.000000000000000000e+00
7.560860703126830629e+01,0.000000000000000000e+00,0.000000000000000000e+00
7.472992135286389725e+01,0.000000000000000000e+00,0.000000000000000000e+00
7.775994474061889150e+01,0.000000000000000000e+00,0.000000000000000000e+00
7.344218832674104647e+01,0.000000000000000000e+00,0.000000000000000000e+00
7.590915212913456855e+01,0.000000000000000000e+00,0.000000000000000000e+00
7.680315185362243824e+01,0.000000000000000000e+00,0.000000000000000000e+00
7.330120770605836356e+01,0.000000000000000000e+00,0.000000000000000000e+00
7.235314703889062571e+01,0.000000000000000000e+00,0.000000000000000000e+00
7.698096234237144131e+01,0.000000000000000000e+00,0.000000000000000000e+00
7.655168465925510191e+01,0.000000000000000000e+00,0.000000000000000000e+00
7.702031871181038980e+01,0.000000000000000000e+00,0.000000000000000000e+00
8.093082466243264150e+01,0.000000000000000000e+00,0.000000000000000000e+00
7.591252812818093787e+01,0.000000000000000000e+00,0.000000000000000000e+00
7.562893992493590645e+01,0.000000000000000000e+00,0.000000000000000000e+00
7.382647898509632967e+01,0.000000000000000000e+00,0.000000000000000000e+00
7.703577299173245763e+01,0.000000000000000000e+00,0.000000000000000000e+00
7.663811058028764478e+01,0.000000000000000000e+00,0.000000000000000000e+00
7.524836999406302596e+01,0.000000000000000000e+00,0.000000000000000000e+00
7.435183089887361518e+01,0.000000000000000000e+00,0.000000000000000000e+00
7.423092648824156470e+01,0.000000000000000000e+00,0.000000000000000000e+00
7.492830746195093639e+01,0.000000000000000000e+00,0.000000000000000000e+00
7.384711611588436142e+01,0.000000000000000000e+00,0.000000000000000000e+00
7.323165552079665019e+01,0.000000000000000000e+00,0.000000000000000000e+00
7.817079006096825822e+01,0.000000000000000000e+00,0.000000000000000000e+00
7.458702606755261399e+01,0.000000000000000000e+00,0.000000000000000000e+00
7.154693795779031973e+01,0.000000000000000000e+00,0.000000000000000000e+00
7.814630541999707702e+01,0.000000000000000000e+00,0.000000000000000000e+00
7.234250372458895129e+01,0.000000000000000000e+00,0.000000000000000000e+00
7.634955499963517411e+01,0.000000000000000000e+00,0.000000000000000000e+00
6.997793573818768209e+01,0.000000000000000000e+00,0.000000000000000000e+00
7.414927900322120990e+01,0.000000000000000000e+00,0.000000000000000000e+00
7.484280068558526011e+01,0.000000000000000000e+00,0.000000000000000000e+00
7.358008915896336077e+01,0.000000000000000000e+00,0.000000000000000000e+00
7.330811464477245920e+01,0.000000000000000000e+00,0.000000000000000000e+00
7.430923364752756299e+01,0.000000000000000000e+00,0.000000000000000000e+00
7.716296969770340297e+01,0.000000000000000000e+00,0.000000000000000000e+00
7.417440645515488029e+01,0.000000000000000000e+00,0.000000000000000000e+00
6.962087535286593720e+01,0.000000000000000000e+00,0.000000000000000000e+00
7.634058693486761626e+01,0.000000000000000000e+00,0.000000000000000000e+00
7.585033115937554271e+01,0.000000000000000000e+00,0.000000000000000000e+00
7.307991250853973497e+01,0.000000000000000000e+00,0.000000000000000000e+00
7.278704339720228234e+01,0.000000000000000000e+00,0.000000000000000000e+00
7.488096609572889406e+01,0.000000000000000000e+00,0.000000000000000000e+00
7.733462332158018171e+01,0.000000000000000000e+00,0.000000000000000000e+00
7.165027174953365829e+01,0.000000000000000000e+00,0.000000000000000000e+00
7.462262571880349071e+01,0.000000000000000000e+00,0.000000000000000000e+00
7.317507756781078854e+01,0.000000000000000000e+00,0.000000000000000000e+00
7.218151654151600383e+01,0.000000000000000000e+00,0.000000000000000000e+00
7.643643209531551008e+01,0.000000000000000000e+00,0.000000000000000000e+00
7.261655811904653035e+01,0.000000000000000000e+00,0.000000000000000000e+00
7.220420836688202826e+01,0.000000000000000000e+00,0.000000000000000000e+00
7.663072496641123621e+01,0.000000000000000000e+00,0.000000000000000000e+00
7.492493978797745058e+01,0.000000000000000000e+00,0.000000000000000000e+00
7.418744137931767568e+01,0.000000000000000000e+00,0.000000000000000000e+00
7.602569792616695565e+01,0.000000000000000000e+00,0.000000000000000000e+00
7.503381955313918183e+01,0.000000000000000000e+00,0.000000000000000000e+00
7.407929739873809183e+01,0.000000000000000000e+00,0.000000000000000000e+00
7.390047377953942487e+01,0.000000000000000000e+00,0.000000000000000000e+00
7.322155715037412449e+01,0.000000000000000000e+00,0.000000000000000000e+00
7.123793330931000867e+01,0.000000000000000000e+00,0.000000000000000000e+00
6.823234568044632908e+01,0.000000000000000000e+00,0.000000000000000000e+00
7.121195281192591153e+01,0.000000000000000000e+00,0.000000000000000000e+00
7.463497317291327704e+01,0.000000000000000000e+00,0.000000000000000000e+00
7.353661100414569773e+01,0.000000000000000000e+00,0.000000000000000000e+00
7.354164148553259395e+01,0.000000000000000000e+00,0.000000000000000000e+00
7.225770773038335903e+01,0.000000000000000000e+00,0.000000000000000000e+00
7.289997752178427959e+01,0.000000000000000000e+00,0.000000000000000000e+00
7.292477918919769309e+01,0.000000000000000000e+00,0.000000000000000000e+00
7.362613442613462666e+01,0.000000000000000000e+00,0.000000000000000000e+00
7.120118504034728346e+01,0.000000000000000000e+00,0.000000000000000000e+00
7.318366452039366266e+01,0.000000000000000000e+00,0.000000000000000000e+00
7.261709376761088208e+01,0.000000000000000000e+00,0.000000000000000000e+00
7.365562469532532930e+01,0.000000000000000000e+00,0.000000000000000000e+00
7.415295096327916724e+01,0.000000000000000000e+00,0.000000000000000000e+00
7.102367662374931001e+01,0.000000000000000000e+00,0.000000000000000000e+00
7.030505015471452168e+01,0.000000000000000000e+00,0.000000000000000000e+00
7.058612745007803824e+01,0.000000000000000000e+00,0.000000000000000000e+00
7.402497730116388652e+01,0.000000000000000000e+00,0.000000000000000000e+00
7.402314709310219598e+01,0.000000000000000000e+00,0.000000000000000000e+00
7.643285853268481844e+01,0.000000000000000000e+00,0.000000000000000000e+00
7.314026254409198202e+01,0.000000000000000000e+00,0.000000000000000000e+00
7.177719336914103110e+01,0.000000000000000000e+00,0.000000000000000000e+00
7.371631123240416628e+01,0.000000000000000000e+00,0.000000000000000000e+00
7.455856015051293184e+01,0.000000000000000000e+00,0.000000000000000000e+00
7.226373467436964404e+01,0.000000000000000000e+00,0.000000000000000000e+00
7.223492949939304708e+01,0.000000000000000000e+00,0.000000000000000000e+00
7.148440009679755747e+01,0.000000000000000000e+00,0.000000000000000000e+00
7.190162548809723830e+01,0.000000000000000000e+00,0.000000000000000000e+00
6.856430152943542566e+01,0.000000000000000000e+00,0.000000000000000000e+00
7.299237965526305061e+01,0.000000000000000000e+00,0.000000000000000000e+00
6.941460990360450012e+01,0.000000000000000000e+00,0.000000000000000000e+00
7.030014490945060857e+01,0.000000000000000000e+00,0.000000000000000000e+00
6.781218966268968984e+01,0.000000000000000000e+00,0.000000000000000000e+00
7.099099206700357456e+01,0.000000000000000000e+00,0.000000000000000000e+00
7.062986173821312263e+01,0.000000000000000000e+00,0.000000000000000000e+00
7.141324242729562854e+01,0.000000000000000000e+00,0.000000000000000000e+00
6.984441810648962701e+01,0.000000000000000000e+00,0.000000000000000000e+00
7.064421261786658590e+01,0.000000000000000000e+00,0.000000000000000000e+00
7.288245036315107939e+01,0.000000000000000000e+00,0.000000000000000000e+00
7.370210610419451314e+01,0.000000000000000000e+00,0.000000000000000000e+00
7.061697686448876254e+01,0.000000000000000000e+00,0.000000000000000000e+00
7.875889322936033921e+01,0.000000000000000000e+00,0.000000000000000000e+00
7.148020768342814790e+01,0.000000000000000000e+00,0.000000000000000000e+00
7.059933558637449380e+01,0.000000000000000000e+00,0.000000000000000000e+00
7.005984052096773951e+01,0.000000000000000000e+00,0.000000000000000000e+00
6.926795267563514358e+01,0.000000000000000000e+00,0.000000000000000000e+00
6.908906420813292470e+01,0.000000000000000000e+00,0.000000000000000000e+00
7.345840326320342228e+01,0.000000000000000000e+00,0.000000000000000000e+00
6.881547343429997454e+01,0.000000000000000000e+00,0.000000000000000000e+00
7.101668651993274750e+01,0.000000000000000000e+00,0.000000000000000000e+00
6.888785108557667058e+01,0.000000000000000000e+00,0.000000000000000000e+00
6.783027316598594325e+01,0.000000000000000000e+00,0.000000000000000000e+00
6.712306892487758603e+01,0.000000000000000000e+00,0.000000000000000000e+00
6.764313380084402638e+01,0.000000000000000000e+00,0.000000000000000000e+00
7.619525903048678117e+01,0.000000000000000000e+00,0.000000000000000000e+00
7.155454077001212454e+01,0.000000000000000000e+00,0.000000000000000000e+00
7.159917122400949552e+01,0.000000000000000000e+00,0.000000000000000000e+00
6.497072507455767720e+01,0.000000000000000000e+00,0.000000000000000000e+00
6.731430377760248973e+01,0.000000000000000000e+00,0.000000000000000000e+00
6.834143547053577095e+01,0.000000000000000000e+00,0.000000000000000000e+00
6.960789999159283070e+01,0.000000000000000000e+00,0.000000000000000000e+00
7.098469365332606174e+01,0.000000000000000000e+00,0.000000000000000000e+00
7.249305697135251592e+01,0.000000000000000000e+00,0.000000000000000000e+00
6.924154823553841709e+01,0.000000000000000000e+00,0.000000000000000000e+00
6.999774583223035052e+01,0.000000000000000000e+00,0.000000000000000000e+00
6.901765714518013795e+01,0.000000000000000000e+00,0.000000000000000000e+00
6.817672516555667528e+01,0.000000000000000000e+00,0.000000000000000000e+00
6.995863084735459836e+01,0.000000000000000000e+00,0.000000000000000000e+00
6.922945764506178534e+01,0.000000000000000000e+00,0.000000000000000000e+00
6.822232462859561508e+01,0.000000000000000000e+00,0.000000000000000000e+00
7.105617263926109217e+01,0.000000000000000000e+00,0.000000000000000000e+00
6.898302943648414498e+01,0.000000000000000000e+00,0.000000000000000000e+00
7.145181090712128480e+01,0.000000000000000000e+00,0.000000000000000000e+00
6.758842957358376680e+01,0.000000000000000000e+00,0.000000000000000000e+00
6.839212356193108633e+01,0.000000000000000000e+00,0.000000000000000000e+00
6.922569522043897905e+01,0.000000000000000000e+00,0.000000000000000000e+00
6.532147287641441835e+01,0.000000000000000000e+00,0.000000000000000000e+00
6.810201036790063256e+01,0.000000000000000000e+00,0.000000000000000000e+00
6.899143363346766478e+01,0.000000000000000000e+00,0.000000000000000000e+00
6.814009155923106675e+01,0.000000000000000000e+00,0.000000000000000000e+00
6.739570684861440952e+01,0.000000000000000000e+00,0.000000000000000000e+00
6.781867606574765261e+01,0.000000000000000000e+00,0.000000000000000000e+00
6.960995833401932487e+01,0.000000000000000000e+00,0.000000000000000000e+00
6.711189475062516863e+01,0.000000000000000000e+00,0.000000000000000000e+00
6.948097884389657963e+01,0.000000000000000000e+00,0.000000000000000000e+00
6.929077016305330972e+01,0.000000000000000000e+00,0.000000000000000000e+00
6.622462404444985395e+01,0.000000000000000000e+00,0.000000000000000000e+00
6.814102453761658751e+01,0.000000000000000000e+00,0.000000000000000000e+00
6.414623593850799921e+01,0.000000000000000000e+00,0.000000000000000000e+00
6.946649233981325722e+01,0.000000000000000000e+00,0.000000000000000000e+00
6.972935043690054613e+01,0.000000000000000000e+00,0.000000000000000000e+00
6.683061837981345832e+01,0.000000000000000000e+00,0.000000000000000000e+00
6.639890042723212105e+01,0.000000000000000000e+00,0.000000000000000000e+00
6.475606412471780970e+01,0.000000000000000000e+00,0.000000000000000000e+00
6.820834810963620498e+01,0.000000000000000000e+00,0.000000000000000000e+00
6.782731522771429411e+01,0.000000000000000000e+00,0.000000000000000000e+00
6.718399164092991782e+01,0.000000000000000000e+00,0.000000000000000000e+00
6.541474873156147396e+01,0.000000000000000000e+00,0.000000000000000000e+00
6.891919213119099652e+01,0.000000000000000000e+00,0.000000000000000000e+00
6.780215627868506090e+01,0.000000000000000000e+00,0.000000000000000000e+00
6.534912255376697487e+01,0.000000000000000000e+00,0.000000000000000000e+00
6.575004264456204339e+01,0.000000000000000000e+00,0.000000000000000000e+00
6.720134521457360677e+01,0.000000000000000000e+00,0.000000000000000000e+00
6.813291946557235690e+01,0.000000000000000000e+00,0.000000000000000000e+00
6.356553848786663252e+01,0.000000000000000000e+00,0.000000000000000000e+00
6.346859250825679766e+01,0.000000000000000000e+00,0.000000000000000000e+00
6.774119887725345279e+01,0.000000000000000000e+00,0.000000000000000000e+00
6.421777643129891544e+01,0.000000000000000000e+00,0.000000000000000000e+00
6.690091031976176339e+01,0.000000000000000000e+00,0.000000000000000000e+00
6.540249083682935805e+01,0.000000000000000000e+00,0.000000000000000000e+00
6.606394567194367085e+01,0.000000000000000000e+00,0.000000000000000000e+00
6.655529728543950796e+01,0.000000000000000000e+00,0.000000000000000000e+00
6.453470919790693472e+01,0.000000000000000000e+00,0.000000000000000000e+00
6.698666237224117026e+01,0.000000000000000000e+00,0.000000000000000000e+00
6.959137777837948136e+01,0.000000000000000000e+00,0.000000000000000000e+00
6.442887988930664278e+01,0.000000000000000000e+00,0.000000000000000000e+00
6.549877216563675120e+01,0.000000000000000000e+00,0.000000000000000000e+00
6.456640560564578379e+01,0.000000000000000000e+00,0.000000000000000000e+00
6.450484466697474772e+01,0.000000000000000000e+00,0.000000000000000000e+00
6.926979987656385163e+01,0.000000000000000000e+00,0.000000000000000000e+00
6.582511380089506758e+01,0.000000000000000000e+00,0.000000000000000000e+00
6.629022473824011286e+01,0.000000000000000000e+00,0.000000000000000000e+00
6.482060205223987737e+01,0.000000000000000000e+00,0.000000000000000000e+00
6.091748814377925214e+01,0.000000000000000000e+00,0.000000000000000000e+00
6.593461357731744954e+01,0.000000000000000000e+00,0.000000000000000000e+00
6.522139341116515254e+01,0.000000000000000000e+00,0.000000000000000000e+00
6.404442209273850040e+01,0.000000000000000000e+00,0.000000000000000000e+00
6.339413780408817445e+01,0.000000000000000000e+00,0.000000000000000000e+00
6.403191604131234271e+01,0.000000000000000000e+00,0.000000000000000000e+00
6.469939245987532672e+01,0.000000000000000000e+00,0.000000000000000000e+00
6.725416011793366522e+01,0.000000000000000000e+00,0.000000000000000000e+00
6.555898023126277963e+01,0.000000000000000000e+00,0.000000000000000000e+00
6.149328246312325774e+01,0.000000000000000000e+00,0.000000000000000000e+00
6.225215571337334808e+01,0.000000000000000000e+00,0.000000000000000000e+00
6.328484025592334916e+01,0.000000000000000000e+00,0.000000000000000000e+00
6.652525886118229437e+01,0.000000000000000000e+00,0.000000000000000000e+00
6.212220489752577635e+01,0.000000000000000000e+00,0.000000000000000000e+00
6.706522046587448926e+01,0.000000000000000000e+00,0.000000000000000000e+00
6.396716477214298635e+01,0.000000000000000000e+00,0.000000000000000000e+00
6.576328741732984895e+01,0.000000000000000000e+00,0.000000000000000000e+00
6.252587981951832319e+01,0.000000000000000000e+00,0.000000000000000000e+00
6.380085538884627283e+01,0.000000000000000000e+00,0.000000000000000000e+00
6.114248274330990540e+01,0.000000000000000000e+00,0.000000000000000000e+00
6.235289131676882590e+01,0.000000000000000000e+00,0.000000000000000000e+00
6.323499275708969947e+01,0.000000000000000000e+00,0.000000000000000000e+00
6.497258682331849400e+01,0.000000000000000000e+00,0.000000000000000000e+00
6.036839457728884639e+01,0.000000000000000000e+00,0.000000000000000000e+00
6.225497202989161138e+01,0.000000000000000000e+00,0.000000000000000000e+00
6.519082330230534694e+01,0.000000000000000000e+00,0.000000000000000000e+00
6.783374386909541442e+01,0.000000000000000000e+00,0.000000000000000000e+00
6.757082849163818139e+01,0.000000000000000000e+00,0.000000000000000000e+00
6.071190626120001355e+01,0.000000000000000000e+00,0.000000000000000000e+00
6.188420899090468197e+01,0.000000000000000000e+00,0.000000000000000000e+00
6.329000718711780138e+01,0.000000000000000000e+00,0.000000000000000000e+00
6.645381013514275992e+01,0.000000000000000000e+00,0.000000000000000000e+00
6.357159900129519770e+01,0.000000000000000000e+00,0.000000000000000000e+00
6.255146958045395422e+01,0.000000000000000000e+00,0.000000000000000000e+00
6.384980615610953691e+01,0.000000000000000000e+00,0.000000000000000000e+00
6.311886081695023876e+01,0.000000000000000000e+00,0.000000000000000000e+00
6.479045347860058257e+01,0.000000000000000000e+00,0.000000000000000000e+00
6.243388050217168228e+01,0.000000000000000000e+00,0.000000000000000000e+00
6.439175102803096706e+01,0.000000000000000000e+00,0.000000000000000000e+00
6.242713817927614173e+01,0.000000000000000000e+00,0.000000000000000000e+00
6.364878579522201107e+01,0.000000000000000000e+00,0.000000000000000000e+00
6.071866356480311566e+01,0.000000000000000000e+00,0.000000000000000000e+00
6.244087252059970439e+01,0.000000000000000000e+00,0.000000000000000000e+00
6.259694549030860600e+01,0.000000000000000000e+00,0.000000000000000000e+00
5.930313841667099695e+01,0.000000000000000000e+00,0.000000000000000000e+00
6.478844229077004968e+01,0.000000000000000000e+00,0.000000000000000000e+00
6.045489197324494057e+01,0.000000000000000000e+00,0.000000000000000000e+00
5.940692261124814877e+01,0.000000000000000000e+00,0.000000000000000000e+00
5.897629414507739654e+01,0.000000000000000000e+00,0.000000000000000000e+00
6.138213133741388816e+01,0.000000000000000000e+00,0.000000000000000000e+00
6.152799621588798828e+01,0.000000000000000000e+00,0.000000000000000000e+00
6.372690250448622606e+01,0.000000000000000000e+00,0.000000000000000000e+00
6.166245689491139359e+01,0.000000000000000000e+00,0.000000000000000000e+00
5.958131907001415328e+01,0.000000000000000000e+00,0.000000000000000000e+00
5.869543475252029907e+01,0.000000000000000000e+00,0.000000000000000000e+00
6.125497610748598731e+01,0.000000000000000000e+00,0.000000000000000000e+00
6.282087255393059166e+01,0.000000000000000000e+00,0.000000000000000000e+00
5.782453874400806626e+01,0.000000000000000000e+00,0.000000000000000000e+00
6.265608412397791227e+01,0.000000000000000000e+00,0.000000000000000000e+00
6.045087055949719712e+01,0.000000000000000000e+00,0.000000000000000000e+00
6.562348311099131593e+01,0.000000000000000000e+00,0.000000000000000000e+00
6.201149264380747184e+01,0.000000000000000000e+00,0.000000000000000000e+00
5.828078580483717985e+01,0.000000000000000000e+00,0.000000000000000000e+00
5.888518271834698226e+01,0.000000000000000000e+00,0.000000000000000000e+00
6.317262780561031121e+01,0.000000000000000000e+00,0.000000000000000000e+00
5.856578582791821930e+01,0.000000000000000000e+00,0.000000000000000000e+00
6.038953948110783898e+01,0.000000000000000000e+00,0.000000000000000000e+00
6.074869270411847566e+01,0.000000000000000000e+00,0.000000000000000000e+00
6.084937269227214784e+01,0.000000000000000000e+00,0.000000000000000000e+00
5.970815294245877425e+01,0.000000000000000000e+00,0.000000000000000000e+00
6.045321163171917789e+01,0.000000000000000000e+00,0.000000000000000000e+00
6.041889567839946551e+01,0.000000000000000000e+00,0.000000000000000000e+00
6.176171688206361665e+01,0.000000000000000000e+00,0.000000000000000000e+00
5.871765180659064498e+01,0.000000000000000000e+00,0.000000000000000000e+00
5.539374993363343691e+01,0.000000000000000000e+00,0.000000000000000000e+00
5.904429079788583579e+01,0.000000000000000000e+00,0.000000000000000000e+00
5.850756806693418355e+01,0.000000000000000000e+00,0.000000000000000000e+00
5.967247528671799017e+01,0.000000000000000000e+00,0.000000000000000000e+00
5.742370674560292798e+01,0.000000000000000000e+00,0.000000000000000000e+00
6.070931816624830191e+01,0.000000000000000000e+00,0.000000000000000000e+00
5.882930173161428655e+01,0.000000000000000000e+00,0.000000000000000000e+00
6.062091073949736142e+01,0.000000000000000000e+00,0.000000000000000000e+00
5.972973374177384187e+01,0.000000000000000000e+00,0.000000000000000000e+00
5.591336732134163867e+01,0.000000000000000000e+00,0.000000000000000000e+00
5.966331434190503558e+01,0.000000000000000000e+00,0.000000000000000000e+00
6.023809932250834720e+01,0.000000000000000000e+00,0.000000000000000000e+00
5.979669201593879535e+01,0.000000000000000000e+00,0.000000000000000000e+00
5.779077649624594670e+01,0.000000000000000000e+00,0.000000000000000000e+00
5.771265619746116471e+01,0.000000000000000000e+00,0.000000000000000000e+00
5.944577416207489762e+01,0.000000000000000000e+00,0.000000000000000000e+00
5.500088587421863906e+01,0.000000000000000000e+00,0.000000000000000000e+00
5.397787736771486777e+01,0.000000000000000000e+00,0.000000000000000000e+00
6.043557961175014270e+01,0.000000000000000000e+00,0.000000000000000000e+00
5.788574208383503361e+01,0.000000000000000000e+00,0.000000000000000000e+00
5.610787199697217886e+01,0.000000000000000000e+00,0.000000000000000000e+00
5.948893867249104517e+01,0.000000000000000000e+00,0.000000000000000000e+00
5.695054676424704354e+01,0.000000000000000000e+00,0.000000000000000000e+00
5.826055071587177281e+01,0.000000000000000000e+00,0.000000000000000000e+00
5.774399733890227537e+01,0.000000000000000000e+00,0.000000000000000000e+00
5.906135791022617099e+01,0.000000000000000000e+00,0.000000000000000000e+00
5.697202470995170387e+01,0.000000000000000000e+00,0.000000000000000000e+00
5.745208689934894153e+01,0.000000000000000000e+00,0.000000000000000000e+00
5.960298358734773672e+01,0.000000000000000000e+00,0.000000000000000000e+00
5.644261974757728950e+01,0.000000000000000000e+00,0.000000000000000000e+00
5.803448610511991035e+01,0.000000000000000000e+00,0.000000000000000000e+00
5.595309212750681382e+01,0.000000000000000000e+00,0.000000000000000000e+00
5.797137915406457154e+01,0.000000000000000000e+00,0.000000000000000000e+00
5.725894119584497588e+01,0.000000000000000000e+00,0.000000000000000000e+00
6.017536407594178627e+01,0.000000000000000000e+00,0.000000000000000000e+00
5.809906733803227041e+01,0.000000000000000000e+00,0.000000000000000000e+00
5.438499285734907573e+01,0.000000000000000000e+00,0.000000000000000000e+00
5.555652347057813500e+01,0.000000000000000000e+00,0.000000000000000000e+00
5.584881968201231217e+01,0.000000000000000000e+00,0.000000000000000000e+00
5.823422019975494379e+01,0.000000000000000000e+00,0.000000000000000000e+00
5.743339123636863519e+01,0.000000000000000000e+00,0.000000000000000000e+00
5.865866372368875403e+01,0.000000000000000000e+00,0.000000000000000000e+00
5.385130945694734805e+01,0.000000000000000000e+00,0.000000000000000000e+00
5.733107437529087491e+01,0.000000000000000000e+00,0.000000000000000000e+00
5.863090124174080131e+01,0.000000000000000000e+00,0.000000000000000000e+00
5.715044486477505359e+01,0.000000000000000000e+00,0.000000000000000000e+00
5.720911405363464297e+01,0.000000000000000000e+00,0.000000000000000000e+00
5.099088558636800173e+01,0.000000000000000000e+00,0.000000000000000000e+00
5.504409923320723408e+01,0.000000000000000000e+00,0.000000000000000000e+00
5.580524316912996596e+01,0.000000000000000000e+00,0.000000000000000000e+00
5.567680625774220005e+01,0.000000000000000000e+00,0.000000000000000000e+00
5.816840813800880738e+01,0.000000000000000000e+00,0.000000000000000000e+00
5.684445774162665543e+01,0.000000000000000000e+00,0.000000000000000000e+00
5.565045231748502630e+01,0.000000000000000000e+00,0.000000000000000000e+00
5.904867565005952201e+01,0.000000000000000000e+00,0.000000000000000000e+00
5.245640601279509951e+01,0.000000000000000000e+00,0.000000000000000000e+00
5.581421725073567330e+01,0.000000000000000000e+00,0.000000000000000000e+00
5.223708250122583507e+01,0.000000000000000000e+00,0.000000000000000000e+00
5.200655067976445878e+01,0.000000000000000000e+00,0.000000000000000000e+00
5.471676521303503193e+01,0.000000000000000000e+00,0.000000000000000000e+00
5.651055617132800535e+01,0.000000000000000000e+00,0.000000000000000000e+00
5.580103675531479723e+01,0.000000000000000000e+00,0.000000000000000000e+00
5.443508976673826538e+01,0.000000000000000000e+00,0.000000000000000000e+00
5.664433737143502867e+01,0.000000000000000000e+00,0.000000000000000000e+00
6.021099437126954257e+01,0.000000000000000000e+00,0.000000000000000000e+00
5.664188000328299211e+01,0.000000000000000000e+00,0.000000000000000000e+00
5.554827626292050979e+01,0.000000000000000000e+00,0.000000000000000000e+00
5.354270582484485175e+01,0.000000000000000000e+00,0.000000000000000000e+00
5.449137766245411996e+01,0.000000000000000000e+00,0.000000000000000000e+00
5.657071127727903814e+01,0.000000000000000000e+00,0.000000000000000000e+00
5.659850479512794408e+01,0.000000000000000000e+00,0.000000000000000000e+00
5.242771380397438463e+01,0.000000000000000000e+00,0.000000000000000000e+00
5.596408774193402280e+01,0.000000000000000000e+00,0.000000000000000000e+00
5.210110991311183426e+01,0.000000000000000000e+00,0.000000000000000000e+00
5.383849432988687767e+01,0.000000000000000000e+00,0.000000000000000000e+00
5.499679969169277172e+01,0.000000000000000000e+00,0.000000000000000000e+00
5.609332405821421474e+01,0.000000000000000000e+00,0.000000000000000000e+00
5.269006890058489745e+01,0.000000000000000000e+00,0.000000000000000000e+00
5.458642122139107755e+01,0.000000000000000000e+00,0.000000000000000000e+00
5.370569168916988190e+01,0.000000000000000000e+00,0.000000000000000000e+00
5.653823153032595172e+01,0.000000000000000000e+00,0.000000000000000000e+00
5.382249386262048318e+01,0.000000000000000000e+00,0.000000000000000000e+00
5.100675408079199968e+01,0.000000000000000000e+00,0.000000000000000000e+00
5.398159611492371823e+01,0.000000000000000000e+00,0.000000000000000000e+00
4.894122741532216025e+01,0.000000000000000000e+00,0.000000000000000000e+00
5.250288168870083894e+01,0.000000000000000000e+00,0.000000000000000000e+00
5.064561446414230517e+01,0.000000000000000000e+00,0.000000000000000000e+00
5.316628381744489218e+01,0.000000000000000000e+00,0.000000000000000000e+00
5.430167015555569066e+01,0.000000000000000000e+00,0.000000000000000000e+00
5.218269113403104598e+01,0.000000000000000000e+00,0.000000000000000000e+00
5.163743026072504705e+01,0.000000000000000000e+00,0.000000000000000000e+00
5.237797719322065859e+01,0.000000000000000000e+00,0.000000000000000000e+00
5.306525689339487428e+01,0.000000000000000000e+00,0.000000000000000000e+00
5.056727221036201314e+01,0.000000000000000000e+00,0.000000000000000000e+00
5.147322548137253762e+01,0.000000000000000000e+00,0.000000000000000000e+00
5.501313967753107192e+01,0.000000000000000000e+00,0.000000000000000000e+00
4.938787149990393743e+01,0.000000000000000000e+00,0.000000000000000000e+00
5.216075762187718112e+01,0.000000000000000000e+00,0.000000000000000000e+00
5.186815050440809927e+01,0.000000000000000000e+00,0.000000000000000000e+00
5.078076361228028190e+01,0.000000000000000000e+00,0.000000000000000000e+00
5.419236985512036142e+01,0.000000000000000000e+00,0.000000000000000000e+00
4.865793896496557380e+01,0.000000000000000000e+00,0.000000000000000000e+00
4.874933502149239217e+01,0.000000000000000000e+00,0.000000000000000000e+00
4.796691060335517420e+01,0.000000000000000000e+00,0.000000000000000000e+00
4.927251079478003959e+01,0.000000000000000000e+00,0.000000000000000000e+00
5.364075099737511465e+01,0.000000000000000000e+00,0.000000000000000000e+00
5.138055576894407750e+01,0.000000000000000000e+00,0.000000000000000000e+00
5.283972195875256972e+01,0.000000000000000000e+00,0.000000000000000000e+00
5.144309197725646499e+01,0.000000000000000000e+00,0.000000000000000000e+00
5.104275567613422027e+01,0.000000000000000000e+00,0.000000000000000000e+00
5.224678571370687763e+01,0.000000000000000000e+00,0.000000000000000000e+00
4.909222097152581199e+01,0.000000000000000000e+00,0.000000000000000000e+00
5.197055550368447996e+01,0.000000000000000000e+00,0.000000000000000000e+00
4.921076446890376133e+01,0.000000000000000000e+00,0.000000000000000000e+00
5.274872496224217855e+01,0.000000000000000000e+00,0.000000000000000000e+00
5.428635827847182327e+01,0.000000000000000000e+00,0.000000000000000000e+00
5.208361402761385506e+01,0.000000000000000000e+00,0.000000000000000000e+00
5.108766557692611343e+01,0.000000000000000000e+00,0.000000000000000000e+00
4.959422991344406029e+01,0.000000000000000000e+00,0.000000000000000000e+00
5.231429425013318735e+01,0.000000000000000000e+00,0.000000000000000000e+00
5.076966833392951628e+01,0.000000000000000000e+00,0.000000000000000000e+00
5.121204234109349329e+01,0.000000000000000000e+00,0.000000000000000000e+00
4.811711449633693150e+01,0.000000000000000000e+00,0.000000000000000000e+00
5.054586092943031161e+01,0.000000000000000000e+00,0.000000000000000000e+00
5.083894332932034388e+01,0.000000000000000000e+00,0.000000000000000000e+00
5.164387463129997968e+01,0.000000000000000000e+00,0.000000000000000000e+00
5.085242883434053596e+01,0.000000000000000000e+00,0.000000000000000000e+00
4.758752381326134895e+01,0.000000000000000000e+00,0.000000000000000000e+00
5.118236143141640326e+01,0.000000000000000000e+00,0.000000000000000000e+00
4.819365231478970202e+01,0.000000000000000000e+00,0.000000000000000000e+00
5.036529258264379649e+01,0.000000000000000000e+00,0.000000000000000000e+00
5.016714072106734790e+01,0.000000000000000000e+00,0.000000000000000000e+00
5.312399674286981366e+01,0.000000000000000000e+00,0.000000000000000000e+00
4.968747831007964066e+01,0.000000000000000000e+00,0.000000000000000000e+00
4.619094075635225494e+01,0.000000000000000000e+00,0.000000000000000000e+00
4.767484815551691923e+01,0.000000000000000000e+00,0.000000000000000000e+00
4.813394411637907666e+01,0.000000000000000000e+00,0.000000000000000000e+00
5.010566148210146764e+01,0.000000000000000000e+00,0.000000000000000000e+00
4.892097206847301294e+01,0.000000000000000000e+00,0.000000000000000000e+00
5.022887327469319274e+01,0.000000000000000000e+00,0.000000000000000000e+00
5.010804635981779143e+01,0.000000000000000000e+00,0.000000000000000000e+00
4.836981979696877687e+01,0.000000000000000000e+00,0.000000000000000000e+00
4.819700469597551518e+01,0.000000000000000000e+00,0.000000000000000000e+00
4.963048328462464553e+01,0.000000000000000000e+00,0.000000000000000000e+00
4.439809206699130328e+01,0.000000000000000000e+00,0.000000000000000000e+00
4.785220039664201863e+01,0.000000000000000000e+00,0.000000000000000000e+00
4.616972658447945577e+01,0.000000000000000000e+00,0.000000000000000000e+00
5.093370516819571492e+01,0.000000000000000000e+00,0.000000000000000000e+00
4.928328712712001902e+01,0.000000000000000000e+00,0.000000000000000000e+00
4.737360471604055334e+01,0.000000000000000000e+00,0.000000000000000000e+00
4.446396093668602845e+01,0.000000000000000000e+00,0.000000000000000000e+00
4.501484308177255400e+01,0.000000000000000000e+00,0.000000000000000000e+00
4.898181371025505371e+01,0.000000000000000000e+00,0.000000000000000000e+00
4.743454480100204051e+01,0.000000000000000000e+00,0.000000000000000000e+00
4.731819973462176421e+01,0.000000000000000000e+00,0.000000000000000000e+00
4.632369587256141585e+01,0.000000000000000000e+00,0.000000000000000000e+00
4.687474157615047687e+01,0.000000000000000000e+00,0.000000000000000000e+00
4.578067638361144986e+01,0.000000000000000000e+00,0.000000000000000000e+00
4.540484237356860575e+01,0.000000000000000000e+00,0.000000000000000000e+00
4.645137481497881282e+01,0.000000000000000000e+00,0.000000000000000000e+00
4.805786644628376791e+01,0.000000000000000000e+00,0.000000000000000000e+00
4.472134723820251878e+01,0.000000000000000000e+00,0.000000000000000000e+00
4.856168407893363792e+01,0.000000000000000000e+00,0.000000000000000000e+00
4.396902434970168372e+01,0.000000000000000000e+00,0.000000000000000000e+00
4.313171676978202385e+01,0.000000000000000000e+00,0.000000000000000000e+00
4.601381126227639839e+01,0.000000000000000000e+00,0.000000000000000000e+00
4.410210852922435976e+01,0.000000000000000000e+00,0.000000000000000000e+00
4.504549627169156167e+01,0.000000000000000000e+00,0.000000000000000000e+00
4.542891456668482419e+01,0.000000000000000000e+00,0.000000000000000000e+00
4.628543268204191463e+01,0.000000000000000000e+00,0.000000000000000000e+00
4.766592229997596064e+01,0.000000000000000000e+00,0.000000000000000000e+00
4.494432842148384566e+01,0.000000000000000000e+00,0.000000000000000000e+00
4.462058520065520639e+01,0.000000000000000000e+00,0.000000000000000000e+00
4.702601384938760987e+01,0.000000000000000000e+00,0.000000000000000000e+00
4.402014237645504835e+01,0.000000000000000000e+00,0.000000000000000000e+00
4.596989703998134047e+01,0.000000000000000000e+00,0.000000000000000000e+00
4.747516859711163306e+01,0.000000000000000000e+00,0.000000000000000000e+00
4.569135628424951534e+01,0.000000000000000000e+00,0.000000000000000000e+00
4.459293404121987692e+01,0.000000000000000000e+00,0.000000000000000000e+00
4.981160870109719241e+01,0.000000000000000000e+00,0.000000000000000000e+00
4.838123145311987372e+01,0.000000000000000000e+00,0.000000000000000000e+00
4.691175163308442109e+01,0.000000000000000000e+00,0.000000000000000000e+00
4.730301951939541993e+01,0.000000000000000000e+00,0.000000000000000000e+00
4.314070993831460044e+01,0.000000000000000000e+00,0.000000000000000000e+00
4.612432321230518539e+01,0.000000000000000000e+00,0.000000000000000000e+00
4.196566570544004549e+01,0.000000000000000000e+00,0.000000000000000000e+00
4.401258848607641738e+01,0.000000000000000000e+00,0.000000000000000000e+00
4.640318026335383195e+01,0.000000000000000000e+00,0.000000000000000000e+00
4.217869793245529308e+01,0.000000000000000000e+00,0.000000000000000000e+00
4.281620711741798857e+01,0.000000000000000000e+00,0.000000000000000000e+00
4.050308200509663692e+01,0.000000000000000000e+00,0.000000000000000000e+00
4.813211689037832031e+01,0.000000000000000000e+00,0.000000000000000000e+00
4.383085249395861638e+01,0.000000000000000000e+00,0.000000000000000000e+00
4.573882290372914383e+01,0.000000000000000000e+00,0.000000000000000000e+00
4.633428035259505151e+01,0.000000000000000000e+00,0.000000000000000000e+00
4.101868228465988864e+01,0.000000000000000000e+00,0.000000000000000000e+00
4.657782944549368409e+01,0.000000000000000000e+00,0.000000000000000000e+00
4.245537826611886345e+01,0.000000000000000000e+00,0.000000000000000000e+00
4.543102777319160168e+01,0.000000000000000000e+00,0.000000000000000000e+00
4.140489242720533980e+01,0.000000000000000000e+00,0.000000000000000000e+00
4.559016220838537947e+01,0.000000000000000000e+00,0.000000000000000000e+00
4.671704971899369241e+01,0.000000000000000000e+00,0.000000000000000000e+00
4.491384020785185527e+01,0.000000000000000000e+00,0.000000000000000000e+00
4.600945430625554167e+01,0.000000000000000000e+00,0.000000000000000000e+00
4.390450131036372738e+01,0.000000000000000000e+00,0.000000000000000000e+00
4.580387897837150746e+01,0.000000000000000000e+00,0.000000000000000000e+00
4.509691812044832204e+01,0.000000000000000000e+00,0.000000000000000000e+00
4.073241507041858256e+01,0.000000000000000000e+00,0.000000000000000000e+00
4.563145510046175701e+01,0.000000000000000000e+00,0.000000000000000000e+00
4.221543064170088400e+01,0.000000000000000000e+00,0.000000000000000000e+00
4.285128502468900535e+01,0.000000000000000000e+00,0.000000000000000000e+00
4.011024692982541495e+01,0.000000000000000000e+00,0.000000000000000000e+00
4.159861329527192453e+01,0.000000000000000000e+00,0.000000000000000000e+00
4.080637188581620478e+01,0.000000000000000000e+00,0.000000000000000000e+00
4.420112818560010481e+01,0.000000000000000000e+00,0.000000000000000000e+00
4.220740233158252863e+01,0.000000000000000000e+00,0.000000000000000000e+00
4.506651991528459433e+01,0.000000000000000000e+00,0.000000000000000000e+00
4.552063374996752998e+01,0.000000000000000000e+00,0.000000000000000000e+00
4.682514930256680685e+01,0.000000000000000000e+00,0.000000000000000000e+00
4.487348896360035155e+01,0.000000000000000000e+00,0.000000000000000000e+00
3.944519979857341951e+01,0.000000000000000000e+00,0.000000000000000000e+00
4.161644913177934768e+01,0.000000000000000000e+00,0.000000000000000000e+00
4.545483452336988250e+01,0.000000000000000000e+00,0.000000000000000000e+00
4.469259127938863685e+01,0.000000000000000000e+00,0.000000000000000000e+00
4.287208904201963833e+01,0.000000000000000000e+00,0.000000000000000000e+00
4.126224041704968215e+01,0.000000000000000000e+00,0.000000000000000000e+00
4.483783702524216608e+01,0.000000000000000000e+00,0.000000000000000000e+00
4.066468662015643076e+01,0.000000000000000000e+00,0.000000000000000000e+00
4.390880551735482840e+01,0.000000000000000000e+00,0.000000000000000000e+00
4.194859024754642718e+01,0.000000000000000000e+00,0.000000000000000000e+00
3.745126743811911041e+01,0.000000000000000000e+00,0.000000000000000000e+00
4.393534078151085964e+01,0.000000000000000000e+00,0.000000000000000000e+00
3.909673464922445874e+01,0.000000000000000000e+00,0.000000000000000000e+00
4.078650981466287107e+01,0.000000000000000000e+00,0.000000000000000000e+00
3.688864479548096398e+01,0.000000000000000000e+00,0.000000000000000000e+00
3.812268900610884970e+01,0.000000000000000000e+00,0.000000000000000000e+00
4.248372449198711820e+01,0.000000000000000000e+00,0.000000000000000000e+00
3.998550891993303935e+01,0.000000000000000000e+00,0.000000000000000000e+00
4.058408795190626250e+01,0.000000000000000000e+00,0.000000000000000000e+00
4.588985215264577988e+01,0.000000000000000000e+00,0.000000000000000000e+00
4.150557762253953342e+01,0.000000000000000000e+00,0.000000000000000000e+00
4.056993233040968505e+01,0.000000000000000000e+00,0.000000000000000000e+00
3.946895136189281317e+01,0.000000000000000000e+00,0.000000000000000000e+00
4.220036017717264798e+01,0.000000000000000000e+00,0.000000000000000000e+00
3.921253465832646867e+01,0.000000000000000000e+00,0.000000000000000000e+00
3.806022650002275043e+01,0.000000000000000000e+00,0.000000000000000000e+00
4.311556746044428223e+01,0.000000000000000000e+00,0.000000000000000000e+00
3.879092567806264924e+01,0.000000000000000000e+00,0.000000000000000000e+00
3.993685085245220279e+01,0.000000000000000000e+00,0.000000000000000000e+00
4.148488814851596374e+01,0.000000000000000000e+00,0.000000000000000000e+00
3.808110239976245737e+01,0.000000000000000000e+00,0.000000000000000000e+00
3.754460000223262028e+01,0.000000000000000000e+00,0.000000000000000000e+00
4.127256626968296871e+01,0.000000000000000000e+00,0.000000000000000000e+00
3.703596536507590997e+01,0.000000000000000000e+00,0.000000000000000000e+00
3.614184660495749313e+01,0.000000000000000000e+00,0.000000000000000000e+00
4.040572805956603730e+01,0.000000000000000000e+00,0.000000000000000000e+00
3.973569794830179802e+01,0.000000000000000000e+00,0.000000000000000000e+00
4.031168780746460101e+01,0.000000000000000000e+00,0.000000000000000000e+00
3.905465930737398850e+01,0.000000000000000000e+00,0.000000000000000000e+00
3.512967211511073629e+01,0.000000000000000000e+00,0.000000000000000000e+00
4.099714128007848046e+01,0.000000000000000000e+00,0.000000000000000000e+00
3.998007434992909737e+01,0.000000000000000000e+00,0.000000000000000000e+00
3.873534370985890973e+01,0.000000000000000000e+00,0.000000000000000000e+00
4.157215953122388896e+01,0.000000000000000000e+00,0.000000000000000000e+00
3.665032573335590627e+01,0.000000000000000000e+00,0.000000000000000000e+00
3.833762558717956637e+01,0.000000000000000000e+00,0.000000000000000000e+00
3.873336974535973809e+01,0.000000000000000000e+00,0.000000000000000000e+00
3.517048961709055988e+01,0.000000000000000000e+00,0.000000000000000000e+00
4.168465389414877365e+01,0.000000000000000000e+00,0.000000000000000000e+00
3.427065268577759838e+01,0.000000000000000000e+00,0.000000000000000000e+00
3.657460368850282606e+01,0.000000000000000000e+00,0.000000000000000000e+00
3.652277467144796219e+01,0.000000000000000000e+00,0.000000000000000000e+00
3.493330867831425479e+01,0.000000000000000000e+00,0.000000000000000000e+00
3.813937243296509649e+01,0.000000000000000000e+00,0.000000000000000000e+00
4.030767158565291908e+01,0.000000000000000000e+00,0.000000000000000000e+00
4.006698429155194674e+01,0.000000000000000000e+00,0.000000000000000000e+00
3.975142695994075837e+01,0.000000000000000000e+00,0.000000000000000000e+00
3.513507819840501867e+01,0.000000000000000000e+00,0.000000000000000000e+00
4.118733050492478753e+01,0.000000000000000000e+00,0.000000000000000000e+00
3.374719888087969366e+01,0.000000000000000000e+00,0.000000000000000000e+00
3.657720796644299810e+01,0.000000000000000000e+00,0.000000000000000000e+00
3.600385096125468465e+01,0.000000000000000000e+00,0.000000000000000000e+00
3.652310859861661640e+01,0.000000000000000000e+00,0.000000000000000000e+00
3.782609468996427893e+01,0.000000000000000000e+00,0.000000000000000000e+00
3.593277886115310338e+01,0.000000000000000000e+00,0.000000000000000000e+00
3.809744478376801879e+01,0.000000000000000000e+00,0.000000000000000000e+00
3.382733901092137074e+01,0.000000000000000000e+00,0.000000000000000000e+00
3.871363149191035546e+01,0.000000000000000000e+00,0.000000000000000000e+00
3.549587734039124598e+01,0.000000000000000000e+00,0.000000000000000000e+00
3.893843193715175488e+01,0.000000000000000000e+00,0.000000000000000000e+00
3.514850154663842829e+01,0.000000000000000000e+00,0.000000000000000000e+00
3.685229791378841213e+01,0.000000000000000000e+00,0.000000000000000000e+00
3.815458756264719398e+01,0.000000000000000000e+00,0.000000000000000000e+00
3.621573096340480191e+01,0.000000000000000000e+00,0.000000000000000000e+00
3.355379851737139774e+01,0.000000000000000000e+00,0.000000000000000000e+00
3.555573155402451135e+01,0.000000000000000000e+00,0.000000000000000000e+00
3.169176444799044035e+01,0.000000000000000000e+00,0.000000000000000000e+00
3.680682851144338485e+01,0.000000000000000000e+00,0.000000000000000000e+00
3.703928933773801901e+01,0.000000000000000000e+00,0.000000000000000000e+00
3.733888092135993020e+01,0.000000000000000000e+00,0.000000000000000000e+00
3.181756529070193906e+01,0.000000000000000000e+00,0.000000000000000000e+00
3.884280463452379450e+01,0.000000000000000000e+00,0.000000000000000000e+00
3.133847171784912433e+01,0.000000000000000000e+00,0.000000000000000000e+00
3.705550171056923858e+01,0.000000000000000000e+00,0.000000000000000000e+00
3.535726978275658894e+01,0.000000000000000000e+00,0.000000000000000000e+00
3.454277314876184590e+01,0.000000000000000000e+00,0.000000000000000000e+00
3.312912495700588522e+01,0.000000000000000000e+00,0.000000000000000000e+00
3.817032205579661053e+01,0.000000000000000000e+00,0.000000000000000000e+00
3.614298640403092833e+01,0.000000000000000000e+00,0.000000000000000000e+00
3.469495186728308767e+01,0.000000000000000000e+00,0.000000000000000000e+00
3.455029557601740464e+01,0.000000000000000000e+00,0.000000000000000000e+00
3.648249349445584500e+01,0.000000000000000000e+00,0.000000000000000000e+00
3.459119981821653056e+01,0.000000000000000000e+00,0.000000000000000000e+00
3.709017651107718194e+01,0.000000000000000000e+00,0.000000000000000000e+00
3.703765328177297533e+01,0.000000000000000000e+00,0.000000000000000000e+00
3.674399936125639954e+01,0.000000000000000000e+00,0.000000000000000000e+00
3.552140863880200072e+01,0.000000000000000000e+00,0.000000000000000000e+00
3.786548384529111644e+01,0.000000000000000000e+00,0.000000000000000000e+00
3.526038363885901106e+01,0.000000000000000000e+00,0.000000000000000000e+00
3.666539264441787793e+01,0.000000000000000000e+00,0.000000000000000000e+00
3.268206699513788749e+01,0.000000000000000000e+00,0.000000000000000000e+00
3.176021629095231802e+01,0.000000000000000000e+00,0.000000000000000000e+00
3.619754644716335434e+01,0.000000000000000000e+00,0.000000000000000000e+00
3.653359317643653981e+01,0.000000000000000000e+00,0.000000000000000000e+00
3.191111043778750656e+01,0.000000000000000000e+00,0.000000000000000000e+00
3.604877101349030966e+01,0.000000000000000000e+00,0.000000000000000000e+00
3.411086957607671621e+01,0.000000000000000000e+00,0.000000000000000000e+00
3.505833994694618383e+01,0.000000000000000000e+00,0.000000000000000000e+00
3.677328960113094070e+01,0.000000000000000000e+00,0.000000000000000000e+00
3.363920106002048271e+01,0.000000000000000000e+00,0.000000000000000000e+00
3.697433994242123134e+01,0.000000000000000000e+00,0.000000000000000000e+00
3.356934254766255066e+01,0.000000000000000000e+00,0.000000000000000000e+00
3.405290300814414195e+01,0.000000000000000000e+00,0.000000000000000000e+00
3.516003338692437552e+01,0.000000000000000000e+00,0.000000000000000000e+00
3.532208179392582537e+01,0.000000000000000000e+00,0.000000000000000000e+00
3.203861437728819794e+01,0.000000000000000000e+00,0.000000000000000000e+00
3.632028569347885849e+01,0.000000000000000000e+00,0.000000000000000000e+00
3.114810570458218919e+01,0.000000000000000000e+00,0.000000000000000000e+00
3.488961293636246808e+01,0.000000000000000000e+00,0.000000000000000000e+00
3.689534721187776256e+01,0.000000000000000000e+00,0.000000000000000000e+00
3.170803314608590995e+01,0.000000000000000000e+00,0.000000000000000000e+00
3.353018657243482181e+01,0.000000000000000000e+00,0.000000000000000000e+00
3.273149298340081259e+01,0.000000000000000000e+00,0.000000000000000000e+00
3.753138088657979665e+01,0.000000000000000000e+00,0.000000000000000000e+00
2.940184156989702302e+01,0.000000000000000000e+00,0.000000000000000000e+00
3.220540814583410594e+01,0.000000000000000000e+00,0.000000000000000000e+00
3.544034671442383200e+01,0.000000000000000000e+00,0.000000000000000000e+00
2.995817303988893343e+01,0.000000000000000000e+00,0.000000000000000000e+00
3.530650223364243345e+01,0.000000000000000000e+00,0.000000000000000000e+00
3.348163268806467130e+01,0.000000000000000000e+00,0.000000000000000000e+00
3.276432586614583187e+01,0.000000000000000000e+00,0.000000000000000000e+00
3.272981714037982925e+01,0.000000000000000000e+00,0.000000000000000000e+00
3.212689576047468876e+01,0.000000000000000000e+00,0.000000000000000000e+00
3.027082404362153767e+01,0.000000000000000000e+00,0.000000000000000000e+00
3.423722795558094134e+01,0.000000000000000000e+00,0.000000000000000000e+00
3.253735818964138815e+01,0.000000000000000000e+00,0.000000000000000000e+00
3.340026031853307842e+01,0.000000000000000000e+00,0.000000000000000000e+00
3.438562877264359940e+01,0.000000000000000000e+00,0.000000000000000000e+00
3.021179156393237264e+01,0.000000000000000000e+00,0.000000000000000000e+00
3.193939279750173554e+01,0.000000000000000000e+00,0.000000000000000000e+00
3.164518640973343011e+01,0.000000000000000000e+00,0.000000000000000000e+00
3.328714431073831292e+01,0.000000000000000000e+00,0.000000000000000000e+00
2.918342597637612101e+01,0.000000000000000000e+00,0.000000000000000000e+00
3.009619899305489099e+01,0.000000000000000000e+00,0.000000000000000000e+00
3.134784273069426064e+01,0.000000000000000000e+00,0.000000000000000000e+00
2.761885429352819799e+01,0.000000000000000000e+00,0.000000000000000000e+00
3.103707964910201156e+01,0.000000000000000000e+00,0.000000000000000000e+00
2.807772453129333812e+01,0.000000000000000000e+00,0.000000000000000000e+00
3.011286311326174925e+01,0.000000000000000000e+00,0.000000000000000000e+00
3.288288853703875958e+01,0.000000000000000000e+00,0.000000000000000000e+00
3.331953215887260455e+01,0.000000000000000000e+00,0.000000000000000000e+00
2.918224705903277183e+01,0.000000000000000000e+00,0.000000000000000000e+00
3.192218059456734736e+01,0.000000000000000000e+00,0.000000000000000000e+00
3.391562762358290684e+01,0.000000000000000000e+00,0.000000000000000000e+00
3.098898420753869587e+01,0.000000000000000000e+00,0.000000000000000000e+00
3.093069763360343671e+01,0.000000000000000000e+00,0.000000000000000000e+00
3.267118343761459442e+01,0.000000000000000000e+00,0.000000000000000000e+00
2.891362081165071274e+01,0.000000000000000000e+00,0.000000000000000000e+00
3.093405696379927861e+01,0.000000000000000000e+00,0.000000000000000000e+00
3.261785084342886876e+01,0.000000000000000000e+00,0.000000000000000000e+00
3.000767818971895551e+01,0.000000000000000000e+00,0.000000000000000000e+00
2.927725663956596236e+01,0.000000000000000000e+00,0.000000000000000000e+00
3.170781608115359873e+01,0.000000000000000000e+00,0.000000000000000000e+00
2.761251233012893636e+01,0.000000000000000000e+00,0.000000000000000000e+00
2.801638563965281747e+01,0.000000000000000000e+00,0.000000000000000000e+00
2.912816132932313096e+01,0.000000000000000000e+00,0.000000000000000000e+00
2.939534013344817254e+01,0.000000000000000000e+00,0.000000000000000000e+00
2.907980879495363524e+01,0.000000000000000000e+00,0.000000000000000000e+00
2.743170209112354030e+01,0.000000000000000000e+00,0.000000000000000000e+00
3.115414786076939180e+01,0.000000000000000000e+00,0.000000000000000000e+00
3.206848683079960693e+01,0.000000000000000000e+00,0.000000000000000000e+00
2.781577085809937699e+01,0.000000000000000000e+00,0.000000000000000000e+00
2.956633634409918088e+01,0.000000000000000000e+00,0.000000000000000000e+00
3.042569972664418998e+01,0.000000000000000000e+00,0.000000000000000000e+00
3.025321552589483787e+01,0.000000000000000000e+00,0.000000000000000000e+00
2.942756021331038596e+01,0.000000000000000000e+00,0.000000000000000000e+00
2.944465803846490104e+01,0.000000000000000000e+00,0.000000000000000000e+00
2.838286118450673357e+01,0.000000000000000000e+00,0.000000000000000000e+00
2.811016789800913784e+01,0.000000000000000000e+00,0.000000000000000000e+00
2.988414229803232303e+01,0.000000000000000000e+00,0.000000000000000000e+00
3.195572177905878419e+01,0.000000000000000000e+00,0.000000000000000000e+00
3.028795357142017863e+01,0.000000000000000000e+00,0.000000000000000000e+00
2.558585403515961332e+01,0.000000000000000000e+00,0.000000000000000000e+00
2.997182832919981976e+01,0.000000000000000000e+00,0.000000000000000000e+00
2.763593315155896235e+01,0.000000000000000000e+00,0.000000000000000000e+00
2.997090413961490185e+01,0.000000000000000000e+00,0.000000000000000000e+00
2.997102661009774849e+01,0.000000000000000000e+00,0.000000000000000000e+00
2.885827848148034391e+01,0.000000000000000000e+00,0.000000000000000000e+00
3.253063456093484973e+01,0.000000000000000000e+00,0.000000000000000000e+00
2.890407194864195972e+01,0.000000000000000000e+00,0.000000000000000000e+00
2.918851699896211471e+01,0.000000000000000000e+00,0.000000000000000000e+00
2.748310525335480037e+01,0.000000000000000000e+00,0.000000000000000000e+00
3.101244996749251825e+01,0.000000000000000000e+00,0.000000000000000000e+00
3.256645950761999586e+01,0.000000000000000000e+00,0.000000000000000000e+00
2.879285057063451347e+01,0.000000000000000000e+00,0.000000000000000000e+00
2.872542192603602018e+01,0.000000000000000000e+00,0.000000000000000000e+00
3.070788630641261108e+01,0.000000000000000000e+00,0.000000000000000000e+00
2.530362115803987066e+01,0.000000000000000000e+00,0.000000000000000000e+00
2.899858572771234222e+01,0.000000000000000000e+00,0.000000000000000000e+00
2.699535452828070348e+01,0.000000000000000000e+00,0.000000000000000000e+00
2.969388588802801010e+01,0.000000000000000000e+00,0.000000000000000000e+00
2.744613800229819489e+01,0.000000000000000000e+00,0.000000000000000000e+00
2.812228145284760217e+01,0.000000000000000000e+00,0.000000000000000000e+00
2.922176370205363582e+01,0.000000000000000000e+00,0.000000000000000000e+00
2.912826647679202452e+01,0.000000000000000000e+00,0.000000000000000000e+00
2.647094781104253869e+01,0.000000000000000000e+00,0.000000000000000000e+00
2.698267955558926090e+01,0.000000000000000000e+00,0.000000000000000000e+00
2.825397391969321959e+01,0.000000000000000000e+00,0.000000000000000000e+00
2.862745149331341921e+01,0.000000000000000000e+00,0.000000000000000000e+00
2.701398660404080232e+01,0.000000000000000000e+00,0.000000000000000000e+00
2.665369634700785184e+01,0.000000000000000000e+00,0.000000000000000000e+00
2.585052248418787002e+01,0.000000000000000000e+00,0.000000000000000000e+00
2.567244881445644822e+01,0.000000000000000000e+00,0.000000000000000000e+00
3.009829461780780235e+01,0.000000000000000000e+00,0.000000000000000000e+00
2.911431581047767025e+01,0.000000000000000000e+00,0.000000000000000000e+00
2.832854590673974116e+01,0.000000000000000000e+00,0.000000000000000000e+00
2.448265396353627921e+01,0.000000000000000000e+00,0.000000000000000000e+00
2.650634587009113119e+01,0.000000000000000000e+00,0.000000000000000000e+00
2.998946682071298397e+01,0.000000000000000000e+00,0.000000000000000000e+00
3.005849958519270615e+01,0.000000000000000000e+00,0.000000000000000000e+00
2.477637386622239291e+01,0.000000000000000000e+00,0.000000000000000000e+00
2.720879592696773841e+01,0.000000000000000000e+00,0.000000000000000000e+00
2.828751441565959723e+01,0.000000000000000000e+00,0.000000000000000000e+00
2.826887339877963612e+01,0.000000000000000000e+00,0.000000000000000000e+00
2.618668919207485501e+01,0.000000000000000000e+00,0.000000000000000000e+00
2.895026389982176696e+01,0.000000000000000000e+00,0.000000000000000000e+00
2.808338425356748402e+01,0.000000000000000000e+00,0.000000000000000000e+00
2.441748909742273810e+01,0.000000000000000000e+00,0.000000000000000000e+00
2.536216204374701277e+01,0.000000000000000000e+00,0.000000000000000000e+00
2.752114557558582320e+01,0.000000000000000000e+00,0.000000000000000000e+00
2.705652207789825070e+01,0.000000000000000000e+00,0.000000000000000000e+00
2.950965597389019379e+01,0.000000000000000000e+00,0.000000000000000000e+00
3.033454478670768850e+01,0.000000000000000000e+00,0.000000000000000000e+00
2.812544526765773867e+01,0.000000000000000000e+00,0.000000000000000000e+00
2.865431350809498312e+01,0.000000000000000000e+00,0.000000000000000000e+00
2.895855924994643260e+01,0.000000000000000000e+00,0.000000000000000000e+00
2.448124026836713441e+01,0.000000000000000000e+00,0.000000000000000000e+00
2.935555856495564342e+01,0.000000000000000000e+00,0.000000000000000000e+00
2.986475833343240538e+01,0.000000000000000000e+00,0.000000000000000000e+00
3.057707592931378571e+01,0.000000000000000000e+00,0.000000000000000000e+00
2.576098930895433270e+01,0.000000000000000000e+00,0.000000000000000000e+00
2.551136876172725820e+01,0.000000000000000000e+00,0.000000000000000000e+00
2.610805817829365338e+01,0.000000000000000000e+00,0.000000000000000000e+00
2.289128157804176666e+01,0.000000000000000000e+00,0.000000000000000000e+00
2.594922803197602335e+01,0.000000000000000000e+00,0.000000000000000000e+00
2.776409981465330645e+01,0.000000000000000000e+00,0.000000000000000000e+00
2.735368077054278757e+01,0.000000000000000000e+00,0.000000000000000000e+00
2.362724078645230463e+01,0.000000000000000000e+00,0.000000000000000000e+00
2.507933172466071525e+01,0.000000000000000000e+00,0.000000000000000000e+00
2.433722656194499123e+01,0.000000000000000000e+00,0.000000000000000000e+00
2.728707068676954961e+01,0.000000000000000000e+00,0.000000000000000000e+00
2.383355231422508425e+01,0.000000000000000000e+00,0.000000000000000000e+00
2.400052494975086148e+01,0.000000000000000000e+00,0.000000000000000000e+00
2.579460874396987435e+01,0.000000000000000000e+00,0.000000000000000000e+00
2.791281516827777409e+01,0.000000000000000000e+00,0.000000000000000000e+00
2.311852447734035110e+01,0.000000000000000000e+00,0.000000000000000000e+00
2.147314156852108624e+01,0.000000000000000000e+00,0.000000000000000000e+00
2.509014333153956500e+01,0.000000000000000000e+00,0.000000000000000000e+00
2.438995360784742417e+01,0.000000000000000000e+00,0.000000000000000000e+00
2.413811022088521341e+01,0.000000000000000000e+00,0.000000000000000000e+00
2.267582830153300932e+01,0.000000000000000000e+00,0.000000000000000000e+00
2.746455555563161255e+01,0.000000000000000000e+00,0.000000000000000000e+00
2.644989603547542956e+01,0.000000000000000000e+00,0.000000000000000000e+00
2.839945839441023878e+01,0.000000000000000000e+00,0.000000000000000000e+00
2.306091406616449646e+01,0.000000000000000000e+00,0.000000000000000000e+00
2.200938233464702876e+01,0.000000000000000000e+00,0.000000000000000000e+00
2.670254440808417939e+01,0.000000000000000000e+00,0.000000000000000000e+00
2.791141977528135243e+01,0.000000000000000000e+00,0.000000000000000000e+00
2.782997692507092680e+01,0.000000000000000000e+00,0.000000000000000000e+00
2.637484865859505589e+01,0.000000000000000000e+00,0.000000000000000000e+00
2.715084731105267579e+01,0.000000000000000000e+00,0.000000000000000000e+00
2.345989532235060793e+01,0.000000000000000000e+00,0.000000000000000000e+00
3.023054459093354751e+01,0.000000000000000000e+00,0.000000000000000000e+00
2.391176812097351245e+01,0.000000000000000000e+00,0.000000000000000000e+00
2.637333014238018336e+01,0.000000000000000000e+00,0.000000000000000000e+00
2.260682149912133454e+01,0.000000000000000000e+00,0.000000000000000000e+00
2.446881145144493175e+01,0.000000000000000000e+00,0.000000000000000000e+00
2.355369286084438230e+01,0.000000000000000000e+00,0.000000000000000000e+00
2.594277593043437236e+01,0.000000000000000000e+00,0.000000000000000000e+00
2.526760999578224087e+01,0.000000000000000000e+00,0.000000000000000000e+00
2.646406467352052161e+01,0.000000000000000000e+00,0.000000000000000000e+00
2.408363168728604364e+01,0.000000000000000000e+00,0.000000000000000000e+00
2.307140968807998505e+01,0.000000000000000000e+00,0.000000000000000000e+00
2.438995511725335774e+01,0.000000000000000000e+00,0.000000000000000000e+00
2.363023733951879635e+01,0.000000000000000000e+00,0.000000000000000000e+00
2.524165631362807716e+01,0.000000000000000000e+00,0.000000000000000000e+00
2.115283659551268869e+01,0.000000000000000000e+00,0.000000000000000000e+00
2.044499658601982972e+01,0.000000000000000000e+00,0.000000000000000000e+00
2.218215547258661857e+01,0.000000000000000000e+00,0.000000000000000000e+00
2.670947671905555154e+01,0.000000000000000000e+00,0.000000000000000000e+00
2.443335878188741361e+01,0.000000000000000000e+00,0.000000000000000000e+00
2.448897564267830873e+01,0.000000000000000000e+00,0.000000000000000000e+00
2.108171573518152542e+01,0.000000000000000000e+00,0.000000000000000000e+00
2.539442540751299759e+01,0.000000000000000000e+00,0.000000000000000000e+00
2.201923867654794620e+01,0.000000000000000000e+00,0.000000000000000000e+00
2.626394329636897140e+01,0.000000000000000000e+00,0.000000000000000000e+00
2.194294472791106188e+01,0.000000000000000000e+00,0.000000000000000000e+00
2.105426262196050402e+01,0.000000000000000000e+00,0.000000000000000000e+00
2.107517909456966265e+01,0.000000000000000000e+00,0.000000000000000000e+00
2.680760055440402567e+01,0.000000000000000000e+00,0.000000000000000000e+00
2.142442955141407523e+01,0.000000000000000000e+00,0.000000000000000000e+00
2.537944132167155331e+01,0.000000000000000000e+00,0.000000000000000000e+00
2.463675961438879725e+01,0.000000000000000000e+00,0.000000000000000000e+00
2.323953355467221371e+01,0.000000000000000000e+00,0.000000000000000000e+00
2.502047948073093409e+01,0.000000000000000000e+00,0.000000000000000000e+00
2.130996578586599099e+01,0.000000000000000000e+00,0.000000000000000000e+00
2.322033546567487505e+01,0.000000000000000000e+00,0.000000000000000000e+00
2.055356953645419793e+01,0.000000000000000000e+00,0.000000000000000000e+00
2.043528428161420507e+01,0.000000000000000000e+00,0.000000000000000000e+00
2.458343403807122840e+01,0.000000000000000000e+00,0.000000000000000000e+00
2.206891483850537128e+01,0.000000000000000000e+00,0.000000000000000000e+00
2.420558106461873393e+01,0.000000000000000000e+00,0.000000000000000000e+00
2.461506670586755519e+01,0.000000000000000000e+00,0.000000000000000000e+00
2.324518394881420136e+01,0.000000000000000000e+00,0.000000000000000000e+00
2.133055134019740962e+01,0.000000000000000000e+00,0.000000000000000000e+00
2.247710997063667904e+01,0.000000000000000000e+00,0.000000000000000000e+00
2.215910197122000369e+01,0.000000000000000000e+00,0.000000000000000000e+00
2.552899027924000919e+01,0.000000000000000000e+00,0.000000000000000000e+00
2.198034944046148098e+01,0.000000000000000000e+00,0.000000000000000000e+00
2.165099520789218701e+01,0.000000000000000000e+00,0.000000000000000000e+00
2.101742508796337461e+01,0.000000000000000000e+00,0.000000000000000000e+00
2.379858578742760145e+01,0.000000000000000000e+00,0.000000000000000000e+00
2.445796897283436167e+01,0.000000000000000000e+00,0.000000000000000000e+00
2.249027236370618965e+01,0.000000000000000000e+00,0.000000000000000000e+00
2.453432702391682341e+01,0.000000000000000000e+00,0.000000000000000000e+00
2.152130824589672642e+01,0.000000000000000000e+00,0.000000000000000000e+00
2.091176330761191693e+01,0.000000000000000000e+00,0.000000000000000000e+00
2.388902529748602532e+01,0.000000000000000000e+00,0.000000000000000000e+00
2.327883933433182762e+01,0.000000000000000000e+00,0.000000000000000000e+00
2.172239064401683706e+01,0.000000000000000000e+00,0.000000000000000000e+00
2.149237457918581740e+01,0.000000000000000000e+00,0.000000000000000000e+00
2.351119176554055556e+01,0.000000000000000000e+00,0.000000000000000000e+00
2.192584785092103061e+01,0.000000000000000000e+00,0.000000000000000000e+00
2.245700346714702889e+01,0.000000000000000000e+00,0.000000000000000000e+00
1.939391182568147798e+01,0.000000000000000000e+00,0.000000000000000000e+00
2.377508880012577208e+01,0.000000000000000000e+00,0.000000000000000000e+00
2.119236411559635513e+01,0.000000000000000000e+00,0.000000000000000000e+00
2.264958840424237252e+01,0.000000000000000000e+00,0.000000000000000000e+00
2.209025385541218967e+01,0.000000000000000000e+00,0.000000000000000000e+00
2.535430754353985350e+01,0.000000000000000000e+00,0.000000000000000000e+00
2.102037814231087509e+01,0.000000000000000000e+00,0.000000000000000000e+00
2.380177463287787987e+01,0.000000000000000000e+00,0.000000000000000000e+00
2.393280710801674616e+01,0.000000000000000000e+00,0.000000000000000000e+00
2.120101181664157508e+01,0.000000000000000000e+00,0.000000000000000000e+00
1.975703361581880202e+01,0.000000000000000000e+00,0.000000000000000000e+00
2.326466526340627539e+01,0.000000000000000000e+00,0.000000000000000000e+00
2.067905325857254084e+01,0.000000000000000000e+00,0.000000000000000000e+00
2.490814602736863037e+01,0.000000000000000000e+00,0.000000000000000000e+00
1.846971168080498771e+01,0.000000000000000000e+00,0.000000000000000000e+00
2.060561650767138175e+01,0.000000000000000000e+00,0.000000000000000000e+00
2.178216249292766449e+01,0.000000000000000000e+00,0.000000000000000000e+00
2.239733453628898374e+01,0.000000000000000000e+00,0.000000000000000000e+00
2.372979172929919756e+01,0.000000000000000000e+00,0.000000000000000000e+00
2.161081436221718732e+01,0.000000000000000000e+00,0.000000000000000000e+00
2.154020841837319011e+01,0.000000000000000000e+00,0.000000000000000000e+00
2.209594634005041414e+01,0.000000000000000000e+00,0.000000000000000000e+00
1.966983853177012520e+01,0.000000000000000000e+00,0.000000000000000000e+00
2.112272874466368222e+01,0.000000000000000000e+00,0.000000000000000000e+00
2.367039937080127032e+01,0.000000000000000000e+00,0.000000000000000000e+00
1.781407443525396772e+01,0.000000000000000000e+00,0.000000000000000000e+00
1.863690594266142142e+01,0.000000000000000000e+00,0.000000000000000000e+00
1.816328565989025279e+01,0.000000000000000000e+00,0.000000000000000000e+00
1.733196779619781580e+01,0.000000000000000000e+00,0.000000000000000000e+00
2.386093620110461444e+01,0.000000000000000000e+00,0.000000000000000000e+00
1.817198012394902307e+01,0.000000000000000000e+00,0.000000000000000000e+00
1.997469129602924554e+01,0.000000000000000000e+00,0.000000000000000000e+00
1.731641301097922536e+01,0.000000000000000000e+00,0.000000000000000000e+00
2.190450063893823440e+01,0.000000000000000000e+00,0.000000000000000000e+00
1.956577173862039132e+01,0.000000000000000000e+00,0.000000000000000000e+00
2.079253175909650153e+01,0.000000000000000000e+00,0.000000000000000000e+00
2.370323286041943334e+01,0.000000000000000000e+00,0.000000000000000000e+00
1.982778518515321764e+01,0.000000000000000000e+00,0.000000000000000000e+00
2.118734631930883694e+01,0.000000000000000000e+00,0.000000000000000000e+00
2.294968673889911770e+01,0.000000000000000000e+00,0.000000000000000000e+00
1.893814713205607347e+01,0.000000000000000000e+00,0.000000000000000000e+00
2.169168043024882309e+01,0.000000000000000000e+00,0.000000000000000000e+00
1.798721064483562060e+01,0.000000000000000000e+00,0.000000000000000000e+00
2.313290830598344527e+01,0.000000000000000000e+00,0.000000000000000000e+00
1.699765494632993423e+01,0.000000000000000000e+00,0.000000000000000000e+00
1.630138571456197027e+01,0.000000000000000000e+00,0.000000000000000000e+00
2.366378331163813087e+01,0.000000000000000000e+00,0.000000000000000000e+00
2.182933658663661447e+01,0.000000000000000000e+00,0.000000000000000000e+00
2.299939117811156208e+01,0.000000000000000000e+00,0.000000000000000000e+00
2.137280461484144212e+01,0.000000000000000000e+00,0.000000000000000000e+00
2.108697049954656322e+01,0.000000000000000000e+00,0.000000000000000000e+00
2.333145875492401444e+01,0.000000000000000000e+00,0.000000000000000000e+00
2.068112228545752984e+01,0.000000000000000000e+00,0.000000000000000000e+00
2.055383871985473832e+01,0.000000000000000000e+00,0.000000000000000000e+00
2.032033962017223416e+01,0.000000000000000000e+00,0.000000000000000000e+00
1.933496979633940782e+01,0.000000000000000000e+00,0.000000000000000000e+00
2.116666103160252277e+01,0.000000000000000000e+00,0.000000000000000000e+00
2.028238792911859889e+01,0.000000000000000000e+00,0.000000000000000000e+00
2.341916368800446335e+01,0.000000000000000000e+00,0.000000000000000000e+00
2.142024109252458075e+01,0.000000000000000000e+00,0.000000000000000000e+00
2.431275363811473156e+01,0.000000000000000000e+00,0.000000000000000000e+00
2.303053897310134701e+01,0.000000000000000000e+00,0.000000000000000000e+00
1.949477003819820453e+01,0.000000000000000000e+00,0.000000000000000000e+00
1.984747587738693042e+01,0.000000000000000000e+00,0.000000000000000000e+00
2.070468040983550040e+01,0.000000000000000000e+00,0.000000000000000000e+00
1.860928005823106801e+01,0.000000000000000000e+00,0.000000000000000000e+00
1.727476221908744591e+01,0.000000000000000000e+00,0.000000000000000000e+00
2.097848562474225531e+01,0.000000000000000000e+00,0.000000000000000000e+00
1.998817522010255843e+01,0.000000000000000000e+00,0.000000000000000000e+00
2.277510635074889578e+01,0.000000000000000000e+00,0.000000000000000000e+00
1.980087243027923449e+01,0.000000000000000000e+00,0.000000000000000000e+00
2.285734340833425193e+01,0.000000000000000000e+00,0.000000000000000000e+00
2.073857139764782787e+01,0.000000000000000000e+00,0.000000000000000000e+00
1.991101844724299852e+01,0.000000000000000000e+00,0.000000000000000000e+00
2.061868951961252350e+01,0.000000000000000000e+00,0.000000000000000000e+00
1.740783507425850019e+01,0.000000000000000000e+00,0.000000000000000000e+00
2.026856542197167954e+01,0.000000000000000000e+00,0.000000000000000000e+00
2.065980416107654349e+01,0.000000000000000000e+00,0.000000000000000000e+00
1.987482775936971180e+01,0.000000000000000000e+00,0.000000000000000000e+00
1.856426622604663734e+01,0.000000000000000000e+00,0.000000000000000000e+00
2.150154015791126483e+01,0.000000000000000000e+00,0.000000000000000000e+00
1.887777652192690425e+01,0.000000000000000000e+00,0.000000000000000000e+00
2.159061547033440576e+01,0.000000000000000000e+00,0.000000000000000000e+00
2.084171046038215991e+01,0.000000000000000000e+00,0.000000000000000000e+00
1.944208808617193540e+01,0.000000000000000000e+00,0.000000000000000000e+00
1.991088050043030933e+01,0.000000000000000000e+00,0.000000000000000000e+00
1.916513690143445814e+01,0.000000000000000000e+00,0.000000000000000000e+00
2.335194893451466669e+01,0.000000000000000000e+00,0.000000000000000000e+00
1.981418672388647551e+01,0.000000000000000000e+00,0.000000000000000000e+00
1.984092132834345179e+01,0.000000000000000000e+00,0.000000000000000000e+00
2.008237499490610745e+01,0.000000000000000000e+00,0.000000000000000000e+00
2.170817217486689898e+01,0.000000000000000000e+00,0.000000000000000000e+00
2.016902641757867798e+01,0.000000000000000000e+00,0.000000000000000000e+00
1.981636520280601133e+01,0.000000000000000000e+00,0.000000000000000000e+00
1.984080563325326452e+01,0.000000000000000000e+00,0.000000000000000000e+00
2.278836686980385196e+01,0.000000000000000000e+00,0.000000000000000000e+00
2.288888425124760317e+01,0.000000000000000000e+00,0.000000000000000000e+00
2.108892824237173969e+01,0.000000000000000000e+00,0.000000000000000000e+00
1.752196400267038001e+01,0.000000000000000000e+00,0.000000000000000000e+00
1.913809659742723568e+01,0.000000000000000000e+00,0.000000000000000000e+00
2.115249489200274624e+01,0.000000000000000000e+00,0.000000000000000000e+00
1.597257953545764764e+01,0.000000000000000000e+00,0.000000000000000000e+00
1.847719254699246605e+01,0.000000000000000000e+00,0.000000000000000000e+00
2.062729024925408083e+01,0.000000000000000000e+00,0.000000000000000000e+00
1.840653706477690221e+01,0.000000000000000000e+00,0.000000000000000000e+00
1.718425797741555527e+01,0.000000000000000000e+00,0.000000000000000000e+00
1.893891206459546339e+01,0.000000000000000000e+00,0.000000000000000000e+00
1.953991536021099762e+01,0.000000000000000000e+00,0.000000000000000000e+00
1.813086737901114631e+01,0.000000000000000000e+00,0.000000000000000000e+00
2.022170752693217821e+01,0.000000000000000000e+00,0.000000000000000000e+00
2.195204656444547098e+01,0.000000000000000000e+00,0.000000000000000000e+00
1.778590602638645279e+01,0.000000000000000000e+00,0.000000000000000000e+00
2.013375583833016336e+01,0.000000000000000000e+00,0.000000000000000000e+00
1.742645849972297967e+01,0.000000000000000000e+00,0.000000000000000000e+00
2.216573506665105953e+01,0.000000000000000000e+00,0.000000000000000000e+00
2.153441111021586352e+01,0.000000000000000000e+00,0.000000000000000000e+00
1.952387112301273575e+01,0.000000000000000000e+00,0.000000000000000000e+00
2.001244812047929145e+01,0.000000000000000000e+00,0.000000000000000000e+00
1.910785927367501458e+01,0.000000000000000000e+00,0.000000000000000000e+00
2.102404930995781740e+01,0.000000000000000000e+00,0.000000000000000000e+00
2.228283847089910452e+01,0.000000000000000000e+00,0.000000000000000000e+00
2.102360831302032551e+01,0.000000000000000000e+00,0.000000000000000000e+00
1.998931031992164264e+01,0.000000000000000000e+00,0.000000000000000000e+00
1.849062955124871621e+01,0.000000000000000000e+00,0.000000000000000000e+00
1.973490545469180901e+01,0.000000000000000000e+00,0.000000000000000000e+00
2.247905229871860300e+01,0.000000000000000000e+00,0.000000000000000000e+00
1.784280056789453539e+01,0.000000000000000000e+00,0.000000000000000000e+00
1.622584508319362939e+01,0.000000000000000000e+00,0.000000000000000000e+00
1.975647793469008207e+01,0.000000000000000000e+00,0.000000000000000000e+00
1.847476199627018190e+01,0.000000000000000000e+00,0.000000000000000000e+00
1.708229290377940401e+01,0.000000000000000000e+00,0.000000000000000000e+00
2.121860477902406572e+01,0.000000000000000000e+00,0.000000000000000000e+00
2.037304094385869391e+01,0.000000000000000000e+00,0.000000000000000000e+00
2.308742456505384766e+01,0.000000000000000000e+00,0.000000000000000000e+00
2.072219503545834840e+01,0.000000000000000000e+00,0.000000000000000000e+00
2.371691008800512890e+01,0.000000000000000000e+00,0.000000000000000000e+00
1.970739362523547555e+01,0.000000000000000000e+00,0.000000000000000000e+00
1.976385273130227205e+01,0.000000000000000000e+00,0.000000000000000000e+00
2.110212721923208434e+01,0.000000000000000000e+00,0.000000000000000000e+00
2.036886019255946323e+01,0.000000000000000000e+00,0.000000000000000000e+00
1.924251279687464589e+01,0.000000000000000000e+00,0.000000000000000000e+00
1.915898080877700949e+01,0.000000000000000000e+00,0.000000000000000000e+00
1.772104718919466748e+01,0.000000000000000000e+00,0.000000000000000000e+00
1.935151957323722272e+01,0.000000000000000000e+00,0.000000000000000000e+00
1.934945739045826230e+01,0.000000000000000000e+00,0.000000000000000000e+00
2.040151344577174797e+01,0.000000000000000000e+00,0.000000000000000000e+00
1.997951505845373887e+01,0.000000000000000000e+00,0.000000000000000000e+00
2.190538538992492690e+01,0.000000000000000000e+00,0.000000000000000000e+00
1.603357069990259731e+01,0.000000000000000000e+00,0.000000000000000000e+00
2.029903325977870310e+01,0.000000000000000000e+00,0.000000000000000000e+00
2.028769778422522663e+01,0.000000000000000000e+00,0.000000000000000000e+00
1.939967183892239433e+01,0.000000000000000000e+00,0.000000000000000000e+00
1.903519695020801095e+01,0.000000000000000000e+00,0.000000000000000000e+00
2.192733135224979435e+01,0.000000000000000000e+00,0.000000000000000000e+00
2.230054915280407712e+01,0.000000000000000000e+00,0.000000000000000000e+00
2.352814319697499457e+01,0.000000000000000000e+00,0.000000000000000000e+00
2.079432761739539259e+01,0.000000000000000000e+00,0.000000000000000000e+00
2.031893949835681212e+01,0.000000000000000000e+00,0.000000000000000000e+00
2.357422270537670173e+01,0.000000000000000000e+00,0.000000000000000000e+00
1.913187523811389568e+01,0.000000000000000000e+00,0.000000000000000000e+00
2.094064792499261074e+01,0.000000000000000000e+00,0.000000000000000000e+00
2.004507050334365559e+01,0.000000000000000000e+00,0.000000000000000000e+00
1.919293370122098352e+01,0.000000000000000000e+00,0.000000000000000000e+00
1.932390064142381192e+01,0.000000000000000000e+00,0.000000000000000000e+00
2.131488541421714800e+01,0.000000000000000000e+00,0.000000000000000000e+00
2.196664309051435993e+01,0.000000000000000000e+00,0.000000000000000000e+00
2.310344174131561701e+01,0.000000000000000000e+00,0.000000000000000000e+00
2.425205864788613042e+01,0.000000000000000000e+00,0.000000000000000000e+00
2.122219165982671640e+01,0.000000000000000000e+00,0.000000000000000000e+00
2.122319195264724456e+01,0.000000000000000000e+00,0.000000000000000000e+00
1.662629757563290767e+01,0.000000000000000000e+00,0.000000000000000000e+00
1.862138179676041716e+01,0.000000000000000000e+00,0.000000000000000000e+00
2.225429358365962784e+01,0.000000000000000000e+00,0.000000000000000000e+00
2.081689106022172453e+01,0.000000000000000000e+00,0.000000000000000000e+00
2.071438975047258069e+01,0.000000000000000000e+00,0.000000000000000000e+00
2.260948873123950165e+01,0.000000000000000000e+00,0.000000000000000000e+00
2.318760538221526701e+01,0.000000000000000000e+00,0.000000000000000000e+00
1.995216050465208824e+01,0.000000000000000000e+00,0.000000000000000000e+00
2.201188412736540911e+01,0.000000000000000000e+00,0.000000000000000000e+00
2.030838146907823116e+01,0.000000000000000000e+00,0.000000000000000000e+00
2.240943388579151474e+01,0.000000000000000000e+00,0.000000000000000000e+00
2.399882278480533415e+01,0.000000000000000000e+00,0.000000000000000000e+00
2.273079486514422243e+01,0.000000000000000000e+00,0.000000000000000000e+00
1.765234878037443877e+01,0.000000000000000000e+00,0.000000000000000000e+00
1.743302305566416521e+01,0.000000000000000000e+00,0.000000000000000000e+00
1.942831240149381244e+01,0.000000000000000000e+00,0.000000000000000000e+00
2.534707875449389647e+01,0.000000000000000000e+00,0.000000000000000000e+00
1.950904131298374011e+01,0.000000000000000000e+00,0.000000000000000000e+00
2.064253140310110624e+01,0.000000000000000000e+00,0.000000000000000000e+00
1.984355064652091727e+01,0.000000000000000000e+00,0.000000000000000000e+00
2.315643236128343574e+01,0.000000000000000000e+00,0.000000000000000000e+00
2.061445947056850869e+01,0.000000000000000000e+00,0.000000000000000000e+00
2.256052153962073348e+01,0.000000000000000000e+00,0.000000000000000000e+00
2.080036888005168194e+01,0.000000000000000000e+00,0.000000000000000000e+00
1.840050316133030606e+01,0.000000000000000000e+00,0.000000000000000000e+00
1.970420001088713491e+01,0.000000000000000000e+00,0.000000000000000000e+00
2.367558370789006972e+01,0.000000000000000000e+00,0.000000000000000000e+00
1.990603519550030853e+01,0.000000000000000000e+00,0.000000000000000000e+00
1.985352529729166093e+01,0.000000000000000000e+00,0.000000000000000000e+00
2.116971691550837775e+01,0.000000000000000000e+00,0.000000000000000000e+00
2.203213542010556480e+01,0.000000000000000000e+00,0.000000000000000000e+00
1.842992736339166271e+01,0.000000000000000000e+00,0.000000000000000000e+00
2.152744417660329290e+01,0.000000000000000000e+00,0.000000000000000000e+00
2.192617847849686896e+01,0.000000000000000000e+00,0.000000000000000000e+00
1.992013089950189553e+01,0.000000000000000000e+00,0.000000000000000000e+00
2.038000763078289168e+01,0.000000000000000000e+00,0.000000000000000000e+00
2.094824449645696873e+01,0.000000000000000000e+00,0.000000000000000000e+00
2.136090840873922758e+01,0.000000000000000000e+00,0.000000000000000000e+00
1.840140012754201138e+01,0.000000000000000000e+00,0.000000000000000000e+00
1.826019599830435425e+01,0.000000000000000000e+00,0.000000000000000000e+00
1.696144918012569747e+01,0.000000000000000000e+00,0.000000000000000000e+00
1.939196858068577001e+01,0.000000000000000000e+00,0.000000000000000000e+00
1.989431112148325909e+01,0.000000000000000000e+00,0.000000000000000000e+00
2.070105411349420876e+01,0.000000000000000000e+00,0.000000000000000000e+00
1.700729433874831287e+01,0.000000000000000000e+00,0.000000000000000000e+00
1.834343464858014983e+01,0.000000000000000000e+00,0.000000000000000000e+00
1.894108481692309809e+01,0.000000000000000000e+00,0.000000000000000000e+00
2.203427060341972421e+01,0.000000000000000000e+00,0.000000000000000000e+00
2.112388580143273842e+01,0.000000000000000000e+00,0.000000000000000000e+00
2.094411667180363423e+01,0.000000000000000000e+00,0.000000000000000000e+00
1.819966105403624823e+01,0.000000000000000000e+00,0.000000000000000000e+00
2.067683682385295540e+01,0.000000000000000000e+00,0.000000000000000000e+00
1.893221513668868994e+01,0.000000000000000000e+00,0.000000000000000000e+00
1.834246784238280981e+01,0.000000000000000000e+00,0.000000000000000000e+00
1.794432222219599993e+01,0.000000000000000000e+00,0.000000000000000000e+00
2.309085805710387618e+01,0.000000000000000000e+00,0.000000000000000000e+00
1.850938120285108823e+01,0.000000000000000000e+00,0.000000000000000000e+00
2.056796003387768579e+01,0.000000000000000000e+00,0.000000000000000000e+00
2.244666758812215690e+01,0.000000000000000000e+00,0.000000000000000000e+00
1.962669996938913641e+01,0.000000000000000000e+00,0.000000000000000000e+00
1.967861599375880743e+01,0.000000000000000000e+00,0.000000000000000000e+00
2.010273743182959549e+01,0.000000000000000000e+00,0.000000000000000000e+00
2.454056619705897901e+01,0.000000000000000000e+00,0.000000000000000000e+00
1.927823255232167554e+01,0.000000000000000000e+00,0.000000000000000000e+00
2.002919514827704361e+01,0.000000000000000000e+00,0.000000000000000000e+00
2.026230555540696088e+01,0.000000000000000000e+00,0.000000000000000000e+00
2.218837285749794574e+01,0.000000000000000000e+00,0.000000000000000000e+00
2.383942147873147377e+01,0.000000000000000000e+00,0.000000000000000000e+00
2.277944542929010652e+01,0.000000000000000000e+00,0.000000000000000000e+00
2.287278218539691466e+01,0.000000000000000000e+00,0.000000000000000000e+00
2.324247367852609258e+01,0.000000000000000000e+00,0.000000000000000000e+00
2.024166478666665014e+01,0.000000000000000000e+00,0.000000000000000000e+00
2.111250080142200503e+01,0.000000000000000000e+00,0.000000000000000000e+00
2.480484687360280915e+01,0.000000000000000000e+00,0.000000000000000000e+00
2.500023560367812792e+01,0.000000000000000000e+00,0.000000000000000000e+00
1.784198623286406615e+01,0.000000000000000000e+00,0.000000000000000000e+00
2.206566061047928429e+01,0.000000000000000000e+00,0.000000000000000000e+00
2.206304151380423306e+01,0.000000000000000000e+00,0.000000000000000000e+00
2.096488608044143476e+01,0.000000000000000000e+00,0.000000000000000000e+00
2.072263052033111208e+01,0.000000000000000000e+00,0.000000000000000000e+00
1.891453509645508291e+01,0.000000000000000000e+00,0.000000000000000000e+00
2.145648872641017846e+01,0.000000000000000000e+00,0.000000000000000000e+00
1.835273766888435887e+01,0.000000000000000000e+00,0.000000000000000000e+00
2.225592973068885883e+01,0.000000000000000000e+00,0.000000000000000000e+00
2.224210964748900210e+01,0.000000000000000000e+00,0.000000000000000000e+00
2.079284786916336358e+01,0.000000000000000000e+00,0.000000000000000000e+00
2.265004555466092739e+01,0.000000000000000000e+00,0.000000000000000000e+00
2.106214532074764634e+01,0.000000000000000000e+00,0.000000000000000000e+00
2.236162755813584724e+01,0.000000000000000000e+00,0.000000000000000000e+00
2.091603495777157207e+01,0.000000000000000000e+00,0.000000000000000000e+00
1.740306453908385720e+01,0.000000000000000000e+00,0.000000000000000000e+00
2.125995690510979230e+01,0.000000000000000000e+00,0.000000000000000000e+00
1.922414318704112546e+01,0.000000000000000000e+00,0.000000000000000000e+00
1.766906414107257106e+01,0.000000000000000000e+00,0.000000000000000000e+00
2.267021315906359291e+01,0.000000000000000000e+00,0.000000000000000000e+00
2.028442497589320581e+01,0.000000000000000000e+00,0.000000000000000000e+00
2.068147864072340880e+01,0.000000000000000000e+00,0.000000000000000000e+00
2.052832147096682291e+01,0.000000000000000000e+00,0.000000000000000000e+00
2.244493472698446723e+01,0.000000000000000000e+00,0.000000000000000000e+00
2.284789240220451134e+01,0.000000000000000000e+00,0.000000000000000000e+00
1.894875392485847954e+01,0.000000000000000000e+00,0.000000000000000000e+00
2.392723021750827073e+01,0.000000000000000000e+00,0.000000000000000000e+00
2.313833723988735258e+01,0.000000000000000000e+00,0.000000000000000000e+00
2.098300922520668976e+01,0.000000000000000000e+00,0.000000000000000000e+00
2.565641526171793529e+01,0.000000000000000000e+00,0.000000000000000000e+00
2.072823713279983338e+01,0.000000000000000000e+00,0.000000000000000000e+00
2.462869615819496261e+01,0.000000000000000000e+00,0.000000000000000000e+00
1.822397417893249028e+01,0.000000000000000000e+00,0.000000000000000000e+00
2.467207608979671107e+01,0.000000000000000000e+00,0.000000000000000000e+00
2.175031528516373314e+01,0.000000000000000000e+00,0.000000000000000000e+00
2.019258466641110772e+01,0.000000000000000000e+00,0.000000000000000000e+00
1.936731144931999893e+01,0.000000000000000000e+00,0.000000000000000000e+00
2.697301989857113114e+01,0.000000000000000000e+00,0.000000000000000000e+00
2.437782277740756598e+01,0.000000000000000000e+00,0.000000000000000000e+00
1.882708027645327320e+01,0.000000000000000000e+00,0.000000000000000000e+00
2.525406137565442322e+01,0.000000000000000000e+00,0.000000000000000000e+00
2.052108035205362668e+01,0.000000000000000000e+00,0.000000000000000000e+00
2.421419719588316255e+01,0.000000000000000000e+00,0.000000000000000000e+00
2.215081637273435788e+01,0.000000000000000000e+00,0.000000000000000000e+00
2.409527529103988641e+01,0.000000000000000000e+00,0.000000000000000000e+00
1.923124887821860440e+01,0.000000000000000000e+00,0.000000000000000000e+00
1.951815724462695911e+01,0.000000000000000000e+00,0.000000000000000000e+00
2.301198294413451606e+01,0.000000000000000000e+00,0.000000000000000000e+00
2.597305890373943882e+01,0.000000000000000000e+00,0.000000000000000000e+00
2.163895388004397446e+01,0.000000000000000000e+00,0.000000000000000000e+00
1.991028551773267807e+01,0.000000000000000000e+00,0.000000000000000000e+00
2.021451886053949210e+01,0.000000000000000000e+00,0.000000000000000000e+00
2.138536458598347778e+01,0.000000000000000000e+00,0.000000000000000000e+00
2.092732801226676997e+01,0.000000000000000000e+00,0.000000000000000000e+00
2.501421009602114509e+01,0.000000000000000000e+00,0.000000000000000000e+00
2.521281956620698850e+01,0.000000000000000000e+00,0.000000000000000000e+00
2.157482040285284342e+01,0.000000000000000000e+00,0.000000000000000000e+00
2.006789165246748041e+01,0.000000000000000000e+00,0.000000000000000000e+00
2.365672285444435019e+01,0.000000000000000000e+00,0.000000000000000000e+00
2.423456742034379729e+01,0.000000000000000000e+00,0.000000000000000000e+00
2.275209553957094144e+01,0.000000000000000000e+00,0.000000000000000000e+00
2.326348107085365413e+01,0.000000000000000000e+00,0.000000000000000000e+00
2.342963524763928262e+01,0.000000000000000000e+00,0.000000000000000000e+00
2.189350356255641827e+01,0.000000000000000000e+00,0.000000000000000000e+00
1.998678140853763807e+01,0.000000000000000000e+00,0.000000000000000000e+00
2.415972324600920373e+01,0.000000000000000000e+00,0.000000000000000000e+00
2.365974206436864336e+01,0.000000000000000000e+00,0.000000000000000000e+00
2.545718422712104356e+01,0.000000000000000000e+00,0.000000000000000000e+00
2.073706618746347274e+01,0.000000000000000000e+00,0.000000000000000000e+00
2.417520050177639135e+01,0.000000000000000000e+00,0.000000000000000000e+00
2.154859772162969023e+01,0.000000000000000000e+00,0.000000000000000000e+00
2.272710516985923590e+01,0.000000000000000000e+00,0.000000000000000000e+00
2.250825882802472222e+01,0.000000000000000000e+00,0.000000000000000000e+00
2.113157615749221208e+01,0.000000000000000000e+00,0.000000000000000000e+00
2.564510216893044614e+01,0.000000000000000000e+00,0.000000000000000000e+00
2.230500843920673759e+01,0.000000000000000000e+00,0.000000000000000000e+00
2.250879506582244360e+01,0.000000000000000000e+00,0.000000000000000000e+00
2.246171149792142785e+01,0.000000000000000000e+00,0.000000000000000000e+00
2.334535324335360329e+01,0.000000000000000000e+00,0.000000000000000000e+00
2.467171178374255192e+01,0.000000000000000000e+00,0.000000000000000000e+00
2.108855567434451928e+01,0.000000000000000000e+00,0.000000000000000000e+00
2.203931818914806584e+01,0.000000000000000000e+00,0.000000000000000000e+00
2.324267434343529359e+01,0.000000000000000000e+00,0.000000000000000000e+00
2.269280998381598380e+01,0.000000000000000000e+00,0.000000000000000000e+00
2.186250378874434119e+01,0.000000000000000000e+00,0.000000000000000000e+00
2.582428401413003272e+01,0.000000000000000000e+00,0.000000000000000000e+00
2.262258495913945211e+01,0.000000000000000000e+00,0.000000000000000000e+00
2.519964595854779077e+01,0.000000000000000000e+00,0.000000000000000000e+00
2.426717370062917212e+01,0.000000000000000000e+00,0.000000000000000000e+00
2.171209406705926170e+01,0.000000000000000000e+00,0.000000000000000000e+00
2.245404934197885538e+01,0.000000000000000000e+00,0.000000000000000000e+00
1.976549820575884198e+01,0.000000000000000000e+00,0.000000000000000000e+00
2.447785394474587406e+01,0.000000000000000000e+00,0.000000000000000000e+00
2.404958980125859824e+01,0.000000000000000000e+00,0.000000000000000000e+00
2.236998354524320476e+01,0.000000000000000000e+00,0.000000000000000000e+00
2.404799739599184250e+01,0.000000000000000000e+00,0.000000000000000000e+00
2.287531855904463995e+01,0.000000000000000000e+00,0.000000000000000000e+00
2.483805993544014257e+01,0.000000000000000000e+00,0.000000000000000000e+00
2.484027971501636145e+01,0.000000000000000000e+00,0.000000000000000000e+00
2.530935837644437925e+01,0.000000000000000000e+00,0.000000000000000000e+00
2.627912864349737276e+01,0.000000000000000000e+00,0.000000000000000000e+00
2.522825166949280984e+01,0.000000000000000000e+00,0.000000000000000000e+00
2.007926508956468226e+01,0.000000000000000000e+00,0.000000000000000000e+00
2.391674953412634252e+01,0.000000000000000000e+00,0.000000000000000000e+00
2.572104909893328895e+01,0.000000000000000000e+00,0.000000000000000000e+00
2.486793113950328404e+01,0.000000000000000000e+00,0.000000000000000000e+00
2.483656577891284556e+01,0.000000000000000000e+00,0.000000000000000000e+00
2.579938191004448456e+01,0.000000000000000000e+00,0.000000000000000000e+00
2.261886825822831781e+01,0.000000000000000000e+00,0.000000000000000000e+00
2.619430333226513952e+01,0.000000000000000000e+00,0.000000000000000000e+00
2.346231672287860093e+01,0.000000000000000000e+00,0.000000000000000000e+00
2.346416017534520648e+01,0.000000000000000000e+00,0.000000000000000000e+00
2.820960006777119133e+01,0.000000000000000000e+00,0.000000000000000000e+00
2.824447546389524888e+01,0.000000000000000000e+00,0.000000000000000000e+00
2.038186242985489116e+01,0.000000000000000000e+00,0.000000000000000000e+00
2.243614545560943441e+01,0.000000000000000000e+00,0.000000000000000000e+00
2.577045677859218387e+01,0.000000000000000000e+00,0.000000000000000000e+00
2.588352494480867705e+01,0.000000000000000000e+00,0.000000000000000000e+00
2.356940806932868426e+01,0.000000000000000000e+00,0.000000000000000000e+00
2.674720846816210695e+01,0.000000000000000000e+00,0.000000000000000000e+00
2.722245310707078048e+01,0.000000000000000000e+00,0.000000000000000000e+00
2.609464391227834312e+01,0.000000000000000000e+00,0.000000000000000000e+00
2.466344373919972455e+01,0.000000000000000000e+00,0.000000000000000000e+00
2.576034728013118880e+01,0.000000000000000000e+00,0.000000000000000000e+00
2.352719589796188160e+01,0.000000000000000000e+00,0.000000000000000000e+00
2.648223084064978394e+01,0.000000000000000000e+00,0.000000000000000000e+00
1.909213461735815187e+01,0.000000000000000000e+00,0.000000000000000000e+00
2.642823136003426043e+01,0.000000000000000000e+00,0.000000000000000000e+00
2.462972696964340003e+01,0.000000000000000000e+00,0.000000000000000000e+00
2.577577786248799185e+01,0.000000000000000000e+00,0.000000000000000000e+00
2.877604232796094408e+01,0.000000000000000000e+00,0.000000000000000000e+00
2.717660541375357042e+01,0.000000000000000000e+00,0.000000000000000000e+00
2.813520151004047065e+01,0.000000000000000000e+00,0.000000000000000000e+00
2.416390160713092072e+01,0.000000000000000000e+00,0.000000000000000000e+00
2.182513727735107167e+01,0.000000000000000000e+00,0.000000000000000000e+00
2.797192241772710730e+01,0.000000000000000000e+00,0.000000000000000000e+00
2.675426706886141304e+01,0.000000000000000000e+00,0.000000000000000000e+00
2.204991606934105874e+01,0.000000000000000000e+00,0.000000000000000000e+00
3.035821916081198424e+01,0.000000000000000000e+00,0.000000000000000000e+00
2.610491265788414594e+01,0.000000000000000000e+00,0.000000000000000000e+00
2.790950820109613062e+01,0.000000000000000000e+00,0.000000000000000000e+00
2.765376630231255106e+01,0.000000000000000000e+00,0.000000000000000000e+00
2.690442252488581332e+01,0.000000000000000000e+00,0.000000000000000000e+00
2.432091028171592839e+01,0.000000000000000000e+00,0.000000000000000000e+00
2.510001966036839249e+01,0.000000000000000000e+00,0.000000000000000000e+00
2.958697992674414223e+01,0.000000000000000000e+00,0.000000000000000000e+00
2.603498423388609240e+01,0.000000000000000000e+00,0.000000000000000000e+00
2.538430522088071939e+01,0.000000000000000000e+00,0.000000000000000000e+00
2.599545013695485096e+01,0.000000000000000000e+00,0.000000000000000000e+00
2.571074694714998543e+01,0.000000000000000000e+00,0.000000000000000000e+00
2.527525226192378582e+01,0.000000000000000000e+00,0.000000000000000000e+00
2.950664782814979503e+01,0.000000000000000000e+00,0.000000000000000000e+00
2.613027293226386760e+01,0.000000000000000000e+00,0.000000000000000000e+00
2.647978186321745042e+01,0.000000000000000000e+00,0.000000000000000000e+00
2.687221162848275924e+01,0.000000000000000000e+00,0.000000000000000000e+00
2.970473214467274303e+01,0.000000000000000000e+00,0.000000000000000000e+00
2.481484503705503641e+01,0.000000000000000000e+00,0.000000000000000000e+00
2.644149412005027244e+01,0.000000000000000000e+00,0.000000000000000000e+00
2.472632529535399470e+01,0.000000000000000000e+00,0.000000000000000000e+00
2.761657320171362073e+01,0.000000000000000000e+00,0.000000000000000000e+00
2.579567067149658044e+01,0.000000000000000000e+00,0.000000000000000000e+00
2.634119518970457108e+01,0.000000000000000000e+00,0.000000000000000000e+00
2.773928883557924863e+01,0.000000000000000000e+00,0.000000000000000000e+00
2.849168784529366860e+01,0.000000000000000000e+00,0.000000000000000000e+00
2.975440654385953110e+01,0.000000000000000000e+00,0.000000000000000000e+00
3.001410491173749762e+01,0.000000000000000000e+00,0.000000000000000000e+00
2.807178244936627820e+01,0.000000000000000000e+00,0.000000000000000000e+00
2.521890098511563494e+01,0.000000000000000000e+00,0.000000000000000000e+00
3.008198847088278072e+01,0.000000000000000000e+00,0.000000000000000000e+00
2.755647241945955273e+01,0.000000000000000000e+00,0.000000000000000000e+00
2.931080641759659500e+01,0.000000000000000000e+00,0.000000000000000000e+00
3.038838352670974174e+01,0.000000000000000000e+00,0.000000000000000000e+00
2.959443627700422752e+01,0.000000000000000000e+00,0.000000000000000000e+00
2.759113362674898440e+01,0.000000000000000000e+00,0.000000000000000000e+00
2.945091079640113563e+01,0.000000000000000000e+00,0.000000000000000000e+00
2.929328810416950901e+01,0.000000000000000000e+00,0.000000000000000000e+00
2.740020727829450919e+01,0.000000000000000000e+00,0.000000000000000000e+00
3.005594955967833570e+01,0.000000000000000000e+00,0.000000000000000000e+00
2.668212549128254452e+01,0.000000000000000000e+00,0.000000000000000000e+00
2.653659316016441139e+01,0.000000000000000000e+00,0.000000000000000000e+00
2.593781550711830519e+01,0.000000000000000000e+00,0.000000000000000000e+00
3.023151007260210577e+01,0.000000000000000000e+00,0.000000000000000000e+00
2.733732433634932235e+01,0.000000000000000000e+00,0.000000000000000000e+00
2.477902345501194858e+01,0.000000000000000000e+00,0.000000000000000000e+00
2.963180582032556742e+01,0.000000000000000000e+00,0.000000000000000000e+00
2.813117751122926791e+01,0.000000000000000000e+00,0.000000000000000000e+00
3.034382603586346860e+01,0.000000000000000000e+00,0.000000000000000000e+00
2.956175423670586611e+01,0.000000000000000000e+00,0.000000000000000000e+00
2.881139863881481844e+01,0.000000000000000000e+00,0.000000000000000000e+00
2.703091500959742177e+01,0.000000000000000000e+00,0.000000000000000000e+00
2.827219526225110968e+01,0.000000000000000000e+00,0.000000000000000000e+00
2.871979579000106142e+01,0.000000000000000000e+00,0.000000000000000000e+00
3.072142079338868825e+01,0.000000000000000000e+00,0.000000000000000000e+00
2.761972143570143245e+01,0.000000000000000000e+00,0.000000000000000000e+00
2.999483015915005879e+01,0.000000000000000000e+00,0.000000000000000000e+00
2.417331993904429410e+01,0.000000000000000000e+00,0.000000000000000000e+00
2.990456891018250118e+01,0.000000000000000000e+00,0.000000000000000000e+00
2.826495191368136517e+01,0.000000000000000000e+00,0.000000000000000000e+00
2.737622241535066081e+01,0.000000000000000000e+00,0.000000000000000000e+00
2.997296792478956462e+01,0.000000000000000000e+00,0.000000000000000000e+00
2.461793143401053996e+01,0.000000000000000000e+00,0.000000000000000000e+00
2.727917796761614255e+01,0.000000000000000000e+00,0.000000000000000000e+00
2.660807358953122659e+01,0.000000000000000000e+00,0.000000000000000000e+00
3.320903157386408822e+01,0.000000000000000000e+00,0.000000000000000000e+00
3.127790240107151121e+01,0.000000000000000000e+00,0.000000000000000000e+00
2.878874011943664613e+01,0.000000000000000000e+00,0.000000000000000000e+00
2.918703429717434972e+01,0.000000000000000000e+00,0.000000000000000000e+00
2.982136411708808410e+01,0.000000000000000000e+00,0.000000000000000000e+00
2.753635864757028884e+01,0.000000000000000000e+00,0.000000000000000000e+00
2.789969707493411022e+01,0.000000000000000000e+00,0.000000000000000000e+00
3.006131507066208641e+01,0.000000000000000000e+00,0.000000000000000000e+00
3.183080772305305928e+01,0.000000000000000000e+00,0.000000000000000000e+00
3.126491144356769425e+01,0.000000000000000000e+00,0.000000000000000000e+00
2.957004803250478275e+01,0.000000000000000000e+00,0.000000000000000000e+00
3.222182607899467399e+01,0.000000000000000000e+00,0.000000000000000000e+00
2.950454397183746735e+01,0.000000000000000000e+00,0.000000000000000000e+00
2.879575855133375484e+01,0.000000000000000000e+00,0.000000000000000000e+00
3.122831565692090905e+01,0.000000000000000000e+00,0.000000000000000000e+00
2.996073599159222667e+01,0.000000000000000000e+00,0.000000000000000000e+00
3.124474197810963005e+01,0.000000000000000000e+00,0.000000000000000000e+00
3.150461988240896360e+01,0.000000000000000000e+00,0.000000000000000000e+00
2.950907831016786886e+01,0.000000000000000000e+00,0.000000000000000000e+00
2.747327013718904709e+01,0.000000000000000000e+00,0.000000000000000000e+00
2.923110498371088539e+01,0.000000000000000000e+00,0.000000000000000000e+00
3.142512985501587508e+01,0.000000000000000000e+00,0.000000000000000000e+00
2.857630953867098356e+01,0.000000000000000000e+00,0.000000000000000000e+00
3.090548557453057299e+01,0.000000000000000000e+00,0.000000000000000000e+00
3.234769837284079586e+01,0.000000000000000000e+00,0.000000000000000000e+00
3.310636388243551664e+01,0.000000000000000000e+00,0.000000000000000000e+00
2.876563368871833859e+01,0.000000000000000000e+00,0.000000000000000000e+00
2.843388368658522225e+01,0.000000000000000000e+00,0.000000000000000000e+00
2.942458315529280455e+01,0.000000000000000000e+00,0.000000000000000000e+00
3.388589694145360198e+01,0.000000000000000000e+00,0.000000000000000000e+00
3.026662049526168374e+01,0.000000000000000000e+00,0.000000000000000000e+00
3.044017087840878588e+01,0.000000000000000000e+00,0.000000000000000000e+00
3.276480737065245563e+01,0.000000000000000000e+00,0.000000000000000000e+00
3.711536650501589207e+01,0.000000000000000000e+00,0.000000000000000000e+00
3.138611251938338498e+01,0.000000000000000000e+00,0.000000000000000000e+00
3.059427628308578306e+01,0.000000000000000000e+00,0.000000000000000000e+00
2.947528130223241050e+01,0.000000000000000000e+00,0.000000000000000000e+00
3.335622548638873752e+01,0.000000000000000000e+00,0.000000000000000000e+00
3.228595627545439584e+01,0.000000000000000000e+00,0.000000000000000000e+00
3.070284961677896618e+01,0.000000000000000000e+00,0.000000000000000000e+00
3.092063137839870990e+01,0.000000000000000000e+00,0.000000000000000000e+00
3.152376022790099697e+01,0.000000000000000000e+00,0.000000000000000000e+00
3.085985567445905886e+01,0.000000000000000000e+00,0.000000000000000000e+00
3.309350031430783190e+01,0.000000000000000000e+00,0.000000000000000000e+00
3.124477750498723339e+01,0.000000000000000000e+00,0.000000000000000000e+00
2.796372757304541778e+01,0.000000000000000000e+00,0.000000000000000000e+00
3.154779481523676310e+01,0.000000000000000000e+00,0.000000000000000000e+00
3.426115856662674730e+01,0.000000000000000000e+00,0.000000000000000000e+00
3.422061992665290830e+01,0.000000000000000000e+00,0.000000000000000000e+00
3.234905352106593313e+01,0.000000000000000000e+00,0.000000000000000000e+00
2.805789839381025175e+01,0.000000000000000000e+00,0.000000000000000000e+00
3.215481065352020806e+01,0.000000000000000000e+00,0.000000000000000000e+00
3.217273418962844289e+01,0.000000000000000000e+00,0.000000000000000000e+00
2.754441366834698357e+01,0.000000000000000000e+00,0.000000000000000000e+00
3.357196799252901087e+01,0.000000000000000000e+00,0.000000000000000000e+00
3.543545681475869458e+01,0.000000000000000000e+00,0.000000000000000000e+00
3.366467119619774451e+01,0.000000000000000000e+00,0.000000000000000000e+00
3.240208096982011909e+01,0.000000000000000000e+00,0.000000000000000000e+00
3.583759288037630597e+01,0.000000000000000000e+00,0.000000000000000000e+00
3.372668349696445489e+01,0.000000000000000000e+00,0.000000000000000000e+00
2.988113663545549059e+01,0.000000000000000000e+00,0.000000000000000000e+00
3.434032143666381387e+01,0.000000000000000000e+00,0.000000000000000000e+00
2.881957047002828176e+01,0.000000000000000000e+00,0.000000000000000000e+00
3.125440451646372964e+01,0.000000000000000000e+00,0.000000000000000000e+00
3.138035226714995929e+01,0.000000000000000000e+00,0.000000000000000000e+00
3.673369657554390244e+01,0.000000000000000000e+00,0.000000000000000000e+00
3.609642962551430401e+01,0.000000000000000000e+00,0.000000000000000000e+00
3.382648756827646253e+01,0.000000000000000000e+00,0.000000000000000000e+00
3.316315998352040850e+01,0.000000000000000000e+00,0.000000000000000000e+00
3.698024648621718313e+01,0.000000000000000000e+00,0.000000000000000000e+00
3.463833868383912318e+01,0.000000000000000000e+00,0.000000000000000000e+00
3.362155797234090926e+01,0.000000000000000000e+00,0.000000000000000000e+00
3.607644535892358562e+01,0.000000000000000000e+00,0.000000000000000000e+00
3.295095643249199924e+01,0.000000000000000000e+00,0.000000000000000000e+00
3.208884325257278647e+01,0.000000000000000000e+00,0.000000000000000000e+00
3.236511925453500993e+01,0.000000000000000000e+00,0.000000000000000000e+00
3.705998964212729874e+01,0.000000000000000000e+00,0.000000000000000000e+00
3.456411497514461928e+01,0.000000000000000000e+00,0.000000000000000000e+00
3.303501740403758191e+01,0.000000000000000000e+00,0.000000000000000000e+00
3.268885923471571431e+01,0.000000000000000000e+00,0.000000000000000000e+00
3.448338775563457403e+01,0.000000000000000000e+00,0.000000000000000000e+00
3.358572854962650922e+01,0.000000000000000000e+00,0.000000000000000000e+00
3.447311642701487244e+01,0.000000000000000000e+00,0.000000000000000000e+00
3.806956509589531379e+01,0.000000000000000000e+00,0.000000000000000000e+00
3.269369872894731799e+01,0.000000000000000000e+00,0.000000000000000000e+00
3.447722687789915597e+01,0.000000000000000000e+00,0.000000000000000000e+00
3.461720213862579953e+01,0.000000000000000000e+00,0.000000000000000000e+00
3.560580563051855307e+01,0.000000000000000000e+00,0.000000000000000000e+00
3.134193413770707792e+01,0.000000000000000000e+00,0.000000000000000000e+00
3.838213132458103871e+01,0.000000000000000000e+00,0.000000000000000000e+00
3.528056627841284865e+01,0.000000000000000000e+00,0.000000000000000000e+00
3.729043923924566428e+01,0.000000000000000000e+00,0.000000000000000000e+00
3.942387936409115667e+01,0.000000000000000000e+00,0.000000000000000000e+00
3.453352771369335983e+01,0.000000000000000000e+00,0.000000000000000000e+00
3.501903310985098017e+01,0.000000000000000000e+00,0.000000000000000000e+00
3.487188312259910816e+01,0.000000000000000000e+00,0.000000000000000000e+00
3.442721203897479398e+01,0.000000000000000000e+00,0.000000000000000000e+00
3.376534845947701768e+01,0.000000000000000000e+00,0.000000000000000000e+00
3.608743649550681454e+01,0.000000000000000000e+00,0.000000000000000000e+00
3.822976875072325242e+01,0.000000000000000000e+00,0.000000000000000000e+00
3.339919248949014019e+01,0.000000000000000000e+00,0.000000000000000000e+00
3.604401066142229837e+01,0.000000000000000000e+00,0.000000000000000000e+00
3.753162958541915373e+01,0.000000000000000000e+00,0.000000000000000000e+00
3.823267768806861255e+01,0.000000000000000000e+00,0.000000000000000000e+00
4.213756900580481357e+01,0.000000000000000000e+00,0.000000000000000000e+00
3.691943140605750528e+01,0.000000000000000000e+00,0.000000000000000000e+00
3.908502768485783463e+01,0.000000000000000000e+00,0.000000000000000000e+00
3.715059827382489743e+01,0.000000000000000000e+00,0.000000000000000000e+00
3.432485145405907190e+01,0.000000000000000000e+00,0.000000000000000000e+00
3.443257487545232465e+01,0.000000000000000000e+00,0.000000000000000000e+00
3.612816667660808889e+01,0.000000000000000000e+00,0.000000000000000000e+00
3.386958707251190503e+01,0.000000000000000000e+00,0.000000000000000000e+00
4.055715179957486072e+01,0.000000000000000000e+00,0.000000000000000000e+00
3.730756179661754146e+01,0.000000000000000000e+00,0.000000000000000000e+00
3.730615579787598080e+01,0.000000000000000000e+00,0.000000000000000000e+00
4.021990870370766658e+01,0.000000000000000000e+00,0.000000000000000000e+00
3.804692357821390658e+01,0.000000000000000000e+00,0.000000000000000000e+00
4.112002395742757699e+01,0.000000000000000000e+00,0.000000000000000000e+00
3.779301650747070340e+01,0.000000000000000000e+00,0.000000000000000000e+00
3.779322817173746785e+01,0.000000000000000000e+00,0.000000000000000000e+00
3.795395068465612809e+01,0.000000000000000000e+00,0.000000000000000000e+00
3.696946323465269302e+01,0.000000000000000000e+00,0.000000000000000000e+00
3.784342801620996966e+01,0.000000000000000000e+00,0.000000000000000000e+00
3.988428897034308562e+01,0.000000000000000000e+00,0.000000000000000000e+00
3.690941427001929043e+01,0.000000000000000000e+00,0.000000000000000000e+00
3.899365286989726798e+01,0.000000000000000000e+00,0.000000000000000000e+00
4.142484108281417576e+01,0.000000000000000000e+00,0.000000000000000000e+00
3.758303440541646268e+01,0.000000000000000000e+00,0.000000000000000000e+00
3.646840932573399385e+01,0.000000000000000000e+00,0.000000000000000000e+00
3.502547329756099259e+01,0.000000000000000000e+00,0.000000000000000000e+00
3.779902849879163540e+01,0.000000000000000000e+00,0.000000000000000000e+00
3.738386754228762499e+01,0.000000000000000000e+00,0.000000000000000000e+00
3.941302301927488116e+01,0.000000000000000000e+00,0.000000000000000000e+00
3.690028094907850686e+01,0.000000000000000000e+00,0.000000000000000000e+00
3.828043094981099870e+01,0.000000000000000000e+00,0.000000000000000000e+00
3.736837390191067243e+01,0.000000000000000000e+00,0.000000000000000000e+00
3.758069162245239880e+01,0.000000000000000000e+00,0.000000000000000000e+00
3.600467303961996635e+01,0.000000000000000000e+00,0.000000000000000000e+00
3.932331546562160440e+01,0.000000000000000000e+00,0.000000000000000000e+00
3.911621595017065545e+01,0.000000000000000000e+00,0.000000000000000000e+00
3.451347047916665645e+01,0.000000000000000000e+00,0.000000000000000000e+00
4.051804802837590813e+01,0.000000000000000000e+00,0.000000000000000000e+00
4.033824650558829461e+01,0.000000000000000000e+00,0.000000000000000000e+00
4.116580086595304522e+01,0.000000000000000000e+00,0.000000000000000000e+00
4.180243856662732327e+01,0.000000000000000000e+00,0.000000000000000000e+00
3.989969358504830410e+01,0.000000000000000000e+00,0.000000000000000000e+00
3.937202910311446402e+01,0.000000000000000000e+00,0.000000000000000000e+00
4.065146841547858969e+01,0.000000000000000000e+00,0.000000000000000000e+00
4.043397628724134307e+01,0.000000000000000000e+00,0.000000000000000000e+00
3.851947929572332185e+01,0.000000000000000000e+00,0.000000000000000000e+00
3.743507947719680828e+01,0.000000000000000000e+00,0.000000000000000000e+00
4.233528434907791649e+01,0.000000000000000000e+00,0.000000000000000000e+00
4.138336151828942633e+01,0.000000000000000000e+00,0.000000000000000000e+00
4.273182870163685720e+01,0.000000000000000000e+00,0.000000000000000000e+00
4.218977759418144302e+01,0.000000000000000000e+00,0.000000000000000000e+00
4.109082788825091370e+01,0.000000000000000000e+00,0.000000000000000000e+00
4.309879751259344971e+01,0.000000000000000000e+00,0.000000000000000000e+00
4.077223705307162049e+01,0.000000000000000000e+00,0.000000000000000000e+00
4.198269835920394399e+01,0.000000000000000000e+00,0.000000000000000000e+00
3.763630052219252775e+01,0.000000000000000000e+00,0.000000000000000000e+00
3.803329217283057062e+01,0.000000000000000000e+00,0.000000000000000000e+00
3.895411342878123406e+01,0.000000000000000000e+00,0.000000000000000000e+00
4.161954748730212827e+01,0.000000000000000000e+00,0.000000000000000000e+00
4.182543792424822726e+01,0.000000000000000000e+00,0.000000000000000000e+00
4.140524891511650907e+01,0.000000000000000000e+00,0.000000000000000000e+00
3.807762676043138583e+01,0.000000000000000000e+00,0.000000000000000000e+00
3.992910618222585128e+01,0.000000000000000000e+00,0.000000000000000000e+00
4.234614844215929708e+01,0.000000000000000000e+00,0.000000000000000000e+00
3.984051423345185583e+01,0.000000000000000000e+00,0.000000000000000000e+00
4.462846123088501571e+01,0.000000000000000000e+00,0.000000000000000000e+00
4.104143373114592919e+01,0.000000000000000000e+00,0.000000000000000000e+00
3.945790207326157883e+01,0.000000000000000000e+00,0.000000000000000000e+00
4.329601886828820057e+01,0.000000000000000000e+00,0.000000000000000000e+00
3.983684904988351860e+01,0.000000000000000000e+00,0.000000000000000000e+00
4.561783473323139759e+01,0.000000000000000000e+00,0.000000000000000000e+00
4.037159044453245116e+01,0.000000000000000000e+00,0.000000000000000000e+00
4.399419163905789532e+01,0.000000000000000000e+00,0.000000000000000000e+00
4.204521225556729291e+01,0.000000000000000000e+00,0.000000000000000000e+00
4.310504192536428292e+01,0.000000000000000000e+00,0.000000000000000000e+00
4.121472582970342557e+01,0.000000000000000000e+00,0.000000000000000000e+00
3.931323347357336218e+01,0.000000000000000000e+00,0.000000000000000000e+00
3.957755337263159134e+01,0.000000000000000000e+00,0.000000000000000000e+00
4.410258424867690508e+01,0.000000000000000000e+00,0.000000000000000000e+00
4.107367375551207545e+01,0.000000000000000000e+00,0.000000000000000000e+00
4.273362914502637011e+01,0.000000000000000000e+00,0.000000000000000000e+00
4.036550678408966064e+01,0.000000000000000000e+00,0.000000000000000000e+00
4.427033187306523132e+01,0.000000000000000000e+00,0.000000000000000000e+00
4.178941830209391384e+01,0.000000000000000000e+00,0.000000000000000000e+00
4.148819034329694944e+01,0.000000000000000000e+00,0.000000000000000000e+00
4.652756793593098195e+01,0.000000000000000000e+00,0.000000000000000000e+00
4.542455335003555206e+01,0.000000000000000000e+00,0.000000000000000000e+00
4.684907806192678947e+01,0.000000000000000000e+00,0.000000000000000000e+00
4.747354675815471126e+01,0.000000000000000000e+00,0.000000000000000000e+00
4.247874359585563298e+01,0.000000000000000000e+00,0.000000000000000000e+00
4.495713144753818113e+01,0.000000000000000000e+00,0.000000000000000000e+00
4.407872235779097281e+01,0.000000000000000000e+00,0.000000000000000000e+00
4.270586332232574733e+01,0.000000000000000000e+00,0.000000000000000000e+00
4.149543040716207543e+01,0.000000000000000000e+00,0.000000000000000000e+00
4.201238288284710620e+01,0.000000000000000000e+00,0.000000000000000000e+00
4.385114699406074124e+01,0.000000000000000000e+00,0.000000000000000000e+00
4.143786452096520634e+01,0.000000000000000000e+00,0.000000000000000000e+00
4.388077370378613296e+01,0.000000000000000000e+00,0.000000000000000000e+00
4.898655011423511496e+01,0.000000000000000000e+00,0.000000000000000000e+00
4.545284521932491373e+01,0.000000000000000000e+00,0.000000000000000000e+00
4.372020469954130562e+01,0.000000000000000000e+00,0.000000000000000000e+00
4.577640213427818594e+01,0.000000000000000000e+00,0.000000000000000000e+00
4.388692795000003599e+01,0.000000000000000000e+00,0.000000000000000000e+00
4.352838804149281771e+01,0.000000000000000000e+00,0.000000000000000000e+00
4.195943419410721731e+01,0.000000000000000000e+00,0.000000000000000000e+00
4.487480365691114770e+01,0.000000000000000000e+00,0.000000000000000000e+00
4.057066765390037943e+01,0.000000000000000000e+00,0.000000000000000000e+00
4.512020266546959135e+01,0.000000000000000000e+00,0.000000000000000000e+00
4.754541368503618770e+01,0.000000000000000000e+00,0.000000000000000000e+00
4.653763568240947990e+01,0.000000000000000000e+00,0.000000000000000000e+00
4.724655199347564150e+01,0.000000000000000000e+00,0.000000000000000000e+00
4.602206967485202682e+01,0.000000000000000000e+00,0.000000000000000000e+00
4.415166361882862134e+01,0.000000000000000000e+00,0.000000000000000000e+00
4.630834681823856158e+01,0.000000000000000000e+00,0.000000000000000000e+00
4.502128219679112675e+01,0.000000000000000000e+00,0.000000000000000000e+00
4.829278105064798154e+01,0.000000000000000000e+00,0.000000000000000000e+00
4.514925612096352836e+01,0.000000000000000000e+00,0.000000000000000000e+00
4.353087055729248078e+01,0.000000000000000000e+00,0.000000000000000000e+00
4.685642526163943700e+01,0.000000000000000000e+00,0.000000000000000000e+00
4.453172250077892613e+01,0.000000000000000000e+00,0.000000000000000000e+00
4.411374617881012483e+01,0.000000000000000000e+00,0.000000000000000000e+00
4.564328096194821427e+01,0.000000000000000000e+00,0.000000000000000000e+00
4.588204878137200637e+01,0.000000000000000000e+00,0.000000000000000000e+00
4.626018045580921978e+01,0.000000000000000000e+00,0.000000000000000000e+00
4.627091848519471284e+01,0.000000000000000000e+00,0.000000000000000000e+00
4.741332700224577934e+01,0.000000000000000000e+00,0.000000000000000000e+00
3.979002396466304248e+01,0.000000000000000000e+00,0.000000000000000000e+00
4.459271106544930774e+01,0.000000000000000000e+00,0.000000000000000000e+00
4.744089034635987900e+01,0.000000000000000000e+00,0.000000000000000000e+00
4.941458564399833620e+01,0.000000000000000000e+00,0.000000000000000000e+00
4.486643896823892419e+01,0.000000000000000000e+00,0.000000000000000000e+00
4.775905173426036754e+01,0.000000000000000000e+00,0.000000000000000000e+00
4.397101447112826378e+01,0.000000000000000000e+00,0.000000000000000000e+00
4.542301927329185673e+01,0.000000000000000000e+00,0.000000000000000000e+00
4.701299951768250907e+01,0.000000000000000000e+00,0.000000000000000000e+00
5.030240851165216043e+01,0.000000000000000000e+00,0.000000000000000000e+00
4.822057386835517434e+01,0.000000000000000000e+00,0.000000000000000000e+00
4.566259310878763245e+01,0.000000000000000000e+00,0.000000000000000000e+00
4.668786737047012281e+01,0.000000000000000000e+00,0.000000000000000000e+00
4.508040483336662163e+01,0.000000000000000000e+00,0.000000000000000000e+00
4.557676976960315329e+01,0.000000000000000000e+00,0.000000000000000000e+00
4.891029709140156712e+01,0.000000000000000000e+00,0.000000000000000000e+00
4.689611940982558025e+01,0.000000000000000000e+00,0.000000000000000000e+00
4.631768227450479714e+01,0.000000000000000000e+00,0.000000000000000000e+00
4.722941897308167114e+01,0.000000000000000000e+00,0.000000000000000000e+00
4.880359841626363249e+01,0.000000000000000000e+00,0.000000000000000000e+00
4.719779352329991440e+01,0.000000000000000000e+00,0.000000000000000000e+00
4.944542368313192071e+01,0.000000000000000000e+00,0.000000000000000000e+00
4.891298932692365753e+01,0.000000000000000000e+00,0.000000000000000000e+00
4.959248109283726791e+01,0.000000000000000000e+00,0.000000000000000000e+00
4.688597618290727098e+01,0.000000000000000000e+00,0.000000000000000000e+00
4.625302811379886236e+01,0.000000000000000000e+00,0.000000000000000000e+00
4.948572834753488792e+01,0.000000000000000000e+00,0.000000000000000000e+00
4.811584156586603456e+01,0.000000000000000000e+00,0.000000000000000000e+00
4.724961813075373129e+01,0.000000000000000000e+00,0.000000000000000000e+00
4.610688662376557545e+01,0.000000000000000000e+00,0.000000000000000000e+00
4.766850820211117679e+01,0.000000000000000000e+00,0.000000000000000000e+00
4.855716631824286367e+01,0.000000000000000000e+00,0.000000000000000000e+00
4.727332862007480685e+01,0.000000000000000000e+00,0.000000000000000000e+00
5.279149767840161189e+01,0.000000000000000000e+00,0.000000000000000000e+00
4.647695306131291204e+01,0.000000000000000000e+00,0.000000000000000000e+00
5.181218879032685010e+01,0.000000000000000000e+00,0.000000000000000000e+00
5.052511644567947968e+01,0.000000000000000000e+00,0.000000000000000000e+00
4.469547719644258166e+01,0.000000000000000000e+00,0.000000000000000000e+00
4.997485759401874361e+01,0.000000000000000000e+00,0.000000000000000000e+00
4.824150189293730762e+01,0.000000000000000000e+00,0.000000000000000000e+00
5.274792981746930565e+01,0.000000000000000000e+00,0.000000000000000000e+00
5.106484781532285666e+01,0.000000000000000000e+00,0.000000000000000000e+00
4.932552552800305534e+01,0.000000000000000000e+00,0.000000000000000000e+00
4.835846728934878769e+01,0.000000000000000000e+00,0.000000000000000000e+00
4.839305645355004515e+01,0.000000000000000000e+00,0.000000000000000000e+00
5.113788898196968802e+01,0.000000000000000000e+00,0.000000000000000000e+00
4.756801828611863669e+01,0.000000000000000000e+00,0.000000000000000000e+00
4.993986015924061661e+01,0.000000000000000000e+00,0.000000000000000000e+00
5.309786954285891625e+01,0.000000000000000000e+00,0.000000000000000000e+00
5.033414336444189985e+01,0.000000000000000000e+00,0.000000000000000000e+00
5.250829640330637460e+01,0.000000000000000000e+00,0.000000000000000000e+00
5.006232469754183967e+01,0.000000000000000000e+00,0.000000000000000000e+00
5.169149418867512935e+01,0.000000000000000000e+00,0.000000000000000000e+00
4.860335853121081584e+01,0.000000000000000000e+00,0.000000000000000000e+00
5.018211393672952880e+01,0.000000000000000000e+00,0.000000000000000000e+00
5.077777377513948665e+01,0.000000000000000000e+00,0.000000000000000000e+00
4.718805027019992338e+01,0.000000000000000000e+00,0.000000000000000000e+00
5.195834120857436744e+01,0.000000000000000000e+00,0.000000000000000000e+00
5.262024179138624902e+01,0.000000000000000000e+00,0.000000000000000000e+00
4.944646118961600223e+01,0.000000000000000000e+00,0.000000000000000000e+00
5.254238420481060245e+01,0.000000000000000000e+00,0.000000000000000000e+00
4.990550191816944903e+01,0.000000000000000000e+00,0.000000000000000000e+00
5.093572183776196738e+01,0.000000000000000000e+00,0.000000000000000000e+00
5.122996643979347198e+01,0.000000000000000000e+00,0.000000000000000000e+00
5.015472482666615406e+01,0.000000000000000000e+00,0.000000000000000000e+00
5.474021151085251091e+01,0.000000000000000000e+00,0.000000000000000000e+00
5.194216878483323541e+01,0.000000000000000000e+00,0.000000000000000000e+00
5.593669099674740153e+01,0.000000000000000000e+00,0.000000000000000000e+00
5.248777498855329071e+01,0.000000000000000000e+00,0.000000000000000000e+00
5.523475455330654427e+01,0.000000000000000000e+00,0.000000000000000000e+00
5.315347995391191205e+01,0.000000000000000000e+00,0.000000000000000000e+00
5.523896098937960630e+01,0.000000000000000000e+00,0.000000000000000000e+00
5.221860507197071399e+01,0.000000000000000000e+00,0.000000000000000000e+00
5.297642324980129303e+01,0.000000000000000000e+00,0.000000000000000000e+00
5.292952696644282184e+01,0.000000000000000000e+00,0.000000000000000000e+00
5.347401261218972479e+01,0.000000000000000000e+00,0.000000000000000000e+00
5.525970040056970589e+01,0.000000000000000000e+00,0.000000000000000000e+00
5.604630117400518685e+01,0.000000000000000000e+00,0.000000000000000000e+00
5.213372823854099636e+01,0.000000000000000000e+00,0.000000000000000000e+00
5.688722882269033221e+01,0.000000000000000000e+00,0.000000000000000000e+00
5.344411148187411698e+01,0.000000000000000000e+00,0.000000000000000000e+00
5.391156350866155123e+01,0.000000000000000000e+00,0.000000000000000000e+00
5.492833403730090680e+01,0.000000000000000000e+00,0.000000000000000000e+00
5.143103221126785485e+01,0.000000000000000000e+00,0.000000000000000000e+00
5.557521029788508571e+01,0.000000000000000000e+00,0.000000000000000000e+00
5.298624913997570474e+01,0.000000000000000000e+00,0.000000000000000000e+00
5.121007653300871709e+01,0.000000000000000000e+00,0.000000000000000000e+00
4.957325616251868894e+01,0.000000000000000000e+00,0.000000000000000000e+00
5.335408449650012841e+01,0.000000000000000000e+00,0.000000000000000000e+00
5.282241012481384956e+01,0.000000000000000000e+00,0.000000000000000000e+00
5.050660406789570800e+01,0.000000000000000000e+00,0.000000000000000000e+00
5.381274014366966441e+01,0.000000000000000000e+00,0.000000000000000000e+00
5.534397336495846531e+01,0.000000000000000000e+00,0.000000000000000000e+00
5.472467966894555502e+01,0.000000000000000000e+00,0.000000000000000000e+00
5.312328591538135214e+01,0.000000000000000000e+00,0.000000000000000000e+00
5.383227531613487571e+01,0.000000000000000000e+00,0.000000000000000000e+00
6.102068866204411535e+01,0.000000000000000000e+00,0.000000000000000000e+00
5.165683675748265813e+01,0.000000000000000000e+00,0.000000000000000000e+00
5.458239361175956361e+01,0.000000000000000000e+00,0.000000000000000000e+00
5.990358119868326980e+01,0.000000000000000000e+00,0.000000000000000000e+00
5.570350976938404841e+01,0.000000000000000000e+00,0.000000000000000000e+00
5.315398641579999151e+01,0.000000000000000000e+00,0.000000000000000000e+00
5.704601219175539484e+01,0.000000000000000000e+00,0.000000000000000000e+00
5.239419064530678583e+01,0.000000000000000000e+00,0.000000000000000000e+00
5.516102002334329768e+01,0.000000000000000000e+00,0.000000000000000000e+00
5.524543239152270502e+01,0.000000000000000000e+00,0.000000000000000000e+00
5.579094990699649514e+01,0.000000000000000000e+00,0.000000000000000000e+00
5.680206179401240263e+01,0.000000000000000000e+00,0.000000000000000000e+00
5.424748380239291379e+01,0.000000000000000000e+00,0.000000000000000000e+00
5.716510379185518076e+01,0.000000000000000000e+00,0.000000000000000000e+00
5.226163966108907744e+01,0.000000000000000000e+00,0.000000000000000000e+00
5.558630178610727768e+01,0.000000000000000000e+00,0.000000000000000000e+00
5.550356985332320647e+01,0.000000000000000000e+00,0.000000000000000000e+00
5.558092978159990594e+01,0.000000000000000000e+00,0.000000000000000000e+00
5.534257127634761275e+01,0.000000000000000000e+00,0.000000000000000000e+00
5.774769052009630599e+01,0.000000000000000000e+00,0.000000000000000000e+00
5.616628766574967813e+01,0.000000000000000000e+00,0.000000000000000000e+00
5.472265188565111771e+01,0.000000000000000000e+00,0.000000000000000000e+00
5.609702283737386352e+01,0.000000000000000000e+00,0.000000000000000000e+00
5.798351920682613780e+01,0.000000000000000000e+00,0.000000000000000000e+00
5.521849108512935800e+01,0.000000000000000000e+00,0.000000000000000000e+00
5.335614328076874102e+01,0.000000000000000000e+00,0.000000000000000000e+00
5.616435565979943334e+01,0.000000000000000000e+00,0.000000000000000000e+00
5.584997847674041083e+01,0.000000000000000000e+00,0.000000000000000000e+00
5.703722501724889327e+01,0.000000000000000000e+00,0.000000000000000000e+00
5.599625647804887763e+01,0.000000000000000000e+00,0.000000000000000000e+00
5.782900184090500773e+01,0.000000000000000000e+00,0.000000000000000000e+00
5.368707609928026869e+01,0.000000000000000000e+00,0.000000000000000000e+00
5.651167688586749449e+01,0.000000000000000000e+00,0.000000000000000000e+00
5.679048235286229840e+01,0.000000000000000000e+00,0.000000000000000000e+00
5.898005678076708591e+01,0.000000000000000000e+00,0.000000000000000000e+00
5.839684841508628210e+01,0.000000000000000000e+00,0.000000000000000000e+00
5.666618884558293701e+01,0.000000000000000000e+00,0.000000000000000000e+00
5.684230564339690517e+01,0.000000000000000000e+00,0.000000000000000000e+00
5.771004825045545772e+01,0.000000000000000000e+00,0.000000000000000000e+00
5.511987787463552024e+01,0.000000000000000000e+00,0.000000000000000000e+00
5.654540823305777764e+01,0.000000000000000000e+00,0.000000000000000000e+00
5.550737827182476281e+01,0.000000000000000000e+00,0.000000000000000000e+00
5.759099750298175735e+01,0.000000000000000000e+00,0.000000000000000000e+00
5.804182626003530032e+01,0.000000000000000000e+00,0.000000000000000000e+00
6.003831060468650094e+01,0.000000000000000000e+00,0.000000000000000000e+00
5.903569125639265280e+01,0.000000000000000000e+00,0.000000000000000000e+00
5.853065318952580043e+01,0.000000000000000000e+00,0.000000000000000000e+00
5.843884871459048469e+01,0.000000000000000000e+00,0.000000000000000000e+00
5.560168436191048613e+01,0.000000000000000000e+00,0.000000000000000000e+00
5.659887335992801383e+01,0.000000000000000000e+00,0.000000000000000000e+00
5.692582274604029635e+01,0.000000000000000000e+00,0.000000000000000000e+00
5.957525498588339730e+01,0.000000000000000000e+00,0.000000000000000000e+00
5.965884680882174962e+01,0.000000000000000000e+00,0.000000000000000000e+00
5.919561181439433994e+01,0.000000000000000000e+00,0.000000000000000000e+00
5.767385674391814376e+01,0.000000000000000000e+00,0.000000000000000000e+00
5.762898745731394712e+01,0.000000000000000000e+00,0.000000000000000000e+00
5.979174354765873289e+01,0.000000000000000000e+00,0.000000000000000000e+00
5.990300069417970974e+01,0.000000000000000000e+00,0.000000000000000000e+00
5.777584044209564951e+01,0.000000000000000000e+00,0.000000000000000000e+00
5.841918067760850164e+01,0.000000000000000000e+00,0.000000000000000000e+00
6.084813260913935551e+01,0.000000000000000000e+00,0.000000000000000000e+00
6.127217068353547802e+01,0.000000000000000000e+00,0.000000000000000000e+00
6.009373917686279043e+01,0.000000000000000000e+00,0.000000000000000000e+00
5.849473950109331355e+01,0.000000000000000000e+00,0.000000000000000000e+00
6.176856965140465405e+01,0.000000000000000000e+00,0.000000000000000000e+00
5.922053995387271641e+01,0.000000000000000000e+00,0.000000000000000000e+00
5.810038466703122140e+01,0.000000000000000000e+00,0.000000000000000000e+00
6.268505009237245673e+01,0.000000000000000000e+00,0.000000000000000000e+00
6.043333411955132561e+01,0.000000000000000000e+00,0.000000000000000000e+00
6.000619902600296030e+01,0.000000000000000000e+00,0.000000000000000000e+00
6.260400103682068362e+01,0.000000000000000000e+00,0.000000000000000000e+00
6.016541928936406691e+01,0.000000000000000000e+00,0.000000000000000000e+00
5.668839467009615163e+01,0.000000000000000000e+00,0.000000000000000000e+00
5.753584687741550852e+01,0.000000000000000000e+00,0.000000000000000000e+00
5.915710602847850907e+01,0.000000000000000000e+00,0.000000000000000000e+00
6.141853907480368946e+01,0.000000000000000000e+00,0.000000000000000000e+00
6.176277755909612921e+01,0.000000000000000000e+00,0.000000000000000000e+00
6.339390023269157126e+01,0.000000000000000000e+00,0.000000000000000000e+00
6.084447496557640989e+01,0.000000000000000000e+00,0.000000000000000000e+00
6.169547168129413706e+01,0.000000000000000000e+00,0.000000000000000000e+00
5.855701876248840421e+01,0.000000000000000000e+00,0.000000000000000000e+00
5.983200165339881949e+01,0.000000000000000000e+00,0.000000000000000000e+00
6.086380011292494885e+01,0.000000000000000000e+00,0.000000000000000000e+00
5.845969347917134229e+01,0.000000000000000000e+00,0.000000000000000000e+00
5.675803595211137065e+01,0.000000000000000000e+00,0.000000000000000000e+00
6.173740327961908747e+01,0.000000000000000000e+00,0.000000000000000000e+00
5.886365591891268423e+01,0.000000000000000000e+00,0.000000000000000000e+00
6.015278187386991959e+01,0.000000000000000000e+00,0.000000000000000000e+00
6.261498152690885632e+01,0.000000000000000000e+00,0.000000000000000000e+00
6.188328089603156457e+01,0.000000000000000000e+00,0.000000000000000000e+00
6.590628961334837754e+01,0.000000000000000000e+00,0.000000000000000000e+00
5.985425474220245690e+01,0.000000000000000000e+00,0.000000000000000000e+00
6.344424417075391176e+01,0.000000000000000000e+00,0.000000000000000000e+00
6.432928903276989274e+01,0.000000000000000000e+00,0.000000000000000000e+00
6.522843665117366641e+01,0.000000000000000000e+00,0.000000000000000000e+00
6.596367748298622757e+01,0.000000000000000000e+00,0.000000000000000000e+00
6.323554111938921096e+01,0.000000000000000000e+00,0.000000000000000000e+00
6.204295618933723944e+01,0.000000000000000000e+00,0.000000000000000000e+00
6.160172198336518079e+01,0.000000000000000000e+00,0.000000000000000000e+00
6.213133288608074167e+01,0.000000000000000000e+00,0.000000000000000000e+00
6.251225975267504253e+01,0.000000000000000000e+00,0.000000000000000000e+00
5.840959739991449595e+01,0.000000000000000000e+00,0.000000000000000000e+00
6.155483425854797730e+01,0.000000000000000000e+00,0.000000000000000000e+00
6.217741556899078859e+01,0.000000000000000000e+00,0.000000000000000000e+00
5.792321575096729447e+01,0.000000000000000000e+00,0.000000000000000000e+00
6.750611281705684519e+01,0.000000000000000000e+00,0.000000000000000000e+00
6.301722838322984188e+01,0.000000000000000000e+00,0.000000000000000000e+00
6.050674826474512713e+01,0.000000000000000000e+00,0.000000000000000000e+00
6.124134655181610754e+01,0.000000000000000000e+00,0.000000000000000000e+00
6.535676882167356894e+01,0.000000000000000000e+00,0.000000000000000000e+00
6.033089831730809038e+01,0.000000000000000000e+00,0.000000000000000000e+00
6.428964393734291605e+01,0.000000000000000000e+00,0.000000000000000000e+00
6.228114919576876218e+01,0.000000000000000000e+00,0.000000000000000000e+00
6.084390785346435138e+01,0.000000000000000000e+00,0.000000000000000000e+00
6.034512391687474064e+01,0.000000000000000000e+00,0.000000000000000000e+00
6.325716789917539273e+01,0.000000000000000000e+00,0.000000000000000000e+00
6.432888544382838347e+01,0.000000000000000000e+00,0.000000000000000000e+00
6.046701633330901871e+01,0.000000000000000000e+00,0.000000000000000000e+00
6.435525032180929372e+01,0.000000000000000000e+00,0.000000000000000000e+00
6.143131986566041292e+01,0.000000000000000000e+00,0.000000000000000000e+00
6.318427499988435159e+01,0.000000000000000000e+00,0.000000000000000000e+00
6.386621568813327343e+01,0.000000000000000000e+00,0.000000000000000000e+00
6.554127183671894841e+01,0.000000000000000000e+00,0.000000000000000000e+00
6.623546808054712187e+01,0.000000000000000000e+00,0.000000000000000000e+00
6.342633292723102301e+01,0.000000000000000000e+00,0.000000000000000000e+00
6.317802043483235508e+01,0.000000000000000000e+00,0.000000000000000000e+00
6.806546257923717747e+01,0.000000000000000000e+00,0.000000000000000000e+00
6.823225048251876501e+01,0.000000000000000000e+00,0.000000000000000000e+00
6.408100143077648170e+01,0.000000000000000000e+00,0.000000000000000000e+00
6.470913497852140495e+01,0.000000000000000000e+00,0.000000000000000000e+00
6.174917237396718406e+01,0.000000000000000000e+00,0.000000000000000000e+00
6.497266128421195219e+01,0.000000000000000000e+00,0.000000000000000000e+00
6.263082302090891318e+01,0.000000000000000000e+00,0.000000000000000000e+00
6.467171220787538743e+01,0.000000000000000000e+00,0.000000000000000000e+00
6.793280162314609072e+01,0.000000000000000000e+00,0.000000000000000000e+00
7.098393665367323990e+01,0.000000000000000000e+00,0.000000000000000000e+00
6.993662924489680677e+01,0.000000000000000000e+00,0.000000000000000000e+00
6.452127167203416036e+01,0.000000000000000000e+00,0.000000000000000000e+00
6.639083694235981170e+01,0.000000000000000000e+00,0.000000000000000000e+00
6.242872663283677781e+01,0.000000000000000000e+00,0.000000000000000000e+00
6.449070325040769092e+01,0.000000000000000000e+00,0.000000000000000000e+00
6.419131857582644329e+01,0.000000000000000000e+00,0.000000000000000000e+00
6.564014548405654637e+01,0.000000000000000000e+00,0.000000000000000000e+00
6.767847806951569112e+01,0.000000000000000000e+00,0.000000000000000000e+00
6.717855442941498723e+01,0.000000000000000000e+00,0.000000000000000000e+00
6.551113575011930834e+01,0.000000000000000000e+00,0.000000000000000000e+00
7.141569633959966268e+01,0.000000000000000000e+00,0.000000000000000000e+00
6.773323391333416055e+01,0.000000000000000000e+00,0.000000000000000000e+00
6.514069834724458019e+01,0.000000000000000000e+00,0.000000000000000000e+00
6.807805996105723523e+01,0.000000000000000000e+00,0.000000000000000000e+00
6.520541724492015589e+01,0.000000000000000000e+00,0.000000000000000000e+00
6.920339756091597394e+01,0.000000000000000000e+00,0.000000000000000000e+00
6.788368192826919767e+01,0.000000000000000000e+00,0.000000000000000000e+00
6.559649312581002789e+01,0.000000000000000000e+00,0.000000000000000000e+00
6.294042844639487555e+01,0.000000000000000000e+00,0.000000000000000000e+00
6.743388354860186951e+01,0.000000000000000000e+00,0.000000000000000000e+00
6.526006515820097320e+01,0.000000000000000000e+00,0.000000000000000000e+00
6.699679171588623205e+01,0.000000000000000000e+00,0.000000000000000000e+00
7.039673781063299884e+01,0.000000000000000000e+00,0.000000000000000000e+00
6.905938783580486984e+01,0.000000000000000000e+00,0.000000000000000000e+00
6.823399711922039046e+01,0.000000000000000000e+00,0.000000000000000000e+00
6.778601417186638400e+01,0.000000000000000000e+00,0.000000000000000000e+00
6.830219715410076731e+01,0.000000000000000000e+00,0.000000000000000000e+00
6.496219619580274696e+01,0.000000000000000000e+00,0.000000000000000000e+00
6.922976991554683934e+01,0.000000000000000000e+00,0.000000000000000000e+00
6.784442937185254152e+01,0.000000000000000000e+00,0.000000000000000000e+00
6.668405645596106979e+01,0.000000000000000000e+00,0.000000000000000000e+00
6.456998387660675576e+01,0.000000000000000000e+00,0.000000000000000000e+00
6.969790020071324932e+01,0.000000000000000000e+00,0.000000000000000000e+00
6.651898206057120433e+01,0.000000000000000000e+00,0.000000000000000000e+00
6.552457079740824497e+01,0.000000000000000000e+00,0.000000000000000000e+00
6.837572863759866948e+01,0.000000000000000000e+00,0.000000000000000000e+00
6.717370157761352800e+01,0.000000000000000000e+00,0.000000000000000000e+00
6.806905096563009749e+01,0.000000000000000000e+00,0.000000000000000000e+00
6.960143480086289003e+01,0.000000000000000000e+00,0.000000000000000000e+00
6.650106146186001865e+01,0.000000000000000000e+00,0.000000000000000000e+00
6.845013570900408695e+01,0.000000000000000000e+00,0.000000000000000000e+00
6.591047244520932225e+01,0.000000000000000000e+00,0.000000000000000000e+00
6.751169577875535310e+01,0.000000000000000000e+00,0.000000000000000000e+00
7.109348589203818847e+01,0.000000000000000000e+00,0.000000000000000000e+00
6.729203494289389198e+01,0.000000000000000000e+00,0.000000000000000000e+00
6.843649918770951501e+01,0.000000000000000000e+00,0.000000000000000000e+00
6.700452466842746446e+01,0.000000000000000000e+00,0.000000000000000000e+00
6.779824911209695415e+01,0.000000000000000000e+00,0.000000000000000000e+00
7.197470471026070982e+01,0.000000000000000000e+00,0.000000000000000000e+00
6.867084999121982491e+01,0.000000000000000000e+00,0.000000000000000000e+00
6.240028136517462798e+01,0.000000000000000000e+00,0.000000000000000000e+00
6.773406865569469915e+01,0.000000000000000000e+00,0.000000000000000000e+00
6.950372667780609959e+01,0.000000000000000000e+00,0.000000000000000000e+00
7.089365107830644774e+01,0.000000000000000000e+00,0.000000000000000000e+00
6.845421031728025696e+01,0.000000000000000000e+00,0.000000000000000000e+00
6.835579037367725164e+01,0.000000000000000000e+00,0.000000000000000000e+00
6.695694318019907598e+01,0.000000000000000000e+00,0.000000000000000000e+00
6.900827469347223087e+01,0.000000000000000000e+00,0.000000000000000000e+00
7.029210216855769033e+01,0.000000000000000000e+00,0.000000000000000000e+00
6.959757528504991342e+01,0.000000000000000000e+00,0.000000000000000000e+00
6.683778583174989762e+01,0.000000000000000000e+00,0.000000000000000000e+00
6.777348826629591372e+01,0.000000000000000000e+00,0.000000000000000000e+00
7.102139491068925281e+01,0.000000000000000000e+00,0.000000000000000000e+00
6.712705990535617673e+01,0.000000000000000000e+00,0.000000000000000000e+00
6.948325501668439586e+01,0.000000000000000000e+00,0.000000000000000000e+00
6.765104939835137543e+01,0.000000000000000000e+00,0.000000000000000000e+00
6.988736297470732950e+01,0.000000000000000000e+00,0.000000000000000000e+00
7.092585940182138415e+01,0.000000000000000000e+00,0.000000000000000000e+00
6.912751631385796713e+01,0.000000000000000000e+00,0.000000000000000000e+00
7.173475612820584502e+01,0.000000000000000000e+00,0.000000000000000000e+00
7.268851403041303172e+01,0.000000000000000000e+00,0.000000000000000000e+00
7.135679117941995742e+01,0.000000000000000000e+00,0.000000000000000000e+00
7.158827231814602499e+01,0.000000000000000000e+00,0.000000000000000000e+00
6.841877095460583291e+01,0.000000000000000000e+00,0.000000000000000000e+00
7.031290203840117670e+01,0.000000000000000000e+00,0.000000000000000000e+00
6.837704463204639183e+01,0.000000000000000000e+00,0.000000000000000000e+00
6.954567071891642627e+01,0.000000000000000000e+00,0.000000000000000000e+00
7.277499098371788477e+01,0.000000000000000000e+00,0.000000000000000000e+00
6.920850931590952371e+01,0.000000000000000000e+00,0.000000000000000000e+00
7.376926457277012616e+01,0.000000000000000000e+00,0.000000000000000000e+00
7.080820165888161455e+01,0.000000000000000000e+00,0.000000000000000000e+00
6.929319789339187707e+01,0.000000000000000000e+00,0.000000000000000000e+00
6.886645846692137241e+01,0.000000000000000000e+00,0.000000000000000000e+00
6.907212025748853534e+01,0.000000000000000000e+00,0.000000000000000000e+00
6.493594225350810234e+01,0.000000000000000000e+00,0.000000000000000000e+00
6.916649601855387175e+01,0.000000000000000000e+00,0.000000000000000000e+00
7.102921542765274410e+01,0.000000000000000000e+00,0.000000000000000000e+00
7.046102391724025438e+01,0.000000000000000000e+00,0.000000000000000000e+00
7.054682687689803799e+01,0.000000000000000000e+00,0.000000000000000000e+00
7.068515688726434121e+01,0.000000000000000000e+00,0.000000000000000000e+00
7.040540831450218207e+01,0.000000000000000000e+00,0.000000000000000000e+00
7.027384469934239064e+01,0.000000000000000000e+00,0.000000000000000000e+00
7.028918373040863798e+01,0.000000000000000000e+00,0.000000000000000000e+00
7.035046168835904723e+01,0.000000000000000000e+00,0.000000000000000000e+00
7.013770102149278785e+01,0.000000000000000000e+00,0.000000000000000000e+00
7.043659753018101810e+01,0.000000000000000000e+00,0.000000000000000000e+00
7.004394737317782926e+01,0.000000000000000000e+00,0.000000000000000000e+00
6.920064922660097295e+01,0.000000000000000000e+00,0.000000000000000000e+00
7.325124010929305030e+01,0.000000000000000000e+00,0.000000000000000000e+00
6.889466334463843111e+01,0.000000000000000000e+00,0.000000000000000000e+00
7.320171372258083409e+01,0.000000000000000000e+00,0.000000000000000000e+00
7.343657081382703211e+01,0.000000000000000000e+00,0.000000000000000000e+00
6.864991882660824274e+01,0.000000000000000000e+00,0.000000000000000000e+00
6.829898167770325301e+01,0.000000000000000000e+00,0.000000000000000000e+00
7.050306346864826423e+01,0.000000000000000000e+00,0.000000000000000000e+00
6.993058285202437219e+01,0.000000000000000000e+00,0.000000000000000000e+00
7.387726057233635402e+01,0.000000000000000000e+00,0.000000000000000000e+00
7.340257795864835089e+01,0.000000000000000000e+00,0.000000000000000000e+00
7.372535886350536316e+01,0.000000000000000000e+00,0.000000000000000000e+00
6.985411728397271247e+01,0.000000000000000000e+00,0.000000000000000000e+00
7.467846773506903446e+01,0.000000000000000000e+00,0.000000000000000000e+00
7.482050636011578604e+01,0.000000000000000000e+00,0.000000000000000000e+00
7.593577239660076827e+01,0.000000000000000000e+00,0.000000000000000000e+00
7.280841258340949196e+01,0.000000000000000000e+00,0.000000000000000000e+00
6.908780532973929667e+01,0.000000000000000000e+00,0.000000000000000000e+00
7.306711849406524095e+01,0.000000000000000000e+00,0.000000000000000000e+00
7.431621250462593764e+01,0.000000000000000000e+00,0.000000000000000000e+00
7.106261211824832458e+01,0.000000000000000000e+00,0.000000000000000000e+00
7.132143328899692847e+01,0.000000000000000000e+00,0.000000000000000000e+00
7.488702852692829026e+01,0.000000000000000000e+00,0.000000000000000000e+00
7.265682832318799456e+01,0.000000000000000000e+00,0.000000000000000000e+00
7.352507005361418635e+01,0.000000000000000000e+00,0.000000000000000000e+00
7.465183978262037101e+01,0.000000000000000000e+00,0.000000000000000000e+00
7.394849471175631095e+01,0.000000000000000000e+00,0.000000000000000000e+00
7.304269166921237399e+01,0.000000000000000000e+00,0.000000000000000000e+00
7.091976436587991373e+01,0.000000000000000000e+00,0.000000000000000000e+00
7.618470906826441080e+01,0.000000000000000000e+00,0.000000000000000000e+00
7.105431190537964881e+01,0.000000000000000000e+00,0.000000000000000000e+00
7.823339667254739993e+01,0.000000000000000000e+00,0.000000000000000000e+00
6.931346292763240058e+01,0.000000000000000000e+00,0.000000000000000000e+00
7.449190888733588167e+01,0.000000000000000000e+00,0.000000000000000000e+00
7.139022400414100389e+01,0.000000000000000000e+00,0.000000000000000000e+00
7.194887814298876094e+01,0.000000000000000000e+00,0.000000000000000000e+00
7.130728053440937231e+01,0.000000000000000000e+00,0.000000000000000000e+00
7.501224106707749684e+01,0.000000000000000000e+00,0.000000000000000000e+00
7.299754943630959758e+01,0.000000000000000000e+00,0.000000000000000000e+00
7.162997376161831653e+01,0.000000000000000000e+00,0.000000000000000000e+00
7.377297518707695190e+01,0.000000000000000000e+00,0.000000000000000000e+00
7.304652783231432522e+01,0.000000000000000000e+00,0.000000000000000000e+00
7.282834583322370747e+01,0.000000000000000000e+00,0.000000000000000000e+00
7.129302142495552630e+01,0.000000000000000000e+00,0.000000000000000000e+00
7.478899005502130137e+01,0.000000000000000000e+00,0.000000000000000000e+00
7.346321213877536138e+01,0.000000000000000000e+00,0.000000000000000000e+00
7.609605650643770502e+01,0.000000000000000000e+00,0.000000000000000000e+00
7.506550574408062459e+01,0.000000000000000000e+00,0.000000000000000000e+00
7.446202057872066860e+01,0.000000000000000000e+00,0.000000000000000000e+00
7.467519121708753005e+01,0.000000000000000000e+00,0.000000000000000000e+00
7.259564241184129685e+01,0.000000000000000000e+00,0.000000000000000000e+00
7.758959195062254821e+01,0.000000000000000000e+00,0.000000000000000000e+00
7.519543376616995545e+01,0.000000000000000000e+00,0.000000000000000000e+00
7.329738220134557025e+01,0.000000000000000000e+00,0.000000000000000000e+00
7.431736743659209310e+01,0.000000000000000000e+00,0.000000000000000000e+00
7.521336682701424081e+01,0.000000000000000000e+00,0.000000000000000000e+00
7.261016437068178675e+01,0.000000000000000000e+00,0.000000000000000000e+00
7.460406804044743012e+01,0.000000000000000000e+00,0.000000000000000000e+00
7.515759584552779415e+01,0.000000000000000000e+00,0.000000000000000000e+00
7.400350041234534615e+01,0.000000000000000000e+00,0.000000000000000000e+00
7.155825101822537704e+01,0.000000000000000000e+00,0.000000000000000000e+00
7.330356678668812265e+01,0.000000000000000000e+00,0.000000000000000000e+00
7.718502257236379194e+01,0.000000000000000000e+00,0.000000000000000000e+00
7.278763828962439675e+01,0.000000000000000000e+00,0.000000000000000000e+00
6.970357890779972365e+01,0.000000000000000000e+00,0.000000000000000000e+00
7.465248456119378773e+01,0.000000000000000000e+00,0.000000000000000000e+00
7.273330183524679171e+01,0.000000000000000000e+00,0.000000000000000000e+00
7.500832134626443803e+01,0.000000000000000000e+00,0.000000000000000000e+00
7.782896908387240842e+01,0.000000000000000000e+00,0.000000000000000000e+00
7.382823486586038086e+01,0.000000000000000000e+00,0.000000000000000000e+00
7.558588314085496052e+01,0.000000000000000000e+00,0.000000000000000000e+00
7.515343771359503933e+01,0.000000000000000000e+00,0.000000000000000000e+00
7.705563493248519080e+01,0.000000000000000000e+00,0.000000000000000000e+00
7.030499876297129447e+01,0.000000000000000000e+00,0.000000000000000000e+00
7.389966583118624044e+01,0.000000000000000000e+00,0.000000000000000000e+00
7.332660106769306196e+01,0.000000000000000000e+00,0.000000000000000000e+00
7.545528948204774622e+01,0.000000000000000000e+00,0.000000000000000000e+00
7.403251175092955805e+01,0.000000000000000000e+00,0.000000000000000000e+00
7.520641300392914275e+01,0.000000000000000000e+00,0.000000000000000000e+00
7.881826502721665406e+01,0.000000000000000000e+00,0.000000000000000000e+00
7.490833864929969366e+01,0.000000000000000000e+00,0.000000000000000000e+00
7.294157793923682220e+01,0.000000000000000000e+00,0.000000000000000000e+00
7.468918760636069010e+01,0.000000000000000000e+00,0.000000000000000000e+00
7.712203320058655720e+01,0.000000000000000000e+00,0.000000000000000000e+00
7.605195323904011673e+01,0.000000000000000000e+00,0.000000000000000000e+00
7.447549576534181881e+01,0.000000000000000000e+00,0.000000000000000000e+00
7.310548583754473384e+01,0.000000000000000000e+00,0.000000000000000000e+00
7.373675033946364010e+01,0.000000000000000000e+00,0.000000000000000000e+00
7.334259108570918784e+01,0.000000000000000000e+00,0.000000000000000000e+00
7.596038676435939863e+01,0.000000000000000000e+00,0.000000000000000000e+00
7.596363259747177210e+01,0.000000000000000000e+00,0.000000000000000000e+00
7.384487658203140370e+01,0.000000000000000000e+00,0.000000000000000000e+00
7.472377239087374790e+01,0.000000000000000000e+00,0.000000000000000000e+00
7.660436186121168589e+01,0.000000000000000000e+00,0.000000000000000000e+00
7.322467534952518520e+01,0.000000000000000000e+00,0.000000000000000000e+00
7.386905631597876720e+01,0.000000000000000000e+00,0.000000000000000000e+00
7.205594372417999693e+01,0.000000000000000000e+00,0.000000000000000000e+00
7.375180886596184848e+01,0.000000000000000000e+00,0.000000000000000000e+00
7.819962433821203263e+01,0.000000000000000000e+00,0.000000000000000000e+00
7.559726159985549998e+01,0.000000000000000000e+00,0.000000000000000000e+00
7.758905075473180091e+01,0.000000000000000000e+00,0.000000000000000000e+00
7.512726469573290444e+01,0.000000000000000000e+00,0.000000000000000000e+00
7.588232879967651456e+01,0.000000000000000000e+00,0.000000000000000000e+00
7.480304482783273556e+01,0.000000000000000000e+00,0.000000000000000000e+00
7.707867526588498208e+01,0.000000000000000000e+00,0.000000000000000000e+00
7.483432246663508636e+01,0.000000000000000000e+00,0.000000000000000000e+00
7.150463307221951936e+01,0.000000000000000000e+00,0.000000000000000000e+00
7.971049120061924498e+01,0.000000000000000000e+00,0.000000000000000000e+00
7.627137748965257913e+01,0.000000000000000000e+00,0.000000000000000000e+00
7.325184044633455471e+01,0.000000000000000000e+00,0.000000000000000000e+00
7.603544036678489704e+01,0.000000000000000000e+00,0.000000000000000000e+00
7.538211402624366997e+01,0.000000000000000000e+00,0.000000000000000000e+00
8.036222673283290874e+01,0.000000000000000000e+00,0.000000000000000000e+00
7.323478818930126977e+01,0.000000000000000000e+00,0.000000000000000000e+00
7.878251090810246637e+01,0.000000000000000000e+00,0.000000000000000000e+00
7.408731048304603917e+01,0.000000000000000000e+00,0.000000000000000000e+00
7.637119242105137573e+01,0.000000000000000000e+00,0.000000000000000000e+00
7.198958220629205584e+01,0.000000000000000000e+00,0.000000000000000000e+00
7.762186317198066376e+01,0.000000000000000000e+00,0.000000000000000000e+00
7.781736044962698884e+01,0.000000000000000000e+00,0.000000000000000000e+00
7.619058238693104101e+01,0.000000000000000000e+00,0.000000000000000000e+00
7.581184306867227463e+01,0.000000000000000000e+00,0.000000000000000000e+00
7.446402725140181644e+01,0.000000000000000000e+00,0.000000000000000000e+00
7.450027736288016911e+01,0.000000000000000000e+00,0.000000000000000000e+00
7.440232771344759044e+01,0.000000000000000000e+00,0.000000000000000000e+00
7.348297137064946583e+01,0.000000000000000000e+00,0.000000000000000000e+00
7.981296877844398807e+01,0.000000000000000000e+00,0.000000000000000000e+00
7.643157334129952574e+01,0.000000000000000000e+00,0.000000000000000000e+00
7.403395935915987991e+01,0.000000000000000000e+00,0.000000000000000000e+00
7.664699842555522480e+01,0.000000000000000000e+00,0.000000000000000000e+00
7.620724160438581407e+01,0.000000000000000000e+00,0.000000000000000000e+00
8.087710344531981832e+01,0.000000000000000000e+00,0.000000000000000000e+00
7.563593327320293724e+01,0.000000000000000000e+00,0.000000000000000000e+00
7.415620040352808928e+01,0.000000000000000000e+00,0.000000000000000000e+00
7.578985571376276198e+01,0.000000000000000000e+00,0.000000000000000000e+00
7.694931012383868563e+01,0.000000000000000000e+00,0.000000000000000000e+00
7.435020986299878132e+01,0.000000000000000000e+00,0.000000000000000000e+00
7.945565001475475242e+01,0.000000000000000000e+00,0.000000000000000000e+00
7.840768266511088314e+01,0.000000000000000000e+00,0.000000000000000000e+00
8.072235707803976368e+01,0.000000000000000000e+00,0.000000000000000000e+00
7.819414850879655887e+01,0.000000000000000000e+00,0.000000000000000000e+00
7.987936622192182767e+01,0.000000000000000000e+00,0.000000000000000000e+00
8.114754942141736649e+01,0.000000000000000000e+00,0.000000000000000000e+00
7.574677552856934426e+01,0.000000000000000000e+00,0.000000000000000000e+00
7.749235038640100015e+01,0.000000000000000000e+00,0.000000000000000000e+00
7.850241886644914757e+01,0.000000000000000000e+00,0.000000000000000000e+00
7.770636229766344627e+01,0.000000000000000000e+00,0.000000000000000000e+00
7.529693913853647302e+01,0.000000000000000000e+00,0.000000000000000000e+00
7.613503529835980999e+01,0.000000000000000000e+00,0.000000000000000000e+00
7.741955919886595439e+01,0.000000000000000000e+00,0.000000000000000000e+00
7.745586140675443687e+01,0.000000000000000000e+00,0.000000000000000000e+00
7.677100973655863925e+01,0.000000000000000000e+00,0.000000000000000000e+00
7.431064380454607488e+01,0.000000000000000000e+00,0.000000000000000000e+00
7.699606963331035558e+01,0.000000000000000000e+00,0.000000000000000000e+00
7.556639920496405693e+01,0.000000000000000000e+00,0.000000000000000000e+00
7.785857142842699830e+01,0.000000000000000000e+00,0.000000000000000000e+00
7.521135108097996635e+01,0.000000000000000000e+00,0.000000000000000000e+00
7.842474764071066318e+01,0.000000000000000000e+00,0.000000000000000000e+00
7.377841260269305224e+01,0.000000000000000000e+00,0.000000000000000000e+00
7.868294895131887756e+01,0.000000000000000000e+00,0.000000000000000000e+00
8.124694813554877726e+01,0.000000000000000000e+00,0.000000000000000000e+00
8.039363984228513971e+01,0.000000000000000000e+00,0.000000000000000000e+00
7.802850021743475395e+01,0.000000000000000000e+00,0.000000000000000000e+00
7.544245632644167188e+01,0.000000000000000000e+00,0.000000000000000000e+00
7.477165075868684596e+01,0.000000000000000000e+00,0.000000000000000000e+00
7.968141063985527239e+01,0.000000000000000000e+00,0.000000000000000000e+00
7.912350193426041756e+01,0.000000000000000000e+00,0.000000000000000000e+00
7.632815090027686722e+01,0.000000000000000000e+00,0.000000000000000000e+00
7.851262139873179535e+01,0.000000000000000000e+00,0.000000000000000000e+00
7.797873889456050733e+01,0.000000000000000000e+00,0.000000000000000000e+00
7.518943271129822392e+01,0.000000000000000000e+00,0.000000000000000000e+00
8.081760913842522598e+01,0.000000000000000000e+00,0.000000000000000000e+00
7.901637033272534438e+01,0.000000000000000000e+00,0.000000000000000000e+00
7.735972589918236508e+01,0.000000000000000000e+00,0.000000000000000000e+00
7.950789584362325968e+01,0.000000000000000000e+00,0.000000000000000000e+00
8.050241026105368292e+01,0.000000000000000000e+00,0.000000000000000000e+00
8.038597347339408827e+01,0.000000000000000000e+00,0.000000000000000000e+00
7.700979432187055806e+01,0.000000000000000000e+00,0.000000000000000000e+00
7.622258773893624095e+01,0.000000000000000000e+00,0.000000000000000000e+00
7.390940800236741381e+01,0.000000000000000000e+00,0.000000000000000000e+00
7.686624072187281342e+01,0.000000000000000000e+00,0.000000000000000000e+00
7.869313228686711170e+01,0.000000000000000000e+00,0.000000000000000000e+00
7.883643694033372640e+01,0.000000000000000000e+00,0.000000000000000000e+00
7.989094595342535854e+01,0.000000000000000000e+00,0.000000000000000000e+00
7.838046000530763990e+01,0.000000000000000000e+00,0.000000000000000000e+00
7.911331366977607615e+01,0.000000000000000000e+00,0.000000000000000000e+00
7.994509689350829262e+01,0.000000000000000000e+00,0.000000000000000000e+00
7.847680179803093381e+01,0.000000000000000000e+00,0.000000000000000000e+00
7.935007711153929222e+01,0.000000000000000000e+00,0.000000000000000000e+00
7.719356370567751924e+01,0.000000000000000000e+00,0.000000000000000000e+00
8.069573852040338124e+01,0.000000000000000000e+00,0.000000000000000000e+00
7.784413271362691944e+01,0.000000000000000000e+00,0.000000000000000000e+00
8.080649148917025570e+01,0.000000000000000000e+00,0.000000000000000000e+00
7.867090147841670955e+01,0.000000000000000000e+00,0.000000000000000000e+00
8.192630678321121707e+01,0.000000000000000000e+00,0.000000000000000000e+00
7.543491971561186915e+01,0.000000000000000000e+00,0.000000000000000000e+00
7.664152483196680521e+01,0.000000000000000000e+00,0.000000000000000000e+00
8.033718665004914783e+01,0.000000000000000000e+00,0.000000000000000000e+00
7.841074825194783671e+01,0.000000000000000000e+00,0.000000000000000000e+00
8.122396969089463425e+01,0.000000000000000000e+00,0.000000000000000000e+00
8.177848175305129530e+01,0.000000000000000000e+00,0.000000000000000000e+00
8.320700470688727535e+01,0.000000000000000000e+00,0.000000000000000000e+00
8.125752821384010360e+01,0.000000000000000000e+00,0.000000000000000000e+00
7.754760300403600581e+01,0.000000000000000000e+00,0.000000000000000000e+00
7.908170456727263797e+01,0.000000000000000000e+00,0.000000000000000000e+00
7.939065263424998875e+01,0.000000000000000000e+00,0.000000000000000000e+00
7.776548286491404838e+01,0.000000000000000000e+00,0.000000000000000000e+00
8.071147377940059187e+01,0.000000000000000000e+00,0.000000000000000000e+00
8.266437203843298676e+01,0.000000000000000000e+00,0.000000000000000000e+00
7.511882779850418501e+01,0.000000000000000000e+00,0.000000000000000000e+00
7.687173878432500373e+01,0.000000000000000000e+00,0.000000000000000000e+00
7.894416478297361550e+01,0.000000000000000000e+00,0.000000000000000000e+00
8.196479676358174515e+01,0.000000000000000000e+00,0.000000000000000000e+00
7.736312329931494958e+01,0.000000000000000000e+00,0.000000000000000000e+00
7.665392613895622276e+01,0.000000000000000000e+00,0.000000000000000000e+00
8.148096266467211990e+01,0.000000000000000000e+00,0.000000000000000000e+00
8.028549576595915482e+01,0.000000000000000000e+00,0.000000000000000000e+00
8.072241797809186892e+01,0.000000000000000000e+00,0.000000000000000000e+00
8.056281427203063572e+01,0.000000000000000000e+00,0.000000000000000000e+00
7.888519895553916683e+01,0.000000000000000000e+00,0.000000000000000000e+00
7.712665776504810822e+01,0.000000000000000000e+00,0.000000000000000000e+00
8.073641437180128833e+01,0.000000000000000000e+00,0.000000000000000000e+00
7.519485163594033850e+01,0.000000000000000000e+00,0.000000000000000000e+00
7.624386246068405626e+01,0.000000000000000000e+00,0.000000000000000000e+00
7.991490625390542846e+01,0.000000000000000000e+00,0.000000000000000000e+00
8.123581187137737913e+01,0.000000000000000000e+00,0.000000000000000000e+00
8.078250412713515516e+01,0.000000000000000000e+00,0.000000000000000000e+00
7.677384943081079882e+01,0.000000000000000000e+00,0.000000000000000000e+00
7.637563814235386417e+01,0.000000000000000000e+00,0.000000000000000000e+00
7.919614402842590550e+01,0.000000000000000000e+00,0.000000000000000000e+00
7.660271995267214606e+01,0.000000000000000000e+00,0.000000000000000000e+00
7.832019442179338853e+01,0.000000000000000000e+00,0.000000000000000000e+00
8.053663916519538191e+01,0.000000000000000000e+00,0.000000000000000000e+00
7.845350556208116188e+01,0.000000000000000000e+00,0.000000000000000000e+00
7.935553967507401296e+01,0.000000000000000000e+00,0.000000000000000000e+00
7.877066058117458169e+01,0.000000000000000000e+00,0.000000000000000000e+00
7.971683735912675672e+01,0.000000000000000000e+00,0.000000000000000000e+00
7.933392957184479144e+01,0.000000000000000000e+00,0.000000000000000000e+00
8.199358463295517652e+01,0.000000000000000000e+00,0.000000000000000000e+00
8.389284663594759195e+01,0.000000000000000000e+00,0.000000000000000000e+00
7.735558971117467308e+01,0.000000000000000000e+00,0.000000000000000000e+00
8.132540467269711826e+01,0.000000000000000000e+00,0.000000000000000000e+00
8.093873411882093194e+01,0.000000000000000000e+00,0.000000000000000000e+00
7.946945500201502455e+01,0.000000000000000000e+00,0.000000000000000000e+00
8.162587175869020939e+01,0.000000000000000000e+00,0.000000000000000000e+00
7.742979016067700115e+01,0.000000000000000000e+00,0.000000000000000000e+00
7.690806962226872656e+01,0.000000000000000000e+00,0.000000000000000000e+00
7.860291719308007430e+01,0.000000000000000000e+00,0.000000000000000000e+00
7.954204720854792754e+01,0.000000000000000000e+00,0.000000000000000000e+00
8.021019116219513023e+01,0.000000000000000000e+00,0.000000000000000000e+00
7.683671444196156131e+01,0.000000000000000000e+00,0.000000000000000000e+00
8.069856090209329125e+01,0.000000000000000000e+00,0.000000000000000000e+00
8.049184191340364691e+01,0.000000000000000000e+00,0.000000000000000000e+00
7.664476894324548084e+01,0.000000000000000000e+00,0.000000000000000000e+00
8.036024507754181911e+01,0.000000000000000000e+00,0.000000000000000000e+00
8.405997346295040984e+01,0.000000000000000000e+00,0.000000000000000000e+00
8.195981499363381317e+01,0.000000000000000000e+00,0.000000000000000000e+00
8.157339665652033034e+01,0.000000000000000000e+00,0.000000000000000000e+00
8.326273065600263124e+01,0.000000000000000000e+00,0.000000000000000000e+00
8.194860625621588213e+01,0.000000000000000000e+00,0.000000000000000000e+00
7.670868103235883950e+01,0.000000000000000000e+00,0.000000000000000000e+00
7.813795708620504854e+01,0.000000000000000000e+00,0.000000000000000000e+00
8.090663879167617267e+01,0.000000000000000000e+00,0.000000000000000000e+00
7.787975024305856664e+01,0.000000000000000000e+00,0.000000000000000000e+00
7.882775781644686219e+01,0.000000000000000000e+00,0.000000000000000000e+00
7.945139316202018165e+01,0.000000000000000000e+00,0.000000000000000000e+00
7.833376482278032427e+01,0.000000000000000000e+00,0.000000000000000000e+00
7.559893684405685121e+01,0.000000000000000000e+00,0.000000000000000000e+00
8.053368795999018914e+01,0.000000000000000000e+00,0.000000000000000000e+00
8.090782779101144229e+01,0.000000000000000000e+00,0.000000000000000000e+00
7.869595184537269006e+01,0.000000000000000000e+00,0.000000000000000000e+00
7.775902515397554282e+01,0.000000000000000000e+00,0.000000000000000000e+00
7.958148033540554422e+01,0.000000000000000000e+00,0.000000000000000000e+00
8.096936522905839695e+01,0.000000000000000000e+00,0.000000000000000000e+00
7.901591928600615233e+01,0.000000000000000000e+00,0.000000000000000000e+00
7.739772606430199176e+01,0.000000000000000000e+00,0.000000000000000000e+00
8.064511828489168010e+01,0.000000000000000000e+00,0.000000000000000000e+00
7.949174907234484522e+01,0.000000000000000000e+00,0.000000000000000000e+00
7.664004973596040315e+01,0.000000000000000000e+00,0.000000000000000000e+00
8.331573626851613312e+01,0.000000000000000000e+00,0.000000000000000000e+00
8.088791607520334992e+01,0.000000000000000000e+00,0.000000000000000000e+00
8.176887804277325245e+01,0.000000000000000000e+00,0.000000000000000000e+00
7.789561133085436495e+01,0.000000000000000000e+00,0.000000000000000000e+00
7.928387227454376784e+01,0.000000000000000000e+00,0.000000000000000000e+00
7.875076180895170808e+01,0.000000000000000000e+00,0.000000000000000000e+00
7.938448714628097491e+01,0.000000000000000000e+00,0.000000000000000000e+00
8.095234489225047980e+01,0.000000000000000000e+00,0.000000000000000000e+00
7.834660547065389835e+01,0.000000000000000000e+00,0.000000000000000000e+00
7.606293617134505780e+01,0.000000000000000000e+00,0.000000000000000000e+00
7.884410753204153366e+01,0.000000000000000000e+00,0.000000000000000000e+00
7.803539707762023170e+01,0.000000000000000000e+00,0.000000000000000000e+00
7.863041232112938417e+01,0.000000000000000000e+00,0.000000000000000000e+00
8.320678127880231045e+01,0.000000000000000000e+00,0.000000000000000000e+00
7.907844888730642197e+01,0.000000000000000000e+00,0.000000000000000000e+00
8.250146816048385290e+01,0.000000000000000000e+00,0.000000000000000000e+00
8.033227288359640283e+01,0.000000000000000000e+00,0.000000000000000000e+00
8.193384180529436378e+01,0.000000000000000000e+00,0.000000000000000000e+00
7.899787841546914535e+01,0.000000000000000000e+00,0.000000000000000000e+00
8.028175778791758432e+01,0.000000000000000000e+00,0.000000000000000000e+00
8.044088051361005398e+01,0.000000000000000000e+00,0.000000000000000000e+00
8.315365668064178806e+01,0.000000000000000000e+00,0.000000000000000000e+00
7.855150180161639639e+01,0.000000000000000000e+00,0.000000000000000000e+00
7.942493098953774222e+01,0.000000000000000000e+00,0.000000000000000000e+00
7.956438868131705533e+01,0.000000000000000000e+00,0.000000000000000000e+00
8.369555280158161281e+01,0.000000000000000000e+00,0.000000000000000000e+00
8.201491696153352962e+01,0.000000000000000000e+00,0.000000000000000000e+00
7.587409631252711506e+01,0.000000000000000000e+00,0.000000000000000000e+00
8.204014283287469311e+01,0.000000000000000000e+00,0.000000000000000000e+00
7.703625307088273644e+01,0.000000000000000000e+00,0.000000000000000000e+00
7.988271741757083078e+01,0.000000000000000000e+00,0.000000000000000000e+00
7.849996732786387099e+01,0.000000000000000000e+00,0.000000000000000000e+00
7.971765449302699835e+01,0.000000000000000000e+00,0.000000000000000000e+00
8.042801393110877939e+01,0.000000000000000000e+00,0.000000000000000000e+00
7.819544369458112953e+01,0.000000000000000000e+00,0.000000000000000000e+00
7.997109543292745570e+01,0.000000000000000000e+00,0.000000000000000000e+00
8.125293721107549061e+01,0.000000000000000000e+00,0.000000000000000000e+00
8.050308266306716121e+01,0.000000000000000000e+00,0.000000000000000000e+00
7.866007392975664914e+01,0.000000000000000000e+00,0.000000000000000000e+00
8.065216544275590138e+01,0.000000000000000000e+00,0.000000000000000000e+00
7.864828896746460885e+01,0.000000000000000000e+00,0.000000000000000000e+00
7.915473784275671676e+01,0.000000000000000000e+00,0.000000000000000000e+00
8.020138977002144998e+01,0.000000000000000000e+00,0.000000000000000000e+00
7.750429475615047181e+01,0.000000000000000000e+00,0.000000000000000000e+00
7.944942747027002383e+01,0.000000000000000000e+00,0.000000000000000000e+00
7.981062312620797172e+01,0.000000000000000000e+00,0.000000000000000000e+00
8.018656161246398995e+01,0.000000000000000000e+00,0.000000000000000000e+00
7.831441869225592711e+01,0.000000000000000000e+00,0.000000000000000000e+00
8.014589711553018958e+01,0.000000000000000000e+00,0.000000000000000000e+00
7.707496962505067017e+01,0.000000000000000000e+00,0.000000000000000000e+00
7.957957000454646845e+01,0.000000000000000000e+00,0.000000000000000000e+00
8.154034326728030635e+01,0.000000000000000000e+00,0.000000000000000000e+00
7.983953331065063708e+01,0.000000000000000000e+00,0.000000000000000000e+00
8.060919175890838062e+01,0.000000000000000000e+00,0.000000000000000000e+00
8.115527048082303452e+01,0.000000000000000000e+00,0.000000000000000000e+00
7.918066329647588475e+01,0.000000000000000000e+00,0.000000000000000000e+00
8.411855210811705774e+01,0.000000000000000000e+00,0.000000000000000000e+00
8.191776318069193508e+01,0.000000000000000000e+00,0.000000000000000000e+00
8.314121329612402178e+01,0.000000000000000000e+00,0.000000000000000000e+00
7.850470014749494396e+01,0.000000000000000000e+00,0.000000000000000000e+00
7.828317040794536297e+01,0.000000000000000000e+00,0.000000000000000000e+00
7.725642164484882812e+01,0.000000000000000000e+00,0.000000000000000000e+00
7.663917941134876344e+01,0.000000000000000000e+00,0.000000000000000000e+00
7.936251481097355054e+01,0.000000000000000000e+00,0.000000000000000000e+00
8.105548545605553556e+01,0.000000000000000000e+00,0.000000000000000000e+00
7.688340958364052824e+01,0.000000000000000000e+00,0.000000000000000000e+00
8.067706344728101442e+01,0.000000000000000000e+00,0.000000000000000000e+00
8.220389619786294588e+01,0.000000000000000000e+00,0.000000000000000000e+00
8.176980623580537610e+01,0.000000000000000000e+00,0.000000000000000000e+00
8.119892041078327338e+01,0.000000000000000000e+00,0.000000000000000000e+00
7.929244786423444680e+01,0.000000000000000000e+00,0.000000000000000000e+00
7.915978648524988159e+01,0.000000000000000000e+00,0.000000000000000000e+00
7.846711775035930714e+01,0.000000000000000000e+00,0.000000000000000000e+00
7.989854309654474207e+01,0.000000000000000000e+00,0.000000000000000000e+00
7.703178212501073574e+01,0.000000000000000000e+00,0.000000000000000000e+00
8.320390335868022191e+01,0.000000000000000000e+00,0.000000000000000000e+00
8.075632864661403687e+01,0.000000000000000000e+00,0.000000000000000000e+00
8.076722101458140912e+01,0.000000000000000000e+00,0.000000000000000000e+00
8.122982035114070243e+01,0.000000000000000000e+00,0.000000000000000000e+00
8.069439911295108914e+01,0.000000000000000000e+00,0.000000000000000000e+00
8.191729157017068985e+01,0.000000000000000000e+00,0.000000000000000000e+00
7.855910286434185252e+01,0.000000000000000000e+00,0.000000000000000000e+00
7.674494187476058471e+01,0.000000000000000000e+00,0.000000000000000000e+00
8.197338447562373176e+01,0.000000000000000000e+00,0.000000000000000000e+00
8.000300441358032799e+01,0.000000000000000000e+00,0.000000000000000000e+00
7.916746200566889513e+01,0.000000000000000000e+00,0.000000000000000000e+00
7.365767056002961510e+01,0.000000000000000000e+00,0.000000000000000000e+00
7.671276403262503152e+01,0.000000000000000000e+00,0.000000000000000000e+00
7.867769383306398367e+01,0.000000000000000000e+00,0.000000000000000000e+00
8.467893348108646023e+01,0.000000000000000000e+00,0.000000000000000000e+00
8.282057838520987048e+01,0.000000000000000000e+00,0.000000000000000000e+00
7.889628000760404802e+01,0.000000000000000000e+00,0.000000000000000000e+00
7.788078715021816834e+01,0.000000000000000000e+00,0.000000000000000000e+00
7.828972753707449783e+01,0.000000000000000000e+00,0.000000000000000000e+00
7.891086329521901632e+01,0.000000000000000000e+00,0.000000000000000000e+00
7.906721071917174015e+01,0.000000000000000000e+00,0.000000000000000000e+00
7.972413066266300063e+01,0.000000000000000000e+00,0.000000000000000000e+00
7.966307392126046238e+01,0.000000000000000000e+00,0.000000000000000000e+00
7.977386999012395563e+01,0.000000000000000000e+00,0.000000000000000000e+00
7.986197333690361688e+01,0.000000000000000000e+00,0.000000000000000000e+00
8.007441318771513750e+01,0.000000000000000000e+00,0.000000000000000000e+00
7.918179467781897074e+01,0.000000000000000000e+00,0.000000000000000000e+00
7.696073029048871206e+01,0.000000000000000000e+00,0.000000000000000000e+00
7.600616766498453103e+01,0.000000000000000000e+00,0.000000000000000000e+00
8.231266059744605457e+01,0.000000000000000000e+00,0.000000000000000000e+00
7.667494136018611073e+01,0.000000000000000000e+00,0.000000000000000000e+00
7.884211864992839480e+01,0.000000000000000000e+00,0.000000000000000000e+00
7.722049706930312141e+01,0.000000000000000000e+00,0.000000000000000000e+00
7.873842431303081923e+01,0.000000000000000000e+00,0.000000000000000000e+00
7.774906143851215745e+01,0.000000000000000000e+00,0.000000000000000000e+00
7.653287387947847265e+01,0.000000000000000000e+00,0.000000000000000000e+00
7.906058945090184409e+01,0.000000000000000000e+00,0.000000000000000000e+00
7.963307690988304444e+01,0.000000000000000000e+00,0.000000000000000000e+00
7.853619544234283012e+01,0.000000000000000000e+00,0.000000000000000000e+00
7.782066394182081126e+01,0.000000000000000000e+00,0.000000000000000000e+00
7.735111342218438324e+01,0.000000000000000000e+00,0.000000000000000000e+00
7.885844771853659552e+01,0.000000000000000000e+00,0.000000000000000000e+00
7.846259027929981755e+01,0.000000000000000000e+00,0.000000000000000000e+00
7.680944659579772349e+01,0.000000000000000000e+00,0.000000000000000000e+00
8.093756243803247230e+01,0.000000000000000000e+00,0.000000000000000000e+00
7.856340737283944975e+01,0.000000000000000000e+00,0.000000000000000000e+00
7.916627046106813737e+01,0.000000000000000000e+00,0.000000000000000000e+00
8.197895127870333454e+01,0.000000000000000000e+00,0.000000000000000000e+00
7.725276947229416180e+01,0.000000000000000000e+00,0.000000000000000000e+00
7.792599168756075301e+01,0.000000000000000000e+00,0.000000000000000000e+00
7.987426442100303348e+01,0.000000000000000000e+00,0.000000000000000000e+00
7.898335744591020102e+01,0.000000000000000000e+00,0.000000000000000000e+00
8.041938488047613021e+01,0.000000000000000000e+00,0.000000000000000000e+00
7.822160355451097757e+01,0.000000000000000000e+00,0.000000000000000000e+00
7.590261272237358980e+01,0.000000000000000000e+00,0.000000000000000000e+00
7.723081964954282341e+01,0.000000000000000000e+00,0.000000000000000000e+00
7.685177989542597743e+01,0.000000000000000000e+00,0.000000000000000000e+00
7.705482739500853029e+01,0.000000000000000000e+00,0.000000000000000000e+00
7.984350838720894217e+01,0.000000000000000000e+00,0.000000000000000000e+00
7.496814422404985123e+01,0.000000000000000000e+00,0.000000000000000000e+00
8.262971293059567301e+01,0.000000000000000000e+00,0.000000000000000000e+00
8.000506210363209902e+01,0.000000000000000000e+00,0.000000000000000000e+00
8.036296982706684844e+01,0.000000000000000000e+00,0.000000000000000000e+00
7.589417268344618606e+01,0.000000000000000000e+00,0.000000000000000000e+00
8.191380769169208520e+01,0.000000000000000000e+00,0.000000000000000000e+00
8.234041667234095030e+01,0.000000000000000000e+00,0.000000000000000000e+00
7.766219507929754684e+01,0.000000000000000000e+00,0.000000000000000000e+00
7.556537810543861156e+01,0.000000000000000000e+00,0.000000000000000000e+00
7.800579324473058307e+01,0.000000000000000000e+00,0.000000000000000000e+00
8.001165397444668770e+01,0.000000000000000000e+00,0.000000000000000000e+00
7.782879904251160497e+01,0.000000000000000000e+00,0.000000000000000000e+00
7.975875114534412091e+01,0.000000000000000000e+00,0.000000000000000000e+00
7.528348622485873420e+01,0.000000000000000000e+00,0.000000000000000000e+00
7.689900867523392947e+01,0.000000000000000000e+00,0.000000000000000000e+00
7.403056100286190144e+01,0.000000000000000000e+00,0.000000000000000000e+00
7.667381529830572617e+01,0.000000000000000000e+00,0.000000000000000000e+00
7.851683911299932106e+01,0.000000000000000000e+00,0.000000000000000000e+00
7.848954685451577973e+01,0.000000000000000000e+00,0.000000000000000000e+00
7.661573278883955140e+01,0.000000000000000000e+00,0.000000000000000000e+00
7.853046634255142067e+01,0.000000000000000000e+00,0.000000000000000000e+00
7.442167241907517905e+01,0.000000000000000000e+00,0.000000000000000000e+00
7.750321066764375644e+01,0.000000000000000000e+00,0.000000000000000000e+00
8.009191046004413295e+01,0.000000000000000000e+00,0.000000000000000000e+00
7.636872999409851559e+01,0.000000000000000000e+00,0.000000000000000000e+00
7.512719611854912216e+01,0.000000000000000000e+00,0.000000000000000000e+00
7.588415618343670133e+01,0.000000000000000000e+00,0.000000000000000000e+00
7.720290648647289800e+01,0.000000000000000000e+00,0.000000000000000000e+00
7.603160967127564618e+01,0.000000000000000000e+00,0.000000000000000000e+00
7.932047181869519648e+01,0.000000000000000000e+00,0.000000000000000000e+00
7.727828261543456279e+01,0.000000000000000000e+00,0.000000000000000000e+00
7.779851488233377665e+01,0.000000000000000000e+00,0.000000000000000000e+00
7.679573306635754193e+01,0.000000000000000000e+00,0.000000000000000000e+00
7.852636913994062695e+01,0.000000000000000000e+00,0.000000000000000000e+00
7.888088735546872954e+01,0.000000000000000000e+00,0.000000000000000000e+00
7.822949809912591945e+01,0.000000000000000000e+00,0.000000000000000000e+00
7.696309793638253893e+01,0.000000000000000000e+00,0.000000000000000000e+00
8.187525539809401209e+01,0.000000000000000000e+00,0.000000000000000000e+00
8.006397333283922535e+01,0.000000000000000000e+00,0.000000000000000000e+00
7.581639537007512786e+01,0.000000000000000000e+00,0.000000000000000000e+00
8.049020762604938284e+01,0.000000000000000000e+00,0.000000000000000000e+00
7.737879943627670798e+01,0.000000000000000000e+00,0.000000000000000000e+00
7.587549330423171057e+01,0.000000000000000000e+00,0.000000000000000000e+00
7.938406615585884651e+01,0.000000000000000000e+00,0.000000000000000000e+00
7.607101821477699843e+01,0.000000000000000000e+00,0.000000000000000000e+00
7.463506560238619159e+01,0.000000000000000000e+00,0.000000000000000000e+00
7.595659932498985256e+01,0.000000000000000000e+00,0.000000000000000000e+00
7.088312013582417137e+01,0.000000000000000000e+00,0.000000000000000000e+00
7.678281496940647344e+01,0.000000000000000000e+00,0.000000000000000000e+00
7.720135534468732885e+01,0.000000000000000000e+00,0.000000000000000000e+00
7.945815463633405784e+01,0.000000000000000000e+00,0.000000000000000000e+00
7.820764211237380437e+01,0.000000000000000000e+00,0.000000000000000000e+00
7.673463130532648790e+01,0.000000000000000000e+00,0.000000000000000000e+00
7.604491809830018667e+01,0.000000000000000000e+00,0.000000000000000000e+00
7.458690749767407624e+01,0.000000000000000000e+00,0.000000000000000000e+00
7.176334743749517031e+01,0.000000000000000000e+00,0.000000000000000000e+00
8.004877253173786755e+01,0.000000000000000000e+00,0.000000000000000000e+00
7.879774021102153370e+01,0.000000000000000000e+00,0.000000000000000000e+00
7.592624035358498702e+01,0.000000000000000000e+00,0.000000000000000000e+00
7.927586575685150194e+01,0.000000000000000000e+00,0.000000000000000000e+00
7.811106404978997375e+01,0.000000000000000000e+00,0.000000000000000000e+00
7.670380601056830017e+01,0.000000000000000000e+00,0.000000000000000000e+00
7.496409595421113181e+01,0.000000000000000000e+00,0.000000000000000000e+00
7.548141073718660721e+01,0.000000000000000000e+00,0.000000000000000000e+00
7.741708408896781179e+01,0.000000000000000000e+00,0.000000000000000000e+00
7.644494696038654524e+01,0.000000000000000000e+00,0.000000000000000000e+00
8.007655879002531663e+01,0.000000000000000000e+00,0.000000000000000000e+00
7.538713745796651722e+01,0.000000000000000000e+00,0.000000000000000000e+00
7.977428440918154706e+01,0.000000000000000000e+00,0.000000000000000000e+00
7.602032413043171744e+01,0.000000000000000000e+00,0.000000000000000000e+00
7.456657839406639710e+01,0.000000000000000000e+00,0.000000000000000000e+00
7.649123832733171469e+01,0.000000000000000000e+00,0.000000000000000000e+00
7.962241824055935524e+01,0.000000000000000000e+00,0.000000000000000000e+00
7.479179537911335274e+01,0.000000000000000000e+00,0.000000000000000000e+00
7.581338231174007092e+01,0.000000000000000000e+00,0.000000000000000000e+00
7.652059699676588878e+01,0.000000000000000000e+00,0.000000000000000000e+00
7.558073835106495153e+01,0.000000000000000000e+00,0.000000000000000000e+00
7.589442338903820939e+01,0.000000000000000000e+00,0.000000000000000000e+00
7.922975970038039861e+01,0.000000000000000000e+00,0.000000000000000000e+00
7.674280020238334998e+01,0.000000000000000000e+00,0.000000000000000000e+00
7.604524104324359257e+01,0.000000000000000000e+00,0.000000000000000000e+00
7.718146929994044569e+01,0.000000000000000000e+00,0.000000000000000000e+00
7.666009274906183180e+01,0.000000000000000000e+00,0.000000000000000000e+00
7.841190799425801572e+01,0.000000000000000000e+00,0.000000000000000000e+00
7.245903740817189487e+01,0.000000000000000000e+00,0.000000000000000000e+00
7.407865564790152746e+01,0.000000000000000000e+00,0.000000000000000000e+00
7.511060182473639202e+01,0.000000000000000000e+00,0.000000000000000000e+00
7.194533953991485475e+01,0.000000000000000000e+00,0.000000000000000000e+00
7.588332626288215010e+01,0.000000000000000000e+00,0.000000000000000000e+00
7.094323503964460542e+01,0.000000000000000000e+00,0.000000000000000000e+00
7.442823523095897542e+01,0.000000000000000000e+00,0.000000000000000000e+00
7.461916736964469976e+01,0.000000000000000000e+00,0.000000000000000000e+00
7.109347710511198670e+01,0.000000000000000000e+00,0.000000000000000000e+00
7.264026357244080145e+01,0.000000000000000000e+00,0.000000000000000000e+00
7.616184725900205876e+01,0.000000000000000000e+00,0.000000000000000000e+00
7.811030376040595513e+01,0.000000000000000000e+00,0.000000000000000000e+00
7.422681688910184050e+01,0.000000000000000000e+00,0.000000000000000000e+00
7.592361857954435322e+01,0.000000000000000000e+00,0.000000000000000000e+00
7.220372480445189467e+01,0.000000000000000000e+00,0.000000000000000000e+00
7.477728316128052199e+01,0.000000000000000000e+00,0.000000000000000000e+00
7.602343343481960858e+01,0.000000000000000000e+00,0.000000000000000000e+00
7.763848532348302456e+01,0.000000000000000000e+00,0.000000000000000000e+00
7.609736501063093783e+01,0.000000000000000000e+00,0.000000000000000000e+00
7.067907587677795789e+01,0.000000000000000000e+00,0.000000000000000000e+00
7.438338658014573923e+01,0.000000000000000000e+00,0.000000000000000000e+00
7.219520360598671971e+01,0.000000000000000000e+00,0.000000000000000000e+00
7.416396969944661066e+01,0.000000000000000000e+00,0.000000000000000000e+00
7.285131776354032240e+01,0.000000000000000000e+00,0.000000000000000000e+00
7.418716386889347802e+01,0.000000000000000000e+00,0.000000000000000000e+00
7.544255928151183355e+01,0.000000000000000000e+00,0.000000000000000000e+00
7.440667671541437755e+01,0.000000000000000000e+00,0.000000000000000000e+00
7.474974323831060019e+01,0.000000000000000000e+00,0.000000000000000000e+00
7.358952631780806541e+01,0.000000000000000000e+00,0.000000000000000000e+00
7.657461257136731092e+01,0.000000000000000000e+00,0.000000000000000000e+00
7.336111662716263027e+01,0.000000000000000000e+00,0.000000000000000000e+00
7.617239006876194196e+01,0.000000000000000000e+00,0.000000000000000000e+00
7.361191400538281471e+01,0.000000000000000000e+00,0.000000000000000000e+00
7.634209664058070643e+01,0.000000000000000000e+00,0.000000000000000000e+00
7.273872576000765378e+01,0.000000000000000000e+00,0.000000000000000000e+00
7.493143161112092798e+01,0.000000000000000000e+00,0.000000000000000000e+00
7.394264746779612096e+01,0.000000000000000000e+00,0.000000000000000000e+00
7.120832546727211820e+01,0.000000000000000000e+00,0.000000000000000000e+00
7.339839939685006698e+01,0.000000000000000000e+00,0.000000000000000000e+00
7.487094875553971463e+01,0.000000000000000000e+00,0.000000000000000000e+00
7.555902252472087355e+01,0.000000000000000000e+00,0.000000000000000000e+00
7.718887028437465858e+01,0.000000000000000000e+00,0.000000000000000000e+00
7.608587155328203266e+01,0.000000000000000000e+00,0.000000000000000000e+00
7.415295235014818331e+01,0.000000000000000000e+00,0.000000000000000000e+00
7.275067610477316293e+01,0.000000000000000000e+00,0.000000000000000000e+00
7.364295711462847294e+01,0.000000000000000000e+00,0.000000000000000000e+00
7.641070751038435560e+01,0.000000000000000000e+00,0.000000000000000000e+00
7.468498212028917749e+01,0.000000000000000000e+00,0.000000000000000000e+00
7.156284059033278311e+01,0.000000000000000000e+00,0.000000000000000000e+00
7.509893886672568897e+01,0.000000000000000000e+00,0.000000000000000000e+00
7.264306560162113158e+01,0.000000000000000000e+00,0.000000000000000000e+00
7.112308432797937030e+01,0.000000000000000000e+00,0.000000000000000000e+00
7.052324777648264842e+01,0.000000000000000000e+00,0.000000000000000000e+00
7.086283080890329700e+01,0.000000000000000000e+00,0.000000000000000000e+00
7.502368632481034183e+01,0.000000000000000000e+00,0.000000000000000000e+00
7.503231173401940168e+01,0.000000000000000000e+00,0.000000000000000000e+00
7.204847627877838079e+01,0.000000000000000000e+00,0.000000000000000000e+00
7.166191293983999344e+01,0.000000000000000000e+00,0.000000000000000000e+00
7.280558041161934568e+01,0.000000000000000000e+00,0.000000000000000000e+00
7.658106989422307720e+01,0.000000000000000000e+00,0.000000000000000000e+00
7.098861840018635405e+01,0.000000000000000000e+00,0.000000000000000000e+00
7.217942306375417161e+01,0.000000000000000000e+00,0.000000000000000000e+00
7.548783907137769233e+01,0.000000000000000000e+00,0.000000000000000000e+00
6.983918179509262814e+01,0.000000000000000000e+00,0.000000000000000000e+00
7.506663691796777016e+01,0.000000000000000000e+00,0.000000000000000000e+00
6.766105697517936335e+01,0.000000000000000000e+00,0.000000000000000000e+00
7.555648557590410519e+01,0.000000000000000000e+00,0.000000000000000000e+00
7.543880042481440285e+01,0.000000000000000000e+00,0.000000000000000000e+00
7.326612344241578967e+01,0.000000000000000000e+00,0.000000000000000000e+00
7.153068040989425924e+01,0.000000000000000000e+00,0.000000000000000000e+00
6.972333871179360187e+01,0.000000000000000000e+00,0.000000000000000000e+00
6.724192524607572352e+01,0.000000000000000000e+00,0.000000000000000000e+00
7.183600582754934294e+01,0.000000000000000000e+00,0.000000000000000000e+00
7.190764223647694564e+01,0.000000000000000000e+00,0.000000000000000000e+00
6.995626219171435878e+01,0.000000000000000000e+00,0.000000000000000000e+00
6.914531513801459539e+01,0.000000000000000000e+00,0.000000000000000000e+00
6.960826142234840574e+01,0.000000000000000000e+00,0.000000000000000000e+00
7.098121091518626713e+01,0.000000000000000000e+00,0.000000000000000000e+00
7.229654968989979125e+01,0.000000000000000000e+00,0.000000000000000000e+00
7.176545151872880979e+01,0.000000000000000000e+00,0.000000000000000000e+00
7.111972429993157618e+01,0.000000000000000000e+00,0.000000000000000000e+00
7.149457386693632088e+01,0.000000000000000000e+00,0.000000000000000000e+00
7.267662815536807841e+01,0.000000000000000000e+00,0.000000000000000000e+00
7.287095063673982054e+01,0.000000000000000000e+00,0.000000000000000000e+00
7.101692294246433335e+01,0.000000000000000000e+00,0.000000000000000000e+00
7.285192927413052644e+01,0.000000000000000000e+00,0.000000000000000000e+00
7.089049720600452531e+01,0.000000000000000000e+00,0.000000000000000000e+00
6.894766912476471532e+01,0.000000000000000000e+00,0.000000000000000000e+00
7.217627329177514639e+01,0.000000000000000000e+00,0.000000000000000000e+00
6.794432264162887236e+01,0.000000000000000000e+00,0.000000000000000000e+00
7.326950750617041308e+01,0.000000000000000000e+00,0.000000000000000000e+00
7.021865328875713885e+01,0.000000000000000000e+00,0.000000000000000000e+00
6.723428131600805102e+01,0.000000000000000000e+00,0.000000000000000000e+00
7.092476350341706848e+01,0.000000000000000000e+00,0.000000000000000000e+00
6.934085349065600212e+01,0.000000000000000000e+00,0.000000000000000000e+00
6.703421414687652202e+01,0.000000000000000000e+00,0.000000000000000000e+00
6.875306984946755051e+01,0.000000000000000000e+00,0.000000000000000000e+00
6.884996051835216235e+01,0.000000000000000000e+00,0.000000000000000000e+00
7.182201232498053400e+01,0.000000000000000000e+00,0.000000000000000000e+00
6.905784994399105869e+01,0.000000000000000000e+00,0.000000000000000000e+00
6.979934771880672884e+01,0.000000000000000000e+00,0.000000000000000000e+00
7.329034492955989322e+01,0.000000000000000000e+00,0.000000000000000000e+00
7.206456948952525465e+01,0.000000000000000000e+00,0.000000000000000000e+00
7.083448856815819283e+01,0.000000000000000000e+00,0.000000000000000000e+00
6.945394677882589463e+01,0.000000000000000000e+00,0.000000000000000000e+00
6.955637652755484623e+01,0.000000000000000000e+00,0.000000000000000000e+00
7.020385401181741258e+01,0.000000000000000000e+00,0.000000000000000000e+00
7.006621945649665406e+01,0.000000000000000000e+00,0.000000000000000000e+00
6.932569276587419438e+01,0.000000000000000000e+00,0.000000000000000000e+00
6.941288515196619358e+01,0.000000000000000000e+00,0.000000000000000000e+00
7.085707201143935663e+01,0.000000000000000000e+00,0.000000000000000000e+00
6.998875528891254305e+01,0.000000000000000000e+00,0.000000000000000000e+00
6.709642736043944922e+01,0.000000000000000000e+00,0.000000000000000000e+00
7.042243453894066363e+01,0.000000000000000000e+00,0.000000000000000000e+00
6.638064590749978322e+01,0.000000000000000000e+00,0.000000000000000000e+00
6.477506653615418486e+01,0.000000000000000000e+00,0.000000000000000000e+00
7.014720930690828027e+01,0.000000000000000000e+00,0.000000000000000000e+00
7.207558609561056073e+01,0.000000000000000000e+00,0.000000000000000000e+00
6.876649378389919320e+01,0.000000000000000000e+00,0.000000000000000000e+00
6.677368781723104973e+01,0.000000000000000000e+00,0.000000000000000000e+00
6.679371133194334220e+01,0.000000000000000000e+00,0.000000000000000000e+00
6.923413231933592726e+01,0.000000000000000000e+00,0.000000000000000000e+00
7.052204137863785149e+01,0.000000000000000000e+00,0.000000000000000000e+00
6.687208636780542292e+01,0.000000000000000000e+00,0.000000000000000000e+00
6.569733226389162439e+01,0.000000000000000000e+00,0.000000000000000000e+00
6.785837114510862023e+01,0.000000000000000000e+00,0.000000000000000000e+00
6.856246442701485933e+01,0.000000000000000000e+00,0.000000000000000000e+00
6.982805875150631891e+01,0.000000000000000000e+00,0.000000000000000000e+00
6.897949339422726212e+01,0.000000000000000000e+00,0.000000000000000000e+00
7.100629151571199316e+01,0.000000000000000000e+00,0.000000000000000000e+00
6.956112808859786867e+01,0.000000000000000000e+00,0.000000000000000000e+00
6.494497386661808491e+01,0.000000000000000000e+00,0.000000000000000000e+00
6.787989020526086392e+01,0.000000000000000000e+00,0.000000000000000000e+00
6.758163429837424019e+01,0.000000000000000000e+00,0.000000000000000000e+00
6.929278927241685437e+01,0.000000000000000000e+00,0.000000000000000000e+00
6.629898594173189963e+01,0.000000000000000000e+00,0.000000000000000000e+00
6.634562305764583812e+01,0.000000000000000000e+00,0.000000000000000000e+00
6.856517739289218127e+01,0.000000000000000000e+00,0.000000000000000000e+00
6.782072081403767072e+01,0.000000000000000000e+00,0.000000000000000000e+00
7.000358797268457067e+01,0.000000000000000000e+00,0.000000000000000000e+00
6.969527790306716497e+01,0.000000000000000000e+00,0.000000000000000000e+00
6.616306860080875651e+01,0.000000000000000000e+00,0.000000000000000000e+00
6.310529353238058548e+01,0.000000000000000000e+00,0.000000000000000000e+00
6.591580875071633727e+01,0.000000000000000000e+00,0.000000000000000000e+00
6.755576018743336419e+01,0.000000000000000000e+00,0.000000000000000000e+00
6.439743924297269473e+01,0.000000000000000000e+00,0.000000000000000000e+00
6.894904074494168356e+01,0.000000000000000000e+00,0.000000000000000000e+00
6.426970421324769234e+01,0.000000000000000000e+00,0.000000000000000000e+00
6.604942450316072211e+01,0.000000000000000000e+00,0.000000000000000000e+00
6.683958033287505884e+01,0.000000000000000000e+00,0.000000000000000000e+00
6.814981608379900990e+01,0.000000000000000000e+00,0.000000000000000000e+00
6.735285590625686325e+01,0.000000000000000000e+00,0.000000000000000000e+00
5.941875261615466286e+01,0.000000000000000000e+00,0.000000000000000000e+00
6.904913837017390676e+01,0.000000000000000000e+00,0.000000000000000000e+00
6.841420303650126300e+01,0.000000000000000000e+00,0.000000000000000000e+00
6.572883405560472170e+01,0.000000000000000000e+00,0.000000000000000000e+00
6.965426095734052581e+01,0.000000000000000000e+00,0.000000000000000000e+00
6.975475193703516652e+01,0.000000000000000000e+00,0.000000000000000000e+00
6.732388347475992418e+01,0.000000000000000000e+00,0.000000000000000000e+00
6.988936492318602234e+01,0.000000000000000000e+00,0.000000000000000000e+00
6.689161972901841580e+01,0.000000000000000000e+00,0.000000000000000000e+00
6.398718916097669052e+01,0.000000000000000000e+00,0.000000000000000000e+00
6.215665936892045806e+01,0.000000000000000000e+00,0.000000000000000000e+00
6.536664095731953239e+01,0.000000000000000000e+00,0.000000000000000000e+00
6.611444397347321456e+01,0.000000000000000000e+00,0.000000000000000000e+00
6.332593308385849440e+01,0.000000000000000000e+00,0.000000000000000000e+00
6.627321943827725192e+01,0.000000000000000000e+00,0.000000000000000000e+00
6.462274464824717768e+01,0.000000000000000000e+00,0.000000000000000000e+00
6.632874479234067167e+01,0.000000000000000000e+00,0.000000000000000000e+00
6.744845897830575154e+01,0.000000000000000000e+00,0.000000000000000000e+00
6.537639533937901604e+01,0.000000000000000000e+00,0.000000000000000000e+00
6.471718881428658676e+01,0.000000000000000000e+00,0.000000000000000000e+00
6.459691503080172481e+01,0.000000000000000000e+00,0.000000000000000000e+00
6.612681645656537910e+01,0.000000000000000000e+00,0.000000000000000000e+00
6.372270655880163304e+01,0.000000000000000000e+00,0.000000000000000000e+00
6.530507937056960088e+01,0.000000000000000000e+00,0.000000000000000000e+00
6.445274311943249756e+01,0.000000000000000000e+00,0.000000000000000000e+00
6.300883826977482727e+01,0.000000000000000000e+00,0.000000000000000000e+00
6.635865183350217933e+01,0.000000000000000000e+00,0.000000000000000000e+00
6.445920944148699050e+01,0.000000000000000000e+00,0.000000000000000000e+00
6.357915355820642844e+01,0.000000000000000000e+00,0.000000000000000000e+00
6.470936657318900131e+01,0.000000000000000000e+00,0.000000000000000000e+00
6.527907449172448651e+01,0.000000000000000000e+00,0.000000000000000000e+00
6.760471114020619154e+01,0.000000000000000000e+00,0.000000000000000000e+00
6.467657743143820426e+01,0.000000000000000000e+00,0.000000000000000000e+00
6.677300595315266207e+01,0.000000000000000000e+00,0.000000000000000000e+00
6.520624151434486748e+01,0.000000000000000000e+00,0.000000000000000000e+00
6.710474334975141630e+01,0.000000000000000000e+00,0.000000000000000000e+00
6.445629000461710234e+01,0.000000000000000000e+00,0.000000000000000000e+00
6.616247429693031279e+01,0.000000000000000000e+00,0.000000000000000000e+00
6.654002510963761097e+01,0.000000000000000000e+00,0.000000000000000000e+00
6.291057076767060607e+01,0.000000000000000000e+00,0.000000000000000000e+00
6.826471187377600813e+01,0.000000000000000000e+00,0.000000000000000000e+00
6.583110730314538728e+01,0.000000000000000000e+00,0.000000000000000000e+00
6.665585890157025517e+01,0.000000000000000000e+00,0.000000000000000000e+00
6.523367763419336995e+01,0.000000000000000000e+00,0.000000000000000000e+00
6.339488427648673508e+01,0.000000000000000000e+00,0.000000000000000000e+00
6.650590315270810038e+01,0.000000000000000000e+00,0.000000000000000000e+00
6.286664621870415459e+01,0.000000000000000000e+00,0.000000000000000000e+00
6.140973769308141073e+01,0.000000000000000000e+00,0.000000000000000000e+00
6.560474152473072706e+01,0.000000000000000000e+00,0.000000000000000000e+00
6.018881584665428619e+01,0.000000000000000000e+00,0.000000000000000000e+00
6.349957515857309431e+01,0.000000000000000000e+00,0.000000000000000000e+00
5.929370261413121312e+01,0.000000000000000000e+00,0.000000000000000000e+00
6.337584804767274704e+01,0.000000000000000000e+00,0.000000000000000000e+00
6.519788124247973826e+01,0.000000000000000000e+00,0.000000000000000000e+00
6.311780134685437815e+01,0.000000000000000000e+00,0.000000000000000000e+00
6.410673666453369890e+01,0.000000000000000000e+00,0.000000000000000000e+00
6.191192072698174798e+01,0.000000000000000000e+00,0.000000000000000000e+00
6.259597509133160997e+01,0.000000000000000000e+00,0.000000000000000000e+00
6.239377994031502084e+01,0.000000000000000000e+00,0.000000000000000000e+00
5.945862110878710638e+01,0.000000000000000000e+00,0.000000000000000000e+00
6.216344790474389015e+01,0.000000000000000000e+00,0.000000000000000000e+00
6.288954780752125373e+01,0.000000000000000000e+00,0.000000000000000000e+00
6.484280442395967725e+01,0.000000000000000000e+00,0.000000000000000000e+00
6.177888617692850204e+01,0.000000000000000000e+00,0.000000000000000000e+00
6.234823111613398794e+01,0.000000000000000000e+00,0.000000000000000000e+00
6.609148704320506340e+01,0.000000000000000000e+00,0.000000000000000000e+00
6.354544358940625415e+01,0.000000000000000000e+00,0.000000000000000000e+00
6.562661114829677445e+01,0.000000000000000000e+00,0.000000000000000000e+00
6.033797363832277227e+01,0.000000000000000000e+00,0.000000000000000000e+00
6.174442389691328970e+01,0.000000000000000000e+00,0.000000000000000000e+00
6.190705933467184252e+01,0.000000000000000000e+00,0.000000000000000000e+00
6.102999711355226964e+01,0.000000000000000000e+00,0.000000000000000000e+00
6.154115300901928975e+01,0.000000000000000000e+00,0.000000000000000000e+00
6.219029752294811431e+01,0.000000000000000000e+00,0.000000000000000000e+00
6.244661939268040385e+01,0.000000000000000000e+00,0.000000000000000000e+00
6.264179492647242142e+01,0.000000000000000000e+00,0.000000000000000000e+00
6.368897326029168227e+01,0.000000000000000000e+00,0.000000000000000000e+00
5.828513356055717054e+01,0.000000000000000000e+00,0.000000000000000000e+00
6.107802433152017585e+01,0.000000000000000000e+00,0.000000000000000000e+00
6.333581130647476698e+01,0.000000000000000000e+00,0.000000000000000000e+00
6.323274527527846089e+01,0.000000000000000000e+00,0.000000000000000000e+00
6.308637078637455176e+01,0.000000000000000000e+00,0.000000000000000000e+00
5.992853595087390772e+01,0.000000000000000000e+00,0.000000000000000000e+00
6.126389086616698876e+01,0.000000000000000000e+00,0.000000000000000000e+00
6.042558784518644188e+01,0.000000000000000000e+00,0.000000000000000000e+00
6.285739171585133533e+01,0.000000000000000000e+00,0.000000000000000000e+00
6.174609782639502953e+01,0.000000000000000000e+00,0.000000000000000000e+00
6.179396922320734831e+01,0.000000000000000000e+00,0.000000000000000000e+00
5.783299654251533184e+01,0.000000000000000000e+00,0.000000000000000000e+00
6.287175234938889190e+01,0.000000000000000000e+00,0.000000000000000000e+00
6.283728738785398349e+01,0.000000000000000000e+00,0.000000000000000000e+00
6.206077935609040708e+01,0.000000000000000000e+00,0.000000000000000000e+00
6.274054664893191102e+01,0.000000000000000000e+00,0.000000000000000000e+00
5.760087806963513657e+01,0.000000000000000000e+00,0.000000000000000000e+00
6.150715928641027830e+01,0.000000000000000000e+00,0.000000000000000000e+00
5.903310392913426341e+01,0.000000000000000000e+00,0.000000000000000000e+00
6.107926094633468495e+01,0.000000000000000000e+00,0.000000000000000000e+00
6.010115732146515199e+01,0.000000000000000000e+00,0.000000000000000000e+00
5.636211497501769685e+01,0.000000000000000000e+00,0.000000000000000000e+00
5.653090152719081374e+01,0.000000000000000000e+00,0.000000000000000000e+00
5.838009064786807301e+01,0.000000000000000000e+00,0.000000000000000000e+00
5.995406959550851411e+01,0.000000000000000000e+00,0.000000000000000000e+00
6.163657731713121279e+01,0.000000000000000000e+00,0.000000000000000000e+00
5.956115793198679853e+01,0.000000000000000000e+00,0.000000000000000000e+00
5.597737363105601105e+01,0.000000000000000000e+00,0.000000000000000000e+00
6.361495356984965355e+01,0.000000000000000000e+00,0.000000000000000000e+00
5.655854466709228490e+01,0.000000000000000000e+00,0.000000000000000000e+00
5.946836516495790192e+01,0.000000000000000000e+00,0.000000000000000000e+00
5.764079577533587440e+01,0.000000000000000000e+00,0.000000000000000000e+00
5.914224061951480849e+01,0.000000000000000000e+00,0.000000000000000000e+00
5.586610609570843167e+01,0.000000000000000000e+00,0.000000000000000000e+00
5.835409894839174427e+01,0.000000000000000000e+00,0.000000000000000000e+00
5.662581545506813541e+01,0.000000000000000000e+00,0.000000000000000000e+00
5.922298409317869528e+01,0.000000000000000000e+00,0.000000000000000000e+00
5.616359399096147342e+01,0.000000000000000000e+00,0.000000000000000000e+00
6.015129916720641035e+01,0.000000000000000000e+00,0.000000000000000000e+00
5.638731003452571144e+01,0.000000000000000000e+00,0.000000000000000000e+00
5.959680231342424150e+01,0.000000000000000000e+00,0.000000000000000000e+00
5.853125911153917116e+01,0.000000000000000000e+00,0.000000000000000000e+00
5.591451141224433030e+01,0.000000000000000000e+00,0.000000000000000000e+00
5.924260677573001033e+01,0.000000000000000000e+00,0.000000000000000000e+00
5.767411982720749819e+01,0.000000000000000000e+00,0.000000000000000000e+00
5.368834738929450623e+01,0.000000000000000000e+00,0.000000000000000000e+00
5.606720662351994378e+01,0.000000000000000000e+00,0.000000000000000000e+00
5.350459096578217100e+01,0.000000000000000000e+00,0.000000000000000000e+00
5.601553302370149368e+01,0.000000000000000000e+00,0.000000000000000000e+00
5.675985150902140930e+01,0.000000000000000000e+00,0.000000000000000000e+00
5.500391205733593836e+01,0.000000000000000000e+00,0.000000000000000000e+00
5.935162384273667868e+01,0.000000000000000000e+00,0.000000000000000000e+00
5.829427486786585888e+01,0.000000000000000000e+00,0.000000000000000000e+00
5.877383262744314862e+01,0.000000000000000000e+00,0.000000000000000000e+00
5.485204031732014585e+01,0.000000000000000000e+00,0.000000000000000000e+00
5.891936228232844996e+01,0.000000000000000000e+00,0.000000000000000000e+00
5.715252519654826813e+01,0.000000000000000000e+00,0.000000000000000000e+00
5.763190296127747558e+01,0.000000000000000000e+00,0.000000000000000000e+00
5.816407726952486001e+01,0.000000000000000000e+00,0.000000000000000000e+00
6.021689627672441247e+01,0.000000000000000000e+00,0.000000000000000000e+00
5.730339778126512584e+01,0.000000000000000000e+00,0.000000000000000000e+00
5.617306910807881337e+01,0.000000000000000000e+00,0.000000000000000000e+00
5.704213264433400354e+01,0.000000000000000000e+00,0.000000000000000000e+00
5.411374358657093353e+01,0.000000000000000000e+00,0.000000000000000000e+00
5.849391061810802483e+01,0.000000000000000000e+00,0.000000000000000000e+00
5.557574511926260641e+01,0.000000000000000000e+00,0.000000000000000000e+00
5.812605238067996538e+01,0.000000000000000000e+00,0.000000000000000000e+00
5.397274984380108265e+01,0.000000000000000000e+00,0.000000000000000000e+00
5.312558685816407689e+01,0.000000000000000000e+00,0.000000000000000000e+00
5.435631845885178137e+01,0.000000000000000000e+00,0.000000000000000000e+00
5.594886545253616816e+01,0.000000000000000000e+00,0.000000000000000000e+00
5.558154514723410955e+01,0.000000000000000000e+00,0.000000000000000000e+00
5.598820368520289747e+01,0.000000000000000000e+00,0.000000000000000000e+00
5.405339100231235250e+01,0.000000000000000000e+00,0.000000000000000000e+00
5.596884238981544968e+01,0.000000000000000000e+00,0.000000000000000000e+00
5.140533508111930416e+01,0.000000000000000000e+00,0.000000000000000000e+00
5.278306555243798215e+01,0.000000000000000000e+00,0.000000000000000000e+00
5.774455568791202609e+01,0.000000000000000000e+00,0.000000000000000000e+00
5.931885749236164429e+01,0.000000000000000000e+00,0.000000000000000000e+00
5.314498835495799511e+01,0.000000000000000000e+00,0.000000000000000000e+00
5.527738253248853084e+01,0.000000000000000000e+00,0.000000000000000000e+00
5.344389202054627930e+01,0.000000000000000000e+00,0.000000000000000000e+00
5.527702599685068208e+01,0.000000000000000000e+00,0.000000000000000000e+00
5.538972058155307110e+01,0.000000000000000000e+00,0.000000000000000000e+00
5.290100486953464554e+01,0.000000000000000000e+00,0.000000000000000000e+00
5.525670600099154939e+01,0.000000000000000000e+00,0.000000000000000000e+00
5.426061265628841568e+01,0.000000000000000000e+00,0.000000000000000000e+00
5.674987334412610807e+01,0.000000000000000000e+00,0.000000000000000000e+00
5.538334019650390161e+01,0.000000000000000000e+00,0.000000000000000000e+00
5.634915154217937783e+01,0.000000000000000000e+00,0.000000000000000000e+00
5.472878503480645662e+01,0.000000000000000000e+00,0.000000000000000000e+00
5.087191934773750290e+01,0.000000000000000000e+00,0.000000000000000000e+00
5.537505165022979270e+01,0.000000000000000000e+00,0.000000000000000000e+00
5.478402399574259363e+01,0.000000000000000000e+00,0.000000000000000000e+00
5.410021074819770348e+01,0.000000000000000000e+00,0.000000000000000000e+00
5.438227223502565977e+01,0.000000000000000000e+00,0.000000000000000000e+00
5.322363905220702662e+01,0.000000000000000000e+00,0.000000000000000000e+00
5.039374942258420731e+01,0.000000000000000000e+00,0.000000000000000000e+00
5.207449177403363905e+01,0.000000000000000000e+00,0.000000000000000000e+00
5.363044686293348917e+01,0.000000000000000000e+00,0.000000000000000000e+00
5.447659133797364461e+01,0.000000000000000000e+00,0.000000000000000000e+00
5.288534196177395330e+01,0.000000000000000000e+00,0.000000000000000000e+00
5.326817150787845634e+01,0.000000000000000000e+00,0.000000000000000000e+00
5.599004176193966487e+01,0.000000000000000000e+00,0.000000000000000000e+00
5.348634495119326715e+01,0.000000000000000000e+00,0.000000000000000000e+00
5.291662972450220792e+01,0.000000000000000000e+00,0.000000000000000000e+00
5.155748649488301538e+01,0.000000000000000000e+00,0.000000000000000000e+00
5.353670766354685639e+01,0.000000000000000000e+00,0.000000000000000000e+00
5.324911156546584579e+01,0.000000000000000000e+00,0.000000000000000000e+00
5.522992941411996526e+01,0.000000000000000000e+00,0.000000000000000000e+00
5.157362948373790346e+01,0.000000000000000000e+00,0.000000000000000000e+00
5.700276680127068119e+01,0.000000000000000000e+00,0.000000000000000000e+00
5.523658120298215835e+01,0.000000000000000000e+00,0.000000000000000000e+00
5.113728640299568440e+01,0.000000000000000000e+00,0.000000000000000000e+00
5.357187158734966914e+01,0.000000000000000000e+00,0.000000000000000000e+00
5.115558436998993130e+01,0.000000000000000000e+00,0.000000000000000000e+00
4.993044050541719514e+01,0.000000000000000000e+00,0.000000000000000000e+00
4.795552837872036633e+01,0.000000000000000000e+00,0.000000000000000000e+00
4.904710855283705939e+01,0.000000000000000000e+00,0.000000000000000000e+00
5.132311165945130682e+01,0.000000000000000000e+00,0.000000000000000000e+00
5.272286250469390012e+01,0.000000000000000000e+00,0.000000000000000000e+00
4.993028620061464551e+01,0.000000000000000000e+00,0.000000000000000000e+00
5.316462058409874913e+01,0.000000000000000000e+00,0.000000000000000000e+00
5.133757858998342272e+01,0.000000000000000000e+00,0.000000000000000000e+00
5.085973469793561463e+01,0.000000000000000000e+00,0.000000000000000000e+00
5.139138339692335933e+01,0.000000000000000000e+00,0.000000000000000000e+00
5.012841430213924099e+01,0.000000000000000000e+00,0.000000000000000000e+00
5.257619980536291138e+01,0.000000000000000000e+00,0.000000000000000000e+00
5.518416096902461732e+01,0.000000000000000000e+00,0.000000000000000000e+00
5.094700964304102087e+01,0.000000000000000000e+00,0.000000000000000000e+00
4.930032154785811827e+01,0.000000000000000000e+00,0.000000000000000000e+00
5.198379958463974759e+01,0.000000000000000000e+00,0.000000000000000000e+00
5.094619488028951793e+01,0.000000000000000000e+00,0.000000000000000000e+00
4.808720464414992790e+01,0.000000000000000000e+00,0.000000000000000000e+00
5.205099289891193592e+01,0.000000000000000000e+00,0.000000000000000000e+00
4.489232684667326367e+01,0.000000000000000000e+00,0.000000000000000000e+00
4.931785151666348099e+01,0.000000000000000000e+00,0.000000000000000000e+00
5.489539556136432452e+01,0.000000000000000000e+00,0.000000000000000000e+00
5.011207689092698558e+01,0.000000000000000000e+00,0.000000000000000000e+00
4.995174816493076975e+01,0.000000000000000000e+00,0.000000000000000000e+00
4.757559667379614865e+01,0.000000000000000000e+00,0.000000000000000000e+00
5.122140756584681753e+01,0.000000000000000000e+00,0.000000000000000000e+00
4.883260890129373877e+01,0.000000000000000000e+00,0.000000000000000000e+00
5.303476787748543586e+01,0.000000000000000000e+00,0.000000000000000000e+00
5.044889353398809817e+01,0.000000000000000000e+00,0.000000000000000000e+00
4.966577685778002405e+01,0.000000000000000000e+00,0.000000000000000000e+00
4.668619598643016388e+01,0.000000000000000000e+00,0.000000000000000000e+00
5.080230750884531687e+01,0.000000000000000000e+00,0.000000000000000000e+00
4.834475106216620333e+01,0.000000000000000000e+00,0.000000000000000000e+00
5.139752846183981205e+01,0.000000000000000000e+00,0.000000000000000000e+00
4.711853914577181257e+01,0.000000000000000000e+00,0.000000000000000000e+00
5.004863943880958033e+01,0.000000000000000000e+00,0.000000000000000000e+00
4.969542392196722602e+01,0.000000000000000000e+00,0.000000000000000000e+00
4.979017198514517872e+01,0.000000000000000000e+00,0.000000000000000000e+00
4.843707386200497211e+01,0.000000000000000000e+00,0.000000000000000000e+00
4.966566636822795289e+01,0.000000000000000000e+00,0.000000000000000000e+00
5.011269020830236087e+01,0.000000000000000000e+00,0.000000000000000000e+00
4.871917418834861735e+01,0.000000000000000000e+00,0.000000000000000000e+00
4.916329372882108117e+01,0.000000000000000000e+00,0.000000000000000000e+00
4.788163704399549658e+01,0.000000000000000000e+00,0.000000000000000000e+00
4.766278524569258934e+01,0.000000000000000000e+00,0.000000000000000000e+00
4.945498065624441608e+01,0.000000000000000000e+00,0.000000000000000000e+00
4.453346221757119139e+01,0.000000000000000000e+00,0.000000000000000000e+00
5.021199402662787747e+01,0.000000000000000000e+00,0.000000000000000000e+00
4.964942006331840929e+01,0.000000000000000000e+00,0.000000000000000000e+00
4.973305753444752497e+01,0.000000000000000000e+00,0.000000000000000000e+00
5.157596244791436391e+01,0.000000000000000000e+00,0.000000000000000000e+00
4.749092817919723331e+01,0.000000000000000000e+00,0.000000000000000000e+00
4.795931489598452657e+01,0.000000000000000000e+00,0.000000000000000000e+00
4.851686998079499347e+01,0.000000000000000000e+00,0.000000000000000000e+00
4.391255059015715290e+01,0.000000000000000000e+00,0.000000000000000000e+00
4.716116268373006193e+01,0.000000000000000000e+00,0.000000000000000000e+00
4.672900363798081003e+01,0.000000000000000000e+00,0.000000000000000000e+00
4.476110691582501744e+01,0.000000000000000000e+00,0.000000000000000000e+00
4.754577682138798878e+01,0.000000000000000000e+00,0.000000000000000000e+00
4.988856364056012893e+01,0.000000000000000000e+00,0.000000000000000000e+00
4.822946564965090488e+01,0.000000000000000000e+00,0.000000000000000000e+00
4.343855764917398687e+01,0.000000000000000000e+00,0.000000000000000000e+00
4.583229420670021170e+01,0.000000000000000000e+00,0.000000000000000000e+00
4.958065565108583428e+01,0.000000000000000000e+00,0.000000000000000000e+00
4.803796107849530017e+01,0.000000000000000000e+00,0.000000000000000000e+00
4.797117390945597748e+01,0.000000000000000000e+00,0.000000000000000000e+00
5.020090176009752980e+01,0.000000000000000000e+00,0.000000000000000000e+00
4.425864672799591659e+01,0.000000000000000000e+00,0.000000000000000000e+00
4.513712651805595755e+01,0.000000000000000000e+00,0.000000000000000000e+00
4.732912838496069696e+01,0.000000000000000000e+00,0.000000000000000000e+00
4.571976855455871203e+01,0.000000000000000000e+00,0.000000000000000000e+00
5.099092456341314517e+01,0.000000000000000000e+00,0.000000000000000000e+00
4.602869360049377434e+01,0.000000000000000000e+00,0.000000000000000000e+00
4.532360958384923322e+01,0.000000000000000000e+00,0.000000000000000000e+00
4.604392738013974196e+01,0.000000000000000000e+00,0.000000000000000000e+00
4.372673886633551632e+01,0.000000000000000000e+00,0.000000000000000000e+00
4.527314310552395682e+01,0.000000000000000000e+00,0.000000000000000000e+00
4.306989526726964357e+01,0.000000000000000000e+00,0.000000000000000000e+00
4.742094041952050532e+01,0.000000000000000000e+00,0.000000000000000000e+00
4.520276516366519104e+01,0.000000000000000000e+00,0.000000000000000000e+00
4.593995375586321472e+01,0.000000000000000000e+00,0.000000000000000000e+00
4.609595793443151734e+01,0.000000000000000000e+00,0.000000000000000000e+00
4.576316049880426107e+01,0.000000000000000000e+00,0.000000000000000000e+00
4.641308552592925452e+01,0.000000000000000000e+00,0.000000000000000000e+00
4.589865192805277161e+01,0.000000000000000000e+00,0.000000000000000000e+00
4.513329164827828066e+01,0.000000000000000000e+00,0.000000000000000000e+00
4.453544738366147016e+01,0.000000000000000000e+00,0.000000000000000000e+00
4.680009688238677512e+01,0.000000000000000000e+00,0.000000000000000000e+00
4.599009759107838136e+01,0.000000000000000000e+00,0.000000000000000000e+00
4.350229155176459273e+01,0.000000000000000000e+00,0.000000000000000000e+00
4.541380053858203780e+01,0.000000000000000000e+00,0.000000000000000000e+00
4.823378871578597682e+01,0.000000000000000000e+00,0.000000000000000000e+00
4.617265229746733723e+01,0.000000000000000000e+00,0.000000000000000000e+00
4.936987817277829294e+01,0.000000000000000000e+00,0.000000000000000000e+00
3.843266742584364692e+01,0.000000000000000000e+00,0.000000000000000000e+00
4.351874480295124670e+01,0.000000000000000000e+00,0.000000000000000000e+00
4.502463965525902978e+01,0.000000000000000000e+00,0.000000000000000000e+00
4.467710256870418561e+01,0.000000000000000000e+00,0.000000000000000000e+00
3.918900544723741319e+01,0.000000000000000000e+00,0.000000000000000000e+00
4.177256058474287670e+01,0.000000000000000000e+00,0.000000000000000000e+00
4.367141605170634477e+01,0.000000000000000000e+00,0.000000000000000000e+00
4.336825103201280740e+01,0.000000000000000000e+00,0.000000000000000000e+00
4.256479319093098468e+01,0.000000000000000000e+00,0.000000000000000000e+00
4.332238030999438649e+01,0.000000000000000000e+00,0.000000000000000000e+00
4.403015888754254092e+01,0.000000000000000000e+00,0.000000000000000000e+00
4.657401665011465042e+01,0.000000000000000000e+00,0.000000000000000000e+00
4.531956237138812327e+01,0.000000000000000000e+00,0.000000000000000000e+00
4.460252192959256234e+01,0.000000000000000000e+00,0.000000000000000000e+00
3.826111699000404087e+01,0.000000000000000000e+00,0.000000000000000000e+00
4.153552532163349298e+01,0.000000000000000000e+00,0.000000000000000000e+00
4.366124806629237298e+01,0.000000000000000000e+00,0.000000000000000000e+00
4.374418306915755750e+01,0.000000000000000000e+00,0.000000000000000000e+00
4.811184525851268745e+01,0.000000000000000000e+00,0.000000000000000000e+00
4.137696361815952883e+01,0.000000000000000000e+00,0.000000000000000000e+00
4.580295767179743649e+01,0.000000000000000000e+00,0.000000000000000000e+00
4.411307447937208792e+01,0.000000000000000000e+00,0.000000000000000000e+00
4.038542499209788161e+01,0.000000000000000000e+00,0.000000000000000000e+00
4.172130261825699193e+01,0.000000000000000000e+00,0.000000000000000000e+00
3.890715062521336876e+01,0.000000000000000000e+00,0.000000000000000000e+00
4.059032973478078077e+01,0.000000000000000000e+00,0.000000000000000000e+00
4.169322019365694842e+01,0.000000000000000000e+00,0.000000000000000000e+00
4.640906924865494432e+01,0.000000000000000000e+00,0.000000000000000000e+00
4.096621754437087759e+01,0.000000000000000000e+00,0.000000000000000000e+00
4.175550194242253355e+01,0.000000000000000000e+00,0.000000000000000000e+00
4.218271507223702343e+01,0.000000000000000000e+00,0.000000000000000000e+00
4.138834791614008424e+01,0.000000000000000000e+00,0.000000000000000000e+00
4.366646607082732601e+01,0.000000000000000000e+00,0.000000000000000000e+00
4.299104204278096120e+01,0.000000000000000000e+00,0.000000000000000000e+00
4.206429742428745300e+01,0.000000000000000000e+00,0.000000000000000000e+00
4.240007362572277572e+01,0.000000000000000000e+00,0.000000000000000000e+00
3.861531131121415683e+01,0.000000000000000000e+00,0.000000000000000000e+00
4.209837834271336021e+01,0.000000000000000000e+00,0.000000000000000000e+00
4.313823211171804672e+01,0.000000000000000000e+00,0.000000000000000000e+00
4.012740405088356255e+01,0.000000000000000000e+00,0.000000000000000000e+00
3.975822911295559692e+01,0.000000000000000000e+00,0.000000000000000000e+00
4.077983729891251130e+01,0.000000000000000000e+00,0.000000000000000000e+00
4.157806101791570796e+01,0.000000000000000000e+00,0.000000000000000000e+00
3.674998922714024729e+01,0.000000000000000000e+00,0.000000000000000000e+00
3.779817680269679414e+01,0.000000000000000000e+00,0.000000000000000000e+00
3.922813670206944181e+01,0.000000000000000000e+00,0.000000000000000000e+00
4.018253879501863679e+01,0.000000000000000000e+00,0.000000000000000000e+00
4.256782771417050526e+01,0.000000000000000000e+00,0.000000000000000000e+00
3.908561730544589352e+01,0.000000000000000000e+00,0.000000000000000000e+00
4.114247014238725342e+01,0.000000000000000000e+00,0.000000000000000000e+00
4.087147827056580951e+01,0.000000000000000000e+00,0.000000000000000000e+00
4.142741332621655204e+01,0.000000000000000000e+00,0.000000000000000000e+00
4.144307465140873603e+01,0.000000000000000000e+00,0.000000000000000000e+00
3.805353365746847771e+01,0.000000000000000000e+00,0.000000000000000000e+00
3.877985633334778726e+01,0.000000000000000000e+00,0.000000000000000000e+00
3.740728444430543220e+01,0.000000000000000000e+00,0.000000000000000000e+00
3.986754159008660281e+01,0.000000000000000000e+00,0.000000000000000000e+00
4.026833970767655302e+01,0.000000000000000000e+00,0.000000000000000000e+00
4.071383187355966982e+01,0.000000000000000000e+00,0.000000000000000000e+00
4.126069641333629789e+01,0.000000000000000000e+00,0.000000000000000000e+00
3.998631411642656275e+01,0.000000000000000000e+00,0.000000000000000000e+00
3.925534489834721086e+01,0.000000000000000000e+00,0.000000000000000000e+00
3.932443036296931638e+01,0.000000000000000000e+00,0.000000000000000000e+00
3.959279062360941737e+01,0.000000000000000000e+00,0.000000000000000000e+00
3.633885837288678999e+01,0.000000000000000000e+00,0.000000000000000000e+00
4.151611656365373193e+01,0.000000000000000000e+00,0.000000000000000000e+00
3.855780418183491776e+01,0.000000000000000000e+00,0.000000000000000000e+00
3.998572823617782035e+01,0.000000000000000000e+00,0.000000000000000000e+00
3.855133748145389205e+01,0.000000000000000000e+00,0.000000000000000000e+00
3.897103378145889963e+01,0.000000000000000000e+00,0.000000000000000000e+00
3.869437960780957297e+01,0.000000000000000000e+00,0.000000000000000000e+00
3.864851037134743450e+01,0.000000000000000000e+00,0.000000000000000000e+00
3.902465251229233445e+01,0.000000000000000000e+00,0.000000000000000000e+00
4.131284092111823725e+01,0.000000000000000000e+00,0.000000000000000000e+00
4.205413472159369803e+01,0.000000000000000000e+00,0.000000000000000000e+00
3.858253263698544089e+01,0.000000000000000000e+00,0.000000000000000000e+00
3.761608134693123873e+01,0.000000000000000000e+00,0.000000000000000000e+00
3.746887905584884493e+01,0.000000000000000000e+00,0.000000000000000000e+00
4.044745070549781474e+01,0.000000000000000000e+00,0.000000000000000000e+00
3.975895474433004750e+01,0.000000000000000000e+00,0.000000000000000000e+00
3.742507640661570889e+01,0.000000000000000000e+00,0.000000000000000000e+00
3.992828215108954026e+01,0.000000000000000000e+00,0.000000000000000000e+00
3.857893724225004917e+01,0.000000000000000000e+00,0.000000000000000000e+00
3.745010040087652925e+01,0.000000000000000000e+00,0.000000000000000000e+00
3.732948874454131527e+01,0.000000000000000000e+00,0.000000000000000000e+00
3.657860999364853427e+01,0.000000000000000000e+00,0.000000000000000000e+00
4.365182664239881660e+01,0.000000000000000000e+00,0.000000000000000000e+00
3.829568315246687860e+01,0.000000000000000000e+00,0.000000000000000000e+00
3.670071338385297111e+01,0.000000000000000000e+00,0.000000000000000000e+00
3.889630058189857920e+01,0.000000000000000000e+00,0.000000000000000000e+00
3.879551775386645573e+01,0.000000000000000000e+00,0.000000000000000000e+00
3.090243383086305329e+01,0.000000000000000000e+00,0.000000000000000000e+00
3.566368481855907646e+01,0.000000000000000000e+00,0.000000000000000000e+00
3.589437113925836087e+01,0.000000000000000000e+00,0.000000000000000000e+00
3.998233601960338035e+01,0.000000000000000000e+00,0.000000000000000000e+00
3.941751732703431088e+01,0.000000000000000000e+00,0.000000000000000000e+00
3.553920177099685418e+01,0.000000000000000000e+00,0.000000000000000000e+00
3.554303884941973735e+01,0.000000000000000000e+00,0.000000000000000000e+00
3.592155794801284685e+01,0.000000000000000000e+00,0.000000000000000000e+00
3.447944461594691035e+01,0.000000000000000000e+00,0.000000000000000000e+00
3.953870127761350517e+01,0.000000000000000000e+00,0.000000000000000000e+00
3.917775702429756279e+01,0.000000000000000000e+00,0.000000000000000000e+00
3.236227423507286716e+01,0.000000000000000000e+00,0.000000000000000000e+00
3.637928799362042298e+01,0.000000000000000000e+00,0.000000000000000000e+00
3.493914532961866826e+01,0.000000000000000000e+00,0.000000000000000000e+00
3.764137797525345519e+01,0.000000000000000000e+00,0.000000000000000000e+00
3.763671976827038179e+01,0.000000000000000000e+00,0.000000000000000000e+00
3.580456411650631310e+01,0.000000000000000000e+00,0.000000000000000000e+00
3.828198843156283004e+01,0.000000000000000000e+00,0.000000000000000000e+00
3.170551486615577019e+01,0.000000000000000000e+00,0.000000000000000000e+00
3.583832041765239751e+01,0.000000000000000000e+00,0.000000000000000000e+00
3.320401472732261539e+01,0.000000000000000000e+00,0.000000000000000000e+00
3.183365156725891154e+01,0.000000000000000000e+00,0.000000000000000000e+00
3.498363746301873789e+01,0.000000000000000000e+00,0.000000000000000000e+00
3.616476661005016524e+01,0.000000000000000000e+00,0.000000000000000000e+00
3.763895828270702992e+01,0.000000000000000000e+00,0.000000000000000000e+00
3.433361285106905569e+01,0.000000000000000000e+00,0.000000000000000000e+00
3.552227052073251912e+01,0.000000000000000000e+00,0.000000000000000000e+00
3.597316648025745423e+01,0.000000000000000000e+00,0.000000000000000000e+00
3.795403246940863085e+01,0.000000000000000000e+00,0.000000000000000000e+00
3.691303932222950834e+01,0.000000000000000000e+00,0.000000000000000000e+00
3.350469985282979479e+01,0.000000000000000000e+00,0.000000000000000000e+00
3.185243941061564499e+01,0.000000000000000000e+00,0.000000000000000000e+00
3.778056868529819212e+01,0.000000000000000000e+00,0.000000000000000000e+00
3.413723216816131867e+01,0.000000000000000000e+00,0.000000000000000000e+00
3.627201111173082637e+01,0.000000000000000000e+00,0.000000000000000000e+00
3.566886117031045700e+01,0.000000000000000000e+00,0.000000000000000000e+00
3.073170374547301975e+01,0.000000000000000000e+00,0.000000000000000000e+00
3.668270972757541415e+01,0.000000000000000000e+00,0.000000000000000000e+00
3.424157037470993004e+01,0.000000000000000000e+00,0.000000000000000000e+00
3.064852304198046795e+01,0.000000000000000000e+00,0.000000000000000000e+00
3.656528099964991441e+01,0.000000000000000000e+00,0.000000000000000000e+00
3.548157378955030339e+01,0.000000000000000000e+00,0.000000000000000000e+00
3.076900326829948895e+01,0.000000000000000000e+00,0.000000000000000000e+00
3.631232188856764509e+01,0.000000000000000000e+00,0.000000000000000000e+00
3.505583685051679055e+01,0.000000000000000000e+00,0.000000000000000000e+00
3.442278047136354502e+01,0.000000000000000000e+00,0.000000000000000000e+00
3.425612040554594273e+01,0.000000000000000000e+00,0.000000000000000000e+00
3.545171965909772638e+01,0.000000000000000000e+00,0.000000000000000000e+00
3.675749238012417663e+01,0.000000000000000000e+00,0.000000000000000000e+00
3.399338479937218693e+01,0.000000000000000000e+00,0.000000000000000000e+00
3.448643345164747132e+01,0.000000000000000000e+00,0.000000000000000000e+00
3.201501291778476599e+01,0.000000000000000000e+00,0.000000000000000000e+00
3.406591728286115739e+01,0.000000000000000000e+00,0.000000000000000000e+00
3.552908816599205011e+01,0.000000000000000000e+00,0.000000000000000000e+00
3.280490788737711938e+01,0.000000000000000000e+00,0.000000000000000000e+00
3.351857282752104084e+01,0.000000000000000000e+00,0.000000000000000000e+00
3.244481281370031667e+01,0.000000000000000000e+00,0.000000000000000000e+00
3.409317540367895560e+01,0.000000000000000000e+00,0.000000000000000000e+00
3.333132937935560847e+01,0.000000000000000000e+00,0.000000000000000000e+00
3.282677994098687435e+01,0.000000000000000000e+00,0.000000000000000000e+00
3.156354380709954199e+01,0.000000000000000000e+00,0.000000000000000000e+00
3.192899402525299735e+01,0.000000000000000000e+00,0.000000000000000000e+00
3.278361520568933685e+01,0.000000000000000000e+00,0.000000000000000000e+00
3.052493706229999404e+01,0.000000000000000000e+00,0.000000000000000000e+00
3.296945758913143010e+01,0.000000000000000000e+00,0.000000000000000000e+00
3.176200550044086057e+01,0.000000000000000000e+00,0.000000000000000000e+00
3.452236869361026805e+01,0.000000000000000000e+00,0.000000000000000000e+00
3.239885760236977319e+01,0.000000000000000000e+00,0.000000000000000000e+00
3.449106564850447398e+01,0.000000000000000000e+00,0.000000000000000000e+00
3.485923888019911487e+01,0.000000000000000000e+00,0.000000000000000000e+00
3.217419990418133580e+01,0.000000000000000000e+00,0.000000000000000000e+00
3.589094854042009075e+01,0.000000000000000000e+00,0.000000000000000000e+00
3.247279915041496423e+01,0.000000000000000000e+00,0.000000000000000000e+00
3.235150597593386124e+01,0.000000000000000000e+00,0.000000000000000000e+00
3.052254187816558328e+01,0.000000000000000000e+00,0.000000000000000000e+00
3.095994112952143595e+01,0.000000000000000000e+00,0.000000000000000000e+00
3.275383404275054744e+01,0.000000000000000000e+00,0.000000000000000000e+00
3.240143246494928775e+01,0.000000000000000000e+00,0.000000000000000000e+00
3.252088752001845506e+01,0.000000000000000000e+00,0.000000000000000000e+00
3.183694970238723698e+01,0.000000000000000000e+00,0.000000000000000000e+00
2.554413178352442415e+01,0.000000000000000000e+00,0.000000000000000000e+00
3.114658405819353959e+01,0.000000000000000000e+00,0.000000000000000000e+00
3.380594343726952644e+01,0.000000000000000000e+00,0.000000000000000000e+00
3.035449036095400999e+01,0.000000000000000000e+00,0.000000000000000000e+00
2.864739015842680914e+01,0.000000000000000000e+00,0.000000000000000000e+00
3.180839294312821508e+01,0.000000000000000000e+00,0.000000000000000000e+00
3.071560630618753152e+01,0.000000000000000000e+00,0.000000000000000000e+00
3.503950163109693960e+01,0.000000000000000000e+00,0.000000000000000000e+00
3.267481615477453261e+01,0.000000000000000000e+00,0.000000000000000000e+00
3.345699961357347263e+01,0.000000000000000000e+00,0.000000000000000000e+00
2.804786956904368367e+01,0.000000000000000000e+00,0.000000000000000000e+00
3.261400631497802749e+01,0.000000000000000000e+00,0.000000000000000000e+00
3.111508441493112898e+01,0.000000000000000000e+00,0.000000000000000000e+00
3.053039400682295224e+01,0.000000000000000000e+00,0.000000000000000000e+00
3.186437925609746813e+01,0.000000000000000000e+00,0.000000000000000000e+00
3.119137089365538884e+01,0.000000000000000000e+00,0.000000000000000000e+00
3.378926169015948489e+01,0.000000000000000000e+00,0.000000000000000000e+00
2.972906486846855856e+01,0.000000000000000000e+00,0.000000000000000000e+00
2.918638672437596071e+01,0.000000000000000000e+00,0.000000000000000000e+00
2.921309549213584589e+01,0.000000000000000000e+00,0.000000000000000000e+00
2.456319522110304732e+01,0.000000000000000000e+00,0.000000000000000000e+00
2.887654421139700034e+01,0.000000000000000000e+00,0.000000000000000000e+00
2.885402837493965578e+01,0.000000000000000000e+00,0.000000000000000000e+00
3.232659784915739465e+01,0.000000000000000000e+00,0.000000000000000000e+00
2.729694349998167269e+01,0.000000000000000000e+00,0.000000000000000000e+00
2.954417064439911300e+01,0.000000000000000000e+00,0.000000000000000000e+00
3.047875431740672525e+01,0.000000000000000000e+00,0.000000000000000000e+00
3.109723423873001735e+01,0.000000000000000000e+00,0.000000000000000000e+00
3.098919939421420722e+01,0.000000000000000000e+00,0.000000000000000000e+00
3.069890546342193005e+01,0.000000000000000000e+00,0.000000000000000000e+00
3.188827954134852760e+01,0.000000000000000000e+00,0.000000000000000000e+00
3.406873383845323389e+01,0.000000000000000000e+00,0.000000000000000000e+00
2.860526961923837774e+01,0.000000000000000000e+00,0.000000000000000000e+00
3.199723903890744836e+01,0.000000000000000000e+00,0.000000000000000000e+00
3.178610482697677497e+01,0.000000000000000000e+00,0.000000000000000000e+00
2.969718728179543277e+01,0.000000000000000000e+00,0.000000000000000000e+00
3.003862910667009345e+01,0.000000000000000000e+00,0.000000000000000000e+00
3.198040740332295684e+01,0.000000000000000000e+00,0.000000000000000000e+00
2.705925298054210515e+01,0.000000000000000000e+00,0.000000000000000000e+00
2.968793201776678714e+01,0.000000000000000000e+00,0.000000000000000000e+00
2.783779868547324199e+01,0.000000000000000000e+00,0.000000000000000000e+00
3.035249979875418092e+01,0.000000000000000000e+00,0.000000000000000000e+00
2.877699253829839421e+01,0.000000000000000000e+00,0.000000000000000000e+00
2.815525801531240901e+01,0.000000000000000000e+00,0.000000000000000000e+00
2.830723142421576455e+01,0.000000000000000000e+00,0.000000000000000000e+00
3.112175946978240404e+01,0.000000000000000000e+00,0.000000000000000000e+00
3.046159714955032172e+01,0.000000000000000000e+00,0.000000000000000000e+00
2.902881137860484984e+01,0.000000000000000000e+00,0.000000000000000000e+00
3.041267285541888299e+01,0.000000000000000000e+00,0.000000000000000000e+00
2.789103751034891232e+01,0.000000000000000000e+00,0.000000000000000000e+00
2.976891488705507882e+01,0.000000000000000000e+00,0.000000000000000000e+00
2.842414853014308207e+01,0.000000000000000000e+00,0.000000000000000000e+00
2.927938725527367936e+01,0.000000000000000000e+00,0.000000000000000000e+00
2.555764643483811582e+01,0.000000000000000000e+00,0.000000000000000000e+00
2.828146593399352327e+01,0.000000000000000000e+00,0.000000000000000000e+00
2.831248376407138068e+01,0.000000000000000000e+00,0.000000000000000000e+00
2.892825166996150088e+01,0.000000000000000000e+00,0.000000000000000000e+00
2.845057816567908304e+01,0.000000000000000000e+00,0.000000000000000000e+00
2.556618493950035642e+01,0.000000000000000000e+00,0.000000000000000000e+00
3.089942172958125610e+01,0.000000000000000000e+00,0.000000000000000000e+00
2.444039896107985044e+01,0.000000000000000000e+00,0.000000000000000000e+00
2.942649199309001062e+01,0.000000000000000000e+00,0.000000000000000000e+00
2.487427009315307203e+01,0.000000000000000000e+00,0.000000000000000000e+00
2.750143389014523265e+01,0.000000000000000000e+00,0.000000000000000000e+00
2.590707589813001022e+01,0.000000000000000000e+00,0.000000000000000000e+00
2.745605738846432686e+01,0.000000000000000000e+00,0.000000000000000000e+00
2.894925710791855877e+01,0.000000000000000000e+00,0.000000000000000000e+00
2.397513390744101258e+01,0.000000000000000000e+00,0.000000000000000000e+00
2.722931087911267412e+01,0.000000000000000000e+00,0.000000000000000000e+00
2.911555461514145904e+01,0.000000000000000000e+00,0.000000000000000000e+00
2.702277531834882751e+01,0.000000000000000000e+00,0.000000000000000000e+00
2.689253556814065504e+01,0.000000000000000000e+00,0.000000000000000000e+00
2.710953427962051165e+01,0.000000000000000000e+00,0.000000000000000000e+00
2.933958838492551990e+01,0.000000000000000000e+00,0.000000000000000000e+00
2.840301080337163597e+01,0.000000000000000000e+00,0.000000000000000000e+00
3.178592926810401309e+01,0.000000000000000000e+00,0.000000000000000000e+00
2.558468008116484427e+01,0.000000000000000000e+00,0.000000000000000000e+00
2.704753136533111402e+01,0.000000000000000000e+00,0.000000000000000000e+00
2.761566181121147778e+01,0.000000000000000000e+00,0.000000000000000000e+00
2.481435356287191851e+01,0.000000000000000000e+00,0.000000000000000000e+00
2.732511713612137783e+01,0.000000000000000000e+00,0.000000000000000000e+00
2.723122524426695534e+01,0.000000000000000000e+00,0.000000000000000000e+00
2.767305488278125836e+01,0.000000000000000000e+00,0.000000000000000000e+00
3.016508527893872937e+01,0.000000000000000000e+00,0.000000000000000000e+00
2.591563741549590816e+01,0.000000000000000000e+00,0.000000000000000000e+00
2.904439049274104079e+01,0.000000000000000000e+00,0.000000000000000000e+00
2.462451871311779072e+01,0.000000000000000000e+00,0.000000000000000000e+00
2.796789535674957250e+01,0.000000000000000000e+00,0.000000000000000000e+00
3.104029715618154484e+01,0.000000000000000000e+00,0.000000000000000000e+00
2.638003737392088865e+01,0.000000000000000000e+00,0.000000000000000000e+00
2.952872988963455825e+01,0.000000000000000000e+00,0.000000000000000000e+00
2.326246686714473810e+01,0.000000000000000000e+00,0.000000000000000000e+00
2.656773113940246489e+01,0.000000000000000000e+00,0.000000000000000000e+00
2.246749977839861856e+01,0.000000000000000000e+00,0.000000000000000000e+00
2.586997360246370548e+01,0.000000000000000000e+00,0.000000000000000000e+00
2.662683370149819240e+01,0.000000000000000000e+00,0.000000000000000000e+00
2.524961673415479169e+01,0.000000000000000000e+00,0.000000000000000000e+00
2.524797426764802921e+01,0.000000000000000000e+00,0.000000000000000000e+00
2.405356953073101067e+01,0.000000000000000000e+00,0.000000000000000000e+00
2.532614077796748830e+01,0.000000000000000000e+00,0.000000000000000000e+00
2.542086433499212816e+01,0.000000000000000000e+00,0.000000000000000000e+00
2.477283045994446908e+01,0.000000000000000000e+00,0.000000000000000000e+00
2.487851919526424638e+01,0.000000000000000000e+00,0.000000000000000000e+00
2.386421071784577208e+01,0.000000000000000000e+00,0.000000000000000000e+00
2.430282846580992029e+01,0.000000000000000000e+00,0.000000000000000000e+00
2.739941644594213699e+01,0.000000000000000000e+00,0.000000000000000000e+00
2.547418234444752727e+01,0.000000000000000000e+00,0.000000000000000000e+00
2.553096590954095291e+01,0.000000000000000000e+00,0.000000000000000000e+00
2.555781863733050940e+01,0.000000000000000000e+00,0.000000000000000000e+00
2.611763346475676073e+01,0.000000000000000000e+00,0.000000000000000000e+00
2.836518651671029900e+01,0.000000000000000000e+00,0.000000000000000000e+00
2.496523254188393182e+01,0.000000000000000000e+00,0.000000000000000000e+00
2.855792494243036472e+01,0.000000000000000000e+00,0.000000000000000000e+00
2.242573534673552871e+01,0.000000000000000000e+00,0.000000000000000000e+00
2.408158037736766488e+01,0.000000000000000000e+00,0.000000000000000000e+00
2.739396460687651214e+01,0.000000000000000000e+00,0.000000000000000000e+00
2.546933981198832342e+01,0.000000000000000000e+00,0.000000000000000000e+00
2.605265535779542319e+01,0.000000000000000000e+00,0.000000000000000000e+00
2.285910807102660058e+01,0.000000000000000000e+00,0.000000000000000000e+00
2.690153610773549531e+01,0.000000000000000000e+00,0.000000000000000000e+00
2.202004006660015278e+01,0.000000000000000000e+00,0.000000000000000000e+00
2.877749772226323799e+01,0.000000000000000000e+00,0.000000000000000000e+00
2.071625296928941040e+01,0.000000000000000000e+00,0.000000000000000000e+00
2.485621174828019520e+01,0.000000000000000000e+00,0.000000000000000000e+00
2.720524671865996780e+01,0.000000000000000000e+00,0.000000000000000000e+00
2.778902154755444087e+01,0.000000000000000000e+00,0.000000000000000000e+00
2.659331588236755195e+01,0.000000000000000000e+00,0.000000000000000000e+00
2.507552562612579905e+01,0.000000000000000000e+00,0.000000000000000000e+00
2.618156474085365915e+01,0.000000000000000000e+00,0.000000000000000000e+00
2.473040339087273409e+01,0.000000000000000000e+00,0.000000000000000000e+00
2.325185285859263828e+01,0.000000000000000000e+00,0.000000000000000000e+00
2.619186038759010060e+01,0.000000000000000000e+00,0.000000000000000000e+00
2.444902174245307336e+01,0.000000000000000000e+00,0.000000000000000000e+00
2.176356422666957258e+01,0.000000000000000000e+00,0.000000000000000000e+00
2.246833848455252891e+01,0.000000000000000000e+00,0.000000000000000000e+00
1.790673817506621646e+01,0.000000000000000000e+00,0.000000000000000000e+00
2.420918747439247198e+01,0.000000000000000000e+00,0.000000000000000000e+00
2.200454708501052536e+01,0.000000000000000000e+00,0.000000000000000000e+00
2.310747506536261042e+01,0.000000000000000000e+00,0.000000000000000000e+00
2.763152407629935681e+01,0.000000000000000000e+00,0.000000000000000000e+00
2.615675334953851916e+01,0.000000000000000000e+00,0.000000000000000000e+00
2.230809072951936045e+01,0.000000000000000000e+00,0.000000000000000000e+00
2.623558105192281431e+01,0.000000000000000000e+00,0.000000000000000000e+00
2.583157458468444645e+01,0.000000000000000000e+00,0.000000000000000000e+00
2.573964705757397198e+01,0.000000000000000000e+00,0.000000000000000000e+00
2.344059856956978649e+01,0.000000000000000000e+00,0.000000000000000000e+00
2.638115292803985668e+01,0.000000000000000000e+00,0.000000000000000000e+00
2.609980690520405133e+01,0.000000000000000000e+00,0.000000000000000000e+00
2.328450023642634648e+01,0.000000000000000000e+00,0.000000000000000000e+00
2.401127411728122141e+01,0.000000000000000000e+00,0.000000000000000000e+00
2.459414824887027251e+01,0.000000000000000000e+00,0.000000000000000000e+00
2.473479313228284937e+01,0.000000000000000000e+00,0.000000000000000000e+00
2.446932754179684721e+01,0.000000000000000000e+00,0.000000000000000000e+00
2.325779154447015529e+01,0.000000000000000000e+00,0.000000000000000000e+00
2.016022485536685593e+01,0.000000000000000000e+00,0.000000000000000000e+00
2.288651205101989561e+01,0.000000000000000000e+00,0.000000000000000000e+00
2.313707970732551189e+01,0.000000000000000000e+00,0.000000000000000000e+00
2.066131944889508532e+01,0.000000000000000000e+00,0.000000000000000000e+00
2.365471317449842559e+01,0.000000000000000000e+00,0.000000000000000000e+00
2.273525432381651612e+01,0.000000000000000000e+00,0.000000000000000000e+00
2.410469824328349020e+01,0.000000000000000000e+00,0.000000000000000000e+00
2.665045378453145730e+01,0.000000000000000000e+00,0.000000000000000000e+00
2.266266860450601683e+01,0.000000000000000000e+00,0.000000000000000000e+00
2.140414456907324947e+01,0.000000000000000000e+00,0.000000000000000000e+00
2.436331814555822106e+01,0.000000000000000000e+00,0.000000000000000000e+00
2.228037982688378449e+01,0.000000000000000000e+00,0.000000000000000000e+00
2.425213980273695569e+01,0.000000000000000000e+00,0.000000000000000000e+00
2.346351631068520405e+01,0.000000000000000000e+00,0.000000000000000000e+00
2.420701564373173298e+01,0.000000000000000000e+00,0.000000000000000000e+00
2.406810957135670392e+01,0.000000000000000000e+00,0.000000000000000000e+00
2.177245760261472896e+01,0.000000000000000000e+00,0.000000000000000000e+00
2.246109878175023766e+01,0.000000000000000000e+00,0.000000000000000000e+00
2.032144853183850586e+01,0.000000000000000000e+00,0.000000000000000000e+00
2.239889509251135635e+01,0.000000000000000000e+00,0.000000000000000000e+00
2.279619628724670832e+01,0.000000000000000000e+00,0.000000000000000000e+00
2.486568020142549429e+01,0.000000000000000000e+00,0.000000000000000000e+00
2.358415192358710399e+01,0.000000000000000000e+00,0.000000000000000000e+00
2.535913272035936927e+01,0.000000000000000000e+00,0.000000000000000000e+00
2.450182198311645010e+01,0.000000000000000000e+00,0.000000000000000000e+00
2.297287410480484482e+01,0.000000000000000000e+00,0.000000000000000000e+00
2.105087304393827807e+01,0.000000000000000000e+00,0.000000000000000000e+00
2.287941603336646423e+01,0.000000000000000000e+00,0.000000000000000000e+00
2.046388935477274273e+01,0.000000000000000000e+00,0.000000000000000000e+00
2.456438520866995390e+01,0.000000000000000000e+00,0.000000000000000000e+00
2.158392894526922134e+01,0.000000000000000000e+00,0.000000000000000000e+00
2.149966213101837553e+01,0.000000000000000000e+00,0.000000000000000000e+00
2.369315870144738057e+01,0.000000000000000000e+00,0.000000000000000000e+00
1.945825370654995012e+01,0.000000000000000000e+00,0.000000000000000000e+00
2.406387718300989320e+01,0.000000000000000000e+00,0.000000000000000000e+00
2.432296491980792297e+01,0.000000000000000000e+00,0.000000000000000000e+00
2.338495498002031781e+01,0.000000000000000000e+00,0.000000000000000000e+00
2.161070090536988886e+01,0.000000000000000000e+00,0.000000000000000000e+00
2.324907961388137778e+01,0.000000000000000000e+00,0.000000000000000000e+00
2.085059859798484183e+01,0.000000000000000000e+00,0.000000000000000000e+00
1.905346097582633291e+01,0.000000000000000000e+00,0.000000000000000000e+00
2.081942509679890208e+01,0.000000000000000000e+00,0.000000000000000000e+00
2.359474915808024065e+01,0.000000000000000000e+00,0.000000000000000000e+00
2.356065488066787950e+01,0.000000000000000000e+00,0.000000000000000000e+00
2.288041716469076903e+01,0.000000000000000000e+00,0.000000000000000000e+00
2.343294290275221314e+01,0.000000000000000000e+00,0.000000000000000000e+00
2.136422853021330326e+01,0.000000000000000000e+00,0.000000000000000000e+00
1.976326151123434727e+01,0.000000000000000000e+00,0.000000000000000000e+00
1.980250070905885096e+01,0.000000000000000000e+00,0.000000000000000000e+00
2.067816777657905547e+01,0.000000000000000000e+00,0.000000000000000000e+00
2.143118532584458436e+01,0.000000000000000000e+00,0.000000000000000000e+00
1.948043595212564583e+01,0.000000000000000000e+00,0.000000000000000000e+00
1.836838161811543912e+01,0.000000000000000000e+00,0.000000000000000000e+00
2.051292532252085721e+01,0.000000000000000000e+00,0.000000000000000000e+00
2.213700303804102276e+01,0.000000000000000000e+00,0.000000000000000000e+00
2.018930644626276205e+01,0.000000000000000000e+00,0.000000000000000000e+00
2.173516380428347006e+01,0.000000000000000000e+00,0.000000000000000000e+00
1.913671433295963809e+01,0.000000000000000000e+00,0.000000000000000000e+00
1.882131462969320168e+01,0.000000000000000000e+00,0.000000000000000000e+00
2.250772942325373549e+01,0.000000000000000000e+00,0.000000000000000000e+00
2.430041445103894304e+01,0.000000000000000000e+00,0.000000000000000000e+00
2.272750897171138007e+01,0.000000000000000000e+00,0.000000000000000000e+00
2.061599986540022655e+01,0.000000000000000000e+00,0.000000000000000000e+00
2.128379987490796310e+01,0.000000000000000000e+00,0.000000000000000000e+00
2.266091988876416963e+01,0.000000000000000000e+00,0.000000000000000000e+00
1.988860672702332266e+01,0.000000000000000000e+00,0.000000000000000000e+00
1.843735941773621789e+01,0.000000000000000000e+00,0.000000000000000000e+00
1.951382329537706184e+01,0.000000000000000000e+00,0.000000000000000000e+00
1.982154223239705715e+01,0.000000000000000000e+00,0.000000000000000000e+00
1.603902413739596255e+01,0.000000000000000000e+00,0.000000000000000000e+00
1.803141160696428003e+01,0.000000000000000000e+00,0.000000000000000000e+00
1.949744516010404638e+01,0.000000000000000000e+00,0.000000000000000000e+00
1.620706061626847116e+01,0.000000000000000000e+00,0.000000000000000000e+00
2.247666824370742944e+01,0.000000000000000000e+00,0.000000000000000000e+00
2.467299219335634675e+01,0.000000000000000000e+00,0.000000000000000000e+00
1.714218605449189425e+01,0.000000000000000000e+00,0.000000000000000000e+00
2.284545764662479428e+01,0.000000000000000000e+00,0.000000000000000000e+00
2.012897193801542883e+01,0.000000000000000000e+00,0.000000000000000000e+00
2.013902834776176576e+01,0.000000000000000000e+00,0.000000000000000000e+00
1.938510756004573565e+01,0.000000000000000000e+00,0.000000000000000000e+00
1.845676996399806669e+01,0.000000000000000000e+00,0.000000000000000000e+00
2.115992385184456381e+01,0.000000000000000000e+00,0.000000000000000000e+00
2.078758699712410163e+01,0.000000000000000000e+00,0.000000000000000000e+00
2.189631750801508048e+01,0.000000000000000000e+00,0.000000000000000000e+00
1.948514033128375900e+01,0.000000000000000000e+00,0.000000000000000000e+00
2.628166577645617252e+01,0.000000000000000000e+00,0.000000000000000000e+00
2.649566254454256864e+01,0.000000000000000000e+00,0.000000000000000000e+00
2.132092141466774748e+01,0.000000000000000000e+00,0.000000000000000000e+00
2.371386199322738619e+01,0.000000000000000000e+00,0.000000000000000000e+00
1.864452849509593690e+01,0.000000000000000000e+00,0.000000000000000000e+00
1.934851731733731484e+01,0.000000000000000000e+00,0.000000000000000000e+00
1.920690218258757298e+01,0.000000000000000000e+00,0.000000000000000000e+00
2.120592152103895955e+01,0.000000000000000000e+00,0.000000000000000000e+00
2.022031142232184209e+01,0.000000000000000000e+00,0.000000000000000000e+00
1.882450505750297154e+01,0.000000000000000000e+00,0.000000000000000000e+00
1.755292226306476877e+01,0.000000000000000000e+00,0.000000000000000000e+00
2.149503491389278409e+01,0.000000000000000000e+00,0.000000000000000000e+00
1.824134978949591002e+01,0.000000000000000000e+00,0.000000000000000000e+00
2.198941955234425194e+01,0.000000000000000000e+00,0.000000000000000000e+00
2.381437981533410309e+01,0.000000000000000000e+00,0.000000000000000000e+00
1.824616187702234171e+01,0.000000000000000000e+00,0.000000000000000000e+00
2.187846519507586152e+01,0.000000000000000000e+00,0.000000000000000000e+00
2.089912019841489510e+01,0.000000000000000000e+00,0.000000000000000000e+00
2.346928764551182311e+01,0.000000000000000000e+00,0.000000000000000000e+00
1.637911718648149062e+01,0.000000000000000000e+00,0.000000000000000000e+00
2.106465997836859572e+01,0.000000000000000000e+00,0.000000000000000000e+00
2.017647601121059253e+01,0.000000000000000000e+00,0.000000000000000000e+00
2.056174846918002430e+01,0.000000000000000000e+00,0.000000000000000000e+00
1.968794897034224789e+01,0.000000000000000000e+00,0.000000000000000000e+00
2.119405004989820540e+01,0.000000000000000000e+00,0.000000000000000000e+00
2.280914453080009352e+01,0.000000000000000000e+00,0.000000000000000000e+00
2.133981648592396141e+01,0.000000000000000000e+00,0.000000000000000000e+00
1.810668986261056546e+01,0.000000000000000000e+00,0.000000000000000000e+00
2.021252405000566554e+01,0.000000000000000000e+00,0.000000000000000000e+00
2.107070467020729154e+01,0.000000000000000000e+00,0.000000000000000000e+00
2.127968312448066257e+01,0.000000000000000000e+00,0.000000000000000000e+00
1.888077079219866405e+01,0.000000000000000000e+00,0.000000000000000000e+00
2.586407525038151789e+01,0.000000000000000000e+00,0.000000000000000000e+00
2.366013897969696700e+01,0.000000000000000000e+00,0.000000000000000000e+00
2.227294094920413414e+01,0.000000000000000000e+00,0.000000000000000000e+00
1.925359698647827500e+01,0.000000000000000000e+00,0.000000000000000000e+00
2.179224497234567437e+01,0.000000000000000000e+00,0.000000000000000000e+00
2.044786497976707906e+01,0.000000000000000000e+00,0.000000000000000000e+00
2.069416077539933596e+01,0.000000000000000000e+00,0.000000000000000000e+00
1.956855382151821132e+01,0.000000000000000000e+00,0.000000000000000000e+00
2.309639529150665993e+01,0.000000000000000000e+00,0.000000000000000000e+00
1.845981121723545826e+01,0.000000000000000000e+00,0.000000000000000000e+00
2.216958047712916979e+01,0.000000000000000000e+00,0.000000000000000000e+00
2.437410381460188091e+01,0.000000000000000000e+00,0.000000000000000000e+00
1.912000933554806892e+01,0.000000000000000000e+00,0.000000000000000000e+00
1.848530442800415230e+01,0.000000000000000000e+00,0.000000000000000000e+00
2.128474611929232196e+01,0.000000000000000000e+00,0.000000000000000000e+00
2.254714156269674774e+01,0.000000000000000000e+00,0.000000000000000000e+00
2.335121762774743814e+01,0.000000000000000000e+00,0.000000000000000000e+00
2.016967045906397971e+01,0.000000000000000000e+00,0.000000000000000000e+00
2.188854549309522923e+01,0.000000000000000000e+00,0.000000000000000000e+00
2.212009101666805222e+01,0.000000000000000000e+00,0.000000000000000000e+00
1.950811068264557591e+01,0.000000000000000000e+00,0.000000000000000000e+00
2.286903973346390018e+01,0.000000000000000000e+00,0.000000000000000000e+00
2.074832382215486248e+01,0.000000000000000000e+00,0.000000000000000000e+00
1.955406334485350683e+01,0.000000000000000000e+00,0.000000000000000000e+00
2.070670466417906752e+01,0.000000000000000000e+00,0.000000000000000000e+00
2.055748355653964765e+01,0.000000000000000000e+00,0.000000000000000000e+00
1.862764578331205811e+01,0.000000000000000000e+00,0.000000000000000000e+00
1.975123934684940963e+01,0.000000000000000000e+00,0.000000000000000000e+00
1.857023900724492549e+01,0.000000000000000000e+00,0.000000000000000000e+00
2.027386195580529105e+01,0.000000000000000000e+00,0.000000000000000000e+00
2.165135803245248525e+01,0.000000000000000000e+00,0.000000000000000000e+00
1.995174088744793650e+01,0.000000000000000000e+00,0.000000000000000000e+00
2.058350751505895460e+01,0.000000000000000000e+00,0.000000000000000000e+00
1.826370020251937021e+01,0.000000000000000000e+00,0.000000000000000000e+00
2.375775718198486430e+01,0.000000000000000000e+00,0.000000000000000000e+00
2.043984727868490126e+01,0.000000000000000000e+00,0.000000000000000000e+00
1.890041461163830760e+01,0.000000000000000000e+00,0.000000000000000000e+00
2.131690460989483782e+01,0.000000000000000000e+00,0.000000000000000000e+00
2.037074585119275127e+01,0.000000000000000000e+00,0.000000000000000000e+00
2.269155502524231593e+01,0.000000000000000000e+00,0.000000000000000000e+00
2.034649361109849508e+01,0.000000000000000000e+00,0.000000000000000000e+00
2.019061981783995208e+01,0.000000000000000000e+00,0.000000000000000000e+00
1.959953039555644239e+01,0.000000000000000000e+00,0.000000000000000000e+00
1.746045229421013545e+01,0.000000000000000000e+00,0.000000000000000000e+00
2.146531800932106293e+01,0.000000000000000000e+00,0.000000000000000000e+00
1.995822639879864724e+01,0.000000000000000000e+00,0.000000000000000000e+00
1.952002920471931802e+01,0.000000000000000000e+00,0.000000000000000000e+00
2.113934839052280523e+01,0.000000000000000000e+00,0.000000000000000000e+00
2.006992667434754551e+01,0.000000000000000000e+00,0.000000000000000000e+00
1.917201945058775436e+01,0.000000000000000000e+00,0.000000000000000000e+00
1.982531577241573117e+01,0.000000000000000000e+00,0.000000000000000000e+00
1.833453315502366010e+01,0.000000000000000000e+00,0.000000000000000000e+00
1.883167710772953285e+01,0.000000000000000000e+00,0.000000000000000000e+00
1.673786093488357096e+01,0.000000000000000000e+00,0.000000000000000000e+00
2.094104155580731330e+01,0.000000000000000000e+00,0.000000000000000000e+00
2.022078803274730419e+01,0.000000000000000000e+00,0.000000000000000000e+00
1.904638947125813075e+01,0.000000000000000000e+00,0.000000000000000000e+00
2.231739322305832474e+01,0.000000000000000000e+00,0.000000000000000000e+00
1.957555460989001972e+01,0.000000000000000000e+00,0.000000000000000000e+00
2.474322032237772717e+01,0.000000000000000000e+00,0.000000000000000000e+00
1.891834541756280430e+01,0.000000000000000000e+00,0.000000000000000000e+00
2.261698697513734047e+01,0.000000000000000000e+00,0.000000000000000000e+00
2.143414901612653622e+01,0.000000000000000000e+00,0.000000000000000000e+00
1.940177216115345971e+01,0.000000000000000000e+00,0.000000000000000000e+00
2.185140914580461668e+01,0.000000000000000000e+00,0.000000000000000000e+00
1.899550063793231658e+01,0.000000000000000000e+00,0.000000000000000000e+00
2.203757482774254939e+01,0.000000000000000000e+00,0.000000000000000000e+00
2.204760929011398929e+01,0.000000000000000000e+00,0.000000000000000000e+00
1.753602463596678973e+01,0.000000000000000000e+00,0.000000000000000000e+00
2.128631194836677665e+01,0.000000000000000000e+00,0.000000000000000000e+00
2.049413168295530596e+01,0.000000000000000000e+00,0.000000000000000000e+00
1.902019266700503763e+01,0.000000000000000000e+00,0.000000000000000000e+00
2.052364574995786484e+01,0.000000000000000000e+00,0.000000000000000000e+00
1.792975836983376325e+01,0.000000000000000000e+00,0.000000000000000000e+00
1.794259906976492047e+01,0.000000000000000000e+00,0.000000000000000000e+00
2.217173884040962406e+01,0.000000000000000000e+00,0.000000000000000000e+00
2.158704223801848343e+01,0.000000000000000000e+00,0.000000000000000000e+00
1.896888050509620527e+01,0.000000000000000000e+00,0.000000000000000000e+00
1.827142010453790277e+01,0.000000000000000000e+00,0.000000000000000000e+00
2.345520275354198247e+01,0.000000000000000000e+00,0.000000000000000000e+00
2.077564450820399955e+01,0.000000000000000000e+00,0.000000000000000000e+00
2.065056416809531825e+01,0.000000000000000000e+00,0.000000000000000000e+00
2.356481296577014461e+01,0.000000000000000000e+00,0.000000000000000000e+00
2.072250748035204637e+01,0.000000000000000000e+00,0.000000000000000000e+00
1.961364481724496045e+01,0.000000000000000000e+00,0.000000000000000000e+00
2.170270519707257506e+01,0.000000000000000000e+00,0.000000000000000000e+00
2.066202150114345315e+01,0.000000000000000000e+00,0.000000000000000000e+00
2.072051761258640568e+01,0.000000000000000000e+00,0.000000000000000000e+00
1.654825469993774334e+01,0.000000000000000000e+00,0.000000000000000000e+00
1.994080442128624142e+01,0.000000000000000000e+00,0.000000000000000000e+00
2.169189482855514228e+01,0.000000000000000000e+00,0.000000000000000000e+00
1.894902351103586469e+01,0.000000000000000000e+00,0.000000000000000000e+00
2.246638598317733226e+01,0.000000000000000000e+00,0.000000000000000000e+00
2.342242323386825831e+01,0.000000000000000000e+00,0.000000000000000000e+00
2.137887377212918238e+01,0.000000000000000000e+00,0.000000000000000000e+00
2.055023694798025247e+01,0.000000000000000000e+00,0.000000000000000000e+00
1.979741445498257235e+01,0.000000000000000000e+00,0.000000000000000000e+00
1.336304101589169768e+01,0.000000000000000000e+00,0.000000000000000000e+00
1.960433489290818443e+01,0.000000000000000000e+00,0.000000000000000000e+00
2.272376221134802776e+01,0.000000000000000000e+00,0.000000000000000000e+00
2.159807551915897150e+01,0.000000000000000000e+00,0.000000000000000000e+00
2.201108048488809743e+01,0.000000000000000000e+00,0.000000000000000000e+00
1.901579288072514018e+01,0.000000000000000000e+00,0.000000000000000000e+00
2.125103982340917597e+01,0.000000000000000000e+00,0.000000000000000000e+00
2.133155343345269017e+01,0.000000000000000000e+00,0.000000000000000000e+00
2.291161651534878985e+01,0.000000000000000000e+00,0.000000000000000000e+00
2.057223601775142896e+01,0.000000000000000000e+00,0.000000000000000000e+00
2.234020892214913800e+01,0.000000000000000000e+00,0.000000000000000000e+00
2.096910998771549473e+01,0.000000000000000000e+00,0.000000000000000000e+00
2.107751919212553560e+01,0.000000000000000000e+00,0.000000000000000000e+00
1.641995683106809878e+01,0.000000000000000000e+00,0.000000000000000000e+00
1.892929817717685381e+01,0.000000000000000000e+00,0.000000000000000000e+00
1.845966351362147506e+01,0.000000000000000000e+00,0.000000000000000000e+00
1.674999059150180614e+01,0.000000000000000000e+00,0.000000000000000000e+00
2.223632998848307807e+01,0.000000000000000000e+00,0.000000000000000000e+00
2.003676370964589637e+01,0.000000000000000000e+00,0.000000000000000000e+00
2.213079685709115907e+01,0.000000000000000000e+00,0.000000000000000000e+00
1.968578363433227452e+01,0.000000000000000000e+00,0.000000000000000000e+00
2.166562500745486020e+01,0.000000000000000000e+00,0.000000000000000000e+00
1.749203943477138168e+01,0.000000000000000000e+00,0.000000000000000000e+00
1.776415457195019698e+01,0.000000000000000000e+00,0.000000000000000000e+00
2.201248414893498406e+01,0.000000000000000000e+00,0.000000000000000000e+00
1.993474293178149992e+01,0.000000000000000000e+00,0.000000000000000000e+00
1.965242344930704377e+01,0.000000000000000000e+00,0.000000000000000000e+00
1.782575950501626494e+01,0.000000000000000000e+00,0.000000000000000000e+00
2.116826764697218977e+01,0.000000000000000000e+00,0.000000000000000000e+00
2.337068986993459774e+01,0.000000000000000000e+00,0.000000000000000000e+00
2.376180265108721557e+01,0.000000000000000000e+00,0.000000000000000000e+00
2.064366453131567525e+01,0.000000000000000000e+00,0.000000000000000000e+00
2.070462695883526649e+01,0.000000000000000000e+00,0.000000000000000000e+00
1.803853110759861877e+01,0.000000000000000000e+00,0.000000000000000000e+00
1.724369459379827774e+01,0.000000000000000000e+00,0.000000000000000000e+00
2.340138142014483691e+01,0.000000000000000000e+00,0.000000000000000000e+00
2.157425551530627317e+01,0.000000000000000000e+00,0.000000000000000000e+00
2.422284452756039386e+01,0.000000000000000000e+00,0.000000000000000000e+00
1.973447457506513203e+01,0.000000000000000000e+00,0.000000000000000000e+00
1.530534629535272373e+01,0.000000000000000000e+00,0.000000000000000000e+00
2.042486884255445290e+01,0.000000000000000000e+00,0.000000000000000000e+00
2.218847021532241470e+01,0.000000000000000000e+00,0.000000000000000000e+00
1.807618548255020485e+01,0.000000000000000000e+00,0.000000000000000000e+00
2.164753259536695040e+01,0.000000000000000000e+00,0.000000000000000000e+00
1.986234183035125511e+01,0.000000000000000000e+00,0.000000000000000000e+00
1.915962039736668032e+01,0.000000000000000000e+00,0.000000000000000000e+00
1.762492882730616728e+01,0.000000000000000000e+00,0.000000000000000000e+00
2.260762654234431324e+01,0.000000000000000000e+00,0.000000000000000000e+00
2.158010860897903882e+01,0.000000000000000000e+00,0.000000000000000000e+00
2.286620425237535414e+01,0.000000000000000000e+00,0.000000000000000000e+00
2.195163790508195945e+01,0.000000000000000000e+00,0.000000000000000000e+00
1.990584430912620562e+01,0.000000000000000000e+00,0.000000000000000000e+00
2.394453020608144556e+01,0.000000000000000000e+00,0.000000000000000000e+00
2.051966383696074914e+01,0.000000000000000000e+00,0.000000000000000000e+00
1.962699405154415544e+01,0.000000000000000000e+00,0.000000000000000000e+00
2.409103150897225376e+01,0.000000000000000000e+00,0.000000000000000000e+00
1.936697595150446460e+01,0.000000000000000000e+00,0.000000000000000000e+00
2.215970715600312246e+01,0.000000000000000000e+00,0.000000000000000000e+00
2.199568494108119054e+01,0.000000000000000000e+00,0.000000000000000000e+00
2.020249525628285880e+01,0.000000000000000000e+00,0.000000000000000000e+00
2.205024640892158061e+01,0.000000000000000000e+00,0.000000000000000000e+00
2.425794179604570644e+01,0.000000000000000000e+00,0.000000000000000000e+00
2.475250544089351123e+01,0.000000000000000000e+00,0.000000000000000000e+00
1.803242448505552531e+01,0.000000000000000000e+00,0.000000000000000000e+00
2.230366749619675204e+01,0.000000000000000000e+00,0.000000000000000000e+00
2.243592163289592634e+01,0.000000000000000000e+00,0.000000000000000000e+00
2.445723570029570126e+01,0.000000000000000000e+00,0.000000000000000000e+00
2.387359571302658878e+01,0.000000000000000000e+00,0.000000000000000000e+00
2.540956267614688713e+01,0.000000000000000000e+00,0.000000000000000000e+00
1.872566610010473198e+01,0.000000000000000000e+00,0.000000000000000000e+00
2.244902404885630176e+01,0.000000000000000000e+00,0.000000000000000000e+00
1.918309609103839364e+01,0.000000000000000000e+00,0.000000000000000000e+00
2.360907231075064061e+01,0.000000000000000000e+00,0.000000000000000000e+00
2.200550113759439341e+01,0.000000000000000000e+00,0.000000000000000000e+00
2.123352182802995713e+01,0.000000000000000000e+00,0.000000000000000000e+00
2.013029326046354939e+01,0.000000000000000000e+00,0.000000000000000000e+00
2.190519547494444197e+01,0.000000000000000000e+00,0.000000000000000000e+00
2.119999746965218179e+01,0.000000000000000000e+00,0.000000000000000000e+00
1.804864775526069209e+01,0.000000000000000000e+00,0.000000000000000000e+00
1.999216574134257840e+01,0.000000000000000000e+00,0.000000000000000000e+00
1.897524792137220118e+01,0.000000000000000000e+00,0.000000000000000000e+00
2.054371304700144307e+01,0.000000000000000000e+00,0.000000000000000000e+00
2.311674862221936166e+01,0.000000000000000000e+00,0.000000000000000000e+00
2.172400262839302698e+01,0.000000000000000000e+00,0.000000000000000000e+00
2.268717729723591603e+01,0.000000000000000000e+00,0.000000000000000000e+00
2.208035275090081484e+01,0.000000000000000000e+00,0.000000000000000000e+00
2.156166026163107219e+01,0.000000000000000000e+00,0.000000000000000000e+00
2.125667174756750200e+01,0.000000000000000000e+00,0.000000000000000000e+00
1.829251188753496393e+01,0.000000000000000000e+00,0.000000000000000000e+00
1.885290565222902259e+01,0.000000000000000000e+00,0.000000000000000000e+00
2.385699149617892090e+01,0.000000000000000000e+00,0.000000000000000000e+00
2.283138246811400762e+01,0.000000000000000000e+00,0.000000000000000000e+00
2.356474312852327557e+01,0.000000000000000000e+00,0.000000000000000000e+00
2.196585166989123294e+01,0.000000000000000000e+00,0.000000000000000000e+00
2.500851858781989279e+01,0.000000000000000000e+00,0.000000000000000000e+00
1.863556478071663136e+01,0.000000000000000000e+00,0.000000000000000000e+00
2.230517802566227559e+01,0.000000000000000000e+00,0.000000000000000000e+00
2.150266209210790436e+01,0.000000000000000000e+00,0.000000000000000000e+00
2.121752398203660306e+01,0.000000000000000000e+00,0.000000000000000000e+00
2.206689621317102734e+01,0.000000000000000000e+00,0.000000000000000000e+00
2.157177491245715117e+01,0.000000000000000000e+00,0.000000000000000000e+00
2.407242686760958250e+01,0.000000000000000000e+00,0.000000000000000000e+00
2.227534252264619852e+01,0.000000000000000000e+00,0.000000000000000000e+00
2.106182989098781633e+01,0.000000000000000000e+00,0.000000000000000000e+00
2.057142143515668309e+01,0.000000000000000000e+00,0.000000000000000000e+00
2.446344931609093365e+01,0.000000000000000000e+00,0.000000000000000000e+00
2.687795011578982241e+01,0.000000000000000000e+00,0.000000000000000000e+00
2.194293308471586457e+01,0.000000000000000000e+00,0.000000000000000000e+00
1.954471882258143722e+01,0.000000000000000000e+00,0.000000000000000000e+00
2.445733144385894775e+01,0.000000000000000000e+00,0.000000000000000000e+00
2.121273483208098298e+01,0.000000000000000000e+00,0.000000000000000000e+00
2.163145931490359786e+01,0.000000000000000000e+00,0.000000000000000000e+00
2.107290573770332642e+01,0.000000000000000000e+00,0.000000000000000000e+00
2.308242397154421255e+01,0.000000000000000000e+00,0.000000000000000000e+00
2.173215239440115809e+01,0.000000000000000000e+00,0.000000000000000000e+00
2.376630573901746857e+01,0.000000000000000000e+00,0.000000000000000000e+00
2.133304451830347404e+01,0.000000000000000000e+00,0.000000000000000000e+00
2.187836073454949570e+01,0.000000000000000000e+00,0.000000000000000000e+00
2.150001616016016825e+01,0.000000000000000000e+00,0.000000000000000000e+00
2.388909046300294747e+01,0.000000000000000000e+00,0.000000000000000000e+00
2.199902099530372368e+01,0.000000000000000000e+00,0.000000000000000000e+00
2.165032466939081246e+01,0.000000000000000000e+00,0.000000000000000000e+00
2.131061786652988488e+01,0.000000000000000000e+00,0.000000000000000000e+00
2.078819263805128514e+01,0.000000000000000000e+00,0.000000000000000000e+00
2.410419274498195819e+01,0.000000000000000000e+00,0.000000000000000000e+00
2.433652551778149586e+01,0.000000000000000000e+00,0.000000000000000000e+00
2.354618010026544539e+01,0.000000000000000000e+00,0.000000000000000000e+00
2.486016527104514751e+01,0.000000000000000000e+00,0.000000000000000000e+00
2.406440282881878190e+01,0.000000000000000000e+00,0.000000000000000000e+00
2.375890791120558987e+01,0.000000000000000000e+00,0.000000000000000000e+00
2.237359604341502717e+01,0.000000000000000000e+00,0.000000000000000000e+00
2.420544881210895838e+01,0.000000000000000000e+00,0.000000000000000000e+00
2.426294816021199097e+01,0.000000000000000000e+00,0.000000000000000000e+00
2.363873165535811793e+01,0.000000000000000000e+00,0.000000000000000000e+00
2.152805192728336081e+01,0.000000000000000000e+00,0.000000000000000000e+00
2.389214698387303315e+01,0.000000000000000000e+00,0.000000000000000000e+00
2.531496950398570078e+01,0.000000000000000000e+00,0.000000000000000000e+00
2.216447196151726828e+01,0.000000000000000000e+00,0.000000000000000000e+00
2.399230217547447452e+01,0.000000000000000000e+00,0.000000000000000000e+00
2.258020617860909596e+01,0.000000000000000000e+00,0.000000000000000000e+00
2.615000122065715971e+01,0.000000000000000000e+00,0.000000000000000000e+00
1.756904760208523086e+01,0.000000000000000000e+00,0.000000000000000000e+00
2.154315665518274869e+01,0.000000000000000000e+00,0.000000000000000000e+00
2.306437501448002436e+01,0.000000000000000000e+00,0.000000000000000000e+00
2.653278408682843548e+01,0.000000000000000000e+00,0.000000000000000000e+00
2.471982708307208654e+01,0.000000000000000000e+00,0.000000000000000000e+00
2.299638714638782488e+01,0.000000000000000000e+00,0.000000000000000000e+00
2.558150513844174867e+01,0.000000000000000000e+00,0.000000000000000000e+00
2.493330946850689500e+01,0.000000000000000000e+00,0.000000000000000000e+00
2.419867550526508282e+01,0.000000000000000000e+00,0.000000000000000000e+00
2.361924657159026708e+01,0.000000000000000000e+00,0.000000000000000000e+00
2.640221468444163833e+01,0.000000000000000000e+00,0.000000000000000000e+00
2.258957598766991026e+01,0.000000000000000000e+00,0.000000000000000000e+00
2.464345567724262409e+01,0.000000000000000000e+00,0.000000000000000000e+00
2.269863188340253402e+01,0.000000000000000000e+00,0.000000000000000000e+00
2.373187538955742326e+01,0.000000000000000000e+00,0.000000000000000000e+00
2.306588070231325815e+01,0.000000000000000000e+00,0.000000000000000000e+00
2.296722945877512956e+01,0.000000000000000000e+00,0.000000000000000000e+00
2.368339415453671748e+01,0.000000000000000000e+00,0.000000000000000000e+00
2.293547304284401633e+01,0.000000000000000000e+00,0.000000000000000000e+00
2.400222896002938811e+01,0.000000000000000000e+00,0.000000000000000000e+00
2.651987018735216850e+01,0.000000000000000000e+00,0.000000000000000000e+00
2.658645200211662285e+01,0.000000000000000000e+00,0.000000000000000000e+00
2.537164628085175622e+01,0.000000000000000000e+00,0.000000000000000000e+00
2.443761967345305663e+01,0.000000000000000000e+00,0.000000000000000000e+00
1.822271977388403741e+01,0.000000000000000000e+00,0.000000000000000000e+00
2.256831042536122567e+01,0.000000000000000000e+00,0.000000000000000000e+00
2.825922621235505261e+01,0.000000000000000000e+00,0.000000000000000000e+00
2.153547813253710785e+01,0.000000000000000000e+00,0.000000000000000000e+00
2.577346454891535643e+01,0.000000000000000000e+00,0.000000000000000000e+00
2.477155077760903978e+01,0.000000000000000000e+00,0.000000000000000000e+00
2.154771464238143608e+01,0.000000000000000000e+00,0.000000000000000000e+00
2.690088340787706755e+01,0.000000000000000000e+00,0.000000000000000000e+00
2.466543703214417604e+01,0.000000000000000000e+00,0.000000000000000000e+00
2.565735192467573356e+01,0.000000000000000000e+00,0.000000000000000000e+00
2.442241931059236393e+01,0.000000000000000000e+00,0.000000000000000000e+00
2.319197672298088264e+01,0.000000000000000000e+00,0.000000000000000000e+00
2.242634192563388140e+01,0.000000000000000000e+00,0.000000000000000000e+00
2.423706017388402501e+01,0.000000000000000000e+00,0.000000000000000000e+00
2.306804914071464907e+01,0.000000000000000000e+00,0.000000000000000000e+00
2.354370379756476339e+01,0.000000000000000000e+00,0.000000000000000000e+00
2.531532100162819887e+01,0.000000000000000000e+00,0.000000000000000000e+00
2.339769251527207672e+01,0.000000000000000000e+00,0.000000000000000000e+00
2.778058950588505382e+01,0.000000000000000000e+00,0.000000000000000000e+00
2.106564819129746269e+01,0.000000000000000000e+00,0.000000000000000000e+00
2.502352265787884633e+01,0.000000000000000000e+00,0.000000000000000000e+00
2.701698822091661256e+01,0.000000000000000000e+00,0.000000000000000000e+00
1.992800379470237715e+01,0.000000000000000000e+00,0.000000000000000000e+00
2.223703118591908279e+01,0.000000000000000000e+00,0.000000000000000000e+00
2.485112105742714306e+01,0.000000000000000000e+00,0.000000000000000000e+00
2.413898789347056351e+01,0.000000000000000000e+00,0.000000000000000000e+00
2.460690042462837823e+01,0.000000000000000000e+00,0.000000000000000000e+00
2.652101282439350882e+01,0.000000000000000000e+00,0.000000000000000000e+00
2.175010293437902931e+01,0.000000000000000000e+00,0.000000000000000000e+00
2.308251608669143096e+01,0.000000000000000000e+00,0.000000000000000000e+00
2.539777329594020117e+01,0.000000000000000000e+00,0.000000000000000000e+00
2.714260553296605138e+01,0.000000000000000000e+00,0.000000000000000000e+00
2.793403888598217577e+01,0.000000000000000000e+00,0.000000000000000000e+00
2.413741089712830146e+01,0.000000000000000000e+00,0.000000000000000000e+00
2.827232140610506406e+01,0.000000000000000000e+00,0.000000000000000000e+00
2.509973525038314435e+01,0.000000000000000000e+00,0.000000000000000000e+00
2.634124317134811477e+01,0.000000000000000000e+00,0.000000000000000000e+00
2.901977509505872277e+01,0.000000000000000000e+00,0.000000000000000000e+00
2.633308770825383860e+01,0.000000000000000000e+00,0.000000000000000000e+00
2.498188962359025567e+01,0.000000000000000000e+00,0.000000000000000000e+00
2.764226469368415096e+01,0.000000000000000000e+00,0.000000000000000000e+00
2.643568252107983696e+01,0.000000000000000000e+00,0.000000000000000000e+00
2.719118965557629508e+01,0.000000000000000000e+00,0.000000000000000000e+00
2.314856420563707573e+01,0.000000000000000000e+00,0.000000000000000000e+00
2.826299663340034485e+01,0.000000000000000000e+00,0.000000000000000000e+00
2.673107350947411831e+01,0.000000000000000000e+00,0.000000000000000000e+00
2.308750733036495006e+01,0.000000000000000000e+00,0.000000000000000000e+00
2.487193416768011289e+01,0.000000000000000000e+00,0.000000000000000000e+00
2.509444194565311648e+01,0.000000000000000000e+00,0.000000000000000000e+00
2.684458554963262600e+01,0.000000000000000000e+00,0.000000000000000000e+00
2.484215647322840681e+01,0.000000000000000000e+00,0.000000000000000000e+00
2.897908960825432700e+01,0.000000000000000000e+00,0.000000000000000000e+00
2.547283560348462572e+01,0.000000000000000000e+00,0.000000000000000000e+00
2.481047148564904958e+01,0.000000000000000000e+00,0.000000000000000000e+00
2.793936898665900159e+01,0.000000000000000000e+00,0.000000000000000000e+00
2.809927083560670269e+01,0.000000000000000000e+00,0.000000000000000000e+00
2.772986585704861540e+01,0.000000000000000000e+00,0.000000000000000000e+00
2.855353392372681753e+01,0.000000000000000000e+00,0.000000000000000000e+00
2.964330019914595837e+01,0.000000000000000000e+00,0.000000000000000000e+00
2.780898047892960179e+01,0.000000000000000000e+00,0.000000000000000000e+00
2.782090361686196189e+01,0.000000000000000000e+00,0.000000000000000000e+00
2.669800991309421079e+01,0.000000000000000000e+00,0.000000000000000000e+00
2.354004690089464447e+01,0.000000000000000000e+00,0.000000000000000000e+00
2.660909545388459918e+01,0.000000000000000000e+00,0.000000000000000000e+00
2.774133841382682775e+01,0.000000000000000000e+00,0.000000000000000000e+00
2.628564597153346583e+01,0.000000000000000000e+00,0.000000000000000000e+00
2.601807801811325049e+01,0.000000000000000000e+00,0.000000000000000000e+00
2.538474367912267837e+01,0.000000000000000000e+00,0.000000000000000000e+00
2.677533757740192755e+01,0.000000000000000000e+00,0.000000000000000000e+00
2.997003737145143987e+01,0.000000000000000000e+00,0.000000000000000000e+00
2.631443313544737350e+01,0.000000000000000000e+00,0.000000000000000000e+00
2.917754342663491940e+01,0.000000000000000000e+00,0.000000000000000000e+00
2.446749047828414803e+01,0.000000000000000000e+00,0.000000000000000000e+00
3.165617152544173152e+01,0.000000000000000000e+00,0.000000000000000000e+00
2.678693077662413913e+01,0.000000000000000000e+00,0.000000000000000000e+00
2.882885098455928130e+01,0.000000000000000000e+00,0.000000000000000000e+00
3.006268524909841133e+01,0.000000000000000000e+00,0.000000000000000000e+00
2.555469045649202542e+01,0.000000000000000000e+00,0.000000000000000000e+00
2.972020211533406453e+01,0.000000000000000000e+00,0.000000000000000000e+00
2.751846559777571599e+01,0.000000000000000000e+00,0.000000000000000000e+00
3.151010735649325056e+01,0.000000000000000000e+00,0.000000000000000000e+00
3.092771653065291915e+01,0.000000000000000000e+00,0.000000000000000000e+00
2.767460744992971300e+01,0.000000000000000000e+00,0.000000000000000000e+00
3.106402553381992604e+01,0.000000000000000000e+00,0.000000000000000000e+00
2.822741367529026491e+01,0.000000000000000000e+00,0.000000000000000000e+00
2.915995191398715747e+01,0.000000000000000000e+00,0.000000000000000000e+00
3.195299793062507376e+01,0.000000000000000000e+00,0.000000000000000000e+00
2.895652889680738085e+01,0.000000000000000000e+00,0.000000000000000000e+00
3.166561847553981224e+01,0.000000000000000000e+00,0.000000000000000000e+00
2.662497479395020150e+01,0.000000000000000000e+00,0.000000000000000000e+00
2.585166775226671021e+01,0.000000000000000000e+00,0.000000000000000000e+00
3.158440121290583491e+01,0.000000000000000000e+00,0.000000000000000000e+00
2.910629424271629873e+01,0.000000000000000000e+00,0.000000000000000000e+00
2.976482082332465140e+01,0.000000000000000000e+00,0.000000000000000000e+00
2.823480664974122334e+01,0.000000000000000000e+00,0.000000000000000000e+00
2.982473872826521699e+01,0.000000000000000000e+00,0.000000000000000000e+00
2.605546301031530732e+01,0.000000000000000000e+00,0.000000000000000000e+00
2.779754594718756877e+01,0.000000000000000000e+00,0.000000000000000000e+00
2.682823443541714781e+01,0.000000000000000000e+00,0.000000000000000000e+00
2.402426769337617785e+01,0.000000000000000000e+00,0.000000000000000000e+00
2.806804127858062969e+01,0.000000000000000000e+00,0.000000000000000000e+00
2.984503573710603419e+01,0.000000000000000000e+00,0.000000000000000000e+00
3.085556838606327545e+01,0.000000000000000000e+00,0.000000000000000000e+00
2.966516874956052519e+01,0.000000000000000000e+00,0.000000000000000000e+00
2.943875643329550584e+01,0.000000000000000000e+00,0.000000000000000000e+00
3.124305950404358612e+01,0.000000000000000000e+00,0.000000000000000000e+00
2.439514498074672844e+01,0.000000000000000000e+00,0.000000000000000000e+00
2.820103924722264921e+01,0.000000000000000000e+00,0.000000000000000000e+00
3.097281962686556511e+01,0.000000000000000000e+00,0.000000000000000000e+00
3.162812096022333463e+01,0.000000000000000000e+00,0.000000000000000000e+00
2.577715713336126768e+01,0.000000000000000000e+00,0.000000000000000000e+00
2.858477681366138867e+01,0.000000000000000000e+00,0.000000000000000000e+00
2.734463468133603214e+01,0.000000000000000000e+00,0.000000000000000000e+00
3.191521843423690896e+01,0.000000000000000000e+00,0.000000000000000000e+00
3.140668582944138620e+01,0.000000000000000000e+00,0.000000000000000000e+00
3.227613728703622797e+01,0.000000000000000000e+00,0.000000000000000000e+00
3.135648121195677618e+01,0.000000000000000000e+00,0.000000000000000000e+00
2.755782739791303371e+01,0.000000000000000000e+00,0.000000000000000000e+00
3.151718479355362490e+01,0.000000000000000000e+00,0.000000000000000000e+00
2.988306888257938709e+01,0.000000000000000000e+00,0.000000000000000000e+00
2.935453839813119359e+01,0.000000000000000000e+00,0.000000000000000000e+00
3.054915108701877458e+01,0.000000000000000000e+00,0.000000000000000000e+00
2.821112764850564503e+01,0.000000000000000000e+00,0.000000000000000000e+00
3.094352406409686296e+01,0.000000000000000000e+00,0.000000000000000000e+00
3.157389420667529123e+01,0.000000000000000000e+00,0.000000000000000000e+00
2.932687555863876838e+01,0.000000000000000000e+00,0.000000000000000000e+00
2.901477138072224093e+01,0.000000000000000000e+00,0.000000000000000000e+00
3.146412363674083679e+01,0.000000000000000000e+00,0.000000000000000000e+00
2.859516815448011329e+01,0.000000000000000000e+00,0.000000000000000000e+00
3.148606595518347007e+01,0.000000000000000000e+00,0.000000000000000000e+00
3.325314341587702671e+01,0.000000000000000000e+00,0.000000000000000000e+00
3.232231405975332450e+01,0.000000000000000000e+00,0.000000000000000000e+00
3.065225942654121383e+01,0.000000000000000000e+00,0.000000000000000000e+00
3.382973410258657054e+01,0.000000000000000000e+00,0.000000000000000000e+00
3.222158558912445159e+01,0.000000000000000000e+00,0.000000000000000000e+00
2.978672332479305140e+01,0.000000000000000000e+00,0.000000000000000000e+00
3.155038902941907963e+01,0.000000000000000000e+00,0.000000000000000000e+00
3.379997192567288522e+01,0.000000000000000000e+00,0.000000000000000000e+00
2.959604673638017402e+01,0.000000000000000000e+00,0.000000000000000000e+00
3.313362867482528173e+01,0.000000000000000000e+00,0.000000000000000000e+00
3.431138941543203913e+01,0.000000000000000000e+00,0.000000000000000000e+00
3.517288976467074235e+01,0.000000000000000000e+00,0.000000000000000000e+00
3.030533101999129286e+01,0.000000000000000000e+00,0.000000000000000000e+00
3.540965340901877312e+01,0.000000000000000000e+00,0.000000000000000000e+00
2.896149724370932077e+01,0.000000000000000000e+00,0.000000000000000000e+00
3.122145424343957743e+01,0.000000000000000000e+00,0.000000000000000000e+00
3.301215266983618335e+01,0.000000000000000000e+00,0.000000000000000000e+00
3.496995094104333646e+01,0.000000000000000000e+00,0.000000000000000000e+00
3.298267590060191168e+01,0.000000000000000000e+00,0.000000000000000000e+00
3.417496389260013956e+01,0.000000000000000000e+00,0.000000000000000000e+00
3.508945883249369757e+01,0.000000000000000000e+00,0.000000000000000000e+00
3.222714846022508084e+01,0.000000000000000000e+00,0.000000000000000000e+00
3.427652502846374460e+01,0.000000000000000000e+00,0.000000000000000000e+00
3.202276346326360823e+01,0.000000000000000000e+00,0.000000000000000000e+00
3.137179149121893929e+01,0.000000000000000000e+00,0.000000000000000000e+00
3.314253914434241466e+01,0.000000000000000000e+00,0.000000000000000000e+00
3.441554124432622075e+01,0.000000000000000000e+00,0.000000000000000000e+00
3.239234978472961757e+01,0.000000000000000000e+00,0.000000000000000000e+00
3.272156023977225203e+01,0.000000000000000000e+00,0.000000000000000000e+00
3.405962059042088441e+01,0.000000000000000000e+00,0.000000000000000000e+00
3.104776726007899867e+01,0.000000000000000000e+00,0.000000000000000000e+00
3.313620550530136200e+01,0.000000000000000000e+00,0.000000000000000000e+00
3.308827787532765541e+01,0.000000000000000000e+00,0.000000000000000000e+00
3.838170973376318074e+01,0.000000000000000000e+00,0.000000000000000000e+00
3.563657141491799507e+01,0.000000000000000000e+00,0.000000000000000000e+00
3.264173109288449837e+01,0.000000000000000000e+00,0.000000000000000000e+00
3.390723914357889157e+01,0.000000000000000000e+00,0.000000000000000000e+00
3.360257858698577138e+01,0.000000000000000000e+00,0.000000000000000000e+00
3.401774179737967785e+01,0.000000000000000000e+00,0.000000000000000000e+00
3.386402897558968306e+01,0.000000000000000000e+00,0.000000000000000000e+00
3.388545240143806581e+01,0.000000000000000000e+00,0.000000000000000000e+00
3.494102991567580574e+01,0.000000000000000000e+00,0.000000000000000000e+00
3.644289412200476619e+01,0.000000000000000000e+00,0.000000000000000000e+00
3.296006091618535550e+01,0.000000000000000000e+00,0.000000000000000000e+00
3.447452228797287432e+01,0.000000000000000000e+00,0.000000000000000000e+00
3.916814589096635757e+01,0.000000000000000000e+00,0.000000000000000000e+00
2.971682515359311338e+01,0.000000000000000000e+00,0.000000000000000000e+00
3.473304540488239667e+01,0.000000000000000000e+00,0.000000000000000000e+00
3.519975869207168984e+01,0.000000000000000000e+00,0.000000000000000000e+00
2.974859809068762928e+01,0.000000000000000000e+00,0.000000000000000000e+00
3.475172747820565888e+01,0.000000000000000000e+00,0.000000000000000000e+00
3.520740460677833283e+01,0.000000000000000000e+00,0.000000000000000000e+00
3.361980142996456067e+01,0.000000000000000000e+00,0.000000000000000000e+00
3.431338693658052108e+01,0.000000000000000000e+00,0.000000000000000000e+00
3.221636154968641819e+01,0.000000000000000000e+00,0.000000000000000000e+00
3.832115164714242184e+01,0.000000000000000000e+00,0.000000000000000000e+00
3.498043876089656123e+01,0.000000000000000000e+00,0.000000000000000000e+00
3.402906679547341895e+01,0.000000000000000000e+00,0.000000000000000000e+00
3.734948010484448133e+01,0.000000000000000000e+00,0.000000000000000000e+00
3.368358391044116473e+01,0.000000000000000000e+00,0.000000000000000000e+00
3.924674075579731181e+01,0.000000000000000000e+00,0.000000000000000000e+00
3.726037417980840161e+01,0.000000000000000000e+00,0.000000000000000000e+00
3.599586559913204553e+01,0.000000000000000000e+00,0.000000000000000000e+00
3.820655663325194951e+01,0.000000000000000000e+00,0.000000000000000000e+00
3.635675663920386569e+01,0.000000000000000000e+00,0.000000000000000000e+00
3.350013357871662834e+01,0.000000000000000000e+00,0.000000000000000000e+00
3.431602482045569502e+01,0.000000000000000000e+00,0.000000000000000000e+00
3.810615144715499270e+01,0.000000000000000000e+00,0.000000000000000000e+00
3.561534265808753474e+01,0.000000000000000000e+00,0.000000000000000000e+00
3.572021835062226813e+01,0.000000000000000000e+00,0.000000000000000000e+00
3.814352409937573896e+01,0.000000000000000000e+00,0.000000000000000000e+00
3.832372254266684308e+01,0.000000000000000000e+00,0.000000000000000000e+00
3.649908666899234078e+01,0.000000000000000000e+00,0.000000000000000000e+00
3.613077242148398938e+01,0.000000000000000000e+00,0.000000000000000000e+00
3.407692169897111967e+01,0.000000000000000000e+00,0.000000000000000000e+00
3.584317276035195476e+01,0.000000000000000000e+00,0.000000000000000000e+00
3.869209752188154994e+01,0.000000000000000000e+00,0.000000000000000000e+00
3.854489801431156337e+01,0.000000000000000000e+00,0.000000000000000000e+00
3.394296978018589783e+01,0.000000000000000000e+00,0.000000000000000000e+00
4.096835200728202864e+01,0.000000000000000000e+00,0.000000000000000000e+00
3.342475697634721854e+01,0.000000000000000000e+00,0.000000000000000000e+00
3.829094952567387367e+01,0.000000000000000000e+00,0.000000000000000000e+00
3.634036525805712614e+01,0.000000000000000000e+00,0.000000000000000000e+00
3.644058725300621404e+01,0.000000000000000000e+00,0.000000000000000000e+00
3.827953107490202456e+01,0.000000000000000000e+00,0.000000000000000000e+00
3.792022492896499841e+01,0.000000000000000000e+00,0.000000000000000000e+00
3.723665260709569225e+01,0.000000000000000000e+00,0.000000000000000000e+00
3.795278766970550066e+01,0.000000000000000000e+00,0.000000000000000000e+00
3.541764532510575947e+01,0.000000000000000000e+00,0.000000000000000000e+00
3.827471470042977586e+01,0.000000000000000000e+00,0.000000000000000000e+00
3.733134934571198471e+01,0.000000000000000000e+00,0.000000000000000000e+00
3.732175520794308454e+01,0.000000000000000000e+00,0.000000000000000000e+00
3.287813189932821700e+01,0.000000000000000000e+00,0.000000000000000000e+00
3.845881467123391673e+01,0.000000000000000000e+00,0.000000000000000000e+00
3.839297786518365996e+01,0.000000000000000000e+00,0.000000000000000000e+00
3.792976454780652062e+01,0.000000000000000000e+00,0.000000000000000000e+00
4.014948887354346851e+01,0.000000000000000000e+00,0.000000000000000000e+00
3.641612577049959754e+01,0.000000000000000000e+00,0.000000000000000000e+00
3.830400370736536075e+01,0.000000000000000000e+00,0.000000000000000000e+00
3.951455593556954682e+01,0.000000000000000000e+00,0.000000000000000000e+00
3.553123342686958352e+01,0.000000000000000000e+00,0.000000000000000000e+00
3.693703554249244547e+01,0.000000000000000000e+00,0.000000000000000000e+00
4.179760648489821051e+01,0.000000000000000000e+00,0.000000000000000000e+00
4.130796672767180411e+01,0.000000000000000000e+00,0.000000000000000000e+00
3.445194213142954709e+01,0.000000000000000000e+00,0.000000000000000000e+00
3.977265070716665463e+01,0.000000000000000000e+00,0.000000000000000000e+00
3.567475714796335495e+01,0.000000000000000000e+00,0.000000000000000000e+00
4.113002891256974181e+01,0.000000000000000000e+00,0.000000000000000000e+00
3.902651888808940583e+01,0.000000000000000000e+00,0.000000000000000000e+00
4.122609478798862881e+01,0.000000000000000000e+00,0.000000000000000000e+00
3.922532770807231373e+01,0.000000000000000000e+00,0.000000000000000000e+00
4.025236630578945096e+01,0.000000000000000000e+00,0.000000000000000000e+00
3.691858946793184515e+01,0.000000000000000000e+00,0.000000000000000000e+00
4.016764498278348583e+01,0.000000000000000000e+00,0.000000000000000000e+00
4.043967005346766541e+01,0.000000000000000000e+00,0.000000000000000000e+00
3.700709783732016689e+01,0.000000000000000000e+00,0.000000000000000000e+00
3.937818786735325460e+01,0.000000000000000000e+00,0.000000000000000000e+00
3.908723249702913449e+01,0.000000000000000000e+00,0.000000000000000000e+00
3.929660395361943870e+01,0.000000000000000000e+00,0.000000000000000000e+00
3.917350213569387307e+01,0.000000000000000000e+00,0.000000000000000000e+00
3.630721234298670197e+01,0.000000000000000000e+00,0.000000000000000000e+00
3.972436821596452461e+01,0.000000000000000000e+00,0.000000000000000000e+00
3.936119657666649374e+01,0.000000000000000000e+00,0.000000000000000000e+00
3.826994096166540515e+01,0.000000000000000000e+00,0.000000000000000000e+00
4.168613866964471981e+01,0.000000000000000000e+00,0.000000000000000000e+00
4.386697379842672717e+01,0.000000000000000000e+00,0.000000000000000000e+00
4.129549573998926348e+01,0.000000000000000000e+00,0.000000000000000000e+00
3.565615877300363223e+01,0.000000000000000000e+00,0.000000000000000000e+00
4.098295254412706612e+01,0.000000000000000000e+00,0.000000000000000000e+00
3.676255234506538017e+01,0.000000000000000000e+00,0.000000000000000000e+00
4.155621063396630177e+01,0.000000000000000000e+00,0.000000000000000000e+00
3.963454423999515086e+01,0.000000000000000000e+00,0.000000000000000000e+00
4.192783576588825412e+01,0.000000000000000000e+00,0.000000000000000000e+00
4.374685483285833243e+01,0.000000000000000000e+00,0.000000000000000000e+00
4.052416004448163278e+01,0.000000000000000000e+00,0.000000000000000000e+00
3.869846043102350563e+01,0.000000000000000000e+00,0.000000000000000000e+00
4.049292209232489625e+01,0.000000000000000000e+00,0.000000000000000000e+00
4.086211484969426522e+01,0.000000000000000000e+00,0.000000000000000000e+00
4.119056788039250705e+01,0.000000000000000000e+00,0.000000000000000000e+00
4.072226688286534113e+01,0.000000000000000000e+00,0.000000000000000000e+00
3.979630594872777039e+01,0.000000000000000000e+00,0.000000000000000000e+00
4.227960498404665657e+01,0.000000000000000000e+00,0.000000000000000000e+00
3.982820777776002075e+01,0.000000000000000000e+00,0.000000000000000000e+00
4.158077609398230834e+01,0.000000000000000000e+00,0.000000000000000000e+00
4.180936469586894333e+01,0.000000000000000000e+00,0.000000000000000000e+00
4.444418211017091380e+01,0.000000000000000000e+00,0.000000000000000000e+00
4.035441963686550793e+01,0.000000000000000000e+00,0.000000000000000000e+00
4.252624262496585317e+01,0.000000000000000000e+00,0.000000000000000000e+00
3.995546337989136276e+01,0.000000000000000000e+00,0.000000000000000000e+00
4.698791892522089597e+01,0.000000000000000000e+00,0.000000000000000000e+00
4.259951300544392438e+01,0.000000000000000000e+00,0.000000000000000000e+00
4.321743040314304096e+01,0.000000000000000000e+00,0.000000000000000000e+00
4.104214988324186919e+01,0.000000000000000000e+00,0.000000000000000000e+00
4.405672819558279940e+01,0.000000000000000000e+00,0.000000000000000000e+00
4.267711062085627560e+01,0.000000000000000000e+00,0.000000000000000000e+00
4.385515295472198716e+01,0.000000000000000000e+00,0.000000000000000000e+00
4.253763084902158198e+01,0.000000000000000000e+00,0.000000000000000000e+00
4.568826489517495304e+01,0.000000000000000000e+00,0.000000000000000000e+00
4.076070207447257587e+01,0.000000000000000000e+00,0.000000000000000000e+00
4.427946724239605913e+01,0.000000000000000000e+00,0.000000000000000000e+00
4.325135266456269534e+01,0.000000000000000000e+00,0.000000000000000000e+00
4.116239972707365524e+01,0.000000000000000000e+00,0.000000000000000000e+00
4.361270731690613189e+01,0.000000000000000000e+00,0.000000000000000000e+00
4.523292123228376482e+01,0.000000000000000000e+00,0.000000000000000000e+00
4.444468740604224877e+01,0.000000000000000000e+00,0.000000000000000000e+00
4.136129227196762770e+01,0.000000000000000000e+00,0.000000000000000000e+00
4.199810685663172194e+01,0.000000000000000000e+00,0.000000000000000000e+00
4.321338439841230894e+01,0.000000000000000000e+00,0.000000000000000000e+00
4.376235540992980333e+01,0.000000000000000000e+00,0.000000000000000000e+00
4.353561760182794416e+01,0.000000000000000000e+00,0.000000000000000000e+00
4.370399792863462096e+01,0.000000000000000000e+00,0.000000000000000000e+00
3.821409015308933022e+01,0.000000000000000000e+00,0.000000000000000000e+00
4.668096159835459957e+01,0.000000000000000000e+00,0.000000000000000000e+00
4.432683127691437619e+01,0.000000000000000000e+00,0.000000000000000000e+00
4.084241744411220054e+01,0.000000000000000000e+00,0.000000000000000000e+00
4.798152043634375730e+01,0.000000000000000000e+00,0.000000000000000000e+00
4.470391274058099640e+01,0.000000000000000000e+00,0.000000000000000000e+00
4.687332997242680932e+01,0.000000000000000000e+00,0.000000000000000000e+00
4.401769124790529020e+01,0.000000000000000000e+00,0.000000000000000000e+00
4.553505865399696972e+01,0.000000000000000000e+00,0.000000000000000000e+00
4.278820334405787662e+01,0.000000000000000000e+00,0.000000000000000000e+00
4.273069521830393569e+01,0.000000000000000000e+00,0.000000000000000000e+00
4.085032461702064666e+01,0.000000000000000000e+00,0.000000000000000000e+00
4.644701367036919493e+01,0.000000000000000000e+00,0.000000000000000000e+00
4.731628624031078800e+01,0.000000000000000000e+00,0.000000000000000000e+00
4.459756741413906411e+01,0.000000000000000000e+00,0.000000000000000000e+00
4.315922173823859964e+01,0.000000000000000000e+00,0.000000000000000000e+00
4.298699097690966653e+01,0.000000000000000000e+00,0.000000000000000000e+00
4.733992370105635672e+01,0.000000000000000000e+00,0.000000000000000000e+00
4.231036191594350981e+01,0.000000000000000000e+00,0.000000000000000000e+00
4.740565803376541254e+01,0.000000000000000000e+00,0.000000000000000000e+00
4.326051376104967972e+01,0.000000000000000000e+00,0.000000000000000000e+00
4.852687266614371708e+01,0.000000000000000000e+00,0.000000000000000000e+00
4.588618519625999426e+01,0.000000000000000000e+00,0.000000000000000000e+00
4.659440857209784781e+01,0.000000000000000000e+00,0.000000000000000000e+00
4.500035941552786767e+01,0.000000000000000000e+00,0.000000000000000000e+00
4.615896094090899737e+01,0.000000000000000000e+00,0.000000000000000000e+00
4.663593587954148489e+01,0.000000000000000000e+00,0.000000000000000000e+00
4.889353139695086270e+01,0.000000000000000000e+00,0.000000000000000000e+00
4.888832843855594490e+01,0.000000000000000000e+00,0.000000000000000000e+00
4.848876998446076669e+01,0.000000000000000000e+00,0.000000000000000000e+00
4.854717546619356483e+01,0.000000000000000000e+00,0.000000000000000000e+00
4.407533097742531680e+01,0.000000000000000000e+00,0.000000000000000000e+00
4.864228969564015159e+01,0.000000000000000000e+00,0.000000000000000000e+00
4.755912002589559506e+01,0.000000000000000000e+00,0.000000000000000000e+00
4.362003592513698180e+01,0.000000000000000000e+00,0.000000000000000000e+00
4.431219240364199408e+01,0.000000000000000000e+00,0.000000000000000000e+00
4.415048082092981474e+01,0.000000000000000000e+00,0.000000000000000000e+00
4.921295270722426807e+01,0.000000000000000000e+00,0.000000000000000000e+00
4.743757489071123246e+01,0.000000000000000000e+00,0.000000000000000000e+00
4.498297391622744357e+01,0.000000000000000000e+00,0.000000000000000000e+00
4.774165485230430761e+01,0.000000000000000000e+00,0.000000000000000000e+00
4.625354189656270876e+01,0.000000000000000000e+00,0.000000000000000000e+00
4.799609815379721312e+01,0.000000000000000000e+00,0.000000000000000000e+00
4.500503963807464913e+01,0.000000000000000000e+00,0.000000000000000000e+00
4.166388522670043670e+01,0.000000000000000000e+00,0.000000000000000000e+00
4.337887600878157457e+01,0.000000000000000000e+00,0.000000000000000000e+00
4.746563602107612923e+01,0.000000000000000000e+00,0.000000000000000000e+00
4.469894931802691929e+01,0.000000000000000000e+00,0.000000000000000000e+00
4.787134082188696738e+01,0.000000000000000000e+00,0.000000000000000000e+00
4.765257191322100994e+01,0.000000000000000000e+00,0.000000000000000000e+00
4.589195525662783126e+01,0.000000000000000000e+00,0.000000000000000000e+00
4.716952804656767029e+01,0.000000000000000000e+00,0.000000000000000000e+00
4.716035480648662315e+01,0.000000000000000000e+00,0.000000000000000000e+00
4.894201785420494843e+01,0.000000000000000000e+00,0.000000000000000000e+00
4.659070958419210484e+01,0.000000000000000000e+00,0.000000000000000000e+00
4.923759276949193264e+01,0.000000000000000000e+00,0.000000000000000000e+00
5.185436953797565707e+01,0.000000000000000000e+00,0.000000000000000000e+00
4.754626483121765546e+01,0.000000000000000000e+00,0.000000000000000000e+00
5.222041471865515661e+01,0.000000000000000000e+00,0.000000000000000000e+00
5.120075425695179661e+01,0.000000000000000000e+00,0.000000000000000000e+00
5.095440584264101602e+01,0.000000000000000000e+00,0.000000000000000000e+00
5.327088269917749841e+01,0.000000000000000000e+00,0.000000000000000000e+00
4.663695232533953572e+01,0.000000000000000000e+00,0.000000000000000000e+00
4.512541934634014495e+01,0.000000000000000000e+00,0.000000000000000000e+00
5.211782468679498947e+01,0.000000000000000000e+00,0.000000000000000000e+00
4.900904516060738558e+01,0.000000000000000000e+00,0.000000000000000000e+00
5.242930600775855510e+01,0.000000000000000000e+00,0.000000000000000000e+00
5.164582885450915484e+01,0.000000000000000000e+00,0.000000000000000000e+00
5.053284073431399293e+01,0.000000000000000000e+00,0.000000000000000000e+00
4.920325476619915861e+01,0.000000000000000000e+00,0.000000000000000000e+00
5.264462092874381227e+01,0.000000000000000000e+00,0.000000000000000000e+00
4.906035974601827121e+01,0.000000000000000000e+00,0.000000000000000000e+00
4.525310670548626035e+01,0.000000000000000000e+00,0.000000000000000000e+00
4.984295336152256084e+01,0.000000000000000000e+00,0.000000000000000000e+00
4.855722900752668636e+01,0.000000000000000000e+00,0.000000000000000000e+00
5.183962242372145113e+01,0.000000000000000000e+00,0.000000000000000000e+00
4.983459461085311659e+01,0.000000000000000000e+00,0.000000000000000000e+00
4.781373435663469706e+01,0.000000000000000000e+00,0.000000000000000000e+00
5.260253990836780247e+01,0.000000000000000000e+00,0.000000000000000000e+00
4.935508052791033151e+01,0.000000000000000000e+00,0.000000000000000000e+00
5.060189424117012891e+01,0.000000000000000000e+00,0.000000000000000000e+00
5.067199555728920046e+01,0.000000000000000000e+00,0.000000000000000000e+00
4.780270670031712399e+01,0.000000000000000000e+00,0.000000000000000000e+00
5.182772877031742098e+01,0.000000000000000000e+00,0.000000000000000000e+00
4.934248117957297097e+01,0.000000000000000000e+00,0.000000000000000000e+00
5.124770056359562176e+01,0.000000000000000000e+00,0.000000000000000000e+00
4.866412561827124250e+01,0.000000000000000000e+00,0.000000000000000000e+00
5.605380301723626957e+01,0.000000000000000000e+00,0.000000000000000000e+00
4.844792149101756706e+01,0.000000000000000000e+00,0.000000000000000000e+00
5.495504941476705341e+01,0.000000000000000000e+00,0.000000000000000000e+00
4.984433795428788017e+01,0.000000000000000000e+00,0.000000000000000000e+00
5.293777273593349264e+01,0.000000000000000000e+00,0.000000000000000000e+00
5.227849140212422441e+01,0.000000000000000000e+00,0.000000000000000000e+00
4.711503426322916965e+01,0.000000000000000000e+00,0.000000000000000000e+00
5.448176779248534984e+01,0.000000000000000000e+00,0.000000000000000000e+00
4.699903578590254938e+01,0.000000000000000000e+00,0.000000000000000000e+00
5.220665935676643699e+01,0.000000000000000000e+00,0.000000000000000000e+00
5.286546318640286302e+01,0.000000000000000000e+00,0.000000000000000000e+00
5.405005088884684028e+01,0.000000000000000000e+00,0.000000000000000000e+00
5.457673405516844412e+01,0.000000000000000000e+00,0.000000000000000000e+00
5.206819798991124060e+01,0.000000000000000000e+00,0.000000000000000000e+00
5.267563195084475325e+01,0.000000000000000000e+00,0.000000000000000000e+00
5.178026546585417833e+01,0.000000000000000000e+00,0.000000000000000000e+00
4.986621940803825481e+01,0.000000000000000000e+00,0.000000000000000000e+00
5.001251214428163649e+01,0.000000000000000000e+00,0.000000000000000000e+00
5.318121412618985744e+01,0.000000000000000000e+00,0.000000000000000000e+00
4.938279898255088085e+01,0.000000000000000000e+00,0.000000000000000000e+00
5.373161125024710572e+01,0.000000000000000000e+00,0.000000000000000000e+00
5.311683928857987524e+01,0.000000000000000000e+00,0.000000000000000000e+00
5.263168399346126591e+01,0.000000000000000000e+00,0.000000000000000000e+00
5.159219637941894376e+01,0.000000000000000000e+00,0.000000000000000000e+00
5.584175458684562443e+01,0.000000000000000000e+00,0.000000000000000000e+00
5.014352575166603287e+01,0.000000000000000000e+00,0.000000000000000000e+00
5.148386191128818723e+01,0.000000000000000000e+00,0.000000000000000000e+00
5.316847410480099256e+01,0.000000000000000000e+00,0.000000000000000000e+00
5.975587806477282982e+01,0.000000000000000000e+00,0.000000000000000000e+00
5.100231569669230680e+01,0.000000000000000000e+00,0.000000000000000000e+00
5.400238009737102374e+01,0.000000000000000000e+00,0.000000000000000000e+00
5.092400137423997819e+01,0.000000000000000000e+00,0.000000000000000000e+00
5.334232482900578276e+01,0.000000000000000000e+00,0.000000000000000000e+00
5.273192822546813119e+01,0.000000000000000000e+00,0.000000000000000000e+00
5.107311047548424909e+01,0.000000000000000000e+00,0.000000000000000000e+00
5.313539814840166997e+01,0.000000000000000000e+00,0.000000000000000000e+00
5.608035321602170598e+01,0.000000000000000000e+00,0.000000000000000000e+00
5.269950464617958374e+01,0.000000000000000000e+00,0.000000000000000000e+00
5.285428174929923273e+01,0.000000000000000000e+00,0.000000000000000000e+00
5.273043337520393692e+01,0.000000000000000000e+00,0.000000000000000000e+00
5.682921053728731664e+01,0.000000000000000000e+00,0.000000000000000000e+00
5.583712228920288112e+01,0.000000000000000000e+00,0.000000000000000000e+00
5.416938022243517992e+01,0.000000000000000000e+00,0.000000000000000000e+00
5.556968463464145458e+01,0.000000000000000000e+00,0.000000000000000000e+00
5.669640580870317592e+01,0.000000000000000000e+00,0.000000000000000000e+00
5.373522489068601260e+01,0.000000000000000000e+00,0.000000000000000000e+00
5.672144750183284856e+01,0.000000000000000000e+00,0.000000000000000000e+00
5.512330686824495984e+01,0.000000000000000000e+00,0.000000000000000000e+00
5.506589853236791043e+01,0.000000000000000000e+00,0.000000000000000000e+00
5.446362204117272654e+01,0.000000000000000000e+00,0.000000000000000000e+00
5.652749760448428873e+01,0.000000000000000000e+00,0.000000000000000000e+00
5.373446233907534264e+01,0.000000000000000000e+00,0.000000000000000000e+00
5.161962892149262672e+01,0.000000000000000000e+00,0.000000000000000000e+00
5.767933723492174636e+01,0.000000000000000000e+00,0.000000000000000000e+00
5.185493018269015408e+01,0.000000000000000000e+00,0.000000000000000000e+00
5.560368249242358019e+01,0.000000000000000000e+00,0.000000000000000000e+00
5.502026829996710688e+01,0.000000000000000000e+00,0.000000000000000000e+00
5.383847493888268332e+01,0.000000000000000000e+00,0.000000000000000000e+00
5.666592204405736766e+01,0.000000000000000000e+00,0.000000000000000000e+00
5.602787272762820692e+01,0.000000000000000000e+00,0.000000000000000000e+00
5.717738401428307071e+01,0.000000000000000000e+00,0.000000000000000000e+00
5.713165903389736400e+01,0.000000000000000000e+00,0.000000000000000000e+00
5.478457450001727835e+01,0.000000000000000000e+00,0.000000000000000000e+00
5.616820115315753270e+01,0.000000000000000000e+00,0.000000000000000000e+00
5.489273272368682655e+01,0.000000000000000000e+00,0.000000000000000000e+00
5.829351875556227469e+01,0.000000000000000000e+00,0.000000000000000000e+00
5.894046765552540279e+01,0.000000000000000000e+00,0.000000000000000000e+00
5.561932224566898242e+01,0.000000000000000000e+00,0.000000000000000000e+00
5.891197740419818984e+01,0.000000000000000000e+00,0.000000000000000000e+00
5.681283952845353014e+01,0.000000000000000000e+00,0.000000000000000000e+00
5.681713023617314917e+01,0.000000000000000000e+00,0.000000000000000000e+00
5.902931545500702271e+01,0.000000000000000000e+00,0.000000000000000000e+00
5.889454458965818873e+01,0.000000000000000000e+00,0.000000000000000000e+00
5.793334227223713384e+01,0.000000000000000000e+00,0.000000000000000000e+00
5.248598451748126337e+01,0.000000000000000000e+00,0.000000000000000000e+00
5.660922796796614875e+01,0.000000000000000000e+00,0.000000000000000000e+00
5.760759447952382573e+01,0.000000000000000000e+00,0.000000000000000000e+00
5.800886116040176432e+01,0.000000000000000000e+00,0.000000000000000000e+00
5.908518733188941496e+01,0.000000000000000000e+00,0.000000000000000000e+00
6.147885132075438719e+01,0.000000000000000000e+00,0.000000000000000000e+00
5.828659019136769359e+01,0.000000000000000000e+00,0.000000000000000000e+00
5.740851127953740018e+01,0.000000000000000000e+00,0.000000000000000000e+00
5.602079426927408434e+01,0.000000000000000000e+00,0.000000000000000000e+00
5.964745267715877475e+01,0.000000000000000000e+00,0.000000000000000000e+00
5.594057385303164409e+01,0.000000000000000000e+00,0.000000000000000000e+00
5.546713847814196896e+01,0.000000000000000000e+00,0.000000000000000000e+00
5.586357523024436489e+01,0.000000000000000000e+00,0.000000000000000000e+00
5.578984331884784353e+01,0.000000000000000000e+00,0.000000000000000000e+00
5.488930399305051822e+01,0.000000000000000000e+00,0.000000000000000000e+00
5.424310172892499082e+01,0.000000000000000000e+00,0.000000000000000000e+00
5.493276868920332134e+01,0.000000000000000000e+00,0.000000000000000000e+00
5.820401837913883725e+01,0.000000000000000000e+00,0.000000000000000000e+00
5.974657015205746546e+01,0.000000000000000000e+00,0.000000000000000000e+00
5.744458097432329424e+01,0.000000000000000000e+00,0.000000000000000000e+00
6.019195413491966917e+01,0.000000000000000000e+00,0.000000000000000000e+00
6.093329459690892236e+01,0.000000000000000000e+00,0.000000000000000000e+00
5.695422508164162423e+01,0.000000000000000000e+00,0.000000000000000000e+00
6.122945256928288416e+01,0.000000000000000000e+00,0.000000000000000000e+00
6.007745832631040628e+01,0.000000000000000000e+00,0.000000000000000000e+00
5.826411085892226538e+01,0.000000000000000000e+00,0.000000000000000000e+00
6.030470023262316914e+01,0.000000000000000000e+00,0.000000000000000000e+00
5.728578981135314052e+01,0.000000000000000000e+00,0.000000000000000000e+00
6.080021409444918845e+01,0.000000000000000000e+00,0.000000000000000000e+00
5.822245365704111464e+01,0.000000000000000000e+00,0.000000000000000000e+00
5.936754436415650815e+01,0.000000000000000000e+00,0.000000000000000000e+00
5.526632792218468637e+01,0.000000000000000000e+00,0.000000000000000000e+00
5.823423114793237687e+01,0.000000000000000000e+00,0.000000000000000000e+00
6.126134706006336472e+01,0.000000000000000000e+00,0.000000000000000000e+00
6.048117627361164494e+01,0.000000000000000000e+00,0.000000000000000000e+00
6.227043764325059527e+01,0.000000000000000000e+00,0.000000000000000000e+00
5.931202126482433812e+01,0.000000000000000000e+00,0.000000000000000000e+00
6.218470227942110284e+01,0.000000000000000000e+00,0.000000000000000000e+00
6.193035522804633786e+01,0.000000000000000000e+00,0.000000000000000000e+00
6.139883936066418357e+01,0.000000000000000000e+00,0.000000000000000000e+00
6.146008420569665986e+01,0.000000000000000000e+00,0.000000000000000000e+00
5.896980957840607118e+01,0.000000000000000000e+00,0.000000000000000000e+00
6.194939468931420379e+01,0.000000000000000000e+00,0.000000000000000000e+00
5.804712369183751264e+01,0.000000000000000000e+00,0.000000000000000000e+00
5.982884288820511642e+01,0.000000000000000000e+00,0.000000000000000000e+00
6.112869286269698677e+01,0.000000000000000000e+00,0.000000000000000000e+00
6.055936107175850225e+01,0.000000000000000000e+00,0.000000000000000000e+00
6.253851082296261410e+01,0.000000000000000000e+00,0.000000000000000000e+00
6.218308715116472030e+01,0.000000000000000000e+00,0.000000000000000000e+00
6.250080401363708660e+01,0.000000000000000000e+00,0.000000000000000000e+00
6.243254084619299249e+01,0.000000000000000000e+00,0.000000000000000000e+00
6.171033788777737783e+01,0.000000000000000000e+00,0.000000000000000000e+00
6.102673460578218823e+01,0.000000000000000000e+00,0.000000000000000000e+00
5.984706931005679564e+01,0.000000000000000000e+00,0.000000000000000000e+00
6.338771271516157668e+01,0.000000000000000000e+00,0.000000000000000000e+00
6.345067332936644533e+01,0.000000000000000000e+00,0.000000000000000000e+00
5.982663292660911480e+01,0.000000000000000000e+00,0.000000000000000000e+00
5.931567285104121368e+01,0.000000000000000000e+00,0.000000000000000000e+00
6.529628969441138509e+01,0.000000000000000000e+00,0.000000000000000000e+00
6.304660106764951877e+01,0.000000000000000000e+00,0.000000000000000000e+00
5.848577407747902157e+01,0.000000000000000000e+00,0.000000000000000000e+00
5.905845664821324448e+01,0.000000000000000000e+00,0.000000000000000000e+00
6.016476906635298150e+01,0.000000000000000000e+00,0.000000000000000000e+00
5.985797110502492302e+01,0.000000000000000000e+00,0.000000000000000000e+00
6.239305118810382567e+01,0.000000000000000000e+00,0.000000000000000000e+00
5.931144142985951362e+01,0.000000000000000000e+00,0.000000000000000000e+00
6.004199555104095509e+01,0.000000000000000000e+00,0.000000000000000000e+00
5.855816102583616356e+01,0.000000000000000000e+00,0.000000000000000000e+00
5.975344825109845459e+01,0.000000000000000000e+00,0.000000000000000000e+00
6.288008207389727033e+01,0.000000000000000000e+00,0.000000000000000000e+00
6.365404445833534908e+01,0.000000000000000000e+00,0.000000000000000000e+00
6.290527084955724746e+01,0.000000000000000000e+00,0.000000000000000000e+00
6.488167542927943998e+01,0.000000000000000000e+00,0.000000000000000000e+00
6.577096171288880555e+01,0.000000000000000000e+00,0.000000000000000000e+00
6.273974513248082019e+01,0.000000000000000000e+00,0.000000000000000000e+00
6.486608108971772424e+01,0.000000000000000000e+00,0.000000000000000000e+00
6.036834190020844915e+01,0.000000000000000000e+00,0.000000000000000000e+00
6.398173909796092573e+01,0.000000000000000000e+00,0.000000000000000000e+00
6.238615087047945451e+01,0.000000000000000000e+00,0.000000000000000000e+00
6.368158237016307055e+01,0.000000000000000000e+00,0.000000000000000000e+00
5.973969105616959752e+01,0.000000000000000000e+00,0.000000000000000000e+00
6.632942678901163447e+01,0.000000000000000000e+00,0.000000000000000000e+00
6.499740256262944627e+01,0.000000000000000000e+00,0.000000000000000000e+00
6.349741825769629600e+01,0.000000000000000000e+00,0.000000000000000000e+00
6.260615824215491187e+01,0.000000000000000000e+00,0.000000000000000000e+00
6.145151199374947737e+01,0.000000000000000000e+00,0.000000000000000000e+00
6.123166617394998212e+01,0.000000000000000000e+00,0.000000000000000000e+00
6.652815892691870658e+01,0.000000000000000000e+00,0.000000000000000000e+00
6.418092301288093893e+01,0.000000000000000000e+00,0.000000000000000000e+00
6.211303979684853971e+01,0.000000000000000000e+00,0.000000000000000000e+00
6.321200296271574359e+01,0.000000000000000000e+00,0.000000000000000000e+00
6.247363938995972887e+01,0.000000000000000000e+00,0.000000000000000000e+00
6.612944575531196278e+01,0.000000000000000000e+00,0.000000000000000000e+00
6.396695112738844102e+01,0.000000000000000000e+00,0.000000000000000000e+00
6.441936177122732943e+01,0.000000000000000000e+00,0.000000000000000000e+00
6.135499317213285764e+01,0.000000000000000000e+00,0.000000000000000000e+00
6.420263704038470109e+01,0.000000000000000000e+00,0.000000000000000000e+00
6.286682668376944605e+01,0.000000000000000000e+00,0.000000000000000000e+00
6.456858391438854028e+01,0.000000000000000000e+00,0.000000000000000000e+00
6.353679595342332220e+01,0.000000000000000000e+00,0.000000000000000000e+00
6.433813544021145958e+01,0.000000000000000000e+00,0.000000000000000000e+00
6.697701924365004800e+01,0.000000000000000000e+00,0.000000000000000000e+00
6.497232879980595044e+01,0.000000000000000000e+00,0.000000000000000000e+00
6.772352526559508590e+01,0.000000000000000000e+00,0.000000000000000000e+00
6.404492942954937007e+01,0.000000000000000000e+00,0.000000000000000000e+00
6.499850163010151505e+01,0.000000000000000000e+00,0.000000000000000000e+00
6.722820066902005465e+01,0.000000000000000000e+00,0.000000000000000000e+00
6.594621934608508695e+01,0.000000000000000000e+00,0.000000000000000000e+00
6.318583623049620712e+01,0.000000000000000000e+00,0.000000000000000000e+00
6.557035618841894120e+01,0.000000000000000000e+00,0.000000000000000000e+00
6.355640832216423775e+01,0.000000000000000000e+00,0.000000000000000000e+00
6.560778910944975451e+01,0.000000000000000000e+00,0.000000000000000000e+00
6.634830483878306495e+01,0.000000000000000000e+00,0.000000000000000000e+00
6.461523047974959866e+01,0.000000000000000000e+00,0.000000000000000000e+00
6.493355439118231232e+01,0.000000000000000000e+00,0.000000000000000000e+00
6.519220835502422062e+01,0.000000000000000000e+00,0.000000000000000000e+00
6.382715740905342727e+01,0.000000000000000000e+00,0.000000000000000000e+00
6.577723105762393629e+01,0.000000000000000000e+00,0.000000000000000000e+00
6.434705747523793207e+01,0.000000000000000000e+00,0.000000000000000000e+00
6.418676980961524237e+01,0.000000000000000000e+00,0.000000000000000000e+00
6.491272752017282244e+01,0.000000000000000000e+00,0.000000000000000000e+00
6.249517838837864048e+01,0.000000000000000000e+00,0.000000000000000000e+00
6.760477576603219063e+01,0.000000000000000000e+00,0.000000000000000000e+00
6.652757012840085338e+01,0.000000000000000000e+00,0.000000000000000000e+00
6.820055163170177082e+01,0.000000000000000000e+00,0.000000000000000000e+00
6.619632545994481632e+01,0.000000000000000000e+00,0.000000000000000000e+00
6.440400972207999075e+01,0.000000000000000000e+00,0.000000000000000000e+00
6.976568850720997261e+01,0.000000000000000000e+00,0.000000000000000000e+00
6.503120414963753149e+01,0.000000000000000000e+00,0.000000000000000000e+00
6.561857070131368630e+01,0.000000000000000000e+00,0.000000000000000000e+00
6.842849315980535607e+01,0.000000000000000000e+00,0.000000000000000000e+00
6.624322902852510708e+01,0.000000000000000000e+00,0.000000000000000000e+00
6.376038460590238088e+01,0.000000000000000000e+00,0.000000000000000000e+00
6.386931344663856436e+01,0.000000000000000000e+00,0.000000000000000000e+00
6.631046530322562660e+01,0.000000000000000000e+00,0.000000000000000000e+00
6.926330882042704218e+01,0.000000000000000000e+00,0.000000000000000000e+00
6.242588809734223787e+01,0.000000000000000000e+00,0.000000000000000000e+00
6.593206185127932883e+01,0.000000000000000000e+00,0.000000000000000000e+00
6.596941025644382250e+01,0.000000000000000000e+00,0.000000000000000000e+00
6.714012378528393299e+01,0.000000000000000000e+00,0.000000000000000000e+00
6.959362321390754857e+01,0.000000000000000000e+00,0.000000000000000000e+00
6.523743704792150311e+01,0.000000000000000000e+00,0.000000000000000000e+00
6.452387452825409753e+01,0.000000000000000000e+00,0.000000000000000000e+00
6.474249490410382180e+01,0.000000000000000000e+00,0.000000000000000000e+00
6.802948711497545276e+01,0.000000000000000000e+00,0.000000000000000000e+00
6.476973477034167104e+01,0.000000000000000000e+00,0.000000000000000000e+00
6.672116600122569707e+01,0.000000000000000000e+00,0.000000000000000000e+00
6.644145694602703145e+01,0.000000000000000000e+00,0.000000000000000000e+00
6.380307893422468624e+01,0.000000000000000000e+00,0.000000000000000000e+00
6.528667422849299840e+01,0.000000000000000000e+00,0.000000000000000000e+00
6.453817608221487490e+01,0.000000000000000000e+00,0.000000000000000000e+00
6.979779134508409300e+01,0.000000000000000000e+00,0.000000000000000000e+00
6.551932565651377161e+01,0.000000000000000000e+00,0.000000000000000000e+00
6.767506971005693117e+01,0.000000000000000000e+00,0.000000000000000000e+00
7.057512492608792343e+01,0.000000000000000000e+00,0.000000000000000000e+00
6.927663172879914555e+01,0.000000000000000000e+00,0.000000000000000000e+00
6.976230482213973971e+01,0.000000000000000000e+00,0.000000000000000000e+00
6.718203012483404279e+01,0.000000000000000000e+00,0.000000000000000000e+00
6.933933180239873195e+01,0.000000000000000000e+00,0.000000000000000000e+00
6.503438294894453975e+01,0.000000000000000000e+00,0.000000000000000000e+00
6.709675635176905928e+01,0.000000000000000000e+00,0.000000000000000000e+00
6.797337636220005663e+01,0.000000000000000000e+00,0.000000000000000000e+00
7.031282385741164376e+01,0.000000000000000000e+00,0.000000000000000000e+00
6.723294492856602744e+01,0.000000000000000000e+00,0.000000000000000000e+00
6.756512664779329214e+01,0.000000000000000000e+00,0.000000000000000000e+00
6.882214317692042016e+01,0.000000000000000000e+00,0.000000000000000000e+00
6.916966040575127295e+01,0.000000000000000000e+00,0.000000000000000000e+00
6.702560866358419389e+01,0.000000000000000000e+00,0.000000000000000000e+00
6.848237452333368935e+01,0.000000000000000000e+00,0.000000000000000000e+00
6.816372571234209943e+01,0.000000000000000000e+00,0.000000000000000000e+00
6.693000769012054718e+01,0.000000000000000000e+00,0.000000000000000000e+00
6.472344932885486912e+01,0.000000000000000000e+00,0.000000000000000000e+00
7.082099213643992641e+01,0.000000000000000000e+00,0.000000000000000000e+00
7.240978099275213253e+01,0.000000000000000000e+00,0.000000000000000000e+00
6.869886978486974272e+01,0.000000000000000000e+00,0.000000000000000000e+00
6.722956527952128170e+01,0.000000000000000000e+00,0.000000000000000000e+00
7.005200620711390513e+01,0.000000000000000000e+00,0.000000000000000000e+00
6.703144034842330257e+01,0.000000000000000000e+00,0.000000000000000000e+00
7.160585029931428380e+01,0.000000000000000000e+00,0.000000000000000000e+00
6.874882129163322020e+01,0.000000000000000000e+00,0.000000000000000000e+00
7.048634851820398239e+01,0.000000000000000000e+00,0.000000000000000000e+00
6.988163319170867283e+01,0.000000000000000000e+00,0.000000000000000000e+00
7.357031517377367891e+01,0.000000000000000000e+00,0.000000000000000000e+00
7.078685770401983746e+01,0.000000000000000000e+00,0.000000000000000000e+00
7.114851139006698588e+01,0.000000000000000000e+00,0.000000000000000000e+00
7.153549172409303480e+01,0.000000000000000000e+00,0.000000000000000000e+00
6.621140911330212475e+01,0.000000000000000000e+00,0.000000000000000000e+00
7.367175971660894618e+01,0.000000000000000000e+00,0.000000000000000000e+00
7.228079207781966886e+01,0.000000000000000000e+00,0.000000000000000000e+00
7.096828099646091914e+01,0.000000000000000000e+00,0.000000000000000000e+00
6.980626876984342744e+01,0.000000000000000000e+00,0.000000000000000000e+00
6.988883256066154104e+01,0.000000000000000000e+00,0.000000000000000000e+00
7.101610348317524313e+01,0.000000000000000000e+00,0.000000000000000000e+00
6.849120044199239032e+01,0.000000000000000000e+00,0.000000000000000000e+00
7.062458148191620921e+01,0.000000000000000000e+00,0.000000000000000000e+00
6.802994278019382079e+01,0.000000000000000000e+00,0.000000000000000000e+00
6.815365471479228177e+01,0.000000000000000000e+00,0.000000000000000000e+00
7.079394642031097362e+01,0.000000000000000000e+00,0.000000000000000000e+00
7.179209909952302837e+01,0.000000000000000000e+00,0.000000000000000000e+00
7.404852532124853326e+01,0.000000000000000000e+00,0.000000000000000000e+00
7.277015162008444804e+01,0.000000000000000000e+00,0.000000000000000000e+00
7.348182638140093559e+01,0.000000000000000000e+00,0.000000000000000000e+00
7.411716994659944646e+01,0.000000000000000000e+00,0.000000000000000000e+00
7.266819773815207384e+01,0.000000000000000000e+00,0.000000000000000000e+00
7.028528573189603890e+01,0.000000000000000000e+00,0.000000000000000000e+00
7.139972187360463352e+01,0.000000000000000000e+00,0.000000000000000000e+00
6.869639551835163616e+01,0.000000000000000000e+00,0.000000000000000000e+00
7.274088196610752277e+01,0.000000000000000000e+00,0.000000000000000000e+00
7.013955206272186160e+01,0.000000000000000000e+00,0.000000000000000000e+00
7.117809611815260951e+01,0.000000000000000000e+00,0.000000000000000000e+00
6.958458031226820140e+01,0.000000000000000000e+00,0.000000000000000000e+00
7.637882835749019250e+01,0.000000000000000000e+00,0.000000000000000000e+00
7.241755855368555217e+01,0.000000000000000000e+00,0.000000000000000000e+00
7.146215619305299072e+01,0.000000000000000000e+00,0.000000000000000000e+00
7.114168408324805171e+01,0.000000000000000000e+00,0.000000000000000000e+00
7.348502965188662017e+01,0.000000000000000000e+00,0.000000000000000000e+00
7.172060503955238175e+01,0.000000000000000000e+00,0.000000000000000000e+00
6.978744821415796196e+01,0.000000000000000000e+00,0.000000000000000000e+00
6.888371745806482238e+01,0.000000000000000000e+00,0.000000000000000000e+00
7.145726667100265672e+01,0.000000000000000000e+00,0.000000000000000000e+00
7.549874647719894938e+01,0.000000000000000000e+00,0.000000000000000000e+00
7.073962197811486874e+01,0.000000000000000000e+00,0.000000000000000000e+00
7.397823513497895931e+01,0.000000000000000000e+00,0.000000000000000000e+00
7.445888746259102220e+01,0.000000000000000000e+00,0.000000000000000000e+00
7.005677895358215324e+01,0.000000000000000000e+00,0.000000000000000000e+00
7.243155617920282907e+01,0.000000000000000000e+00,0.000000000000000000e+00
7.252553239694205445e+01,0.000000000000000000e+00,0.000000000000000000e+00
7.177185841678246447e+01,0.000000000000000000e+00,0.000000000000000000e+00
7.121331523280971965e+01,0.000000000000000000e+00,0.000000000000000000e+00
7.522236633093076819e+01,0.000000000000000000e+00,0.000000000000000000e+00
7.017498451614520150e+01,0.000000000000000000e+00,0.000000000000000000e+00
7.235814684873280100e+01,0.000000000000000000e+00,0.000000000000000000e+00
7.210258650746885678e+01,0.000000000000000000e+00,0.000000000000000000e+00
7.113999942818873023e+01,0.000000000000000000e+00,0.000000000000000000e+00
7.180532018638123759e+01,0.000000000000000000e+00,0.000000000000000000e+00
7.262242959217762461e+01,0.000000000000000000e+00,0.000000000000000000e+00
7.364825594784147711e+01,0.000000000000000000e+00,0.000000000000000000e+00
7.371823303742152689e+01,0.000000000000000000e+00,0.000000000000000000e+00
7.664510095609121265e+01,0.000000000000000000e+00,0.000000000000000000e+00
7.339010468284823219e+01,0.000000000000000000e+00,0.000000000000000000e+00
7.033692939635540142e+01,0.000000000000000000e+00,0.000000000000000000e+00
7.275704292244057569e+01,0.000000000000000000e+00,0.000000000000000000e+00
7.142468368810654056e+01,0.000000000000000000e+00,0.000000000000000000e+00
7.844800754342399784e+01,0.000000000000000000e+00,0.000000000000000000e+00
7.127793769074608576e+01,0.000000000000000000e+00,0.000000000000000000e+00
7.176599202003082212e+01,0.000000000000000000e+00,0.000000000000000000e+00
7.343685535334415704e+01,0.000000000000000000e+00,0.000000000000000000e+00
7.634617922923649758e+01,0.000000000000000000e+00,0.000000000000000000e+00
7.338499029663979911e+01,0.000000000000000000e+00,0.000000000000000000e+00
7.391766742176598370e+01,0.000000000000000000e+00,0.000000000000000000e+00
7.200887944250567330e+01,0.000000000000000000e+00,0.000000000000000000e+00
7.229289005832094972e+01,0.000000000000000000e+00,0.000000000000000000e+00
7.303476256216262641e+01,0.000000000000000000e+00,0.000000000000000000e+00
7.724667916632267861e+01,0.000000000000000000e+00,0.000000000000000000e+00
7.455552109287656037e+01,0.000000000000000000e+00,0.000000000000000000e+00
7.542110647638941145e+01,0.000000000000000000e+00,0.000000000000000000e+00
7.149750829160606713e+01,0.000000000000000000e+00,0.000000000000000000e+00
7.549129842505173826e+01,0.000000000000000000e+00,0.000000000000000000e+00
7.827732058358563449e+01,0.000000000000000000e+00,0.000000000000000000e+00
7.462582150896376731e+01,0.000000000000000000e+00,0.000000000000000000e+00
7.443041693573968587e+01,0.000000000000000000e+00,0.000000000000000000e+00
7.508452924811813034e+01,0.000000000000000000e+00,0.000000000000000000e+00
6.993751015008380989e+01,0.000000000000000000e+00,0.000000000000000000e+00
7.226753454386103215e+01,0.000000000000000000e+00,0.000000000000000000e+00
7.746064275290369494e+01,0.000000000000000000e+00,0.000000000000000000e+00
7.214430136766054602e+01,0.000000000000000000e+00,0.000000000000000000e+00
7.429204095141957964e+01,0.000000000000000000e+00,0.000000000000000000e+00
7.477792879354680622e+01,0.000000000000000000e+00,0.000000000000000000e+00
7.281576406191840078e+01,0.000000000000000000e+00,0.000000000000000000e+00
7.273550230056157773e+01,0.000000000000000000e+00,0.000000000000000000e+00
7.455746551691674995e+01,0.000000000000000000e+00,0.000000000000000000e+00
7.673951288954854988e+01,0.000000000000000000e+00,0.000000000000000000e+00
7.638952528060545433e+01,0.000000000000000000e+00,0.000000000000000000e+00
7.592817402335113286e+01,0.000000000000000000e+00,0.000000000000000000e+00
7.695240540032934007e+01,0.000000000000000000e+00,0.000000000000000000e+00
7.622698180531635614e+01,0.000000000000000000e+00,0.000000000000000000e+00
7.743963964881841378e+01,0.000000000000000000e+00,0.000000000000000000e+00
7.199105980690235640e+01,0.000000000000000000e+00,0.000000000000000000e+00
7.371225119443734286e+01,0.000000000000000000e+00,0.000000000000000000e+00
7.440048324918357991e+01,0.000000000000000000e+00,0.000000000000000000e+00
7.331299461598345601e+01,0.000000000000000000e+00,0.000000000000000000e+00
7.646910232410556318e+01,0.000000000000000000e+00,0.000000000000000000e+00
7.741171865997573320e+01,0.000000000000000000e+00,0.000000000000000000e+00
7.536715525311996089e+01,0.000000000000000000e+00,0.000000000000000000e+00
7.533750759087101301e+01,0.000000000000000000e+00,0.000000000000000000e+00
7.279212554724811923e+01,0.000000000000000000e+00,0.000000000000000000e+00
7.542983286753147354e+01,0.000000000000000000e+00,0.000000000000000000e+00
7.462773837096655427e+01,0.000000000000000000e+00,0.000000000000000000e+00
7.637199954083821751e+01,0.000000000000000000e+00,0.000000000000000000e+00
7.525226740958746063e+01,0.000000000000000000e+00,0.000000000000000000e+00
7.564318646920466449e+01,0.000000000000000000e+00,0.000000000000000000e+00
7.558509400725668570e+01,0.000000000000000000e+00,0.000000000000000000e+00
7.419121790316094689e+01,0.000000000000000000e+00,0.000000000000000000e+00
7.675444934036021039e+01,0.000000000000000000e+00,0.000000000000000000e+00
7.382491248855771460e+01,0.000000000000000000e+00,0.000000000000000000e+00
7.673539097610871806e+01,0.000000000000000000e+00,0.000000000000000000e+00
7.578359568773711885e+01,0.000000000000000000e+00,0.000000000000000000e+00
7.547983814172764028e+01,0.000000000000000000e+00,0.000000000000000000e+00
7.405871919143886828e+01,0.000000000000000000e+00,0.000000000000000000e+00
7.535602361378821001e+01,0.000000000000000000e+00,0.000000000000000000e+00
7.598902559755836705e+01,0.000000000000000000e+00,0.000000000000000000e+00
7.412187602510340412e+01,0.000000000000000000e+00,0.000000000000000000e+00
7.803463579604542133e+01,0.000000000000000000e+00,0.000000000000000000e+00
7.473914929570946697e+01,0.000000000000000000e+00,0.000000000000000000e+00
8.067685885566270088e+01,0.000000000000000000e+00,0.000000000000000000e+00
7.570992748807766759e+01,0.000000000000000000e+00,0.000000000000000000e+00
7.492227271126138533e+01,0.000000000000000000e+00,0.000000000000000000e+00
7.662599162042329226e+01,0.000000000000000000e+00,0.000000000000000000e+00
7.570748133880331920e+01,0.000000000000000000e+00,0.000000000000000000e+00
7.560460418611032196e+01,0.000000000000000000e+00,0.000000000000000000e+00
7.904341871776567530e+01,0.000000000000000000e+00,0.000000000000000000e+00
7.377381313461897605e+01,0.000000000000000000e+00,0.000000000000000000e+00
7.732037042516293468e+01,0.000000000000000000e+00,0.000000000000000000e+00
8.029638639513574105e+01,0.000000000000000000e+00,0.000000000000000000e+00
8.210888577284860901e+01,0.000000000000000000e+00,0.000000000000000000e+00
7.954008970705015713e+01,0.000000000000000000e+00,0.000000000000000000e+00
7.526963668316297174e+01,0.000000000000000000e+00,0.000000000000000000e+00
7.563649017495649218e+01,0.000000000000000000e+00,0.000000000000000000e+00
7.429782587408394079e+01,0.000000000000000000e+00,0.000000000000000000e+00
7.789287924554410836e+01,0.000000000000000000e+00,0.000000000000000000e+00
7.630453375162801422e+01,0.000000000000000000e+00,0.000000000000000000e+00
7.755018323847947670e+01,0.000000000000000000e+00,0.000000000000000000e+00
7.483572160838077991e+01,0.000000000000000000e+00,0.000000000000000000e+00
7.706616021434959407e+01,0.000000000000000000e+00,0.000000000000000000e+00
7.474766160514536750e+01,0.000000000000000000e+00,0.000000000000000000e+00
7.802226971787403897e+01,0.000000000000000000e+00,0.000000000000000000e+00
7.284386923997229246e+01,0.000000000000000000e+00,0.000000000000000000e+00
7.489694759554527081e+01,0.000000000000000000e+00,0.000000000000000000e+00
7.904129017055667816e+01,0.000000000000000000e+00,0.000000000000000000e+00
7.856168240185452589e+01,0.000000000000000000e+00,0.000000000000000000e+00
7.994526534664636586e+01,0.000000000000000000e+00,0.000000000000000000e+00
8.184626011083922492e+01,0.000000000000000000e+00,0.000000000000000000e+00
7.858910735553267557e+01,0.000000000000000000e+00,0.000000000000000000e+00
7.759514032740401035e+01,0.000000000000000000e+00,0.000000000000000000e+00
7.848169129294319646e+01,0.000000000000000000e+00,0.000000000000000000e+00
7.833684604723507050e+01,0.000000000000000000e+00,0.000000000000000000e+00
7.410305163683013063e+01,0.000000000000000000e+00,0.000000000000000000e+00
7.545225851383429472e+01,0.000000000000000000e+00,0.000000000000000000e+00
7.774114879041434278e+01,0.000000000000000000e+00,0.000000000000000000e+00
7.943398537117286651e+01,0.000000000000000000e+00,0.000000000000000000e+00
7.535651432419709295e+01,0.000000000000000000e+00,0.000000000000000000e+00
7.696089420641328616e+01,0.000000000000000000e+00,0.000000000000000000e+00
7.455627075161510220e+01,0.000000000000000000e+00,0.000000000000000000e+00
7.653474254957374967e+01,0.000000000000000000e+00,0.000000000000000000e+00
7.955470886426250843e+01,0.000000000000000000e+00,0.000000000000000000e+00
7.942659076161281462e+01,0.000000000000000000e+00,0.000000000000000000e+00
7.532630874058541792e+01,0.000000000000000000e+00,0.000000000000000000e+00
7.754390610305073039e+01,0.000000000000000000e+00,0.000000000000000000e+00
7.851935150698182042e+01,0.000000000000000000e+00,0.000000000000000000e+00
7.784529904900766439e+01,0.000000000000000000e+00,0.000000000000000000e+00
7.771873803095441247e+01,0.000000000000000000e+00,0.000000000000000000e+00
7.822831058997063280e+01,0.000000000000000000e+00,0.000000000000000000e+00
7.734477765013720330e+01,0.000000000000000000e+00,0.000000000000000000e+00
7.686433790298417534e+01,0.000000000000000000e+00,0.000000000000000000e+00
7.814954254614795559e+01,0.000000000000000000e+00,0.000000000000000000e+00
8.005895333243228151e+01,0.000000000000000000e+00,0.000000000000000000e+00
7.925192349354371402e+01,0.000000000000000000e+00,0.000000000000000000e+00
7.674984485293087744e+01,0.000000000000000000e+00,0.000000000000000000e+00
7.790268256774380973e+01,0.000000000000000000e+00,0.000000000000000000e+00
8.019524840563647672e+01,0.000000000000000000e+00,0.000000000000000000e+00
7.666455375864208577e+01,0.000000000000000000e+00,0.000000000000000000e+00
8.021568132612264890e+01,0.000000000000000000e+00,0.000000000000000000e+00
7.834653538954891872e+01,0.000000000000000000e+00,0.000000000000000000e+00
7.446010733614743060e+01,0.000000000000000000e+00,0.000000000000000000e+00
7.862115335554157980e+01,0.000000000000000000e+00,0.000000000000000000e+00
7.514562454198498642e+01,0.000000000000000000e+00,0.000000000000000000e+00
7.703264237915347223e+01,0.000000000000000000e+00,0.000000000000000000e+00
7.866943092448100572e+01,0.000000000000000000e+00,0.000000000000000000e+00
7.751484329507206894e+01,0.000000000000000000e+00,0.000000000000000000e+00
8.153650831789595088e+01,0.000000000000000000e+00,0.000000000000000000e+00
7.640744210065778930e+01,0.000000000000000000e+00,0.000000000000000000e+00
7.831030026281877099e+01,0.000000000000000000e+00,0.000000000000000000e+00
7.523561990514130571e+01,0.000000000000000000e+00,0.000000000000000000e+00
8.037912004164870439e+01,0.000000000000000000e+00,0.000000000000000000e+00
7.938988857640566721e+01,0.000000000000000000e+00,0.000000000000000000e+00
7.775364910120696038e+01,0.000000000000000000e+00,0.000000000000000000e+00
7.740018861065017575e+01,0.000000000000000000e+00,0.000000000000000000e+00
7.687758938677984588e+01,0.000000000000000000e+00,0.000000000000000000e+00
8.022717651567757002e+01,0.000000000000000000e+00,0.000000000000000000e+00
7.680615046527859135e+01,0.000000000000000000e+00,0.000000000000000000e+00
7.836103320333459976e+01,0.000000000000000000e+00,0.000000000000000000e+00
8.177123393612289703e+01,0.000000000000000000e+00,0.000000000000000000e+00
8.009770493642426459e+01,0.000000000000000000e+00,0.000000000000000000e+00
7.917848842558700539e+01,0.000000000000000000e+00,0.000000000000000000e+00
8.015765185684976757e+01,0.000000000000000000e+00,0.000000000000000000e+00
8.059276533503435758e+01,0.000000000000000000e+00,0.000000000000000000e+00
7.425098706259831260e+01,0.000000000000000000e+00,0.000000000000000000e+00
7.806187394375220379e+01,0.000000000000000000e+00,0.000000000000000000e+00
7.791092586098818629e+01,0.000000000000000000e+00,0.000000000000000000e+00
7.938165381795566589e+01,0.000000000000000000e+00,0.000000000000000000e+00
7.741732686899096905e+01,0.000000000000000000e+00,0.000000000000000000e+00
7.716906032515075253e+01,0.000000000000000000e+00,0.000000000000000000e+00
8.175590406294146817e+01,0.000000000000000000e+00,0.000000000000000000e+00
7.747392411934524148e+01,0.000000000000000000e+00,0.000000000000000000e+00
8.062318355394198477e+01,0.000000000000000000e+00,0.000000000000000000e+00
8.159512210985458580e+01,0.000000000000000000e+00,0.000000000000000000e+00
8.056619347137537090e+01,0.000000000000000000e+00,0.000000000000000000e+00
8.002043185699231742e+01,0.000000000000000000e+00,0.000000000000000000e+00
8.117978551310042690e+01,0.000000000000000000e+00,0.000000000000000000e+00
7.711342080983187941e+01,0.000000000000000000e+00,0.000000000000000000e+00
7.940681988287316528e+01,0.000000000000000000e+00,0.000000000000000000e+00
8.111484798663271079e+01,0.000000000000000000e+00,0.000000000000000000e+00
8.147702952119547604e+01,0.000000000000000000e+00,0.000000000000000000e+00
7.945975974199117786e+01,0.000000000000000000e+00,0.000000000000000000e+00
7.874805657039577511e+01,0.000000000000000000e+00,0.000000000000000000e+00
8.005532950370486844e+01,0.000000000000000000e+00,0.000000000000000000e+00
7.931086721333365119e+01,0.000000000000000000e+00,0.000000000000000000e+00
8.075814917238203350e+01,0.000000000000000000e+00,0.000000000000000000e+00
7.626926178091663644e+01,0.000000000000000000e+00,0.000000000000000000e+00
7.948283001615354237e+01,0.000000000000000000e+00,0.000000000000000000e+00
7.762665608956945107e+01,0.000000000000000000e+00,0.000000000000000000e+00
7.967512575768760996e+01,0.000000000000000000e+00,0.000000000000000000e+00
8.004044691205653805e+01,0.000000000000000000e+00,0.000000000000000000e+00
7.778797427607327108e+01,0.000000000000000000e+00,0.000000000000000000e+00
8.006351358437218835e+01,0.000000000000000000e+00,0.000000000000000000e+00
8.082963313460857080e+01,0.000000000000000000e+00,0.000000000000000000e+00
8.289965672493823945e+01,0.000000000000000000e+00,0.000000000000000000e+00
7.855703941157769066e+01,0.000000000000000000e+00,0.000000000000000000e+00
8.180682415803197216e+01,0.000000000000000000e+00,0.000000000000000000e+00
8.092855430172625120e+01,0.000000000000000000e+00,0.000000000000000000e+00
7.748542360926488470e+01,0.000000000000000000e+00,0.000000000000000000e+00
8.020664382805938430e+01,0.000000000000000000e+00,0.000000000000000000e+00
7.727820880069940301e+01,0.000000000000000000e+00,0.000000000000000000e+00
8.244212596669950699e+01,0.000000000000000000e+00,0.000000000000000000e+00
7.810997714348094689e+01,0.000000000000000000e+00,0.000000000000000000e+00
7.819674917994011309e+01,0.000000000000000000e+00,0.000000000000000000e+00
7.978424430884085439e+01,0.000000000000000000e+00,0.000000000000000000e+00
7.893862539174116932e+01,0.000000000000000000e+00,0.000000000000000000e+00
8.330556998934962110e+01,0.000000000000000000e+00,0.000000000000000000e+00
7.741771853033388595e+01,0.000000000000000000e+00,0.000000000000000000e+00
7.738927760666994971e+01,0.000000000000000000e+00,0.000000000000000000e+00
7.668981500935555573e+01,0.000000000000000000e+00,0.000000000000000000e+00
8.086462460558649923e+01,0.000000000000000000e+00,0.000000000000000000e+00
8.122135084634207658e+01,0.000000000000000000e+00,0.000000000000000000e+00
7.858128940870466295e+01,0.000000000000000000e+00,0.000000000000000000e+00
7.988875440336956046e+01,0.000000000000000000e+00,0.000000000000000000e+00
8.205733356944998036e+01,0.000000000000000000e+00,0.000000000000000000e+00
8.100983917059754447e+01,0.000000000000000000e+00,0.000000000000000000e+00
7.529911855366820816e+01,0.000000000000000000e+00,0.000000000000000000e+00
7.947678360710399659e+01,0.000000000000000000e+00,0.000000000000000000e+00
7.822958815318665415e+01,0.000000000000000000e+00,0.000000000000000000e+00
7.960530719633261754e+01,0.000000000000000000e+00,0.000000000000000000e+00
7.946842401756154572e+01,0.000000000000000000e+00,0.000000000000000000e+00
8.128696241114681698e+01,0.000000000000000000e+00,0.000000000000000000e+00
7.999781786642067516e+01,0.000000000000000000e+00,0.000000000000000000e+00
7.853950280031205011e+01,0.000000000000000000e+00,0.000000000000000000e+00
7.949616345693837616e+01,0.000000000000000000e+00,0.000000000000000000e+00
7.872416239106277658e+01,0.000000000000000000e+00,0.000000000000000000e+00
7.998890420621199837e+01,0.000000000000000000e+00,0.000000000000000000e+00
7.903772065279157744e+01,0.000000000000000000e+00,0.000000000000000000e+00
8.427601197964649771e+01,0.000000000000000000e+00,0.000000000000000000e+00
8.056735759843290623e+01,0.000000000000000000e+00,0.000000000000000000e+00
8.008038540463780919e+01,0.000000000000000000e+00,0.000000000000000000e+00
7.909413710916344087e+01,0.000000000000000000e+00,0.000000000000000000e+00
8.324433058201472591e+01,0.000000000000000000e+00,0.000000000000000000e+00
8.013639104956835979e+01,0.000000000000000000e+00,0.000000000000000000e+00
8.307236379602070997e+01,0.000000000000000000e+00,0.000000000000000000e+00
8.091391021951980633e+01,0.000000000000000000e+00,0.000000000000000000e+00
7.749492150894633369e+01,0.000000000000000000e+00,0.000000000000000000e+00
7.873011637891116266e+01,0.000000000000000000e+00,0.000000000000000000e+00
8.168077554712883170e+01,0.000000000000000000e+00,0.000000000000000000e+00
8.068074937906352773e+01,0.000000000000000000e+00,0.000000000000000000e+00
8.086823731316097508e+01,0.000000000000000000e+00,0.000000000000000000e+00
8.149821847233683059e+01,0.000000000000000000e+00,0.000000000000000000e+00
7.756838257857555163e+01,0.000000000000000000e+00,0.000000000000000000e+00
8.074661520492057321e+01,0.000000000000000000e+00,0.000000000000000000e+00
7.844927100572301981e+01,0.000000000000000000e+00,0.000000000000000000e+00
8.090362961977554335e+01,0.000000000000000000e+00,0.000000000000000000e+00
8.039033382018911311e+01,0.000000000000000000e+00,0.000000000000000000e+00
8.018812943590762643e+01,0.000000000000000000e+00,0.000000000000000000e+00
7.938647315754067790e+01,0.000000000000000000e+00,0.000000000000000000e+00
8.105598299802691997e+01,0.000000000000000000e+00,0.000000000000000000e+00
8.039967459233537284e+01,0.000000000000000000e+00,0.000000000000000000e+00
8.065652033486679784e+01,0.000000000000000000e+00,0.000000000000000000e+00
8.341456715830739199e+01,0.000000000000000000e+00,0.000000000000000000e+00
7.682456106255749262e+01,0.000000000000000000e+00,0.000000000000000000e+00
7.868022743751828330e+01,0.000000000000000000e+00,0.000000000000000000e+00
8.024017329199965332e+01,0.000000000000000000e+00,0.000000000000000000e+00
7.906745952846503656e+01,0.000000000000000000e+00,0.000000000000000000e+00
8.065060589843851346e+01,0.000000000000000000e+00,0.000000000000000000e+00
8.287697485275941744e+01,0.000000000000000000e+00,0.000000000000000000e+00
7.965864495670635392e+01,0.000000000000000000e+00,0.000000000000000000e+00
7.857587102712489013e+01,0.000000000000000000e+00,0.000000000000000000e+00
8.023830504705354372e+01,0.000000000000000000e+00,0.000000000000000000e+00
8.094099726810254936e+01,0.000000000000000000e+00,0.000000000000000000e+00
8.033688387938337883e+01,0.000000000000000000e+00,0.000000000000000000e+00
7.651555969107737099e+01,0.000000000000000000e+00,0.000000000000000000e+00
7.942235944341457810e+01,0.000000000000000000e+00,0.000000000000000000e+00
7.933160151107739466e+01,0.000000000000000000e+00,0.000000000000000000e+00
7.892747479238941821e+01,0.000000000000000000e+00,0.000000000000000000e+00
8.101014870522971023e+01,0.000000000000000000e+00,0.000000000000000000e+00
8.167073140755941552e+01,0.000000000000000000e+00,0.000000000000000000e+00
8.107861786974905272e+01,0.000000000000000000e+00,0.000000000000000000e+00
8.105716354914677879e+01,0.000000000000000000e+00,0.000000000000000000e+00
8.473054578744667253e+01,0.000000000000000000e+00,0.000000000000000000e+00
7.954750875664632304e+01,0.000000000000000000e+00,0.000000000000000000e+00
7.859835803755662198e+01,0.000000000000000000e+00,0.000000000000000000e+00
7.910257924249040684e+01,0.000000000000000000e+00,0.000000000000000000e+00
7.983327918992603145e+01,0.000000000000000000e+00,0.000000000000000000e+00
8.235317205806705942e+01,0.000000000000000000e+00,0.000000000000000000e+00
7.717942537679911652e+01,0.000000000000000000e+00,0.000000000000000000e+00
8.088798052639658920e+01,0.000000000000000000e+00,0.000000000000000000e+00
7.880278764092575727e+01,0.000000000000000000e+00,0.000000000000000000e+00
7.732958157521741782e+01,0.000000000000000000e+00,0.000000000000000000e+00
7.753761783068381419e+01,0.000000000000000000e+00,0.000000000000000000e+00
7.840581979553722647e+01,0.000000000000000000e+00,0.000000000000000000e+00
7.827493994786802034e+01,0.000000000000000000e+00,0.000000000000000000e+00
7.934412823304860751e+01,0.000000000000000000e+00,0.000000000000000000e+00
8.041675508614834200e+01,0.000000000000000000e+00,0.000000000000000000e+00
7.974188061850473730e+01,0.000000000000000000e+00,0.000000000000000000e+00
7.755278992141913363e+01,0.000000000000000000e+00,0.000000000000000000e+00
8.139501266354757547e+01,0.000000000000000000e+00,0.000000000000000000e+00
8.096607454340379206e+01,0.000000000000000000e+00,0.000000000000000000e+00
7.793077690082044739e+01,0.000000000000000000e+00,0.000000000000000000e+00
8.037869510590581967e+01,0.000000000000000000e+00,0.000000000000000000e+00
8.033308401154963008e+01,0.000000000000000000e+00,0.000000000000000000e+00
8.203902124491474979e+01,0.000000000000000000e+00,0.000000000000000000e+00
8.355902898101072651e+01,0.000000000000000000e+00,0.000000000000000000e+00
8.210283972186847734e+01,0.000000000000000000e+00,0.000000000000000000e+00
8.000706366552371662e+01,0.000000000000000000e+00,0.000000000000000000e+00
7.962845270930922936e+01,0.000000000000000000e+00,0.000000000000000000e+00
7.911034613960718787e+01,0.000000000000000000e+00,0.000000000000000000e+00
8.179271873345612676e+01,0.000000000000000000e+00,0.000000000000000000e+00
8.150324109848365595e+01,0.000000000000000000e+00,0.000000000000000000e+00
7.892982161860635415e+01,0.000000000000000000e+00,0.000000000000000000e+00
8.164030256845848044e+01,0.000000000000000000e+00,0.000000000000000000e+00
8.101767411662694940e+01,0.000000000000000000e+00,0.000000000000000000e+00
7.744106435611790573e+01,0.000000000000000000e+00,0.000000000000000000e+00
7.927114361777361751e+01,0.000000000000000000e+00,0.000000000000000000e+00
7.661077693318104309e+01,0.000000000000000000e+00,0.000000000000000000e+00
7.950641977907076807e+01,0.000000000000000000e+00,0.000000000000000000e+00
7.703916404994754430e+01,0.000000000000000000e+00,0.000000000000000000e+00
8.083822083280537640e+01,0.000000000000000000e+00,0.000000000000000000e+00
7.968517040218138447e+01,0.000000000000000000e+00,0.000000000000000000e+00
8.143632633206479454e+01,0.000000000000000000e+00,0.000000000000000000e+00
7.874556048083441340e+01,0.000000000000000000e+00,0.000000000000000000e+00
7.649565226717000144e+01,0.000000000000000000e+00,0.000000000000000000e+00
8.315096394490896614e+01,0.000000000000000000e+00,0.000000000000000000e+00
8.133090138758471710e+01,0.000000000000000000e+00,0.000000000000000000e+00
7.869459131160515142e+01,0.000000000000000000e+00,0.000000000000000000e+00
7.733690677732103325e+01,0.000000000000000000e+00,0.000000000000000000e+00
8.188510712782469625e+01,0.000000000000000000e+00,0.000000000000000000e+00
7.972255731630323794e+01,0.000000000000000000e+00,0.000000000000000000e+00
7.811261286358654843e+01,0.000000000000000000e+00,0.000000000000000000e+00
8.102183397084110084e+01,0.000000000000000000e+00,0.000000000000000000e+00
7.997584260869984973e+01,0.000000000000000000e+00,0.000000000000000000e+00
7.861361997329801454e+01,0.000000000000000000e+00,0.000000000000000000e+00
7.936456676177282077e+01,0.000000000000000000e+00,0.000000000000000000e+00
8.050375924886304801e+01,0.000000000000000000e+00,0.000000000000000000e+00
8.026710014235082724e+01,0.000000000000000000e+00,0.000000000000000000e+00
7.994985403066361584e+01,0.000000000000000000e+00,0.000000000000000000e+00
7.762495325574056437e+01,0.000000000000000000e+00,0.000000000000000000e+00
7.790502769633413038e+01,0.000000000000000000e+00,0.000000000000000000e+00
8.017377488088010296e+01,0.000000000000000000e+00,0.000000000000000000e+00
7.875960509085678041e+01,0.000000000000000000e+00,0.000000000000000000e+00
7.712134978266908547e+01,0.000000000000000000e+00,0.000000000000000000e+00
8.117113011422114255e+01,0.000000000000000000e+00,0.000000000000000000e+00
8.231518461821126209e+01,0.000000000000000000e+00,0.000000000000000000e+00
7.978154937192159935e+01,0.000000000000000000e+00,0.000000000000000000e+00
8.062680398623551525e+01,0.000000000000000000e+00,0.000000000000000000e+00
8.125562829064406856e+01,0.000000000000000000e+00,0.000000000000000000e+00
7.503501499022890187e+01,0.000000000000000000e+00,0.000000000000000000e+00
7.996852726899200547e+01,0.000000000000000000e+00,0.000000000000000000e+00
8.062625600144038174e+01,0.000000000000000000e+00,0.000000000000000000e+00
8.220025445282554699e+01,0.000000000000000000e+00,0.000000000000000000e+00
7.803444607263378430e+01,0.000000000000000000e+00,0.000000000000000000e+00
7.941683839169827763e+01,0.000000000000000000e+00,0.000000000000000000e+00
7.624144925949012475e+01,0.000000000000000000e+00,0.000000000000000000e+00
8.069216074076885548e+01,0.000000000000000000e+00,0.000000000000000000e+00
7.701860035937612281e+01,0.000000000000000000e+00,0.000000000000000000e+00
8.033530128932871150e+01,0.000000000000000000e+00,0.000000000000000000e+00
8.052619598994407113e+01,0.000000000000000000e+00,0.000000000000000000e+00
8.086603983774996607e+01,0.000000000000000000e+00,0.000000000000000000e+00
7.503417644348067483e+01,0.000000000000000000e+00,0.000000000000000000e+00
7.774849433075640093e+01,0.000000000000000000e+00,0.000000000000000000e+00
7.830068323622496962e+01,0.000000000000000000e+00,0.000000000000000000e+00
8.066430897846204573e+01,0.000000000000000000e+00,0.000000000000000000e+00
7.816090411700270124e+01,0.000000000000000000e+00,0.000000000000000000e+00
7.892173082626429448e+01,0.000000000000000000e+00,0.000000000000000000e+00
7.849285880512381652e+01,0.000000000000000000e+00,0.000000000000000000e+00
7.825436392538915698e+01,0.000000000000000000e+00,0.000000000000000000e+00
7.884049557289296217e+01,0.000000000000000000e+00,0.000000000000000000e+00
8.075136738114723300e+01,0.000000000000000000e+00,0.000000000000000000e+00
7.964010935343580400e+01,0.000000000000000000e+00,0.000000000000000000e+00
7.618262887318337562e+01,0.000000000000000000e+00,0.000000000000000000e+00
7.888657294172645607e+01,0.000000000000000000e+00,0.000000000000000000e+00
7.917227904459520005e+01,0.000000000000000000e+00,0.000000000000000000e+00
7.743030315588416101e+01,0.000000000000000000e+00,0.000000000000000000e+00
7.805927609366314357e+01,0.000000000000000000e+00,0.000000000000000000e+00
7.807171118371171303e+01,0.000000000000000000e+00,0.000000000000000000e+00
7.779982852235707469e+01,0.000000000000000000e+00,0.000000000000000000e+00
7.448580077209682315e+01,0.000000000000000000e+00,0.000000000000000000e+00
7.685288178597248532e+01,0.000000000000000000e+00,0.000000000000000000e+00
8.112200597827360582e+01,0.000000000000000000e+00,0.000000000000000000e+00
7.858041496688024097e+01,0.000000000000000000e+00,0.000000000000000000e+00
7.919896503074249949e+01,0.000000000000000000e+00,0.000000000000000000e+00
7.854529171968067658e+01,0.000000000000000000e+00,0.000000000000000000e+00
7.917499836221389842e+01,0.000000000000000000e+00,0.000000000000000000e+00
7.684310458221979445e+01,0.000000000000000000e+00,0.000000000000000000e+00
7.856859889234094396e+01,0.000000000000000000e+00,0.000000000000000000e+00
7.719028463266263884e+01,0.000000000000000000e+00,0.000000000000000000e+00
7.916324432418382173e+01,0.000000000000000000e+00,0.000000000000000000e+00
7.855227086226638278e+01,0.000000000000000000e+00,0.000000000000000000e+00
7.841094324811865590e+01,0.000000000000000000e+00,0.000000000000000000e+00
7.758079835438823579e+01,0.000000000000000000e+00,0.000000000000000000e+00
8.137823168797909545e+01,0.000000000000000000e+00,0.000000000000000000e+00
8.035606561307575646e+01,0.000000000000000000e+00,0.000000000000000000e+00
7.457252596975081360e+01,0.000000000000000000e+00,0.000000000000000000e+00
7.816449057539000478e+01,0.000000000000000000e+00,0.000000000000000000e+00
7.866147869263691916e+01,0.000000000000000000e+00,0.000000000000000000e+00
7.653845230816963863e+01,0.000000000000000000e+00,0.000000000000000000e+00
7.939652586418210944e+01,0.000000000000000000e+00,0.000000000000000000e+00
8.013535163812362327e+01,0.000000000000000000e+00,0.000000000000000000e+00
7.826632434248102754e+01,0.000000000000000000e+00,0.000000000000000000e+00
7.684327854388017442e+01,0.000000000000000000e+00,0.000000000000000000e+00
7.782602430192169152e+01,0.000000000000000000e+00,0.000000000000000000e+00
7.929519059951365989e+01,0.000000000000000000e+00,0.000000000000000000e+00
7.852981179501043130e+01,0.000000000000000000e+00,0.000000000000000000e+00
7.534307600634983260e+01,0.000000000000000000e+00,0.000000000000000000e+00
7.744815170735607524e+01,0.000000000000000000e+00,0.000000000000000000e+00
7.527377614936827399e+01,0.000000000000000000e+00,0.000000000000000000e+00
8.015520522796926173e+01,0.000000000000000000e+00,0.000000000000000000e+00
8.102794858389466981e+01,0.000000000000000000e+00,0.000000000000000000e+00
7.633205218617752053e+01,0.000000000000000000e+00,0.000000000000000000e+00
7.711739891520694812e+01,0.000000000000000000e+00,0.000000000000000000e+00
7.767362246692300687e+01,0.000000000000000000e+00,0.000000000000000000e+00
7.676739596316528491e+01,0.000000000000000000e+00,0.000000000000000000e+00
7.421774827353556248e+01,0.000000000000000000e+00,0.000000000000000000e+00
7.842877008867546351e+01,0.000000000000000000e+00,0.000000000000000000e+00
7.883659091050245138e+01,0.000000000000000000e+00,0.000000000000000000e+00
7.656283863772827658e+01,0.000000000000000000e+00,0.000000000000000000e+00
7.458858728658975679e+01,0.000000000000000000e+00,0.000000000000000000e+00
7.721097424430286082e+01,0.000000000000000000e+00,0.000000000000000000e+00
7.618649770723848746e+01,0.000000000000000000e+00,0.000000000000000000e+00
8.078294486111789752e+01,0.000000000000000000e+00,0.000000000000000000e+00
8.133771946387622620e+01,0.000000000000000000e+00,0.000000000000000000e+00
7.799877858337848124e+01,0.000000000000000000e+00,0.000000000000000000e+00
7.647433183514772281e+01,0.000000000000000000e+00,0.000000000000000000e+00
7.908946209519189097e+01,0.000000000000000000e+00,0.000000000000000000e+00
7.578123697801346736e+01,0.000000000000000000e+00,0.000000000000000000e+00
7.488268100733209565e+01,0.000000000000000000e+00,0.000000000000000000e+00
7.465884707389757580e+01,0.000000000000000000e+00,0.000000000000000000e+00
7.799265855996213759e+01,0.000000000000000000e+00,0.000000000000000000e+00
7.976576930633137863e+01,0.000000000000000000e+00,0.000000000000000000e+00
7.743571906895826373e+01,0.000000000000000000e+00,0.000000000000000000e+00
7.582385535293340695e+01,0.000000000000000000e+00,0.000000000000000000e+00
7.948557417471218400e+01,0.000000000000000000e+00,0.000000000000000000e+00
7.684006301896403102e+01,0.000000000000000000e+00,0.000000000000000000e+00
7.749075596784965114e+01,0.000000000000000000e+00,0.000000000000000000e+00
7.943191456774847836e+01,0.000000000000000000e+00,0.000000000000000000e+00
7.723211081366758890e+01,0.000000000000000000e+00,0.000000000000000000e+00
7.654001487683906646e+01,0.000000000000000000e+00,0.000000000000000000e+00
7.793986114024228584e+01,0.000000000000000000e+00,0.000000000000000000e+00
7.889794942222727059e+01,0.000000000000000000e+00,0.000000000000000000e+00
8.055461668298625000e+01,0.000000000000000000e+00,0.000000000000000000e+00
7.700655111306363665e+01,0.000000000000000000e+00,0.000000000000000000e+00
7.676692202106819707e+01,0.000000000000000000e+00,0.000000000000000000e+00
7.584774290809271236e+01,0.000000000000000000e+00,0.000000000000000000e+00
7.784068109713770411e+01,0.000000000000000000e+00,0.000000000000000000e+00
7.939996393684337761e+01,0.000000000000000000e+00,0.000000000000000000e+00
7.498141135125318613e+01,0.000000000000000000e+00,0.000000000000000000e+00
7.775980565465515326e+01,0.000000000000000000e+00,0.000000000000000000e+00
7.339081205114385398e+01,0.000000000000000000e+00,0.000000000000000000e+00
7.906801364394701181e+01,0.000000000000000000e+00,0.000000000000000000e+00
7.918183193593368685e+01,0.000000000000000000e+00,0.000000000000000000e+00
7.393432140162224186e+01,0.000000000000000000e+00,0.000000000000000000e+00
8.000907956323656833e+01,0.000000000000000000e+00,0.000000000000000000e+00
7.658499808322200408e+01,0.000000000000000000e+00,0.000000000000000000e+00
7.772479663739991906e+01,0.000000000000000000e+00,0.000000000000000000e+00
7.608414862415932589e+01,0.000000000000000000e+00,0.000000000000000000e+00
7.834721448595013271e+01,0.000000000000000000e+00,0.000000000000000000e+00
7.920713935937239114e+01,0.000000000000000000e+00,0.000000000000000000e+00
7.752431486737513922e+01,0.000000000000000000e+00,0.000000000000000000e+00
7.904789099406147557e+01,0.000000000000000000e+00,0.000000000000000000e+00
7.745248630946286994e+01,0.000000000000000000e+00,0.000000000000000000e+00
7.564182055283444583e+01,0.000000000000000000e+00,0.000000000000000000e+00
7.634419441286605945e+01,0.000000000000000000e+00,0.000000000000000000e+00
7.850080357775199502e+01,0.000000000000000000e+00,0.000000000000000000e+00
7.862991819207516642e+01,0.000000000000000000e+00,0.000000000000000000e+00
7.422951552815715104e+01,0.000000000000000000e+00,0.000000000000000000e+00
7.312707922356291590e+01,0.000000000000000000e+00,0.000000000000000000e+00
7.617376518129097462e+01,0.000000000000000000e+00,0.000000000000000000e+00
7.341118700987021839e+01,0.000000000000000000e+00,0.000000000000000000e+00
7.758501744697832692e+01,0.000000000000000000e+00,0.000000000000000000e+00
7.458049351082281930e+01,0.000000000000000000e+00,0.000000000000000000e+00
7.781424447690184820e+01,0.000000000000000000e+00,0.000000000000000000e+00
7.624663543064167470e+01,0.000000000000000000e+00,0.000000000000000000e+00
7.485656911760135301e+01,0.000000000000000000e+00,0.000000000000000000e+00
7.763243862412062413e+01,0.000000000000000000e+00,0.000000000000000000e+00
7.419838216589572255e+01,0.000000000000000000e+00,0.000000000000000000e+00
7.398223064432941953e+01,0.000000000000000000e+00,0.000000000000000000e+00
7.675322424255658404e+01,0.000000000000000000e+00,0.000000000000000000e+00
7.672877357845302981e+01,0.000000000000000000e+00,0.000000000000000000e+00
7.388544526249251021e+01,0.000000000000000000e+00,0.000000000000000000e+00
7.650363246526163152e+01,0.000000000000000000e+00,0.000000000000000000e+00
7.344058467200777329e+01,0.000000000000000000e+00,0.000000000000000000e+00
7.220066355945075998e+01,0.000000000000000000e+00,0.000000000000000000e+00
7.637326227065412354e+01,0.000000000000000000e+00,0.000000000000000000e+00
7.236184248524176610e+01,0.000000000000000000e+00,0.000000000000000000e+00
7.445242656817457316e+01,0.000000000000000000e+00,0.000000000000000000e+00
7.364212217445616204e+01,0.000000000000000000e+00,0.000000000000000000e+00
7.509860185380715336e+01,0.000000000000000000e+00,0.000000000000000000e+00
7.833759126351316127e+01,0.000000000000000000e+00,0.000000000000000000e+00
7.694024159210974290e+01,0.000000000000000000e+00,0.000000000000000000e+00
7.899428149068444327e+01,0.000000000000000000e+00,0.000000000000000000e+00
7.702428368309966800e+01,0.000000000000000000e+00,0.000000000000000000e+00
7.748287847830467001e+01,0.000000000000000000e+00,0.000000000000000000e+00
7.067743839334865186e+01,0.000000000000000000e+00,0.000000000000000000e+00
7.346445080508125614e+01,0.000000000000000000e+00,0.000000000000000000e+00
7.320141233578598872e+01,0.000000000000000000e+00,0.000000000000000000e+00
7.125536378791110792e+01,0.000000000000000000e+00,0.000000000000000000e+00
7.927806730004584779e+01,0.000000000000000000e+00,0.000000000000000000e+00
7.473435905002750701e+01,0.000000000000000000e+00,0.000000000000000000e+00
7.166189371590482438e+01,0.000000000000000000e+00,0.000000000000000000e+00
7.704948126596799796e+01,0.000000000000000000e+00,0.000000000000000000e+00
7.653666514423242972e+01,0.000000000000000000e+00,0.000000000000000000e+00
7.866584960769264967e+01,0.000000000000000000e+00,0.000000000000000000e+00
7.389912719469172941e+01,0.000000000000000000e+00,0.000000000000000000e+00
7.221121792537704209e+01,0.000000000000000000e+00,0.000000000000000000e+00
7.660624016979055284e+01,0.000000000000000000e+00,0.000000000000000000e+00
7.270624736424896639e+01,0.000000000000000000e+00,0.000000000000000000e+00
7.342194437205219515e+01,0.000000000000000000e+00,0.000000000000000000e+00
7.209529726653131831e+01,0.000000000000000000e+00,0.000000000000000000e+00
7.221745769215266364e+01,0.000000000000000000e+00,0.000000000000000000e+00
7.421001418212176759e+01,0.000000000000000000e+00,0.000000000000000000e+00
7.228240489277565928e+01,0.000000000000000000e+00,0.000000000000000000e+00
7.388991028738412581e+01,0.000000000000000000e+00,0.000000000000000000e+00
7.674883338334917937e+01,0.000000000000000000e+00,0.000000000000000000e+00
7.106703726528876075e+01,0.000000000000000000e+00,0.000000000000000000e+00
7.574973289322535663e+01,0.000000000000000000e+00,0.000000000000000000e+00
7.165999763887295160e+01,0.000000000000000000e+00,0.000000000000000000e+00
7.106895440378218609e+01,0.000000000000000000e+00,0.000000000000000000e+00
7.556430687431368654e+01,0.000000000000000000e+00,0.000000000000000000e+00
7.204752582924669468e+01,0.000000000000000000e+00,0.000000000000000000e+00
7.827828778867801418e+01,0.000000000000000000e+00,0.000000000000000000e+00
7.416430694291278769e+01,0.000000000000000000e+00,0.000000000000000000e+00
7.492470853238961581e+01,0.000000000000000000e+00,0.000000000000000000e+00
7.270036230386725151e+01,0.000000000000000000e+00,0.000000000000000000e+00
7.245707999117907150e+01,0.000000000000000000e+00,0.000000000000000000e+00
6.838760292073864377e+01,0.000000000000000000e+00,0.000000000000000000e+00
7.615942242244224758e+01,0.000000000000000000e+00,0.000000000000000000e+00
7.205710108868613872e+01,0.000000000000000000e+00,0.000000000000000000e+00
7.406212389815439678e+01,0.000000000000000000e+00,0.000000000000000000e+00
7.377281763669513737e+01,0.000000000000000000e+00,0.000000000000000000e+00
7.206838191866400223e+01,0.000000000000000000e+00,0.000000000000000000e+00
6.909032227582882513e+01,0.000000000000000000e+00,0.000000000000000000e+00
6.680585996034339757e+01,0.000000000000000000e+00,0.000000000000000000e+00
7.488144551630206536e+01,0.000000000000000000e+00,0.000000000000000000e+00
7.183824110985324296e+01,0.000000000000000000e+00,0.000000000000000000e+00
7.730139525637041231e+01,0.000000000000000000e+00,0.000000000000000000e+00
6.780585379233615129e+01,0.000000000000000000e+00,0.000000000000000000e+00
7.626031926576271758e+01,0.000000000000000000e+00,0.000000000000000000e+00
7.043171173007300467e+01,0.000000000000000000e+00,0.000000000000000000e+00
7.238386180352210886e+01,0.000000000000000000e+00,0.000000000000000000e+00
6.898951057364263306e+01,0.000000000000000000e+00,0.000000000000000000e+00
7.069073546035446043e+01,0.000000000000000000e+00,0.000000000000000000e+00
7.402568339982195766e+01,0.000000000000000000e+00,0.000000000000000000e+00
7.232175351623587289e+01,0.000000000000000000e+00,0.000000000000000000e+00
7.248527732362211395e+01,0.000000000000000000e+00,0.000000000000000000e+00
7.103966703831915197e+01,0.000000000000000000e+00,0.000000000000000000e+00
7.224456813868491167e+01,0.000000000000000000e+00,0.000000000000000000e+00
7.194097230865872916e+01,0.000000000000000000e+00,0.000000000000000000e+00
7.379612838755539883e+01,0.000000000000000000e+00,0.000000000000000000e+00
7.572935299439843959e+01,0.000000000000000000e+00,0.000000000000000000e+00
7.362072422818027917e+01,0.000000000000000000e+00,0.000000000000000000e+00
6.908877470248593511e+01,0.000000000000000000e+00,0.000000000000000000e+00
7.134167009824388117e+01,0.000000000000000000e+00,0.000000000000000000e+00
7.240044069252516579e+01,0.000000000000000000e+00,0.000000000000000000e+00
7.101742658026282129e+01,0.000000000000000000e+00,0.000000000000000000e+00
7.153092203044425901e+01,0.000000000000000000e+00,0.000000000000000000e+00
7.012137235148676950e+01,0.000000000000000000e+00,0.000000000000000000e+00
7.327476799856177081e+01,0.000000000000000000e+00,0.000000000000000000e+00
7.222555262294889644e+01,0.000000000000000000e+00,0.000000000000000000e+00
7.333191160211296733e+01,0.000000000000000000e+00,0.000000000000000000e+00
7.257397469445294291e+01,0.000000000000000000e+00,0.000000000000000000e+00
7.024599498125589037e+01,0.000000000000000000e+00,0.000000000000000000e+00
7.455443996575350241e+01,0.000000000000000000e+00,0.000000000000000000e+00
7.035356535644991993e+01,0.000000000000000000e+00,0.000000000000000000e+00
7.070014404120837526e+01,0.000000000000000000e+00,0.000000000000000000e+00
7.282668017768737911e+01,0.000000000000000000e+00,0.000000000000000000e+00
7.036867449388689977e+01,0.000000000000000000e+00,0.000000000000000000e+00
7.114864943199586378e+01,0.000000000000000000e+00,0.000000000000000000e+00
7.124918302679928672e+01,0.000000000000000000e+00,0.000000000000000000e+00
7.421088600168187099e+01,0.000000000000000000e+00,0.000000000000000000e+00
7.086790057972790180e+01,0.000000000000000000e+00,0.000000000000000000e+00
7.412689611634932874e+01,0.000000000000000000e+00,0.000000000000000000e+00
7.043185203306457254e+01,0.000000000000000000e+00,0.000000000000000000e+00
7.281461849466556657e+01,0.000000000000000000e+00,0.000000000000000000e+00
7.333740442407791704e+01,0.000000000000000000e+00,0.000000000000000000e+00
6.948506027137410967e+01,0.000000000000000000e+00,0.000000000000000000e+00
6.761117099697422361e+01,0.000000000000000000e+00,0.000000000000000000e+00
7.016258502395261587e+01,0.000000000000000000e+00,0.000000000000000000e+00
7.138469853251002917e+01,0.000000000000000000e+00,0.000000000000000000e+00
7.349488174534737084e+01,0.000000000000000000e+00,0.000000000000000000e+00
7.194027820101420900e+01,0.000000000000000000e+00,0.000000000000000000e+00
6.982153071591865512e+01,0.000000000000000000e+00,0.000000000000000000e+00
6.841539543634027609e+01,0.000000000000000000e+00,0.000000000000000000e+00
6.854050168811517096e+01,0.000000000000000000e+00,0.000000000000000000e+00
6.932977786107453255e+01,0.000000000000000000e+00,0.000000000000000000e+00
6.834226814812991790e+01,0.000000000000000000e+00,0.000000000000000000e+00
7.072767468265939783e+01,0.000000000000000000e+00,0.000000000000000000e+00
7.282025158034021217e+01,0.000000000000000000e+00,0.000000000000000000e+00
7.149483927887685297e+01,0.000000000000000000e+00,0.000000000000000000e+00
7.134716943673626588e+01,0.000000000000000000e+00,0.000000000000000000e+00
6.976879492729123911e+01,0.000000000000000000e+00,0.000000000000000000e+00
6.851333560774648390e+01,0.000000000000000000e+00,0.000000000000000000e+00
6.647078167779770297e+01,0.000000000000000000e+00,0.000000000000000000e+00
6.859435483636568165e+01,0.000000000000000000e+00,0.000000000000000000e+00
7.102755200720332596e+01,0.000000000000000000e+00,0.000000000000000000e+00
7.320536645895789718e+01,0.000000000000000000e+00,0.000000000000000000e+00
7.044315481107234689e+01,0.000000000000000000e+00,0.000000000000000000e+00
7.231400384247697843e+01,0.000000000000000000e+00,0.000000000000000000e+00
6.842395166114394556e+01,0.000000000000000000e+00,0.000000000000000000e+00
6.582566874326124662e+01,0.000000000000000000e+00,0.000000000000000000e+00
6.758489346659813179e+01,0.000000000000000000e+00,0.000000000000000000e+00
7.106675006714321796e+01,0.000000000000000000e+00,0.000000000000000000e+00
6.764436214172239659e+01,0.000000000000000000e+00,0.000000000000000000e+00
7.066569711953155775e+01,0.000000000000000000e+00,0.000000000000000000e+00
6.821962679454730960e+01,0.000000000000000000e+00,0.000000000000000000e+00
6.998585596570650580e+01,0.000000000000000000e+00,0.000000000000000000e+00
6.733463764165526300e+01,0.000000000000000000e+00,0.000000000000000000e+00
6.797874827798011665e+01,0.000000000000000000e+00,0.000000000000000000e+00
6.730319899400025463e+01,0.000000000000000000e+00,0.000000000000000000e+00
6.907101537709613126e+01,0.000000000000000000e+00,0.000000000000000000e+00
7.098937418686467993e+01,0.000000000000000000e+00,0.000000000000000000e+00
6.361165047049468058e+01,0.000000000000000000e+00,0.000000000000000000e+00
7.071204476281705809e+01,0.000000000000000000e+00,0.000000000000000000e+00
7.038019733709235481e+01,0.000000000000000000e+00,0.000000000000000000e+00
7.132284389543536918e+01,0.000000000000000000e+00,0.000000000000000000e+00
7.112790317551700525e+01,0.000000000000000000e+00,0.000000000000000000e+00
6.959516553471098632e+01,0.000000000000000000e+00,0.000000000000000000e+00
6.955779979912270505e+01,0.000000000000000000e+00,0.000000000000000000e+00
6.902365960153544222e+01,0.000000000000000000e+00,0.000000000000000000e+00
6.759442088263077153e+01,0.000000000000000000e+00,0.000000000000000000e+00
6.932837860813023667e+01,0.000000000000000000e+00,0.000000000000000000e+00
6.922365744374057783e+01,0.000000000000000000e+00,0.000000000000000000e+00
6.947320365105203166e+01,0.000000000000000000e+00,0.000000000000000000e+00
6.524891261750434523e+01,0.000000000000000000e+00,0.000000000000000000e+00
7.214571461491343030e+01,0.000000000000000000e+00,0.000000000000000000e+00
6.868960890462545876e+01,0.000000000000000000e+00,0.000000000000000000e+00
6.611432625454102663e+01,0.000000000000000000e+00,0.000000000000000000e+00
6.481589891714688179e+01,0.000000000000000000e+00,0.000000000000000000e+00
6.115243642294710469e+01,0.000000000000000000e+00,0.000000000000000000e+00
6.718664623472000130e+01,0.000000000000000000e+00,0.000000000000000000e+00
6.538973848099278996e+01,0.000000000000000000e+00,0.000000000000000000e+00
6.419471715917634924e+01,0.000000000000000000e+00,0.000000000000000000e+00
6.395325955297632703e+01,0.000000000000000000e+00,0.000000000000000000e+00
6.810583201821482646e+01,0.000000000000000000e+00,0.000000000000000000e+00
6.783837372523758802e+01,0.000000000000000000e+00,0.000000000000000000e+00
6.826752679920546996e+01,0.000000000000000000e+00,0.000000000000000000e+00
6.600838956715648465e+01,0.000000000000000000e+00,0.000000000000000000e+00
6.605205843602558957e+01,0.000000000000000000e+00,0.000000000000000000e+00
6.593618181950476753e+01,0.000000000000000000e+00,0.000000000000000000e+00
6.418960831809349088e+01,0.000000000000000000e+00,0.000000000000000000e+00
6.762538558314005854e+01,0.000000000000000000e+00,0.000000000000000000e+00
6.653890114971568437e+01,0.000000000000000000e+00,0.000000000000000000e+00
6.585435953675397514e+01,0.000000000000000000e+00,0.000000000000000000e+00
6.965496890704777400e+01,0.000000000000000000e+00,0.000000000000000000e+00
6.815539734625973267e+01,0.000000000000000000e+00,0.000000000000000000e+00
7.028086391333978611e+01,0.000000000000000000e+00,0.000000000000000000e+00
6.498594932743307595e+01,0.000000000000000000e+00,0.000000000000000000e+00
5.995694921025872759e+01,0.000000000000000000e+00,0.000000000000000000e+00
6.786016413173062745e+01,0.000000000000000000e+00,0.000000000000000000e+00
6.887350987325226015e+01,0.000000000000000000e+00,0.000000000000000000e+00
6.065815587790925889e+01,0.000000000000000000e+00,0.000000000000000000e+00
6.499058850801651488e+01,0.000000000000000000e+00,0.000000000000000000e+00
6.779002900992828984e+01,0.000000000000000000e+00,0.000000000000000000e+00
6.615330442053692650e+01,0.000000000000000000e+00,0.000000000000000000e+00
6.343670905035354934e+01,0.000000000000000000e+00,0.000000000000000000e+00
6.768626967397105432e+01,0.000000000000000000e+00,0.000000000000000000e+00
6.560736742986070169e+01,0.000000000000000000e+00,0.000000000000000000e+00
6.644040418419477589e+01,0.000000000000000000e+00,0.000000000000000000e+00
6.952558843534355049e+01,0.000000000000000000e+00,0.000000000000000000e+00
6.712726468261409707e+01,0.000000000000000000e+00,0.000000000000000000e+00
6.670229763690332447e+01,0.000000000000000000e+00,0.000000000000000000e+00
6.567830129730064925e+01,0.000000000000000000e+00,0.000000000000000000e+00
6.432985303317872194e+01,0.000000000000000000e+00,0.000000000000000000e+00
6.546236890376277984e+01,0.000000000000000000e+00,0.000000000000000000e+00
6.464624723878435475e+01,0.000000000000000000e+00,0.000000000000000000e+00
6.168290284353157205e+01,0.000000000000000000e+00,0.000000000000000000e+00
6.596981249093043687e+01,0.000000000000000000e+00,0.000000000000000000e+00
6.848286324020544669e+01,0.000000000000000000e+00,0.000000000000000000e+00
6.394950331504025343e+01,0.000000000000000000e+00,0.000000000000000000e+00
6.592766138539133181e+01,0.000000000000000000e+00,0.000000000000000000e+00
6.088998859144066955e+01,0.000000000000000000e+00,0.000000000000000000e+00
6.422147163634878098e+01,0.000000000000000000e+00,0.000000000000000000e+00
6.754024026341745923e+01,0.000000000000000000e+00,0.000000000000000000e+00
6.546597623254865539e+01,0.000000000000000000e+00,0.000000000000000000e+00
6.254020572116129983e+01,0.000000000000000000e+00,0.000000000000000000e+00
6.314850197317354485e+01,0.000000000000000000e+00,0.000000000000000000e+00
6.537623255288670521e+01,0.000000000000000000e+00,0.000000000000000000e+00
6.286638515776352421e+01,0.000000000000000000e+00,0.000000000000000000e+00
6.525007132417917433e+01,0.000000000000000000e+00,0.000000000000000000e+00
6.463525226583912797e+01,0.000000000000000000e+00,0.000000000000000000e+00
6.516302505235960041e+01,0.000000000000000000e+00,0.000000000000000000e+00
6.215938535363120820e+01,0.000000000000000000e+00,0.000000000000000000e+00
6.187448385275844487e+01,0.000000000000000000e+00,0.000000000000000000e+00
6.408660624046837029e+01,0.000000000000000000e+00,0.000000000000000000e+00
6.185793654582391099e+01,0.000000000000000000e+00,0.000000000000000000e+00
6.235325516269047341e+01,0.000000000000000000e+00,0.000000000000000000e+00
6.208573665447196532e+01,0.000000000000000000e+00,0.000000000000000000e+00
6.252410757512834749e+01,0.000000000000000000e+00,0.000000000000000000e+00
6.057201939654385825e+01,0.000000000000000000e+00,0.000000000000000000e+00
6.284738553678707973e+01,0.000000000000000000e+00,0.000000000000000000e+00
6.304161705526829707e+01,0.000000000000000000e+00,0.000000000000000000e+00
6.130274442323283068e+01,0.000000000000000000e+00,0.000000000000000000e+00
6.114629986769486436e+01,0.000000000000000000e+00,0.000000000000000000e+00
6.019671135592768962e+01,0.000000000000000000e+00,0.000000000000000000e+00
6.075736870408940149e+01,0.000000000000000000e+00,0.000000000000000000e+00
6.259933620974400270e+01,0.000000000000000000e+00,0.000000000000000000e+00
5.919390869800738386e+01,0.000000000000000000e+00,0.000000000000000000e+00
6.166789574089617076e+01,0.000000000000000000e+00,0.000000000000000000e+00
6.242961235996276059e+01,0.000000000000000000e+00,0.000000000000000000e+00
6.033611622981690203e+01,0.000000000000000000e+00,0.000000000000000000e+00
6.215972117474615999e+01,0.000000000000000000e+00,0.000000000000000000e+00
6.507830755870318740e+01,0.000000000000000000e+00,0.000000000000000000e+00
6.601790068593697924e+01,0.000000000000000000e+00,0.000000000000000000e+00
5.962552729253518180e+01,0.000000000000000000e+00,0.000000000000000000e+00
6.380174074898338432e+01,0.000000000000000000e+00,0.000000000000000000e+00
6.129754063211242254e+01,0.000000000000000000e+00,0.000000000000000000e+00
6.035091474589842875e+01,0.000000000000000000e+00,0.000000000000000000e+00
6.253973044225454458e+01,0.000000000000000000e+00,0.000000000000000000e+00
5.794450376747243325e+01,0.000000000000000000e+00,0.000000000000000000e+00
6.007383200247748078e+01,0.000000000000000000e+00,0.000000000000000000e+00
6.123949391175640500e+01,0.000000000000000000e+00,0.000000000000000000e+00
6.432386067742520197e+01,0.000000000000000000e+00,0.000000000000000000e+00
5.930922669516222356e+01,0.000000000000000000e+00,0.000000000000000000e+00
6.186909524899726875e+01,0.000000000000000000e+00,0.000000000000000000e+00
6.141347079557085209e+01,0.000000000000000000e+00,0.000000000000000000e+00
5.962893567545835793e+01,0.000000000000000000e+00,0.000000000000000000e+00
6.003843118116383692e+01,0.000000000000000000e+00,0.000000000000000000e+00
6.106791603541220326e+01,0.000000000000000000e+00,0.000000000000000000e+00
5.774261014229706035e+01,0.000000000000000000e+00,0.000000000000000000e+00
6.108925260558341819e+01,0.000000000000000000e+00,0.000000000000000000e+00
5.736192592917476674e+01,0.000000000000000000e+00,0.000000000000000000e+00
6.052881940265820759e+01,0.000000000000000000e+00,0.000000000000000000e+00
5.721821457879780581e+01,0.000000000000000000e+00,0.000000000000000000e+00
5.937685313993171121e+01,0.000000000000000000e+00,0.000000000000000000e+00
6.010036714768337873e+01,0.000000000000000000e+00,0.000000000000000000e+00
6.029408032752989754e+01,0.000000000000000000e+00,0.000000000000000000e+00
6.139829205069954554e+01,0.000000000000000000e+00,0.000000000000000000e+00
5.945987875724546257e+01,0.000000000000000000e+00,0.000000000000000000e+00
6.002284428222332480e+01,0.000000000000000000e+00,0.000000000000000000e+00
6.231897896896850852e+01,0.000000000000000000e+00,0.000000000000000000e+00
6.122417704477061307e+01,0.000000000000000000e+00,0.000000000000000000e+00
5.945854059620410936e+01,0.000000000000000000e+00,0.000000000000000000e+00
6.084053384056257130e+01,0.000000000000000000e+00,0.000000000000000000e+00
6.145863833651954167e+01,0.000000000000000000e+00,0.000000000000000000e+00
6.223060987934743338e+01,0.000000000000000000e+00,0.000000000000000000e+00
6.034492109698107498e+01,0.000000000000000000e+00,0.000000000000000000e+00
6.143612722816066452e+01,0.000000000000000000e+00,0.000000000000000000e+00
5.981725916431921775e+01,0.000000000000000000e+00,0.000000000000000000e+00
5.882071688743255322e+01,0.000000000000000000e+00,0.000000000000000000e+00
5.931664137710541240e+01,0.000000000000000000e+00,0.000000000000000000e+00
5.850640209239519152e+01,0.000000000000000000e+00,0.000000000000000000e+00
6.016650535484452433e+01,0.000000000000000000e+00,0.000000000000000000e+00
5.843870705927183451e+01,0.000000000000000000e+00,0.000000000000000000e+00
5.756746105703413008e+01,0.000000000000000000e+00,0.000000000000000000e+00
5.896649543262875426e+01,0.000000000000000000e+00,0.000000000000000000e+00
6.047716533663145810e+01,0.000000000000000000e+00,0.000000000000000000e+00
6.196990105106068114e+01,0.000000000000000000e+00,0.000000000000000000e+00
5.645011431070538777e+01,0.000000000000000000e+00,0.000000000000000000e+00
6.091952747007373858e+01,0.000000000000000000e+00,0.000000000000000000e+00
5.931177787041185923e+01,0.000000000000000000e+00,0.000000000000000000e+00
5.561484863427128289e+01,0.000000000000000000e+00,0.000000000000000000e+00
6.006622087165554547e+01,0.000000000000000000e+00,0.000000000000000000e+00
5.699372546213085400e+01,0.000000000000000000e+00,0.000000000000000000e+00
5.769509839579854571e+01,0.000000000000000000e+00,0.000000000000000000e+00
5.929440379450604581e+01,0.000000000000000000e+00,0.000000000000000000e+00
5.862439793798034060e+01,0.000000000000000000e+00,0.000000000000000000e+00
6.164537710715020324e+01,0.000000000000000000e+00,0.000000000000000000e+00
5.724102963373864839e+01,0.000000000000000000e+00,0.000000000000000000e+00
6.076422384995883874e+01,0.000000000000000000e+00,0.000000000000000000e+00
5.500922359690765262e+01,0.000000000000000000e+00,0.000000000000000000e+00
5.884020760001804007e+01,0.000000000000000000e+00,0.000000000000000000e+00
5.921193226477954852e+01,0.000000000000000000e+00,0.000000000000000000e+00
5.888270676968453898e+01,0.000000000000000000e+00,0.000000000000000000e+00
6.114715927574754062e+01,0.000000000000000000e+00,0.000000000000000000e+00
5.807006853354644704e+01,0.000000000000000000e+00,0.000000000000000000e+00
5.744836403218994292e+01,0.000000000000000000e+00,0.000000000000000000e+00
5.732336501278278007e+01,0.000000000000000000e+00,0.000000000000000000e+00
5.933645140495504222e+01,0.000000000000000000e+00,0.000000000000000000e+00
5.536196874274205726e+01,0.000000000000000000e+00,0.000000000000000000e+00
5.765619370384455067e+01,0.000000000000000000e+00,0.000000000000000000e+00
5.525898564877131491e+01,0.000000000000000000e+00,0.000000000000000000e+00
5.512608208699692369e+01,0.000000000000000000e+00,0.000000000000000000e+00
5.395605730430997937e+01,0.000000000000000000e+00,0.000000000000000000e+00
5.528001358617258632e+01,0.000000000000000000e+00,0.000000000000000000e+00
5.340632738046808470e+01,0.000000000000000000e+00,0.000000000000000000e+00
5.772510518673793456e+01,0.000000000000000000e+00,0.000000000000000000e+00
5.449340999706737421e+01,0.000000000000000000e+00,0.000000000000000000e+00
5.587786726583436803e+01,0.000000000000000000e+00,0.000000000000000000e+00
5.659563920519481428e+01,0.000000000000000000e+00,0.000000000000000000e+00
5.703800445555489773e+01,0.000000000000000000e+00,0.000000000000000000e+00
5.540270798352085535e+01,0.000000000000000000e+00,0.000000000000000000e+00
5.801804044739010635e+01,0.000000000000000000e+00,0.000000000000000000e+00
5.761098673620497834e+01,0.000000000000000000e+00,0.000000000000000000e+00
5.891217540808015229e+01,0.000000000000000000e+00,0.000000000000000000e+00
5.574476960440007645e+01,0.000000000000000000e+00,0.000000000000000000e+00
5.677050210231465144e+01,0.000000000000000000e+00,0.000000000000000000e+00
5.478764409176469741e+01,0.000000000000000000e+00,0.000000000000000000e+00
5.462211689511020296e+01,0.000000000000000000e+00,0.000000000000000000e+00
5.417538727028958334e+01,0.000000000000000000e+00,0.000000000000000000e+00
5.587681330514966760e+01,0.000000000000000000e+00,0.000000000000000000e+00
5.579527676789037827e+01,0.000000000000000000e+00,0.000000000000000000e+00
5.360461647513987771e+01,0.000000000000000000e+00,0.000000000000000000e+00
5.692682688870483076e+01,0.000000000000000000e+00,0.000000000000000000e+00
5.274752743361558771e+01,0.000000000000000000e+00,0.000000000000000000e+00
5.507158811462965531e+01,0.000000000000000000e+00,0.000000000000000000e+00
5.575877115545564067e+01,0.000000000000000000e+00,0.000000000000000000e+00
5.385005629046418107e+01,0.000000000000000000e+00,0.000000000000000000e+00
5.688327882181881989e+01,0.000000000000000000e+00,0.000000000000000000e+00
5.341658784351506029e+01,0.000000000000000000e+00,0.000000000000000000e+00
5.264714538589736748e+01,0.000000000000000000e+00,0.000000000000000000e+00
5.674416580342354166e+01,0.000000000000000000e+00,0.000000000000000000e+00
5.565688443308567912e+01,0.000000000000000000e+00,0.000000000000000000e+00
5.306401912197457449e+01,0.000000000000000000e+00,0.000000000000000000e+00
5.319647150195991259e+01,0.000000000000000000e+00,0.000000000000000000e+00
5.262856942134739313e+01,0.000000000000000000e+00,0.000000000000000000e+00
5.237390552132760746e+01,0.000000000000000000e+00,0.000000000000000000e+00
5.630822140700971801e+01,0.000000000000000000e+00,0.000000000000000000e+00
5.528479600653133730e+01,0.000000000000000000e+00,0.000000000000000000e+00
4.907980314913934450e+01,0.000000000000000000e+00,0.000000000000000000e+00
5.242291552160188672e+01,0.000000000000000000e+00,0.000000000000000000e+00
5.563415621792859156e+01,0.000000000000000000e+00,0.000000000000000000e+00
5.395542167904352482e+01,0.000000000000000000e+00,0.000000000000000000e+00
5.014936416844374634e+01,0.000000000000000000e+00,0.000000000000000000e+00
5.605658928082046089e+01,0.000000000000000000e+00,0.000000000000000000e+00
5.298830814956992441e+01,0.000000000000000000e+00,0.000000000000000000e+00
5.513431540341392179e+01,0.000000000000000000e+00,0.000000000000000000e+00
5.465208516892602830e+01,0.000000000000000000e+00,0.000000000000000000e+00
5.375783463402834172e+01,0.000000000000000000e+00,0.000000000000000000e+00
5.145301625767360321e+01,0.000000000000000000e+00,0.000000000000000000e+00
5.138353758625807899e+01,0.000000000000000000e+00,0.000000000000000000e+00
5.390133267623036772e+01,0.000000000000000000e+00,0.000000000000000000e+00
5.137793008319901844e+01,0.000000000000000000e+00,0.000000000000000000e+00
4.939998450774276506e+01,0.000000000000000000e+00,0.000000000000000000e+00
5.557648154526058448e+01,0.000000000000000000e+00,0.000000000000000000e+00
5.114766373724875592e+01,0.000000000000000000e+00,0.000000000000000000e+00
5.492979070942468667e+01,0.000000000000000000e+00,0.000000000000000000e+00
5.257013219179000174e+01,0.000000000000000000e+00,0.000000000000000000e+00
4.999535021265369039e+01,0.000000000000000000e+00,0.000000000000000000e+00
5.211433633226561568e+01,0.000000000000000000e+00,0.000000000000000000e+00
5.176617444475694185e+01,0.000000000000000000e+00,0.000000000000000000e+00
5.147525443084438024e+01,0.000000000000000000e+00,0.000000000000000000e+00
4.868309308471672381e+01,0.000000000000000000e+00,0.000000000000000000e+00
5.366679705828735791e+01,0.000000000000000000e+00,0.000000000000000000e+00
5.062086801029300176e+01,0.000000000000000000e+00,0.000000000000000000e+00
5.048965401206012160e+01,0.000000000000000000e+00,0.000000000000000000e+00
5.368667257559289396e+01,0.000000000000000000e+00,0.000000000000000000e+00
4.855246649303417428e+01,0.000000000000000000e+00,0.000000000000000000e+00
4.826576067594516672e+01,0.000000000000000000e+00,0.000000000000000000e+00
5.439967339899848753e+01,0.000000000000000000e+00,0.000000000000000000e+00
5.052018239435195568e+01,0.000000000000000000e+00,0.000000000000000000e+00
4.749081271991344266e+01,0.000000000000000000e+00,0.000000000000000000e+00
4.781188735288366587e+01,0.000000000000000000e+00,0.000000000000000000e+00
5.022512062586596926e+01,0.000000000000000000e+00,0.000000000000000000e+00
5.058066083492087017e+01,0.000000000000000000e+00,0.000000000000000000e+00
5.105106314430952352e+01,0.000000000000000000e+00,0.000000000000000000e+00
4.983855134059289327e+01,0.000000000000000000e+00,0.000000000000000000e+00
5.137383449710947048e+01,0.000000000000000000e+00,0.000000000000000000e+00
5.137895757214950265e+01,0.000000000000000000e+00,0.000000000000000000e+00
5.272687874728902102e+01,0.000000000000000000e+00,0.000000000000000000e+00
5.188055045670856913e+01,0.000000000000000000e+00,0.000000000000000000e+00
4.858138269867318115e+01,0.000000000000000000e+00,0.000000000000000000e+00
5.108807966246770604e+01,0.000000000000000000e+00,0.000000000000000000e+00
5.240585671662760348e+01,0.000000000000000000e+00,0.000000000000000000e+00
5.054244692423548457e+01,0.000000000000000000e+00,0.000000000000000000e+00
5.303161844122038104e+01,0.000000000000000000e+00,0.000000000000000000e+00
4.782870371375192775e+01,0.000000000000000000e+00,0.000000000000000000e+00
5.413749513339917030e+01,0.000000000000000000e+00,0.000000000000000000e+00
4.711436871027061812e+01,0.000000000000000000e+00,0.000000000000000000e+00
5.035621241380518853e+01,0.000000000000000000e+00,0.000000000000000000e+00
4.878511865484183829e+01,0.000000000000000000e+00,0.000000000000000000e+00
5.258218022448286888e+01,0.000000000000000000e+00,0.000000000000000000e+00
5.074762070061920127e+01,0.000000000000000000e+00,0.000000000000000000e+00
4.632255173405513915e+01,0.000000000000000000e+00,0.000000000000000000e+00
4.866271008017522348e+01,0.000000000000000000e+00,0.000000000000000000e+00
4.720883231847936656e+01,0.000000000000000000e+00,0.000000000000000000e+00
4.846948959784889155e+01,0.000000000000000000e+00,0.000000000000000000e+00
5.100931072066625660e+01,0.000000000000000000e+00,0.000000000000000000e+00
4.937056753269718001e+01,0.000000000000000000e+00,0.000000000000000000e+00
5.037601105622950826e+01,0.000000000000000000e+00,0.000000000000000000e+00
4.675566180242444148e+01,0.000000000000000000e+00,0.000000000000000000e+00
4.934757839782121636e+01,0.000000000000000000e+00,0.000000000000000000e+00
4.747336808446417677e+01,0.000000000000000000e+00,0.000000000000000000e+00
5.045724292832790780e+01,0.000000000000000000e+00,0.000000000000000000e+00
4.596122598309118956e+01,0.000000000000000000e+00,0.000000000000000000e+00
4.681714950537629960e+01,0.000000000000000000e+00,0.000000000000000000e+00
4.654111887525677815e+01,0.000000000000000000e+00,0.000000000000000000e+00
5.400153249003518852e+01,0.000000000000000000e+00,0.000000000000000000e+00
4.506524480187324855e+01,0.000000000000000000e+00,0.000000000000000000e+00
5.114136227660344503e+01,0.000000000000000000e+00,0.000000000000000000e+00
4.389046293273442245e+01,0.000000000000000000e+00,0.000000000000000000e+00
5.089171179171438553e+01,0.000000000000000000e+00,0.000000000000000000e+00
4.775792616501727395e+01,0.000000000000000000e+00,0.000000000000000000e+00
5.149108609065145004e+01,0.000000000000000000e+00,0.000000000000000000e+00
4.467840177125252410e+01,0.000000000000000000e+00,0.000000000000000000e+00
4.715894819798038640e+01,0.000000000000000000e+00,0.000000000000000000e+00
4.948508548488644010e+01,0.000000000000000000e+00,0.000000000000000000e+00
4.475180125676962462e+01,0.000000000000000000e+00,0.000000000000000000e+00
4.776181953917288325e+01,0.000000000000000000e+00,0.000000000000000000e+00
4.719278399331072649e+01,0.000000000000000000e+00,0.000000000000000000e+00
4.816875039412521176e+01,0.000000000000000000e+00,0.000000000000000000e+00
4.908758197508650767e+01,0.000000000000000000e+00,0.000000000000000000e+00
5.020337211852799442e+01,0.000000000000000000e+00,0.000000000000000000e+00
4.613211650832948152e+01,0.000000000000000000e+00,0.000000000000000000e+00
4.619281325324515564e+01,0.000000000000000000e+00,0.000000000000000000e+00
4.606439007334942914e+01,0.000000000000000000e+00,0.000000000000000000e+00
4.948030775699486838e+01,0.000000000000000000e+00,0.000000000000000000e+00
4.635127858334984552e+01,0.000000000000000000e+00,0.000000000000000000e+00
4.892656809991824929e+01,0.000000000000000000e+00,0.000000000000000000e+00
4.838787656009299099e+01,0.000000000000000000e+00,0.000000000000000000e+00
4.650416420139920604e+01,0.000000000000000000e+00,0.000000000000000000e+00
4.415255422919069161e+01,0.000000000000000000e+00,0.000000000000000000e+00
4.487001173585372982e+01,0.000000000000000000e+00,0.000000000000000000e+00
4.778578708583305712e+01,0.000000000000000000e+00,0.000000000000000000e+00
4.704184657352113419e+01,0.000000000000000000e+00,0.000000000000000000e+00
4.640782702477503108e+01,0.000000000000000000e+00,0.000000000000000000e+00
4.583782198402258956e+01,0.000000000000000000e+00,0.000000000000000000e+00
4.768403245765675535e+01,0.000000000000000000e+00,0.000000000000000000e+00
4.551456677310350329e+01,0.000000000000000000e+00,0.000000000000000000e+00
4.416081939875206785e+01,0.000000000000000000e+00,0.000000000000000000e+00
4.593467186756766552e+01,0.000000000000000000e+00,0.000000000000000000e+00
4.600015869975189986e+01,0.000000000000000000e+00,0.000000000000000000e+00
4.228512112295248215e+01,0.000000000000000000e+00,0.000000000000000000e+00
4.777415136226624526e+01,0.000000000000000000e+00,0.000000000000000000e+00
4.173016692660033300e+01,0.000000000000000000e+00,0.000000000000000000e+00
4.944971816639378659e+01,0.000000000000000000e+00,0.000000000000000000e+00
4.844969983805253122e+01,0.000000000000000000e+00,0.000000000000000000e+00
4.515076854962976682e+01,0.000000000000000000e+00,0.000000000000000000e+00
4.481548470575560117e+01,0.000000000000000000e+00,0.000000000000000000e+00
4.393705119623810162e+01,0.000000000000000000e+00,0.000000000000000000e+00
4.388485529867009660e+01,0.000000000000000000e+00,0.000000000000000000e+00
4.206044112087838727e+01,0.000000000000000000e+00,0.000000000000000000e+00
4.536841610742654041e+01,0.000000000000000000e+00,0.000000000000000000e+00
4.409805063143716808e+01,0.000000000000000000e+00,0.000000000000000000e+00
4.469203280652775589e+01,0.000000000000000000e+00,0.000000000000000000e+00
4.241404679305301073e+01,0.000000000000000000e+00,0.000000000000000000e+00
4.139354129267744753e+01,0.000000000000000000e+00,0.000000000000000000e+00
4.231116121695760057e+01,0.000000000000000000e+00,0.000000000000000000e+00
4.572393312379897878e+01,0.000000000000000000e+00,0.000000000000000000e+00
4.493309430664177739e+01,0.000000000000000000e+00,0.000000000000000000e+00
4.476295999395203040e+01,0.000000000000000000e+00,0.000000000000000000e+00
4.819272301400788905e+01,0.000000000000000000e+00,0.000000000000000000e+00
4.718569172120073318e+01,0.000000000000000000e+00,0.000000000000000000e+00
4.452147336874121208e+01,0.000000000000000000e+00,0.000000000000000000e+00
4.538700207016215415e+01,0.000000000000000000e+00,0.000000000000000000e+00
4.320642433544572469e+01,0.000000000000000000e+00,0.000000000000000000e+00
4.418116228082774910e+01,0.000000000000000000e+00,0.000000000000000000e+00
4.210898770272115854e+01,0.000000000000000000e+00,0.000000000000000000e+00
4.339420055509108920e+01,0.000000000000000000e+00,0.000000000000000000e+00
4.388623356503958917e+01,0.000000000000000000e+00,0.000000000000000000e+00
4.200095636855027692e+01,0.000000000000000000e+00,0.000000000000000000e+00
4.447780177443929972e+01,0.000000000000000000e+00,0.000000000000000000e+00
4.014561571547722707e+01,0.000000000000000000e+00,0.000000000000000000e+00
4.324221734054108168e+01,0.000000000000000000e+00,0.000000000000000000e+00
4.189173896074982650e+01,0.000000000000000000e+00,0.000000000000000000e+00
4.547783596318386401e+01,0.000000000000000000e+00,0.000000000000000000e+00
4.477656334129140703e+01,0.000000000000000000e+00,0.000000000000000000e+00
3.937406661195679192e+01,0.000000000000000000e+00,0.000000000000000000e+00
4.033019059041122745e+01,0.000000000000000000e+00,0.000000000000000000e+00
4.412441130603423289e+01,0.000000000000000000e+00,0.000000000000000000e+00
4.020490058261421495e+01,0.000000000000000000e+00,0.000000000000000000e+00
4.548825322364962176e+01,0.000000000000000000e+00,0.000000000000000000e+00
4.032751602713160821e+01,0.000000000000000000e+00,0.000000000000000000e+00
4.212942183713828115e+01,0.000000000000000000e+00,0.000000000000000000e+00
4.040052016147898684e+01,0.000000000000000000e+00,0.000000000000000000e+00
4.201049691005391651e+01,0.000000000000000000e+00,0.000000000000000000e+00
4.142172059859433375e+01,0.000000000000000000e+00,0.000000000000000000e+00
4.094979013628091025e+01,0.000000000000000000e+00,0.000000000000000000e+00
4.515142879570678502e+01,0.000000000000000000e+00,0.000000000000000000e+00
4.225063502073074773e+01,0.000000000000000000e+00,0.000000000000000000e+00
4.077543092121270973e+01,0.000000000000000000e+00,0.000000000000000000e+00
4.250485376491639755e+01,0.000000000000000000e+00,0.000000000000000000e+00
4.487058303381852653e+01,0.000000000000000000e+00,0.000000000000000000e+00
4.080772009964446312e+01,0.000000000000000000e+00,0.000000000000000000e+00
3.964086164748977836e+01,0.000000000000000000e+00,0.000000000000000000e+00
3.851262181200341672e+01,0.000000000000000000e+00,0.000000000000000000e+00
4.100246605705529390e+01,0.000000000000000000e+00,0.000000000000000000e+00
3.623117454533975490e+01,0.000000000000000000e+00,0.000000000000000000e+00
3.682021474572715647e+01,0.000000000000000000e+00,0.000000000000000000e+00
4.157905533160072764e+01,0.000000000000000000e+00,0.000000000000000000e+00
4.167983875579995612e+01,0.000000000000000000e+00,0.000000000000000000e+00
3.859273242282550598e+01,0.000000000000000000e+00,0.000000000000000000e+00
3.920051168245382200e+01,0.000000000000000000e+00,0.000000000000000000e+00
4.340617561740404540e+01,0.000000000000000000e+00,0.000000000000000000e+00
4.237645186178253454e+01,0.000000000000000000e+00,0.000000000000000000e+00
4.140079662407562466e+01,0.000000000000000000e+00,0.000000000000000000e+00
3.883110515331116375e+01,0.000000000000000000e+00,0.000000000000000000e+00
3.779215516851168388e+01,0.000000000000000000e+00,0.000000000000000000e+00
4.341589229018647700e+01,0.000000000000000000e+00,0.000000000000000000e+00
4.344132310244124540e+01,0.000000000000000000e+00,0.000000000000000000e+00
3.968361027494054838e+01,0.000000000000000000e+00,0.000000000000000000e+00
4.197360221068806396e+01,0.000000000000000000e+00,0.000000000000000000e+00
4.296812296074236315e+01,0.000000000000000000e+00,0.000000000000000000e+00
3.762789044724511456e+01,0.000000000000000000e+00,0.000000000000000000e+00
4.002656942581057820e+01,0.000000000000000000e+00,0.000000000000000000e+00
4.054627947395111676e+01,0.000000000000000000e+00,0.000000000000000000e+00
3.792386916831578958e+01,0.000000000000000000e+00,0.000000000000000000e+00
3.815975452583256100e+01,0.000000000000000000e+00,0.000000000000000000e+00
3.807433610249202616e+01,0.000000000000000000e+00,0.000000000000000000e+00
3.943460052186027553e+01,0.000000000000000000e+00,0.000000000000000000e+00
3.949110331326628653e+01,0.000000000000000000e+00,0.000000000000000000e+00
4.107581509341753900e+01,0.000000000000000000e+00,0.000000000000000000e+00
4.075559134000869932e+01,0.000000000000000000e+00,0.000000000000000000e+00
3.995293408027102089e+01,0.000000000000000000e+00,0.000000000000000000e+00
4.183329586148779100e+01,0.000000000000000000e+00,0.000000000000000000e+00
3.521210202861195171e+01,0.000000000000000000e+00,0.000000000000000000e+00
3.856332850335198970e+01,0.000000000000000000e+00,0.000000000000000000e+00
3.946277068449213488e+01,0.000000000000000000e+00,0.000000000000000000e+00
3.708172676372832655e+01,0.000000000000000000e+00,0.000000000000000000e+00
3.912502126195388286e+01,0.000000000000000000e+00,0.000000000000000000e+00
3.672268345085440444e+01,0.000000000000000000e+00,0.000000000000000000e+00
4.141155054926423418e+01,0.000000000000000000e+00,0.000000000000000000e+00
3.606042802807576919e+01,0.000000000000000000e+00,0.000000000000000000e+00
3.823967488407335225e+01,0.000000000000000000e+00,0.000000000000000000e+00
3.605114868887442725e+01,0.000000000000000000e+00,0.000000000000000000e+00
3.814778765523031723e+01,0.000000000000000000e+00,0.000000000000000000e+00
3.915621142718609349e+01,0.000000000000000000e+00,0.000000000000000000e+00
3.755269435416607138e+01,0.000000000000000000e+00,0.000000000000000000e+00
3.954491333863485636e+01,0.000000000000000000e+00,0.000000000000000000e+00
3.323313610266138340e+01,0.000000000000000000e+00,0.000000000000000000e+00
3.937455403361893502e+01,0.000000000000000000e+00,0.000000000000000000e+00
3.516921483194257547e+01,0.000000000000000000e+00,0.000000000000000000e+00
3.806322146548866669e+01,0.000000000000000000e+00,0.000000000000000000e+00
4.013670325436187625e+01,0.000000000000000000e+00,0.000000000000000000e+00
3.879838718703158662e+01,0.000000000000000000e+00,0.000000000000000000e+00
3.687450823644746123e+01,0.000000000000000000e+00,0.000000000000000000e+00
3.862145414886875727e+01,0.000000000000000000e+00,0.000000000000000000e+00
3.742003382641942011e+01,0.000000000000000000e+00,0.000000000000000000e+00
3.582308108876178920e+01,0.000000000000000000e+00,0.000000000000000000e+00
3.628741821636822351e+01,0.000000000000000000e+00,0.000000000000000000e+00
3.991133431000798026e+01,0.000000000000000000e+00,0.000000000000000000e+00
3.683445652921417235e+01,0.000000000000000000e+00,0.000000000000000000e+00
3.510612248777910338e+01,0.000000000000000000e+00,0.000000000000000000e+00
3.515512848822086056e+01,0.000000000000000000e+00,0.000000000000000000e+00
3.508126833592382354e+01,0.000000000000000000e+00,0.000000000000000000e+00
3.731914539623896587e+01,0.000000000000000000e+00,0.000000000000000000e+00
3.316862677307614860e+01,0.000000000000000000e+00,0.000000000000000000e+00
3.666298537048044182e+01,0.000000000000000000e+00,0.000000000000000000e+00
3.548807950332172112e+01,0.000000000000000000e+00,0.000000000000000000e+00
3.857440094627436622e+01,0.000000000000000000e+00,0.000000000000000000e+00
3.579184962488490385e+01,0.000000000000000000e+00,0.000000000000000000e+00
3.688340541081356605e+01,0.000000000000000000e+00,0.000000000000000000e+00
3.886206072186868710e+01,0.000000000000000000e+00,0.000000000000000000e+00
3.184981519691335450e+01,0.000000000000000000e+00,0.000000000000000000e+00
3.705714565996192533e+01,0.000000000000000000e+00,0.000000000000000000e+00
3.363583298166415148e+01,0.000000000000000000e+00,0.000000000000000000e+00
3.392456166577383669e+01,0.000000000000000000e+00,0.000000000000000000e+00
3.666893841205811100e+01,0.000000000000000000e+00,0.000000000000000000e+00
3.765844275785133277e+01,0.000000000000000000e+00,0.000000000000000000e+00
3.265150170907899962e+01,0.000000000000000000e+00,0.000000000000000000e+00
3.517749380278760185e+01,0.000000000000000000e+00,0.000000000000000000e+00
3.655845197418186387e+01,0.000000000000000000e+00,0.000000000000000000e+00
3.411055626682235697e+01,0.000000000000000000e+00,0.000000000000000000e+00
4.052669376239890653e+01,0.000000000000000000e+00,0.000000000000000000e+00
3.351083847469339361e+01,0.000000000000000000e+00,0.000000000000000000e+00
3.230590763728910986e+01,0.000000000000000000e+00,0.000000000000000000e+00
3.570172294696690329e+01,0.000000000000000000e+00,0.000000000000000000e+00
4.055914597407479505e+01,0.000000000000000000e+00,0.000000000000000000e+00
3.845452457837624394e+01,0.000000000000000000e+00,0.000000000000000000e+00
3.625144334320632566e+01,0.000000000000000000e+00,0.000000000000000000e+00
3.258097385921332290e+01,0.000000000000000000e+00,0.000000000000000000e+00
3.480941097960596409e+01,0.000000000000000000e+00,0.000000000000000000e+00
3.655123772627209178e+01,0.000000000000000000e+00,0.000000000000000000e+00
3.558204612670322575e+01,0.000000000000000000e+00,0.000000000000000000e+00
3.801278933188714149e+01,0.000000000000000000e+00,0.000000000000000000e+00
3.446615554071584597e+01,0.000000000000000000e+00,0.000000000000000000e+00
3.504708453951297997e+01,0.000000000000000000e+00,0.000000000000000000e+00
3.466314655843542880e+01,0.000000000000000000e+00,0.000000000000000000e+00
3.451715793094859919e+01,0.000000000000000000e+00,0.000000000000000000e+00
3.530463075645359794e+01,0.000000000000000000e+00,0.000000000000000000e+00
3.140769184201709763e+01,0.000000000000000000e+00,0.000000000000000000e+00
3.306830300522536703e+01,0.000000000000000000e+00,0.000000000000000000e+00
3.330017422015426831e+01,0.000000000000000000e+00,0.000000000000000000e+00
3.730809543095890035e+01,0.000000000000000000e+00,0.000000000000000000e+00
3.221833952996101402e+01,0.000000000000000000e+00,0.000000000000000000e+00
3.214674604337919561e+01,0.000000000000000000e+00,0.000000000000000000e+00
3.186077928236597856e+01,0.000000000000000000e+00,0.000000000000000000e+00
3.468572917359904295e+01,0.000000000000000000e+00,0.000000000000000000e+00
3.254487220253853508e+01,0.000000000000000000e+00,0.000000000000000000e+00
3.397365971428652642e+01,0.000000000000000000e+00,0.000000000000000000e+00
3.201934918814109210e+01,0.000000000000000000e+00,0.000000000000000000e+00
3.489505474140362651e+01,0.000000000000000000e+00,0.000000000000000000e+00
3.241072393201537238e+01,0.000000000000000000e+00,0.000000000000000000e+00
2.989238992529656969e+01,0.000000000000000000e+00,0.000000000000000000e+00
3.213177740754071010e+01,0.000000000000000000e+00,0.000000000000000000e+00
3.444419902691845436e+01,0.000000000000000000e+00,0.000000000000000000e+00
3.361569858282683754e+01,0.000000000000000000e+00,0.000000000000000000e+00
3.229049056859411593e+01,0.000000000000000000e+00,0.000000000000000000e+00
3.280845504335541563e+01,0.000000000000000000e+00,0.000000000000000000e+00
3.123807958617751979e+01,0.000000000000000000e+00,0.000000000000000000e+00
3.005303460519026970e+01,0.000000000000000000e+00,0.000000000000000000e+00
3.349036210770907473e+01,0.000000000000000000e+00,0.000000000000000000e+00
3.340447495007200018e+01,0.000000000000000000e+00,0.000000000000000000e+00
3.135992237298725271e+01,0.000000000000000000e+00,0.000000000000000000e+00
3.034245404252903455e+01,0.000000000000000000e+00,0.000000000000000000e+00
3.534524116466818100e+01,0.000000000000000000e+00,0.000000000000000000e+00
3.208790802395679265e+01,0.000000000000000000e+00,0.000000000000000000e+00
3.273403818736520066e+01,0.000000000000000000e+00,0.000000000000000000e+00
3.012066424917347618e+01,0.000000000000000000e+00,0.000000000000000000e+00
3.270115836105892981e+01,0.000000000000000000e+00,0.000000000000000000e+00
3.044462908949479285e+01,0.000000000000000000e+00,0.000000000000000000e+00
3.170907980303960016e+01,0.000000000000000000e+00,0.000000000000000000e+00
3.004388320622058117e+01,0.000000000000000000e+00,0.000000000000000000e+00
3.221468922497966503e+01,0.000000000000000000e+00,0.000000000000000000e+00
2.957783376277756915e+01,0.000000000000000000e+00,0.000000000000000000e+00
2.763987673540631818e+01,0.000000000000000000e+00,0.000000000000000000e+00
3.345355645322682392e+01,0.000000000000000000e+00,0.000000000000000000e+00
3.079480381985085913e+01,0.000000000000000000e+00,0.000000000000000000e+00
3.159460967739035908e+01,0.000000000000000000e+00,0.000000000000000000e+00
2.908397272895849284e+01,0.000000000000000000e+00,0.000000000000000000e+00
3.180276672976806651e+01,0.000000000000000000e+00,0.000000000000000000e+00
3.006924501918486925e+01,0.000000000000000000e+00,0.000000000000000000e+00
2.947611258572274195e+01,0.000000000000000000e+00,0.000000000000000000e+00
2.888534065499139913e+01,0.000000000000000000e+00,0.000000000000000000e+00
3.102107709254176271e+01,0.000000000000000000e+00,0.000000000000000000e+00
3.043752024456430760e+01,0.000000000000000000e+00,0.000000000000000000e+00
3.239923419124600912e+01,0.000000000000000000e+00,0.000000000000000000e+00
3.091212026899881593e+01,0.000000000000000000e+00,0.000000000000000000e+00
3.202994428279981065e+01,0.000000000000000000e+00,0.000000000000000000e+00
2.705080277947691769e+01,0.000000000000000000e+00,0.000000000000000000e+00
3.141981510958052226e+01,0.000000000000000000e+00,0.000000000000000000e+00
3.371629519037672651e+01,0.000000000000000000e+00,0.000000000000000000e+00
3.166427850512761921e+01,0.000000000000000000e+00,0.000000000000000000e+00
2.904050360541867803e+01,0.000000000000000000e+00,0.000000000000000000e+00
3.235520869929781895e+01,0.000000000000000000e+00,0.000000000000000000e+00
3.221220606752882532e+01,0.000000000000000000e+00,0.000000000000000000e+00
2.859294896069997094e+01,0.000000000000000000e+00,0.000000000000000000e+00
2.809215164417368271e+01,0.000000000000000000e+00,0.000000000000000000e+00
3.279330554987692636e+01,0.000000000000000000e+00,0.000000000000000000e+00
3.366689026603510371e+01,0.000000000000000000e+00,0.000000000000000000e+00
2.873946563035296720e+01,0.000000000000000000e+00,0.000000000000000000e+00
2.745419302213485224e+01,0.000000000000000000e+00,0.000000000000000000e+00
2.848109930666188916e+01,0.000000000000000000e+00,0.000000000000000000e+00
3.074837025277087577e+01,0.000000000000000000e+00,0.000000000000000000e+00
2.802983566544485328e+01,0.000000000000000000e+00,0.000000000000000000e+00
2.841956091344928836e+01,0.000000000000000000e+00,0.000000000000000000e+00
3.159705835708420452e+01,0.000000000000000000e+00,0.000000000000000000e+00
3.160202768028649700e+01,0.000000000000000000e+00,0.000000000000000000e+00
2.953605189516530771e+01,0.000000000000000000e+00,0.000000000000000000e+00
2.859531803557134566e+01,0.000000000000000000e+00,0.000000000000000000e+00
2.782986242007726219e+01,0.000000000000000000e+00,0.000000000000000000e+00
2.776942160352498234e+01,0.000000000000000000e+00,0.000000000000000000e+00
3.005484851451739203e+01,0.000000000000000000e+00,0.000000000000000000e+00
3.095103571011163268e+01,0.000000000000000000e+00,0.000000000000000000e+00
3.273988143297796682e+01,0.000000000000000000e+00,0.000000000000000000e+00
3.062139974560640709e+01,0.000000000000000000e+00,0.000000000000000000e+00
2.365766634691381753e+01,0.000000000000000000e+00,0.000000000000000000e+00
2.718136226120750720e+01,0.000000000000000000e+00,0.000000000000000000e+00
3.020359773798518788e+01,0.000000000000000000e+00,0.000000000000000000e+00
3.242317755564548065e+01,0.000000000000000000e+00,0.000000000000000000e+00
3.039678641691625316e+01,0.000000000000000000e+00,0.000000000000000000e+00
3.060595200944268157e+01,0.000000000000000000e+00,0.000000000000000000e+00
2.910164925079570253e+01,0.000000000000000000e+00,0.000000000000000000e+00
2.989172475481771940e+01,0.000000000000000000e+00,0.000000000000000000e+00
3.022929240683198415e+01,0.000000000000000000e+00,0.000000000000000000e+00
3.098282349061975083e+01,0.000000000000000000e+00,0.000000000000000000e+00
2.982339119355108892e+01,0.000000000000000000e+00,0.000000000000000000e+00
3.057948663203542949e+01,0.000000000000000000e+00,0.000000000000000000e+00
2.867632104138325744e+01,0.000000000000000000e+00,0.000000000000000000e+00
2.783745580910333572e+01,0.000000000000000000e+00,0.000000000000000000e+00
3.001437873014634405e+01,0.000000000000000000e+00,0.000000000000000000e+00
2.670451721126264388e+01,0.000000000000000000e+00,0.000000000000000000e+00
3.010030885552856716e+01,0.000000000000000000e+00,0.000000000000000000e+00
2.830841924651665309e+01,0.000000000000000000e+00,0.000000000000000000e+00
2.779046413243073488e+01,0.000000000000000000e+00,0.000000000000000000e+00
2.569561855918770021e+01,0.000000000000000000e+00,0.000000000000000000e+00
2.832469249388740806e+01,0.000000000000000000e+00,0.000000000000000000e+00
2.859095063071915632e+01,0.000000000000000000e+00,0.000000000000000000e+00
2.571517077922910843e+01,0.000000000000000000e+00,0.000000000000000000e+00
2.712162572768687951e+01,0.000000000000000000e+00,0.000000000000000000e+00
2.619069110940577261e+01,0.000000000000000000e+00,0.000000000000000000e+00
2.778689523642232828e+01,0.000000000000000000e+00,0.000000000000000000e+00
2.805254663680814886e+01,0.000000000000000000e+00,0.000000000000000000e+00
2.743314312070177508e+01,0.000000000000000000e+00,0.000000000000000000e+00
2.749932397701138953e+01,0.000000000000000000e+00,0.000000000000000000e+00
3.047945983481407950e+01,0.000000000000000000e+00,0.000000000000000000e+00
2.804772866143332521e+01,0.000000000000000000e+00,0.000000000000000000e+00
2.477180207683834112e+01,0.000000000000000000e+00,0.000000000000000000e+00
2.787848270482835389e+01,0.000000000000000000e+00,0.000000000000000000e+00
2.608359969997433936e+01,0.000000000000000000e+00,0.000000000000000000e+00
2.565621508875456058e+01,0.000000000000000000e+00,0.000000000000000000e+00
2.747148678447330639e+01,0.000000000000000000e+00,0.000000000000000000e+00
2.554356308583219359e+01,0.000000000000000000e+00,0.000000000000000000e+00
2.966886804051290838e+01,0.000000000000000000e+00,0.000000000000000000e+00
2.458327548707685040e+01,0.000000000000000000e+00,0.000000000000000000e+00
2.583820530574226026e+01,0.000000000000000000e+00,0.000000000000000000e+00
2.957479855221990661e+01,0.000000000000000000e+00,0.000000000000000000e+00
2.717873603546469852e+01,0.000000000000000000e+00,0.000000000000000000e+00
2.658994910756654662e+01,0.000000000000000000e+00,0.000000000000000000e+00
2.759429241309631564e+01,0.000000000000000000e+00,0.000000000000000000e+00
2.966666459672673994e+01,0.000000000000000000e+00,0.000000000000000000e+00
2.633799731526193000e+01,0.000000000000000000e+00,0.000000000000000000e+00
2.450277094063272898e+01,0.000000000000000000e+00,0.000000000000000000e+00
2.595095110787600490e+01,0.000000000000000000e+00,0.000000000000000000e+00
2.596654199750899394e+01,0.000000000000000000e+00,0.000000000000000000e+00
2.600908214156858023e+01,0.000000000000000000e+00,0.000000000000000000e+00
2.554277617467803552e+01,0.000000000000000000e+00,0.000000000000000000e+00
2.676895090160467561e+01,0.000000000000000000e+00,0.000000000000000000e+00
2.339374207774181258e+01,0.000000000000000000e+00,0.000000000000000000e+00
2.276436239119850313e+01,0.000000000000000000e+00,0.000000000000000000e+00
2.453099549120158329e+01,0.000000000000000000e+00,0.000000000000000000e+00
2.697307483611232470e+01,0.000000000000000000e+00,0.000000000000000000e+00
2.589231995199356717e+01,0.000000000000000000e+00,0.000000000000000000e+00
2.839067344237296453e+01,0.000000000000000000e+00,0.000000000000000000e+00
2.448276392043993255e+01,0.000000000000000000e+00,0.000000000000000000e+00
2.801549243573020931e+01,0.000000000000000000e+00,0.000000000000000000e+00
2.507450548329037332e+01,0.000000000000000000e+00,0.000000000000000000e+00
2.584728367880575917e+01,0.000000000000000000e+00,0.000000000000000000e+00
2.568887218315848031e+01,0.000000000000000000e+00,0.000000000000000000e+00
3.039408955503622778e+01,0.000000000000000000e+00,0.000000000000000000e+00
2.535427812361704625e+01,0.000000000000000000e+00,0.000000000000000000e+00
2.596546384936201335e+01,0.000000000000000000e+00,0.000000000000000000e+00
2.807314546129666155e+01,0.000000000000000000e+00,0.000000000000000000e+00
2.644822406631684686e+01,0.000000000000000000e+00,0.000000000000000000e+00
2.586511674307427811e+01,0.000000000000000000e+00,0.000000000000000000e+00
2.617949396099946213e+01,0.000000000000000000e+00,0.000000000000000000e+00
2.753287180451027183e+01,0.000000000000000000e+00,0.000000000000000000e+00
2.447961877381643703e+01,0.000000000000000000e+00,0.000000000000000000e+00
3.049165339293776356e+01,0.000000000000000000e+00,0.000000000000000000e+00
2.295379359541281161e+01,0.000000000000000000e+00,0.000000000000000000e+00
2.493740465651859139e+01,0.000000000000000000e+00,0.000000000000000000e+00
2.441846182698116507e+01,0.000000000000000000e+00,0.000000000000000000e+00
2.606730652182199393e+01,0.000000000000000000e+00,0.000000000000000000e+00
2.484417430485946454e+01,0.000000000000000000e+00,0.000000000000000000e+00
2.387730318677947849e+01,0.000000000000000000e+00,0.000000000000000000e+00
2.038525403657539670e+01,0.000000000000000000e+00,0.000000000000000000e+00
2.409583912743301326e+01,0.000000000000000000e+00,0.000000000000000000e+00
2.389430499716558032e+01,0.000000000000000000e+00,0.000000000000000000e+00
2.277692655020764434e+01,0.000000000000000000e+00,0.000000000000000000e+00
2.744262361023125507e+01,0.000000000000000000e+00,0.000000000000000000e+00
2.581908620921887376e+01,0.000000000000000000e+00,0.000000000000000000e+00
1.902020380735296001e+01,0.000000000000000000e+00,0.000000000000000000e+00
2.317985321886770222e+01,0.000000000000000000e+00,0.000000000000000000e+00
2.307474161086175712e+01,0.000000000000000000e+00,0.000000000000000000e+00
2.850287589539001232e+01,0.000000000000000000e+00,0.000000000000000000e+00
2.444811337378930460e+01,0.000000000000000000e+00,0.000000000000000000e+00
2.718931927403166426e+01,0.000000000000000000e+00,0.000000000000000000e+00
2.625178935972821037e+01,0.000000000000000000e+00,0.000000000000000000e+00
2.655532453324718389e+01,0.000000000000000000e+00,0.000000000000000000e+00
2.267089515547163714e+01,0.000000000000000000e+00,0.000000000000000000e+00
1.935549180713732298e+01,0.000000000000000000e+00,0.000000000000000000e+00
2.320433585632456186e+01,0.000000000000000000e+00,0.000000000000000000e+00
2.444214528067084302e+01,0.000000000000000000e+00,0.000000000000000000e+00
2.569129556596878672e+01,0.000000000000000000e+00,0.000000000000000000e+00
2.812368325932699520e+01,0.000000000000000000e+00,0.000000000000000000e+00
2.523076892174266916e+01,0.000000000000000000e+00,0.000000000000000000e+00
2.100253840855276266e+01,0.000000000000000000e+00,0.000000000000000000e+00
2.303694914344543321e+01,0.000000000000000000e+00,0.000000000000000000e+00
2.764004274683269813e+01,0.000000000000000000e+00,0.000000000000000000e+00
2.489672503347390986e+01,0.000000000000000000e+00,0.000000000000000000e+00
2.039376783504779667e+01,0.000000000000000000e+00,0.000000000000000000e+00
2.322544153421747737e+01,0.000000000000000000e+00,0.000000000000000000e+00
2.530017636339165676e+01,0.000000000000000000e+00,0.000000000000000000e+00
2.277826680735939036e+01,0.000000000000000000e+00,0.000000000000000000e+00
2.644351542312576342e+01,0.000000000000000000e+00,0.000000000000000000e+00
2.265670566888870852e+01,0.000000000000000000e+00,0.000000000000000000e+00
2.549660048361692688e+01,0.000000000000000000e+00,0.000000000000000000e+00
2.230953063874399689e+01,0.000000000000000000e+00,0.000000000000000000e+00
2.459237252464836487e+01,0.000000000000000000e+00,0.000000000000000000e+00
2.307565064088339213e+01,0.000000000000000000e+00,0.000000000000000000e+00
2.202301823083805488e+01,0.000000000000000000e+00,0.000000000000000000e+00
2.418702778963843869e+01,0.000000000000000000e+00,0.000000000000000000e+00
2.621712153403718659e+01,0.000000000000000000e+00,0.000000000000000000e+00
2.430594849725719087e+01,0.000000000000000000e+00,0.000000000000000000e+00
2.504362451665022249e+01,0.000000000000000000e+00,0.000000000000000000e+00
2.347125685022759001e+01,0.000000000000000000e+00,0.000000000000000000e+00
2.173549708537927572e+01,0.000000000000000000e+00,0.000000000000000000e+00
2.316980670021274591e+01,0.000000000000000000e+00,0.000000000000000000e+00
2.146135986252106420e+01,0.000000000000000000e+00,0.000000000000000000e+00
2.408743362007443523e+01,0.000000000000000000e+00,0.000000000000000000e+00
2.635848184629915991e+01,0.000000000000000000e+00,0.000000000000000000e+00
2.142438209457611720e+01,0.000000000000000000e+00,0.000000000000000000e+00
2.218501083554668085e+01,0.000000000000000000e+00,0.000000000000000000e+00
2.191754207637939800e+01,0.000000000000000000e+00,0.000000000000000000e+00
2.203516549466829488e+01,0.000000000000000000e+00,0.000000000000000000e+00
1.842760008563715246e+01,0.000000000000000000e+00,0.000000000000000000e+00
1.668497422713694078e+01,0.000000000000000000e+00,0.000000000000000000e+00
2.101951053979035677e+01,0.000000000000000000e+00,0.000000000000000000e+00
2.393431121337026823e+01,0.000000000000000000e+00,0.000000000000000000e+00
2.222104821837948663e+01,0.000000000000000000e+00,0.000000000000000000e+00
2.432932175987264145e+01,0.000000000000000000e+00,0.000000000000000000e+00
2.622449519890003700e+01,0.000000000000000000e+00,0.000000000000000000e+00
2.218558784172937948e+01,0.000000000000000000e+00,0.000000000000000000e+00
2.153553993550955425e+01,0.000000000000000000e+00,0.000000000000000000e+00
2.509146141412292863e+01,0.000000000000000000e+00,0.000000000000000000e+00
2.334973364674828034e+01,0.000000000000000000e+00,0.000000000000000000e+00
2.222219474663908301e+01,0.000000000000000000e+00,0.000000000000000000e+00
2.287124672604432973e+01,0.000000000000000000e+00,0.000000000000000000e+00
1.831276179282749439e+01,0.000000000000000000e+00,0.000000000000000000e+00
2.018433813971837054e+01,0.000000000000000000e+00,0.000000000000000000e+00
2.474914830174586911e+01,0.000000000000000000e+00,0.000000000000000000e+00
2.194499724409812202e+01,0.000000000000000000e+00,0.000000000000000000e+00
2.170349632181545374e+01,0.000000000000000000e+00,0.000000000000000000e+00
2.320853112146992814e+01,0.000000000000000000e+00,0.000000000000000000e+00
2.393865130827897758e+01,0.000000000000000000e+00,0.000000000000000000e+00
2.107232806396713798e+01,0.000000000000000000e+00,0.000000000000000000e+00
2.184139267082385416e+01,0.000000000000000000e+00,0.000000000000000000e+00
2.639695385649762471e+01,0.000000000000000000e+00,0.000000000000000000e+00
2.043151641718231915e+01,0.000000000000000000e+00,0.000000000000000000e+00
2.238286561653757545e+01,0.000000000000000000e+00,0.000000000000000000e+00
2.054152645518313136e+01,0.000000000000000000e+00,0.000000000000000000e+00
2.496578379314658136e+01,0.000000000000000000e+00,0.000000000000000000e+00
2.342186786960428790e+01,0.000000000000000000e+00,0.000000000000000000e+00
2.448872728136737820e+01,0.000000000000000000e+00,0.000000000000000000e+00
2.398099372283708064e+01,0.000000000000000000e+00,0.000000000000000000e+00
2.108645979114954727e+01,0.000000000000000000e+00,0.000000000000000000e+00
2.080663666695194536e+01,0.000000000000000000e+00,0.000000000000000000e+00
2.085915485740943964e+01,0.000000000000000000e+00,0.000000000000000000e+00
2.357667952305902048e+01,0.000000000000000000e+00,0.000000000000000000e+00
2.393806066175417158e+01,0.000000000000000000e+00,0.000000000000000000e+00
2.239923199225995276e+01,0.000000000000000000e+00,0.000000000000000000e+00
2.042506135533663070e+01,0.000000000000000000e+00,0.000000000000000000e+00
2.172872593173281430e+01,0.000000000000000000e+00,0.000000000000000000e+00
2.137901723702388423e+01,0.000000000000000000e+00,0.000000000000000000e+00
1.983285922505851318e+01,0.000000000000000000e+00,0.000000000000000000e+00
1.993812906485045744e+01,0.000000000000000000e+00,0.000000000000000000e+00
2.154899476353512000e+01,0.000000000000000000e+00,0.000000000000000000e+00
2.227334125471346837e+01,0.000000000000000000e+00,0.000000000000000000e+00
2.143100725371803961e+01,0.000000000000000000e+00,0.000000000000000000e+00
2.091341501574512662e+01,0.000000000000000000e+00,0.000000000000000000e+00
2.321996799196100980e+01,0.000000000000000000e+00,0.000000000000000000e+00
2.020536307228658757e+01,0.000000000000000000e+00,0.000000000000000000e+00
2.209008660172601779e+01,0.000000000000000000e+00,0.000000000000000000e+00
2.503688221253893786e+01,0.000000000000000000e+00,0.000000000000000000e+00
1.878976663181591178e+01,0.000000000000000000e+00,0.000000000000000000e+00
2.492211836495450683e+01,0.000000000000000000e+00,0.000000000000000000e+00
2.087871128697261369e+01,0.000000000000000000e+00,0.000000000000000000e+00
2.036215618800985538e+01,0.000000000000000000e+00,0.000000000000000000e+00
2.352495777236959285e+01,0.000000000000000000e+00,0.000000000000000000e+00
1.718160346471529465e+01,0.000000000000000000e+00,0.000000000000000000e+00
2.262696797416186811e+01,0.000000000000000000e+00,0.000000000000000000e+00
2.140800014272900853e+01,0.000000000000000000e+00,0.000000000000000000e+00
2.491662852467873179e+01,0.000000000000000000e+00,0.000000000000000000e+00
1.881817164151559751e+01,0.000000000000000000e+00,0.000000000000000000e+00
2.155896137969163107e+01,0.000000000000000000e+00,0.000000000000000000e+00
2.332832782044697240e+01,0.000000000000000000e+00,0.000000000000000000e+00
2.423804776483054013e+01,0.000000000000000000e+00,0.000000000000000000e+00
2.071571852948545711e+01,0.000000000000000000e+00,0.000000000000000000e+00
1.949421971300154866e+01,0.000000000000000000e+00,0.000000000000000000e+00
2.016710716908736956e+01,0.000000000000000000e+00,0.000000000000000000e+00
1.693667091629036747e+01,0.000000000000000000e+00,0.000000000000000000e+00
1.966509704134043091e+01,0.000000000000000000e+00,0.000000000000000000e+00
2.352636329967942430e+01,0.000000000000000000e+00,0.000000000000000000e+00
2.043583257782999496e+01,0.000000000000000000e+00,0.000000000000000000e+00
1.938380962473852520e+01,0.000000000000000000e+00,0.000000000000000000e+00
2.133372215881247413e+01,0.000000000000000000e+00,0.000000000000000000e+00
2.073278536842317621e+01,0.000000000000000000e+00,0.000000000000000000e+00
1.901689683890269578e+01,0.000000000000000000e+00,0.000000000000000000e+00
2.137603663620427596e+01,0.000000000000000000e+00,0.000000000000000000e+00
2.005060093327185555e+01,0.000000000000000000e+00,0.000000000000000000e+00
1.695782847404909077e+01,0.000000000000000000e+00,0.000000000000000000e+00
2.647029251033884378e+01,0.000000000000000000e+00,0.000000000000000000e+00
2.119629801973971439e+01,0.000000000000000000e+00,0.000000000000000000e+00
2.247039690260082878e+01,0.000000000000000000e+00,0.000000000000000000e+00
2.063726974075962417e+01,0.000000000000000000e+00,0.000000000000000000e+00
2.302122553613300227e+01,0.000000000000000000e+00,0.000000000000000000e+00
2.299678948727667915e+01,0.000000000000000000e+00,0.000000000000000000e+00
2.076664926602043337e+01,0.000000000000000000e+00,0.000000000000000000e+00
2.018269695724966084e+01,0.000000000000000000e+00,0.000000000000000000e+00
2.360476740639115434e+01,0.000000000000000000e+00,0.000000000000000000e+00
2.101484151232699205e+01,0.000000000000000000e+00,0.000000000000000000e+00
1.656680844327509661e+01,0.000000000000000000e+00,0.000000000000000000e+00
2.015783082828139428e+01,0.000000000000000000e+00,0.000000000000000000e+00
2.094661572345902201e+01,0.000000000000000000e+00,0.000000000000000000e+00
2.106519660444268993e+01,0.000000000000000000e+00,0.000000000000000000e+00
2.380825384204747408e+01,0.000000000000000000e+00,0.000000000000000000e+00
1.873853422691632886e+01,0.000000000000000000e+00,0.000000000000000000e+00
2.402832662009829789e+01,0.000000000000000000e+00,0.000000000000000000e+00
1.902755610525163021e+01,0.000000000000000000e+00,0.000000000000000000e+00
2.013953954771667298e+01,0.000000000000000000e+00,0.000000000000000000e+00
1.796178372529395162e+01,0.000000000000000000e+00,0.000000000000000000e+00
2.193927685511492953e+01,0.000000000000000000e+00,0.000000000000000000e+00
1.759998983093790059e+01,0.000000000000000000e+00,0.000000000000000000e+00
2.259839484043904534e+01,0.000000000000000000e+00,0.000000000000000000e+00
2.030954442125082338e+01,0.000000000000000000e+00,0.000000000000000000e+00
2.151568390635712191e+01,0.000000000000000000e+00,0.000000000000000000e+00
2.183169592189478436e+01,0.000000000000000000e+00,0.000000000000000000e+00
2.141538645935169072e+01,0.000000000000000000e+00,0.000000000000000000e+00
1.923895185601451985e+01,0.000000000000000000e+00,0.000000000000000000e+00
2.123246517485502238e+01,0.000000000000000000e+00,0.000000000000000000e+00
1.913375905018178713e+01,0.000000000000000000e+00,0.000000000000000000e+00
1.874513646560320979e+01,0.000000000000000000e+00,0.000000000000000000e+00
2.364257758009602028e+01,0.000000000000000000e+00,0.000000000000000000e+00
1.818916418763715370e+01,0.000000000000000000e+00,0.000000000000000000e+00
1.818560594276681286e+01,0.000000000000000000e+00,0.000000000000000000e+00
2.077454211895583569e+01,0.000000000000000000e+00,0.000000000000000000e+00
2.081490304408264080e+01,0.000000000000000000e+00,0.000000000000000000e+00
1.598743731250586464e+01,0.000000000000000000e+00,0.000000000000000000e+00
1.988142249703421172e+01,0.000000000000000000e+00,0.000000000000000000e+00
1.948915845088723131e+01,0.000000000000000000e+00,0.000000000000000000e+00
1.791305527211830295e+01,0.000000000000000000e+00,0.000000000000000000e+00
1.913254131432269745e+01,0.000000000000000000e+00,0.000000000000000000e+00
2.077840077750606440e+01,0.000000000000000000e+00,0.000000000000000000e+00
1.942316440160065127e+01,0.000000000000000000e+00,0.000000000000000000e+00
1.930470402850806266e+01,0.000000000000000000e+00,0.000000000000000000e+00
2.273592816273619022e+01,0.000000000000000000e+00,0.000000000000000000e+00
1.772923974071638042e+01,0.000000000000000000e+00,0.000000000000000000e+00
1.956927169161083668e+01,0.000000000000000000e+00,0.000000000000000000e+00
1.697421905175438184e+01,0.000000000000000000e+00,0.000000000000000000e+00
2.216841167291595838e+01,0.000000000000000000e+00,0.000000000000000000e+00
2.081787444635548567e+01,0.000000000000000000e+00,0.000000000000000000e+00
1.910890388882638291e+01,0.000000000000000000e+00,0.000000000000000000e+00
1.676978000470719365e+01,0.000000000000000000e+00,0.000000000000000000e+00
2.420631501721934953e+01,0.000000000000000000e+00,0.000000000000000000e+00
1.722741553363080413e+01,0.000000000000000000e+00,0.000000000000000000e+00
2.024394845695823975e+01,0.000000000000000000e+00,0.000000000000000000e+00
1.947844218863461307e+01,0.000000000000000000e+00,0.000000000000000000e+00
2.220805714933553077e+01,0.000000000000000000e+00,0.000000000000000000e+00
2.028476696674502477e+01,0.000000000000000000e+00,0.000000000000000000e+00
2.505790401376338394e+01,0.000000000000000000e+00,0.000000000000000000e+00
1.721556314645346220e+01,0.000000000000000000e+00,0.000000000000000000e+00
1.891243365504810825e+01,0.000000000000000000e+00,0.000000000000000000e+00
1.938841318367369126e+01,0.000000000000000000e+00,0.000000000000000000e+00
2.141568820150116892e+01,0.000000000000000000e+00,0.000000000000000000e+00
1.886494414505622430e+01,0.000000000000000000e+00,0.000000000000000000e+00
1.681590247902035173e+01,0.000000000000000000e+00,0.000000000000000000e+00
1.859294334160069795e+01,0.000000000000000000e+00,0.000000000000000000e+00
2.008785418406942469e+01,0.000000000000000000e+00,0.000000000000000000e+00
2.058320853373053083e+01,0.000000000000000000e+00,0.000000000000000000e+00
2.320373498310702587e+01,0.000000000000000000e+00,0.000000000000000000e+00
1.974575625696658321e+01,0.000000000000000000e+00,0.000000000000000000e+00
2.115604248640310203e+01,0.000000000000000000e+00,0.000000000000000000e+00
2.163416471082884485e+01,0.000000000000000000e+00,0.000000000000000000e+00
1.929159667677808798e+01,0.000000000000000000e+00,0.000000000000000000e+00
1.862485895357855625e+01,0.000000000000000000e+00,0.000000000000000000e+00
1.990656525087173634e+01,0.000000000000000000e+00,0.000000000000000000e+00
2.003346836644636042e+01,0.000000000000000000e+00,0.000000000000000000e+00
1.848822274784118136e+01,0.000000000000000000e+00,0.000000000000000000e+00
1.985741065009864315e+01,0.000000000000000000e+00,0.000000000000000000e+00
1.857089771177633608e+01,0.000000000000000000e+00,0.000000000000000000e+00
2.032813731917261890e+01,0.000000000000000000e+00,0.000000000000000000e+00
1.972388989711571128e+01,0.000000000000000000e+00,0.000000000000000000e+00
2.152837564003993265e+01,0.000000000000000000e+00,0.000000000000000000e+00
2.102475295535093025e+01,0.000000000000000000e+00,0.000000000000000000e+00
1.983427364438787777e+01,0.000000000000000000e+00,0.000000000000000000e+00
2.159958019254241890e+01,0.000000000000000000e+00,0.000000000000000000e+00
2.072213195928177853e+01,0.000000000000000000e+00,0.000000000000000000e+00
1.709962558981806779e+01,0.000000000000000000e+00,0.000000000000000000e+00
2.225589183520723680e+01,0.000000000000000000e+00,0.000000000000000000e+00
2.143086519080511820e+01,0.000000000000000000e+00,0.000000000000000000e+00
1.817571457769761167e+01,0.000000000000000000e+00,0.000000000000000000e+00
2.222820365358671424e+01,0.000000000000000000e+00,0.000000000000000000e+00
2.061720127065134278e+01,0.000000000000000000e+00,0.000000000000000000e+00
1.568775990849549906e+01,0.000000000000000000e+00,0.000000000000000000e+00
1.865389885885162968e+01,0.000000000000000000e+00,0.000000000000000000e+00
2.070406824031176285e+01,0.000000000000000000e+00,0.000000000000000000e+00
1.998380459202677883e+01,0.000000000000000000e+00,0.000000000000000000e+00
2.047156487555878357e+01,0.000000000000000000e+00,0.000000000000000000e+00
1.967371889463688106e+01,0.000000000000000000e+00,0.000000000000000000e+00
2.360430808189889618e+01,0.000000000000000000e+00,0.000000000000000000e+00
2.105509325801606835e+01,0.000000000000000000e+00,0.000000000000000000e+00
2.702565348040359083e+01,0.000000000000000000e+00,0.000000000000000000e+00
2.012035119688119167e+01,0.000000000000000000e+00,0.000000000000000000e+00
2.135132984738987361e+01,0.000000000000000000e+00,0.000000000000000000e+00
2.174986440139628030e+01,0.000000000000000000e+00,0.000000000000000000e+00
1.898923071337971180e+01,0.000000000000000000e+00,0.000000000000000000e+00
1.948412994467679127e+01,0.000000000000000000e+00,0.000000000000000000e+00
2.056698767029000408e+01,0.000000000000000000e+00,0.000000000000000000e+00
2.175555893317183731e+01,0.000000000000000000e+00,0.000000000000000000e+00
2.190449051819378923e+01,0.000000000000000000e+00,0.000000000000000000e+00
1.958413638598302597e+01,0.000000000000000000e+00,0.000000000000000000e+00
1.984011971067505797e+01,0.000000000000000000e+00,0.000000000000000000e+00
1.911822089222612320e+01,0.000000000000000000e+00,0.000000000000000000e+00
2.056181677566505428e+01,0.000000000000000000e+00,0.000000000000000000e+00
2.086199381473944214e+01,0.000000000000000000e+00,0.000000000000000000e+00
2.011244721906874489e+01,0.000000000000000000e+00,0.000000000000000000e+00
2.191373590116013759e+01,0.000000000000000000e+00,0.000000000000000000e+00
1.961074134797388524e+01,0.000000000000000000e+00,0.000000000000000000e+00
2.117295501886499309e+01,0.000000000000000000e+00,0.000000000000000000e+00
1.738684678675800654e+01,0.000000000000000000e+00,0.000000000000000000e+00
2.435320723897683592e+01,0.000000000000000000e+00,0.000000000000000000e+00
1.839953411883005785e+01,0.000000000000000000e+00,0.000000000000000000e+00
1.781580010923362778e+01,0.000000000000000000e+00,0.000000000000000000e+00
1.887564510025489284e+01,0.000000000000000000e+00,0.000000000000000000e+00
1.987813115500524574e+01,0.000000000000000000e+00,0.000000000000000000e+00
1.971329373624727666e+01,0.000000000000000000e+00,0.000000000000000000e+00
1.913077673791178057e+01,0.000000000000000000e+00,0.000000000000000000e+00
2.123425842175407041e+01,0.000000000000000000e+00,0.000000000000000000e+00
1.974212110757604677e+01,0.000000000000000000e+00,0.000000000000000000e+00
1.630179878094622481e+01,0.000000000000000000e+00,0.000000000000000000e+00
2.113322706393322648e+01,0.000000000000000000e+00,0.000000000000000000e+00
1.997471450389776493e+01,0.000000000000000000e+00,0.000000000000000000e+00
1.848608058184989389e+01,0.000000000000000000e+00,0.000000000000000000e+00
1.709650689909678434e+01,0.000000000000000000e+00,0.000000000000000000e+00
1.890569879752595739e+01,0.000000000000000000e+00,0.000000000000000000e+00
2.137770314233941704e+01,0.000000000000000000e+00,0.000000000000000000e+00
1.906026854925800507e+01,0.000000000000000000e+00,0.000000000000000000e+00
2.040155990818374576e+01,0.000000000000000000e+00,0.000000000000000000e+00
2.013374242340986342e+01,0.000000000000000000e+00,0.000000000000000000e+00
1.907396280990658610e+01,0.000000000000000000e+00,0.000000000000000000e+00
1.823656690858507190e+01,0.000000000000000000e+00,0.000000000000000000e+00
1.834588217814368960e+01,0.000000000000000000e+00,0.000000000000000000e+00
1.895549995697644619e+01,0.000000000000000000e+00,0.000000000000000000e+00
2.336622663426628321e+01,0.000000000000000000e+00,0.000000000000000000e+00
1.997011174632405783e+01,0.000000000000000000e+00,0.000000000000000000e+00
2.098746933275078774e+01,0.000000000000000000e+00,0.000000000000000000e+00
2.167441702536632420e+01,0.000000000000000000e+00,0.000000000000000000e+00
2.145740193607140966e+01,0.000000000000000000e+00,0.000000000000000000e+00
1.848187063545348963e+01,0.000000000000000000e+00,0.000000000000000000e+00
1.736269657257293630e+01,0.000000000000000000e+00,0.000000000000000000e+00
2.057994415218665196e+01,0.000000000000000000e+00,0.000000000000000000e+00
2.287796794842248005e+01,0.000000000000000000e+00,0.000000000000000000e+00
1.798330294271329777e+01,0.000000000000000000e+00,0.000000000000000000e+00
2.088879286062745066e+01,0.000000000000000000e+00,0.000000000000000000e+00
1.971699670651469916e+01,0.000000000000000000e+00,0.000000000000000000e+00
2.307769927409711030e+01,0.000000000000000000e+00,0.000000000000000000e+00
2.012022632465593475e+01,0.000000000000000000e+00,0.000000000000000000e+00
2.066756739571433243e+01,0.000000000000000000e+00,0.000000000000000000e+00
2.382733675142548435e+01,0.000000000000000000e+00,0.000000000000000000e+00
1.973697367399617519e+01,0.000000000000000000e+00,0.000000000000000000e+00
2.127486782665944887e+01,0.000000000000000000e+00,0.000000000000000000e+00
2.168391306446926237e+01,0.000000000000000000e+00,0.000000000000000000e+00
2.015118614003762332e+01,0.000000000000000000e+00,0.000000000000000000e+00
1.745139006200988518e+01,0.000000000000000000e+00,0.000000000000000000e+00
2.024086735619808053e+01,0.000000000000000000e+00,0.000000000000000000e+00
1.887888352449386176e+01,0.000000000000000000e+00,0.000000000000000000e+00
1.979630158687585606e+01,0.000000000000000000e+00,0.000000000000000000e+00
2.304188376972127372e+01,0.000000000000000000e+00,0.000000000000000000e+00
1.850822878909083968e+01,0.000000000000000000e+00,0.000000000000000000e+00
2.412533366378365329e+01,0.000000000000000000e+00,0.000000000000000000e+00
2.165483767505305579e+01,0.000000000000000000e+00,0.000000000000000000e+00
2.012808211743294962e+01,0.000000000000000000e+00,0.000000000000000000e+00
2.082862399964956523e+01,0.000000000000000000e+00,0.000000000000000000e+00
2.493566176342470797e+01,0.000000000000000000e+00,0.000000000000000000e+00
2.006981288995235957e+01,0.000000000000000000e+00,0.000000000000000000e+00
2.048122637582227412e+01,0.000000000000000000e+00,0.000000000000000000e+00
1.925901992499549920e+01,0.000000000000000000e+00,0.000000000000000000e+00
2.268187022829109267e+01,0.000000000000000000e+00,0.000000000000000000e+00
2.257831196208343627e+01,0.000000000000000000e+00,0.000000000000000000e+00
2.013892564242976491e+01,0.000000000000000000e+00,0.000000000000000000e+00
1.638426298587032193e+01,0.000000000000000000e+00,0.000000000000000000e+00
1.815074608951484336e+01,0.000000000000000000e+00,0.000000000000000000e+00
2.162191146414698650e+01,0.000000000000000000e+00,0.000000000000000000e+00
2.117220107818020480e+01,0.000000000000000000e+00,0.000000000000000000e+00
2.270987690045906149e+01,0.000000000000000000e+00,0.000000000000000000e+00
2.144822629403779857e+01,0.000000000000000000e+00,0.000000000000000000e+00
2.034239772272338342e+01,0.000000000000000000e+00,0.000000000000000000e+00
2.450158972826713111e+01,0.000000000000000000e+00,0.000000000000000000e+00
1.808742484080493540e+01,0.000000000000000000e+00,0.000000000000000000e+00
1.988122798294143578e+01,0.000000000000000000e+00,0.000000000000000000e+00
1.872316705540202619e+01,0.000000000000000000e+00,0.000000000000000000e+00
2.135587829247709735e+01,0.000000000000000000e+00,0.000000000000000000e+00
1.948230265888742352e+01,0.000000000000000000e+00,0.000000000000000000e+00
1.986796327626780467e+01,0.000000000000000000e+00,0.000000000000000000e+00
2.326445334721648450e+01,0.000000000000000000e+00,0.000000000000000000e+00
1.904294562050455752e+01,0.000000000000000000e+00,0.000000000000000000e+00
1.875416378184795008e+01,0.000000000000000000e+00,0.000000000000000000e+00
1.977304001405993361e+01,0.000000000000000000e+00,0.000000000000000000e+00
1.942401647221661776e+01,0.000000000000000000e+00,0.000000000000000000e+00
2.149586113589028358e+01,0.000000000000000000e+00,0.000000000000000000e+00
1.909191589771095110e+01,0.000000000000000000e+00,0.000000000000000000e+00
2.297154473801888486e+01,0.000000000000000000e+00,0.000000000000000000e+00
2.121143479178229541e+01,0.000000000000000000e+00,0.000000000000000000e+00
1.861454093379925823e+01,0.000000000000000000e+00,0.000000000000000000e+00
2.098304323070418320e+01,0.000000000000000000e+00,0.000000000000000000e+00
2.256504466478890691e+01,0.000000000000000000e+00,0.000000000000000000e+00
2.058432948150949571e+01,0.000000000000000000e+00,0.000000000000000000e+00
2.261155628782536908e+01,0.000000000000000000e+00,0.000000000000000000e+00
2.027107497926263591e+01,0.000000000000000000e+00,0.000000000000000000e+00
1.929085507681472578e+01,0.000000000000000000e+00,0.000000000000000000e+00
2.244496315777147544e+01,0.000000000000000000e+00,0.000000000000000000e+00
1.858591084611404654e+01,0.000000000000000000e+00,0.000000000000000000e+00
1.995150023698441188e+01,0.000000000000000000e+00,0.000000000000000000e+00
2.375524976572724256e+01,0.000000000000000000e+00,0.000000000000000000e+00
2.252749465052665556e+01,0.000000000000000000e+00,0.000000000000000000e+00
2.293508730608147062e+01,0.000000000000000000e+00,0.000000000000000000e+00
2.041020238575894297e+01,0.000000000000000000e+00,0.000000000000000000e+00
2.162493394366207511e+01,0.000000000000000000e+00,0.000000000000000000e+00
2.492496066550967981e+01,0.000000000000000000e+00,0.000000000000000000e+00
2.527827215364160196e+01,0.000000000000000000e+00,0.000000000000000000e+00
1.996002674069283955e+01,0.000000000000000000e+00,0.000000000000000000e+00
2.548288242559024397e+01,0.000000000000000000e+00,0.000000000000000000e+00
2.190688782715557537e+01,0.000000000000000000e+00,0.000000000000000000e+00
2.262491492348020827e+01,0.000000000000000000e+00,0.000000000000000000e+00
2.322184254915430301e+01,0.000000000000000000e+00,0.000000000000000000e+00
2.299598044665540186e+01,0.000000000000000000e+00,0.000000000000000000e+00
2.010569698545971562e+01,0.000000000000000000e+00,0.000000000000000000e+00
2.092443191543511460e+01,0.000000000000000000e+00,0.000000000000000000e+00
2.435042099747261801e+01,0.000000000000000000e+00,0.000000000000000000e+00
2.391021702763605106e+01,0.000000000000000000e+00,0.000000000000000000e+00
2.013105618717104406e+01,0.000000000000000000e+00,0.000000000000000000e+00
2.443720945119396859e+01,0.000000000000000000e+00,0.000000000000000000e+00
2.043330190798500823e+01,0.000000000000000000e+00,0.000000000000000000e+00
2.308581878612685756e+01,0.000000000000000000e+00,0.000000000000000000e+00
2.031900447771314688e+01,0.000000000000000000e+00,0.000000000000000000e+00
2.642545406809428243e+01,0.000000000000000000e+00,0.000000000000000000e+00
2.075257992491594194e+01,0.000000000000000000e+00,0.000000000000000000e+00
2.320207321760462804e+01,0.000000000000000000e+00,0.000000000000000000e+00
2.492566033835387884e+01,0.000000000000000000e+00,0.000000000000000000e+00
2.014660609497747856e+01,0.000000000000000000e+00,0.000000000000000000e+00
1.938271050528386041e+01,0.000000000000000000e+00,0.000000000000000000e+00
2.450397526522620240e+01,0.000000000000000000e+00,0.000000000000000000e+00
2.192945751625919470e+01,0.000000000000000000e+00,0.000000000000000000e+00
2.361361212575377522e+01,0.000000000000000000e+00,0.000000000000000000e+00
2.393969967985410818e+01,0.000000000000000000e+00,0.000000000000000000e+00
2.139692843869668337e+01,0.000000000000000000e+00,0.000000000000000000e+00
2.386488767247237419e+01,0.000000000000000000e+00,0.000000000000000000e+00
2.039766766223730698e+01,0.000000000000000000e+00,0.000000000000000000e+00
2.563186898731331098e+01,0.000000000000000000e+00,0.000000000000000000e+00
2.514340762705441890e+01,0.000000000000000000e+00,0.000000000000000000e+00
2.373136616167040103e+01,0.000000000000000000e+00,0.000000000000000000e+00
2.354618977333196028e+01,0.000000000000000000e+00,0.000000000000000000e+00
2.107573424902529169e+01,0.000000000000000000e+00,0.000000000000000000e+00
2.490825599054535999e+01,0.000000000000000000e+00,0.000000000000000000e+00
2.430492268634768394e+01,0.000000000000000000e+00,0.000000000000000000e+00
2.270933121440269886e+01,0.000000000000000000e+00,0.000000000000000000e+00
2.228547983681734124e+01,0.000000000000000000e+00,0.000000000000000000e+00
2.210059386229710299e+01,0.000000000000000000e+00,0.000000000000000000e+00
2.543359156638207352e+01,0.000000000000000000e+00,0.000000000000000000e+00
2.056127101779934208e+01,0.000000000000000000e+00,0.000000000000000000e+00
2.421070003844663177e+01,0.000000000000000000e+00,0.000000000000000000e+00
2.376776493613670382e+01,0.000000000000000000e+00,0.000000000000000000e+00
2.602954057573316859e+01,0.000000000000000000e+00,0.000000000000000000e+00
2.318867287438557057e+01,0.000000000000000000e+00,0.000000000000000000e+00
2.345191235919957151e+01,0.000000000000000000e+00,0.000000000000000000e+00
2.203430818927851220e+01,0.000000000000000000e+00,0.000000000000000000e+00
2.459071228195050907e+01,0.000000000000000000e+00,0.000000000000000000e+00
2.604582951851019601e+01,0.000000000000000000e+00,0.000000000000000000e+00
2.167529610460723788e+01,0.000000000000000000e+00,0.000000000000000000e+00
2.285807956964387699e+01,0.000000000000000000e+00,0.000000000000000000e+00
2.168129349618544310e+01,0.000000000000000000e+00,0.000000000000000000e+00
2.418553473978874990e+01,0.000000000000000000e+00,0.000000000000000000e+00
2.502239817354114138e+01,0.000000000000000000e+00,0.000000000000000000e+00
2.468671915677396100e+01,0.000000000000000000e+00,0.000000000000000000e+00
2.227074347331890181e+01,0.000000000000000000e+00,0.000000000000000000e+00
2.521314474535029504e+01,0.000000000000000000e+00,0.000000000000000000e+00
2.305739548498033642e+01,0.000000000000000000e+00,0.000000000000000000e+00
2.532425682257188981e+01,0.000000000000000000e+00,0.000000000000000000e+00
2.103989119535871666e+01,0.000000000000000000e+00,0.000000000000000000e+00
2.390597436886094940e+01,0.000000000000000000e+00,0.000000000000000000e+00
2.398271828062863520e+01,0.000000000000000000e+00,0.000000000000000000e+00
2.367819785346099692e+01,0.000000000000000000e+00,0.000000000000000000e+00
2.546397404425443511e+01,0.000000000000000000e+00,0.000000000000000000e+00
2.332481893941323392e+01,0.000000000000000000e+00,0.000000000000000000e+00
2.395076398302202136e+01,0.000000000000000000e+00,0.000000000000000000e+00
2.603475506324147659e+01,0.000000000000000000e+00,0.000000000000000000e+00
2.338046092625354433e+01,0.000000000000000000e+00,0.000000000000000000e+00
2.729203110062623949e+01,0.000000000000000000e+00,0.000000000000000000e+00
2.542848293708463103e+01,0.000000000000000000e+00,0.000000000000000000e+00
2.503058755107894484e+01,0.000000000000000000e+00,0.000000000000000000e+00
2.293615637017401099e+01,0.000000000000000000e+00,0.000000000000000000e+00
2.338952718749677828e+01,0.000000000000000000e+00,0.000000000000000000e+00
2.248496086424771079e+01,0.000000000000000000e+00,0.000000000000000000e+00
2.434708998029865157e+01,0.000000000000000000e+00,0.000000000000000000e+00
2.854109447582136028e+01,0.000000000000000000e+00,0.000000000000000000e+00
2.530720383943170404e+01,0.000000000000000000e+00,0.000000000000000000e+00
2.420754011604010358e+01,0.000000000000000000e+00,0.000000000000000000e+00
2.553605472424296963e+01,0.000000000000000000e+00,0.000000000000000000e+00
2.587923295634779208e+01,0.000000000000000000e+00,0.000000000000000000e+00
2.336991238734960774e+01,0.000000000000000000e+00,0.000000000000000000e+00
2.505189248754697928e+01,0.000000000000000000e+00,0.000000000000000000e+00
2.635361312506595155e+01,0.000000000000000000e+00,0.000000000000000000e+00
2.135069392505442565e+01,0.000000000000000000e+00,0.000000000000000000e+00
2.499838664824980228e+01,0.000000000000000000e+00,0.000000000000000000e+00
2.568012012663086452e+01,0.000000000000000000e+00,0.000000000000000000e+00
2.454935018379423894e+01,0.000000000000000000e+00,0.000000000000000000e+00
2.464688819731365044e+01,0.000000000000000000e+00,0.000000000000000000e+00
2.704104637332483563e+01,0.000000000000000000e+00,0.000000000000000000e+00
2.440143748846023541e+01,0.000000000000000000e+00,0.000000000000000000e+00
2.419673577622435090e+01,0.000000000000000000e+00,0.000000000000000000e+00
2.307444159333920553e+01,0.000000000000000000e+00,0.000000000000000000e+00
2.230061714099265657e+01,0.000000000000000000e+00,0.000000000000000000e+00
2.266972290520216760e+01,0.000000000000000000e+00,0.000000000000000000e+00
2.727673787492135915e+01,0.000000000000000000e+00,0.000000000000000000e+00
2.686010383073922725e+01,0.000000000000000000e+00,0.000000000000000000e+00
2.392857028370125860e+01,0.000000000000000000e+00,0.000000000000000000e+00
2.412952500707210390e+01,0.000000000000000000e+00,0.000000000000000000e+00
2.642726126477613491e+01,0.000000000000000000e+00,0.000000000000000000e+00
2.900463495070042086e+01,0.000000000000000000e+00,0.000000000000000000e+00
2.508374533608992607e+01,0.000000000000000000e+00,0.000000000000000000e+00
2.830469396853922603e+01,0.000000000000000000e+00,0.000000000000000000e+00
2.749062713903353128e+01,0.000000000000000000e+00,0.000000000000000000e+00
2.525704427196251700e+01,0.000000000000000000e+00,0.000000000000000000e+00
2.723947474868224106e+01,0.000000000000000000e+00,0.000000000000000000e+00
2.658621727985522654e+01,0.000000000000000000e+00,0.000000000000000000e+00
2.303380447417544374e+01,0.000000000000000000e+00,0.000000000000000000e+00
2.773706650058417367e+01,0.000000000000000000e+00,0.000000000000000000e+00
2.637107490430875245e+01,0.000000000000000000e+00,0.000000000000000000e+00
2.510566648256897437e+01,0.000000000000000000e+00,0.000000000000000000e+00
2.713330091943751654e+01,0.000000000000000000e+00,0.000000000000000000e+00
2.772798552039786912e+01,0.000000000000000000e+00,0.000000000000000000e+00
2.792388233996317837e+01,0.000000000000000000e+00,0.000000000000000000e+00
3.072087438956346261e+01,0.000000000000000000e+00,0.000000000000000000e+00
2.370741177198672744e+01,0.000000000000000000e+00,0.000000000000000000e+00
2.332908379891079775e+01,0.000000000000000000e+00,0.000000000000000000e+00
2.642749817032991899e+01,0.000000000000000000e+00,0.000000000000000000e+00
3.114469455785914676e+01,0.000000000000000000e+00,0.000000000000000000e+00
2.691157739607681165e+01,0.000000000000000000e+00,0.000000000000000000e+00
2.558326811694038128e+01,0.000000000000000000e+00,0.000000000000000000e+00
2.512763208876890175e+01,0.000000000000000000e+00,0.000000000000000000e+00
2.327236603938620618e+01,0.000000000000000000e+00,0.000000000000000000e+00
2.489897877149299532e+01,0.000000000000000000e+00,0.000000000000000000e+00
2.538051621071542741e+01,0.000000000000000000e+00,0.000000000000000000e+00
2.752011361426296077e+01,0.000000000000000000e+00,0.000000000000000000e+00
2.292650046550758702e+01,0.000000000000000000e+00,0.000000000000000000e+00
2.550374958639180889e+01,0.000000000000000000e+00,0.000000000000000000e+00
2.708114428097379900e+01,0.000000000000000000e+00,0.000000000000000000e+00
2.980398826204076457e+01,0.000000000000000000e+00,0.000000000000000000e+00
2.784873840673334655e+01,0.000000000000000000e+00,0.000000000000000000e+00
3.024254643001789233e+01,0.000000000000000000e+00,0.000000000000000000e+00
3.059359025569099089e+01,0.000000000000000000e+00,0.000000000000000000e+00
2.816040615309133699e+01,0.000000000000000000e+00,0.000000000000000000e+00
2.864959913300208783e+01,0.000000000000000000e+00,0.000000000000000000e+00
3.134943883023249356e+01,0.000000000000000000e+00,0.000000000000000000e+00
2.804004153917473730e+01,0.000000000000000000e+00,0.000000000000000000e+00
2.804848640329120357e+01,0.000000000000000000e+00,0.000000000000000000e+00
2.516415830097595574e+01,0.000000000000000000e+00,0.000000000000000000e+00
2.591220822481737684e+01,0.000000000000000000e+00,0.000000000000000000e+00
2.736673583037525503e+01,0.000000000000000000e+00,0.000000000000000000e+00
3.093817321899541639e+01,0.000000000000000000e+00,0.000000000000000000e+00
2.688986806100239235e+01,0.000000000000000000e+00,0.000000000000000000e+00
2.672485340636119844e+01,0.000000000000000000e+00,0.000000000000000000e+00
3.055466209474620598e+01,0.000000000000000000e+00,0.000000000000000000e+00
2.948761251110388670e+01,0.000000000000000000e+00,0.000000000000000000e+00
2.768643374184963690e+01,0.000000000000000000e+00,0.000000000000000000e+00
2.872350244010301168e+01,0.000000000000000000e+00,0.000000000000000000e+00
2.525185032669015328e+01,0.000000000000000000e+00,0.000000000000000000e+00
2.503755635584515815e+01,0.000000000000000000e+00,0.000000000000000000e+00
2.644596870710105208e+01,0.000000000000000000e+00,0.000000000000000000e+00
2.903909275917661503e+01,0.000000000000000000e+00,0.000000000000000000e+00
2.708116172914172992e+01,0.000000000000000000e+00,0.000000000000000000e+00
2.888324590014724791e+01,0.000000000000000000e+00,0.000000000000000000e+00
2.968671756658626748e+01,0.000000000000000000e+00,0.000000000000000000e+00
3.137133844701517660e+01,0.000000000000000000e+00,0.000000000000000000e+00
2.846303977715521327e+01,0.000000000000000000e+00,0.000000000000000000e+00
2.777657476301324380e+01,0.000000000000000000e+00,0.000000000000000000e+00
2.871696806591018714e+01,0.000000000000000000e+00,0.000000000000000000e+00
2.826823470638213465e+01,0.000000000000000000e+00,0.000000000000000000e+00
2.869189789795933621e+01,0.000000000000000000e+00,0.000000000000000000e+00
2.958865180951048401e+01,0.000000000000000000e+00,0.000000000000000000e+00
2.971990766786879945e+01,0.000000000000000000e+00,0.000000000000000000e+00
2.937387757587083570e+01,0.000000000000000000e+00,0.000000000000000000e+00
2.756338370831184292e+01,0.000000000000000000e+00,0.000000000000000000e+00
2.733714280178035949e+01,0.000000000000000000e+00,0.000000000000000000e+00
3.043173276283762974e+01,0.000000000000000000e+00,0.000000000000000000e+00
3.092608187505248196e+01,0.000000000000000000e+00,0.000000000000000000e+00
3.045591715258631282e+01,0.000000000000000000e+00,0.000000000000000000e+00
2.896171925468259190e+01,0.000000000000000000e+00,0.000000000000000000e+00
3.063322796264438708e+01,0.000000000000000000e+00,0.000000000000000000e+00
3.066647865081327140e+01,0.000000000000000000e+00,0.000000000000000000e+00
3.123980360311347582e+01,0.000000000000000000e+00,0.000000000000000000e+00
2.807027648655994412e+01,0.000000000000000000e+00,0.000000000000000000e+00
3.053440823246917901e+01,0.000000000000000000e+00,0.000000000000000000e+00
2.748347272667740171e+01,0.000000000000000000e+00,0.000000000000000000e+00
2.878175745479939707e+01,0.000000000000000000e+00,0.000000000000000000e+00
2.668041812138115887e+01,0.000000000000000000e+00,0.000000000000000000e+00
3.043102012902026487e+01,0.000000000000000000e+00,0.000000000000000000e+00
2.943963090084271528e+01,0.000000000000000000e+00,0.000000000000000000e+00
2.643746966146964539e+01,0.000000000000000000e+00,0.000000000000000000e+00
2.952971753182709946e+01,0.000000000000000000e+00,0.000000000000000000e+00
3.177259428494292592e+01,0.000000000000000000e+00,0.000000000000000000e+00
2.666349979404308712e+01,0.000000000000000000e+00,0.000000000000000000e+00
3.045990736583546621e+01,0.000000000000000000e+00,0.000000000000000000e+00
3.266106684350686606e+01,0.000000000000000000e+00,0.000000000000000000e+00
3.112369665587744194e+01,0.000000000000000000e+00,0.000000000000000000e+00
3.130015221140073933e+01,0.000000000000000000e+00,0.000000000000000000e+00
2.881688068471496322e+01,0.000000000000000000e+00,0.000000000000000000e+00
3.094195970140296836e+01,0.000000000000000000e+00,0.000000000000000000e+00
3.136268538173108666e+01,0.000000000000000000e+00,0.000000000000000000e+00
2.849601402364429603e+01,0.000000000000000000e+00,0.000000000000000000e+00
3.183751689584398648e+01,0.000000000000000000e+00,0.000000000000000000e+00
3.128896932597056235e+01,0.000000000000000000e+00,0.000000000000000000e+00
2.911647461319140717e+01,0.000000000000000000e+00,0.000000000000000000e+00
3.267024409800971085e+01,0.000000000000000000e+00,0.000000000000000000e+00
3.160365726773608941e+01,0.000000000000000000e+00,0.000000000000000000e+00
3.313909027579853728e+01,0.000000000000000000e+00,0.000000000000000000e+00
2.863029242044650857e+01,0.000000000000000000e+00,0.000000000000000000e+00
2.784367226880524271e+01,0.000000000000000000e+00,0.000000000000000000e+00
2.615813565364671689e+01,0.000000000000000000e+00,0.000000000000000000e+00
2.948722670424557890e+01,0.000000000000000000e+00,0.000000000000000000e+00
3.093218633593304290e+01,0.000000000000000000e+00,0.000000000000000000e+00
2.948915707208953663e+01,0.000000000000000000e+00,0.000000000000000000e+00
2.877938171271575030e+01,0.000000000000000000e+00,0.000000000000000000e+00
3.067827556109362064e+01,0.000000000000000000e+00,0.000000000000000000e+00
3.269046092817131210e+01,0.000000000000000000e+00,0.000000000000000000e+00
3.250899004949203430e+01,0.000000000000000000e+00,0.000000000000000000e+00
3.521050488348127772e+01,0.000000000000000000e+00,0.000000000000000000e+00
3.176937106943671552e+01,0.000000000000000000e+00,0.000000000000000000e+00
3.305873238941206438e+01,0.000000000000000000e+00,0.000000000000000000e+00
2.492656916480632034e+01,0.000000000000000000e+00,0.000000000000000000e+00
2.932258181574134426e+01,0.000000000000000000e+00,0.000000000000000000e+00
3.307301552580939585e+01,0.000000000000000000e+00,0.000000000000000000e+00
3.279497950487012758e+01,0.000000000000000000e+00,0.000000000000000000e+00
3.145798013330049514e+01,0.000000000000000000e+00,0.000000000000000000e+00
3.021362582828635013e+01,0.000000000000000000e+00,0.000000000000000000e+00
3.067483547658539322e+01,0.000000000000000000e+00,0.000000000000000000e+00
2.908921991169771815e+01,0.000000000000000000e+00,0.000000000000000000e+00
2.559491580910551534e+01,0.000000000000000000e+00,0.000000000000000000e+00
3.114019195639829718e+01,0.000000000000000000e+00,0.000000000000000000e+00
3.053751169286135791e+01,0.000000000000000000e+00,0.000000000000000000e+00
3.299932752783529821e+01,0.000000000000000000e+00,0.000000000000000000e+00
3.388481230147213807e+01,0.000000000000000000e+00,0.000000000000000000e+00
3.396396808650020205e+01,0.000000000000000000e+00,0.000000000000000000e+00
3.330549735600037309e+01,0.000000000000000000e+00,0.000000000000000000e+00
3.462483678526989905e+01,0.000000000000000000e+00,0.000000000000000000e+00
3.589088017958023613e+01,0.000000000000000000e+00,0.000000000000000000e+00
3.751928916716708784e+01,0.000000000000000000e+00,0.000000000000000000e+00
3.199758348101202543e+01,0.000000000000000000e+00,0.000000000000000000e+00
3.270327404478550903e+01,0.000000000000000000e+00,0.000000000000000000e+00
3.020820326658618882e+01,0.000000000000000000e+00,0.000000000000000000e+00
3.160506305592280185e+01,0.000000000000000000e+00,0.000000000000000000e+00
3.216754392296970622e+01,0.000000000000000000e+00,0.000000000000000000e+00
3.536424636058264070e+01,0.000000000000000000e+00,0.000000000000000000e+00
3.127093898224769930e+01,0.000000000000000000e+00,0.000000000000000000e+00
3.131843272953512525e+01,0.000000000000000000e+00,0.000000000000000000e+00
3.233038585979245028e+01,0.000000000000000000e+00,0.000000000000000000e+00
3.318633808109900230e+01,0.000000000000000000e+00,0.000000000000000000e+00
3.269972026688488853e+01,0.000000000000000000e+00,0.000000000000000000e+00
3.333590992030590883e+01,0.000000000000000000e+00,0.000000000000000000e+00
3.456850659807552972e+01,0.000000000000000000e+00,0.000000000000000000e+00
3.220472295253878059e+01,0.000000000000000000e+00,0.000000000000000000e+00
3.450586372183944661e+01,0.000000000000000000e+00,0.000000000000000000e+00
3.427796831864554150e+01,0.000000000000000000e+00,0.000000000000000000e+00
3.498913934174233731e+01,0.000000000000000000e+00,0.000000000000000000e+00
3.676449214695517043e+01,0.000000000000000000e+00,0.000000000000000000e+00
3.275422676388192400e+01,0.000000000000000000e+00,0.000000000000000000e+00
3.859370820510996936e+01,0.000000000000000000e+00,0.000000000000000000e+00
3.528136232735053568e+01,0.000000000000000000e+00,0.000000000000000000e+00
3.467800949069211214e+01,0.000000000000000000e+00,0.000000000000000000e+00
3.474631916516646157e+01,0.000000000000000000e+00,0.000000000000000000e+00
3.525322887047330056e+01,0.000000000000000000e+00,0.000000000000000000e+00
3.181890021698752236e+01,0.000000000000000000e+00,0.000000000000000000e+00
3.578244158827681787e+01,0.000000000000000000e+00,0.000000000000000000e+00
3.351820547805087358e+01,0.000000000000000000e+00,0.000000000000000000e+00
3.368411013817041066e+01,0.000000000000000000e+00,0.000000000000000000e+00
3.360206491366185588e+01,0.000000000000000000e+00,0.000000000000000000e+00
3.387823916619039721e+01,0.000000000000000000e+00,0.000000000000000000e+00
3.525681849397825829e+01,0.000000000000000000e+00,0.000000000000000000e+00
3.574109125165648493e+01,0.000000000000000000e+00,0.000000000000000000e+00
3.571749590381661221e+01,0.000000000000000000e+00,0.000000000000000000e+00
3.691215199861424168e+01,0.000000000000000000e+00,0.000000000000000000e+00
3.371482797029783285e+01,0.000000000000000000e+00,0.000000000000000000e+00
3.125671598109438776e+01,0.000000000000000000e+00,0.000000000000000000e+00
3.489375312629083936e+01,0.000000000000000000e+00,0.000000000000000000e+00
3.702251438924601956e+01,0.000000000000000000e+00,0.000000000000000000e+00
3.411875731024300507e+01,0.000000000000000000e+00,0.000000000000000000e+00
3.308623912073961293e+01,0.000000000000000000e+00,0.000000000000000000e+00
3.372058364877737802e+01,0.000000000000000000e+00,0.000000000000000000e+00
3.480577101472746904e+01,0.000000000000000000e+00,0.000000000000000000e+00
3.923931841984975222e+01,0.000000000000000000e+00,0.000000000000000000e+00
3.289568699176197697e+01,0.000000000000000000e+00,0.000000000000000000e+00
3.816985442230442516e+01,0.000000000000000000e+00,0.000000000000000000e+00
3.387630413401008411e+01,0.000000000000000000e+00,0.000000000000000000e+00
3.365570074269932377e+01,0.000000000000000000e+00,0.000000000000000000e+00
3.572839353473388968e+01,0.000000000000000000e+00,0.000000000000000000e+00
3.674783790045881204e+01,0.000000000000000000e+00,0.000000000000000000e+00
3.414002674213581656e+01,0.000000000000000000e+00,0.000000000000000000e+00
3.853218591690161787e+01,0.000000000000000000e+00,0.000000000000000000e+00
3.519504808893455561e+01,0.000000000000000000e+00,0.000000000000000000e+00
3.649756397360646076e+01,0.000000000000000000e+00,0.000000000000000000e+00
3.810181669282139438e+01,0.000000000000000000e+00,0.000000000000000000e+00
3.345122159168251130e+01,0.000000000000000000e+00,0.000000000000000000e+00
3.924739108321949743e+01,0.000000000000000000e+00,0.000000000000000000e+00
3.614905431128914870e+01,0.000000000000000000e+00,0.000000000000000000e+00
3.578582538073946751e+01,0.000000000000000000e+00,0.000000000000000000e+00
3.487040995862722070e+01,0.000000000000000000e+00,0.000000000000000000e+00
3.772359016183859381e+01,0.000000000000000000e+00,0.000000000000000000e+00
3.612117654695007474e+01,0.000000000000000000e+00,0.000000000000000000e+00
3.678588221421686910e+01,0.000000000000000000e+00,0.000000000000000000e+00
3.885876501783715753e+01,0.000000000000000000e+00,0.000000000000000000e+00
3.655798264729534708e+01,0.000000000000000000e+00,0.000000000000000000e+00
3.528743711089899193e+01,0.000000000000000000e+00,0.000000000000000000e+00
3.737414952002276181e+01,0.000000000000000000e+00,0.000000000000000000e+00
3.853248409498557692e+01,0.000000000000000000e+00,0.000000000000000000e+00
3.801156123158720845e+01,0.000000000000000000e+00,0.000000000000000000e+00
4.151288868373299579e+01,0.000000000000000000e+00,0.000000000000000000e+00
4.071754295728850082e+01,0.000000000000000000e+00,0.000000000000000000e+00
3.736331841622395444e+01,0.000000000000000000e+00,0.000000000000000000e+00
3.569845916433850164e+01,0.000000000000000000e+00,0.000000000000000000e+00
3.948847314284296317e+01,0.000000000000000000e+00,0.000000000000000000e+00
3.402682646940652944e+01,0.000000000000000000e+00,0.000000000000000000e+00
4.228376887243180704e+01,0.000000000000000000e+00,0.000000000000000000e+00
3.927216188887268800e+01,0.000000000000000000e+00,0.000000000000000000e+00
4.037631940846500811e+01,0.000000000000000000e+00,0.000000000000000000e+00
3.617836999760520911e+01,0.000000000000000000e+00,0.000000000000000000e+00
3.830953369570827505e+01,0.000000000000000000e+00,0.000000000000000000e+00
3.831413186227277379e+01,0.000000000000000000e+00,0.000000000000000000e+00
3.964298618661885598e+01,0.000000000000000000e+00,0.000000000000000000e+00
4.206550122836437566e+01,0.000000000000000000e+00,0.000000000000000000e+00
3.535841112130150066e+01,0.000000000000000000e+00,0.000000000000000000e+00
3.832027659912597528e+01,0.000000000000000000e+00,0.000000000000000000e+00
4.222988887927189694e+01,0.000000000000000000e+00,0.000000000000000000e+00
3.937110602176524310e+01,0.000000000000000000e+00,0.000000000000000000e+00
4.093842694380306568e+01,0.000000000000000000e+00,0.000000000000000000e+00
3.473575339907999648e+01,0.000000000000000000e+00,0.000000000000000000e+00
3.863563855701271876e+01,0.000000000000000000e+00,0.000000000000000000e+00
3.690801945035343579e+01,0.000000000000000000e+00,0.000000000000000000e+00
3.682430690314367183e+01,0.000000000000000000e+00,0.000000000000000000e+00
3.884816575644657632e+01,0.000000000000000000e+00,0.000000000000000000e+00
4.169416214452461844e+01,0.000000000000000000e+00,0.000000000000000000e+00
3.531886415253882205e+01,0.000000000000000000e+00,0.000000000000000000e+00
3.586097858745306866e+01,0.000000000000000000e+00,0.000000000000000000e+00
3.884638913142826055e+01,0.000000000000000000e+00,0.000000000000000000e+00
4.168344672241770610e+01,0.000000000000000000e+00,0.000000000000000000e+00
4.120693233313862436e+01,0.000000000000000000e+00,0.000000000000000000e+00
4.165091915985409798e+01,0.000000000000000000e+00,0.000000000000000000e+00
4.209120516886088126e+01,0.000000000000000000e+00,0.000000000000000000e+00
3.977182955875824177e+01,0.000000000000000000e+00,0.000000000000000000e+00
4.078394130023573894e+01,0.000000000000000000e+00,0.000000000000000000e+00
3.947833922816758445e+01,0.000000000000000000e+00,0.000000000000000000e+00
4.018471261404261696e+01,0.000000000000000000e+00,0.000000000000000000e+00
4.148599408420854928e+01,0.000000000000000000e+00,0.000000000000000000e+00
3.804848588900011208e+01,0.000000000000000000e+00,0.000000000000000000e+00
3.962445024310699893e+01,0.000000000000000000e+00,0.000000000000000000e+00
4.247410416268724731e+01,0.000000000000000000e+00,0.000000000000000000e+00
4.071551798193475236e+01,0.000000000000000000e+00,0.000000000000000000e+00
4.247289832020780409e+01,0.000000000000000000e+00,0.000000000000000000e+00
4.130894528744892114e+01,0.000000000000000000e+00,0.000000000000000000e+00
4.099381930927170714e+01,0.000000000000000000e+00,0.000000000000000000e+00
3.860930282071883823e+01,0.000000000000000000e+00,0.000000000000000000e+00
3.950609690511969063e+01,0.000000000000000000e+00,0.000000000000000000e+00
3.970567485664554397e+01,0.000000000000000000e+00,0.000000000000000000e+00
4.097695462514371201e+01,0.000000000000000000e+00,0.000000000000000000e+00
4.421160405035370644e+01,0.000000000000000000e+00,0.000000000000000000e+00
4.049769984041972037e+01,0.000000000000000000e+00,0.000000000000000000e+00
4.122085418764605436e+01,0.000000000000000000e+00,0.000000000000000000e+00
4.014254965519193519e+01,0.000000000000000000e+00,0.000000000000000000e+00
4.080699186665602696e+01,0.000000000000000000e+00,0.000000000000000000e+00
4.526313250496200169e+01,0.000000000000000000e+00,0.000000000000000000e+00
4.262446295809434105e+01,0.000000000000000000e+00,0.000000000000000000e+00
4.244674075494701526e+01,0.000000000000000000e+00,0.000000000000000000e+00
4.472513548538320549e+01,0.000000000000000000e+00,0.000000000000000000e+00
4.537419729219303832e+01,0.000000000000000000e+00,0.000000000000000000e+00
4.088284361063082883e+01,0.000000000000000000e+00,0.000000000000000000e+00
4.347558307847672410e+01,0.000000000000000000e+00,0.000000000000000000e+00
4.366483983756238274e+01,0.000000000000000000e+00,0.000000000000000000e+00
4.116659518711349364e+01,0.000000000000000000e+00,0.000000000000000000e+00
4.050624250365466139e+01,0.000000000000000000e+00,0.000000000000000000e+00
4.206143788164597908e+01,0.000000000000000000e+00,0.000000000000000000e+00
4.418789687836889613e+01,0.000000000000000000e+00,0.000000000000000000e+00
4.424975655362774773e+01,0.000000000000000000e+00,0.000000000000000000e+00
4.397210039721542785e+01,0.000000000000000000e+00,0.000000000000000000e+00
3.981549271361565445e+01,0.000000000000000000e+00,0.000000000000000000e+00
4.080585182097408392e+01,0.000000000000000000e+00,0.000000000000000000e+00
4.495876520310159208e+01,0.000000000000000000e+00,0.000000000000000000e+00
4.192694036202728114e+01,0.000000000000000000e+00,0.000000000000000000e+00
4.468593637991582312e+01,0.000000000000000000e+00,0.000000000000000000e+00
4.290018400551024769e+01,0.000000000000000000e+00,0.000000000000000000e+00
4.356115044982220752e+01,0.000000000000000000e+00,0.000000000000000000e+00
4.421557170402258663e+01,0.000000000000000000e+00,0.000000000000000000e+00
4.686582099099351240e+01,0.000000000000000000e+00,0.000000000000000000e+00
4.170852049486273927e+01,0.000000000000000000e+00,0.000000000000000000e+00
4.330175099765025948e+01,0.000000000000000000e+00,0.000000000000000000e+00
4.448626283361588207e+01,0.000000000000000000e+00,0.000000000000000000e+00
4.456459094869375548e+01,0.000000000000000000e+00,0.000000000000000000e+00
3.833446263627610051e+01,0.000000000000000000e+00,0.000000000000000000e+00
4.439190602512799444e+01,0.000000000000000000e+00,0.000000000000000000e+00
4.238240452163208971e+01,0.000000000000000000e+00,0.000000000000000000e+00
4.360153393981343584e+01,0.000000000000000000e+00,0.000000000000000000e+00
4.447531114790078277e+01,0.000000000000000000e+00,0.000000000000000000e+00
4.699927926697535696e+01,0.000000000000000000e+00,0.000000000000000000e+00
4.339018508523964357e+01,0.000000000000000000e+00,0.000000000000000000e+00
4.608769519353859323e+01,0.000000000000000000e+00,0.000000000000000000e+00
4.455924792954024127e+01,0.000000000000000000e+00,0.000000000000000000e+00
4.229843381818950121e+01,0.000000000000000000e+00,0.000000000000000000e+00
4.732301002342934027e+01,0.000000000000000000e+00,0.000000000000000000e+00
4.441127738931155733e+01,0.000000000000000000e+00,0.000000000000000000e+00
4.570803060770711568e+01,0.000000000000000000e+00,0.000000000000000000e+00
4.429411383944964342e+01,0.000000000000000000e+00,0.000000000000000000e+00
4.978699969740861775e+01,0.000000000000000000e+00,0.000000000000000000e+00
4.402263434692398647e+01,0.000000000000000000e+00,0.000000000000000000e+00
4.268809322056613809e+01,0.000000000000000000e+00,0.000000000000000000e+00
4.255380900416803769e+01,0.000000000000000000e+00,0.000000000000000000e+00
4.477157106559662481e+01,0.000000000000000000e+00,0.000000000000000000e+00
4.344912784338711020e+01,0.000000000000000000e+00,0.000000000000000000e+00
4.464053226975439514e+01,0.000000000000000000e+00,0.000000000000000000e+00
4.755182369753223526e+01,0.000000000000000000e+00,0.000000000000000000e+00
4.624199349539731685e+01,0.000000000000000000e+00,0.000000000000000000e+00
4.496635026040824812e+01,0.000000000000000000e+00,0.000000000000000000e+00
4.579463414669213961e+01,0.000000000000000000e+00,0.000000000000000000e+00
4.468711663714955051e+01,0.000000000000000000e+00,0.000000000000000000e+00
4.563578519461147209e+01,0.000000000000000000e+00,0.000000000000000000e+00
4.460541556287894593e+01,0.000000000000000000e+00,0.000000000000000000e+00
4.690595324327709648e+01,0.000000000000000000e+00,0.000000000000000000e+00
4.740452154318590772e+01,0.000000000000000000e+00,0.000000000000000000e+00
4.703093859387524844e+01,0.000000000000000000e+00,0.000000000000000000e+00
4.686723610622176039e+01,0.000000000000000000e+00,0.000000000000000000e+00
4.741279966981427663e+01,0.000000000000000000e+00,0.000000000000000000e+00
4.594080395600645517e+01,0.000000000000000000e+00,0.000000000000000000e+00
5.085612126989209258e+01,0.000000000000000000e+00,0.000000000000000000e+00
4.405065468277069840e+01,0.000000000000000000e+00,0.000000000000000000e+00
4.650536728627786687e+01,0.000000000000000000e+00,0.000000000000000000e+00
4.331425278793555123e+01,0.000000000000000000e+00,0.000000000000000000e+00
4.500242620733259002e+01,0.000000000000000000e+00,0.000000000000000000e+00
4.817284974763120431e+01,0.000000000000000000e+00,0.000000000000000000e+00
4.536973865422827146e+01,0.000000000000000000e+00,0.000000000000000000e+00
4.379638585865988887e+01,0.000000000000000000e+00,0.000000000000000000e+00
4.742955533981314176e+01,0.000000000000000000e+00,0.000000000000000000e+00
4.522229098612426412e+01,0.000000000000000000e+00,0.000000000000000000e+00
4.634333238760404328e+01,0.000000000000000000e+00,0.000000000000000000e+00
4.654737186333007060e+01,0.000000000000000000e+00,0.000000000000000000e+00
5.096779140384389706e+01,0.000000000000000000e+00,0.000000000000000000e+00
4.945777900942223937e+01,0.000000000000000000e+00,0.000000000000000000e+00
4.627210943275252930e+01,0.000000000000000000e+00,0.000000000000000000e+00
4.620427799208808040e+01,0.000000000000000000e+00,0.000000000000000000e+00
4.755768408780452461e+01,0.000000000000000000e+00,0.000000000000000000e+00
4.948851817798204422e+01,0.000000000000000000e+00,0.000000000000000000e+00
4.602355724393751757e+01,0.000000000000000000e+00,0.000000000000000000e+00
4.867910507626108796e+01,0.000000000000000000e+00,0.000000000000000000e+00
4.635525316070157942e+01,0.000000000000000000e+00,0.000000000000000000e+00
5.054289750567220096e+01,0.000000000000000000e+00,0.000000000000000000e+00
4.647205202543349856e+01,0.000000000000000000e+00,0.000000000000000000e+00
4.573834342746167891e+01,0.000000000000000000e+00,0.000000000000000000e+00
5.338063491789866077e+01,0.000000000000000000e+00,0.000000000000000000e+00
5.149122884178358106e+01,0.000000000000000000e+00,0.000000000000000000e+00
4.820856838359170382e+01,0.000000000000000000e+00,0.000000000000000000e+00
4.802739356809215820e+01,0.000000000000000000e+00,0.000000000000000000e+00
4.800259939518304009e+01,0.000000000000000000e+00,0.000000000000000000e+00
4.981339661684611286e+01,0.000000000000000000e+00,0.000000000000000000e+00
4.832722181139884299e+01,0.000000000000000000e+00,0.000000000000000000e+00
4.879999925409691741e+01,0.000000000000000000e+00,0.000000000000000000e+00
5.083132291435305206e+01,0.000000000000000000e+00,0.000000000000000000e+00
4.666982743912928555e+01,0.000000000000000000e+00,0.000000000000000000e+00
4.759577106715233441e+01,0.000000000000000000e+00,0.000000000000000000e+00
5.064627996867477577e+01,0.000000000000000000e+00,0.000000000000000000e+00
5.369270688474886555e+01,0.000000000000000000e+00,0.000000000000000000e+00
5.062763243820604941e+01,0.000000000000000000e+00,0.000000000000000000e+00
4.618626009800357934e+01,0.000000000000000000e+00,0.000000000000000000e+00
5.118555554134697161e+01,0.000000000000000000e+00,0.000000000000000000e+00
5.303039755920224962e+01,0.000000000000000000e+00,0.000000000000000000e+00
4.669206353104797813e+01,0.000000000000000000e+00,0.000000000000000000e+00
4.995333622542246133e+01,0.000000000000000000e+00,0.000000000000000000e+00
5.060316480193585420e+01,0.000000000000000000e+00,0.000000000000000000e+00
4.771046611724104736e+01,0.000000000000000000e+00,0.000000000000000000e+00
5.087674474151558712e+01,0.000000000000000000e+00,0.000000000000000000e+00
5.221430323334136148e+01,0.000000000000000000e+00,0.000000000000000000e+00
4.882479479727002314e+01,0.000000000000000000e+00,0.000000000000000000e+00
5.185732084411135645e+01,0.000000000000000000e+00,0.000000000000000000e+00
5.117374057454342307e+01,0.000000000000000000e+00,0.000000000000000000e+00
5.096147310242081119e+01,0.000000000000000000e+00,0.000000000000000000e+00
5.110017648845926885e+01,0.000000000000000000e+00,0.000000000000000000e+00
5.247261375999833888e+01,0.000000000000000000e+00,0.000000000000000000e+00
5.356227193681889531e+01,0.000000000000000000e+00,0.000000000000000000e+00
5.211875713034726232e+01,0.000000000000000000e+00,0.000000000000000000e+00
5.140369672469947204e+01,0.000000000000000000e+00,0.000000000000000000e+00
5.438861443313854949e+01,0.000000000000000000e+00,0.000000000000000000e+00
5.376840965095998115e+01,0.000000000000000000e+00,0.000000000000000000e+00
5.371097662228643799e+01,0.000000000000000000e+00,0.000000000000000000e+00
5.241034502972587461e+01,0.000000000000000000e+00,0.000000000000000000e+00
4.893816372521536096e+01,0.000000000000000000e+00,0.000000000000000000e+00
5.300938683498387149e+01,0.000000000000000000e+00,0.000000000000000000e+00
5.291918650681319036e+01,0.000000000000000000e+00,0.000000000000000000e+00
5.177673794372800131e+01,0.000000000000000000e+00,0.000000000000000000e+00
5.427617777537749788e+01,0.000000000000000000e+00,0.000000000000000000e+00
5.047386005791715746e+01,0.000000000000000000e+00,0.000000000000000000e+00
5.054993222981415357e+01,0.000000000000000000e+00,0.000000000000000000e+00
5.065533298404458407e+01,0.000000000000000000e+00,0.000000000000000000e+00
5.544908995555253739e+01,0.000000000000000000e+00,0.000000000000000000e+00
5.257490635957605463e+01,0.000000000000000000e+00,0.000000000000000000e+00
5.504844173329266255e+01,0.000000000000000000e+00,0.000000000000000000e+00
5.158477605886309902e+01,0.000000000000000000e+00,0.000000000000000000e+00
5.163937644791539583e+01,0.000000000000000000e+00,0.000000000000000000e+00
5.146237660238593747e+01,0.000000000000000000e+00,0.000000000000000000e+00
5.168497061903275380e+01,0.000000000000000000e+00,0.000000000000000000e+00
5.444409925199754952e+01,0.000000000000000000e+00,0.000000000000000000e+00
5.166754423396471907e+01,0.000000000000000000e+00,0.000000000000000000e+00
5.287531633713380330e+01,0.000000000000000000e+00,0.000000000000000000e+00
5.195910278537871108e+01,0.000000000000000000e+00,0.000000000000000000e+00
5.283288460001014641e+01,0.000000000000000000e+00,0.000000000000000000e+00
5.190615037316191405e+01,0.000000000000000000e+00,0.000000000000000000e+00
5.654308113976901495e+01,0.000000000000000000e+00,0.000000000000000000e+00
5.447731278236791042e+01,0.000000000000000000e+00,0.000000000000000000e+00
5.089607320437995952e+01,0.000000000000000000e+00,0.000000000000000000e+00
5.345531785378951639e+01,0.000000000000000000e+00,0.000000000000000000e+00
5.475253451417850670e+01,0.000000000000000000e+00,0.000000000000000000e+00
5.418643310309717975e+01,0.000000000000000000e+00,0.000000000000000000e+00
5.359195300519746752e+01,0.000000000000000000e+00,0.000000000000000000e+00
5.657828823426025622e+01,0.000000000000000000e+00,0.000000000000000000e+00
5.526360649973263861e+01,0.000000000000000000e+00,0.000000000000000000e+00
5.223027712780687182e+01,0.000000000000000000e+00,0.000000000000000000e+00
5.517419284939639823e+01,0.000000000000000000e+00,0.000000000000000000e+00
5.391289643940107368e+01,0.000000000000000000e+00,0.000000000000000000e+00
5.715814230947766816e+01,0.000000000000000000e+00,0.000000000000000000e+00
5.327696737506334301e+01,0.000000000000000000e+00,0.000000000000000000e+00
5.891611839668702544e+01,0.000000000000000000e+00,0.000000000000000000e+00
5.438431634736286924e+01,0.000000000000000000e+00,0.000000000000000000e+00
5.258919953375949063e+01,0.000000000000000000e+00,0.000000000000000000e+00
5.749527064028769274e+01,0.000000000000000000e+00,0.000000000000000000e+00
5.681890169959120840e+01,0.000000000000000000e+00,0.000000000000000000e+00
5.074762616393704917e+01,0.000000000000000000e+00,0.000000000000000000e+00
5.902036556861658312e+01,0.000000000000000000e+00,0.000000000000000000e+00
5.455213835205739770e+01,0.000000000000000000e+00,0.000000000000000000e+00
5.374957457937476590e+01,0.000000000000000000e+00,0.000000000000000000e+00
5.532337327474820654e+01,0.000000000000000000e+00,0.000000000000000000e+00
5.549666518808390236e+01,0.000000000000000000e+00,0.000000000000000000e+00
5.204601851191183925e+01,0.000000000000000000e+00,0.000000000000000000e+00
5.485151145576272569e+01,0.000000000000000000e+00,0.000000000000000000e+00
5.484019824361317319e+01,0.000000000000000000e+00,0.000000000000000000e+00
5.609714196253717233e+01,0.000000000000000000e+00,0.000000000000000000e+00
5.802438445101063280e+01,0.000000000000000000e+00,0.000000000000000000e+00
5.844611189103525817e+01,0.000000000000000000e+00,0.000000000000000000e+00
5.858113027680809637e+01,0.000000000000000000e+00,0.000000000000000000e+00
5.251558967188712757e+01,0.000000000000000000e+00,0.000000000000000000e+00
5.348702644413245366e+01,0.000000000000000000e+00,0.000000000000000000e+00
5.649599556502009534e+01,0.000000000000000000e+00,0.000000000000000000e+00
5.891125173798042169e+01,0.000000000000000000e+00,0.000000000000000000e+00
5.668400180928308885e+01,0.000000000000000000e+00,0.000000000000000000e+00
5.552710492617936922e+01,0.000000000000000000e+00,0.000000000000000000e+00
5.735636535681667425e+01,0.000000000000000000e+00,0.000000000000000000e+00
5.912268127717490529e+01,0.000000000000000000e+00,0.000000000000000000e+00
5.811916695404828204e+01,0.000000000000000000e+00,0.000000000000000000e+00
5.829577841354099377e+01,0.000000000000000000e+00,0.000000000000000000e+00
5.639059472125405392e+01,0.000000000000000000e+00,0.000000000000000000e+00
5.410398444715601585e+01,0.000000000000000000e+00,0.000000000000000000e+00
5.539389813275722929e+01,0.000000000000000000e+00,0.000000000000000000e+00
5.853769462629107778e+01,0.000000000000000000e+00,0.000000000000000000e+00
5.430542112007042022e+01,0.000000000000000000e+00,0.000000000000000000e+00
5.768542596774107523e+01,0.000000000000000000e+00,0.000000000000000000e+00
6.095767027610217070e+01,0.000000000000000000e+00,0.000000000000000000e+00
5.932652263283755190e+01,0.000000000000000000e+00,0.000000000000000000e+00
5.422415531627213880e+01,0.000000000000000000e+00,0.000000000000000000e+00
5.865950207612538492e+01,0.000000000000000000e+00,0.000000000000000000e+00
5.623500604873696318e+01,0.000000000000000000e+00,0.000000000000000000e+00
5.607370882297298920e+01,0.000000000000000000e+00,0.000000000000000000e+00
5.840237425628435375e+01,0.000000000000000000e+00,0.000000000000000000e+00
5.742423548953082957e+01,0.000000000000000000e+00,0.000000000000000000e+00
6.001889366299677420e+01,0.000000000000000000e+00,0.000000000000000000e+00
6.260852756542301023e+01,0.000000000000000000e+00,0.000000000000000000e+00
5.538268041548353438e+01,0.000000000000000000e+00,0.000000000000000000e+00
5.553986009706791549e+01,0.000000000000000000e+00,0.000000000000000000e+00
5.651958241748617695e+01,0.000000000000000000e+00,0.000000000000000000e+00
5.631928707187616823e+01,0.000000000000000000e+00,0.000000000000000000e+00
5.511151833918010112e+01,0.000000000000000000e+00,0.000000000000000000e+00
6.003288482260015257e+01,0.000000000000000000e+00,0.000000000000000000e+00
5.934351282044860909e+01,0.000000000000000000e+00,0.000000000000000000e+00
6.004580838370586093e+01,0.000000000000000000e+00,0.000000000000000000e+00
6.160926910904222353e+01,0.000000000000000000e+00,0.000000000000000000e+00
6.020693021815277035e+01,0.000000000000000000e+00,0.000000000000000000e+00
6.243487778558240109e+01,0.000000000000000000e+00,0.000000000000000000e+00
5.929437663704336359e+01,0.000000000000000000e+00,0.000000000000000000e+00
6.229985855682583207e+01,0.000000000000000000e+00,0.000000000000000000e+00
5.950307984836912567e+01,0.000000000000000000e+00,0.000000000000000000e+00
6.041477439234732572e+01,0.000000000000000000e+00,0.000000000000000000e+00
6.184531926865992801e+01,0.000000000000000000e+00,0.000000000000000000e+00
6.327226290819264420e+01,0.000000000000000000e+00,0.000000000000000000e+00
5.653407578184911131e+01,0.000000000000000000e+00,0.000000000000000000e+00
5.797324222211188527e+01,0.000000000000000000e+00,0.000000000000000000e+00
5.960063189092188196e+01,0.000000000000000000e+00,0.000000000000000000e+00
5.831870201533077847e+01,0.000000000000000000e+00,0.000000000000000000e+00
6.170479596625591512e+01,0.000000000000000000e+00,0.000000000000000000e+00
6.116000113950540396e+01,0.000000000000000000e+00,0.000000000000000000e+00
6.014113073297765055e+01,0.000000000000000000e+00,0.000000000000000000e+00
6.068085033268688733e+01,0.000000000000000000e+00,0.000000000000000000e+00
6.071814924591353702e+01,0.000000000000000000e+00,0.000000000000000000e+00
6.122517031986515690e+01,0.000000000000000000e+00,0.000000000000000000e+00
6.236063102670926384e+01,0.000000000000000000e+00,0.000000000000000000e+00
5.795712996136177253e+01,0.000000000000000000e+00,0.000000000000000000e+00
5.977255761268211387e+01,0.000000000000000000e+00,0.000000000000000000e+00
5.927009265490057999e+01,0.000000000000000000e+00,0.000000000000000000e+00
5.997410831008407683e+01,0.000000000000000000e+00,0.000000000000000000e+00
5.992727085550850319e+01,0.000000000000000000e+00,0.000000000000000000e+00
5.802563583368188205e+01,0.000000000000000000e+00,0.000000000000000000e+00
6.165683714539774485e+01,0.000000000000000000e+00,0.000000000000000000e+00
6.288732638055747515e+01,0.000000000000000000e+00,0.000000000000000000e+00
6.396107915344645534e+01,0.000000000000000000e+00,0.000000000000000000e+00
6.426153094572804036e+01,0.000000000000000000e+00,0.000000000000000000e+00
6.398265983466166773e+01,0.000000000000000000e+00,0.000000000000000000e+00
5.858605408777732748e+01,0.000000000000000000e+00,0.000000000000000000e+00
6.110184483984785686e+01,0.000000000000000000e+00,0.000000000000000000e+00
6.476217877656718258e+01,0.000000000000000000e+00,0.000000000000000000e+00
6.378635951572220364e+01,0.000000000000000000e+00,0.000000000000000000e+00
6.220794642015303566e+01,0.000000000000000000e+00,0.000000000000000000e+00
6.532931335924151028e+01,0.000000000000000000e+00,0.000000000000000000e+00
6.193057830530928243e+01,0.000000000000000000e+00,0.000000000000000000e+00
6.096171088240912184e+01,0.000000000000000000e+00,0.000000000000000000e+00
6.377515110950886168e+01,0.000000000000000000e+00,0.000000000000000000e+00
6.132281448211426067e+01,0.000000000000000000e+00,0.000000000000000000e+00
6.144211981953936430e+01,0.000000000000000000e+00,0.000000000000000000e+00
5.857975401468659982e+01,0.000000000000000000e+00,0.000000000000000000e+00
6.094535969149682586e+01,0.000000000000000000e+00,0.000000000000000000e+00
6.150763162259239181e+01,0.000000000000000000e+00,0.000000000000000000e+00
6.154808198236652572e+01,0.000000000000000000e+00,0.000000000000000000e+00
6.172193327818007447e+01,0.000000000000000000e+00,0.000000000000000000e+00
6.251339581173021287e+01,0.000000000000000000e+00,0.000000000000000000e+00
6.421549367772114181e+01,0.000000000000000000e+00,0.000000000000000000e+00
6.179395292871471668e+01,0.000000000000000000e+00,0.000000000000000000e+00
6.257990023813238878e+01,0.000000000000000000e+00,0.000000000000000000e+00
6.296175433568818391e+01,0.000000000000000000e+00,0.000000000000000000e+00
6.086433798533576578e+01,0.000000000000000000e+00,0.000000000000000000e+00
6.319574276777331789e+01,0.000000000000000000e+00,0.000000000000000000e+00
6.438621005126951502e+01,0.000000000000000000e+00,0.000000000000000000e+00
6.141906620566085451e+01,0.000000000000000000e+00,0.000000000000000000e+00
6.097148784718889658e+01,0.000000000000000000e+00,0.000000000000000000e+00
6.013977081690586601e+01,0.000000000000000000e+00,0.000000000000000000e+00
6.388940030655998470e+01,0.000000000000000000e+00,0.000000000000000000e+00
6.393289976503842098e+01,0.000000000000000000e+00,0.000000000000000000e+00
6.415939519755154663e+01,0.000000000000000000e+00,0.000000000000000000e+00
6.468871825893572236e+01,0.000000000000000000e+00,0.000000000000000000e+00
6.563751717815679854e+01,0.000000000000000000e+00,0.000000000000000000e+00
6.095732299231999463e+01,0.000000000000000000e+00,0.000000000000000000e+00
6.289428699956278734e+01,0.000000000000000000e+00,0.000000000000000000e+00
6.491818105091516600e+01,0.000000000000000000e+00,0.000000000000000000e+00
6.941220506591695028e+01,0.000000000000000000e+00,0.000000000000000000e+00
6.627874121717313471e+01,0.000000000000000000e+00,0.000000000000000000e+00
6.582714583572874290e+01,0.000000000000000000e+00,0.000000000000000000e+00
6.568114020668583919e+01,0.000000000000000000e+00,0.000000000000000000e+00
6.525851125813083797e+01,0.000000000000000000e+00,0.000000000000000000e+00
6.100397887926895635e+01,0.000000000000000000e+00,0.000000000000000000e+00
6.373273684524247074e+01,0.000000000000000000e+00,0.000000000000000000e+00
6.855022674454616549e+01,0.000000000000000000e+00,0.000000000000000000e+00
6.098039423140522786e+01,0.000000000000000000e+00,0.000000000000000000e+00
6.478941289325359776e+01,0.000000000000000000e+00,0.000000000000000000e+00
6.666902374460401859e+01,0.000000000000000000e+00,0.000000000000000000e+00
6.729597858972600477e+01,0.000000000000000000e+00,0.000000000000000000e+00
6.975857438967317137e+01,0.000000000000000000e+00,0.000000000000000000e+00
6.485769285813645979e+01,0.000000000000000000e+00,0.000000000000000000e+00
6.580310099574748506e+01,0.000000000000000000e+00,0.000000000000000000e+00
6.184805259529125010e+01,0.000000000000000000e+00,0.000000000000000000e+00
6.515747534706603972e+01,0.000000000000000000e+00,0.000000000000000000e+00
6.198998923417067175e+01,0.000000000000000000e+00,0.000000000000000000e+00
6.638482466314988528e+01,0.000000000000000000e+00,0.000000000000000000e+00
6.336108921135653560e+01,0.000000000000000000e+00,0.000000000000000000e+00
6.546926773781426334e+01,0.000000000000000000e+00,0.000000000000000000e+00
6.737566027849730688e+01,0.000000000000000000e+00,0.000000000000000000e+00
6.407615719221904271e+01,0.000000000000000000e+00,0.000000000000000000e+00
6.337277975454231438e+01,0.000000000000000000e+00,0.000000000000000000e+00
6.769873343954712652e+01,0.000000000000000000e+00,0.000000000000000000e+00
6.491480731953383554e+01,0.000000000000000000e+00,0.000000000000000000e+00
6.359645649128434286e+01,0.000000000000000000e+00,0.000000000000000000e+00
6.456157918497365245e+01,0.000000000000000000e+00,0.000000000000000000e+00
6.399256528400884037e+01,0.000000000000000000e+00,0.000000000000000000e+00
6.549642523808968519e+01,0.000000000000000000e+00,0.000000000000000000e+00
6.528235507446494523e+01,0.000000000000000000e+00,0.000000000000000000e+00
6.803734424072197839e+01,0.000000000000000000e+00,0.000000000000000000e+00
6.489197804285846871e+01,0.000000000000000000e+00,0.000000000000000000e+00
6.761748415010653446e+01,0.000000000000000000e+00,0.000000000000000000e+00
6.487494370392192877e+01,0.000000000000000000e+00,0.000000000000000000e+00
6.733052867129934782e+01,0.000000000000000000e+00,0.000000000000000000e+00
6.492659286352034087e+01,0.000000000000000000e+00,0.000000000000000000e+00
6.622765518649845262e+01,0.000000000000000000e+00,0.000000000000000000e+00
6.632090890978082598e+01,0.000000000000000000e+00,0.000000000000000000e+00
6.483212136487311739e+01,0.000000000000000000e+00,0.000000000000000000e+00
6.673116388459958159e+01,0.000000000000000000e+00,0.000000000000000000e+00
6.725103968467885807e+01,0.000000000000000000e+00,0.000000000000000000e+00
6.687011470324222273e+01,0.000000000000000000e+00,0.000000000000000000e+00
6.884006129224667347e+01,0.000000000000000000e+00,0.000000000000000000e+00
6.519494910627913953e+01,0.000000000000000000e+00,0.000000000000000000e+00
6.875769942033940652e+01,0.000000000000000000e+00,0.000000000000000000e+00
6.782504120606441234e+01,0.000000000000000000e+00,0.000000000000000000e+00
6.513993825268866544e+01,0.000000000000000000e+00,0.000000000000000000e+00
6.579299797480592815e+01,0.000000000000000000e+00,0.000000000000000000e+00
6.355937905140450539e+01,0.000000000000000000e+00,0.000000000000000000e+00
6.941604428119561021e+01,0.000000000000000000e+00,0.000000000000000000e+00
7.013177794853487512e+01,0.000000000000000000e+00,0.000000000000000000e+00
6.936330650143784737e+01,0.000000000000000000e+00,0.000000000000000000e+00
7.009688976018428264e+01,0.000000000000000000e+00,0.000000000000000000e+00
6.569717207434609918e+01,0.000000000000000000e+00,0.000000000000000000e+00
6.607067116162099296e+01,0.000000000000000000e+00,0.000000000000000000e+00
6.875076785835459248e+01,0.000000000000000000e+00,0.000000000000000000e+00
6.827852660809347185e+01,0.000000000000000000e+00,0.000000000000000000e+00
6.553630868675222132e+01,0.000000000000000000e+00,0.000000000000000000e+00
6.920651047616993878e+01,0.000000000000000000e+00,0.000000000000000000e+00
7.316802338791886484e+01,0.000000000000000000e+00,0.000000000000000000e+00
6.730165007323866178e+01,0.000000000000000000e+00,0.000000000000000000e+00
6.813893143062446711e+01,0.000000000000000000e+00,0.000000000000000000e+00
6.776986605685048914e+01,0.000000000000000000e+00,0.000000000000000000e+00
6.678857670245849931e+01,0.000000000000000000e+00,0.000000000000000000e+00
6.518111120066450326e+01,0.000000000000000000e+00,0.000000000000000000e+00
7.018208702492754014e+01,0.000000000000000000e+00,0.000000000000000000e+00
6.915068332149343178e+01,0.000000000000000000e+00,0.000000000000000000e+00
6.989697288180258283e+01,0.000000000000000000e+00,0.000000000000000000e+00
6.827643508329661870e+01,0.000000000000000000e+00,0.000000000000000000e+00
6.487043593276995068e+01,0.000000000000000000e+00,0.000000000000000000e+00
6.984723094006216115e+01,0.000000000000000000e+00,0.000000000000000000e+00
6.697118868319996920e+01,0.000000000000000000e+00,0.000000000000000000e+00
7.035577754787961169e+01,0.000000000000000000e+00,0.000000000000000000e+00
7.309665019544691233e+01,0.000000000000000000e+00,0.000000000000000000e+00
6.946239650118839393e+01,0.000000000000000000e+00,0.000000000000000000e+00
7.112843788917787435e+01,0.000000000000000000e+00,0.000000000000000000e+00
7.046592051564520887e+01,0.000000000000000000e+00,0.000000000000000000e+00
6.795217778431378974e+01,0.000000000000000000e+00,0.000000000000000000e+00
7.036090867394518966e+01,0.000000000000000000e+00,0.000000000000000000e+00
6.874394395580087291e+01,0.000000000000000000e+00,0.000000000000000000e+00
6.463801474662143676e+01,0.000000000000000000e+00,0.000000000000000000e+00
7.013737395394250029e+01,0.000000000000000000e+00,0.000000000000000000e+00
6.977189761011749169e+01,0.000000000000000000e+00,0.000000000000000000e+00
7.043917095732194866e+01,0.000000000000000000e+00,0.000000000000000000e+00
6.856913260891937512e+01,0.000000000000000000e+00,0.000000000000000000e+00
7.107136757820491368e+01,0.000000000000000000e+00,0.000000000000000000e+00
7.167310694209677990e+01,0.000000000000000000e+00,0.000000000000000000e+00
7.031132794553604981e+01,0.000000000000000000e+00,0.000000000000000000e+00
7.140307566864127864e+01,0.000000000000000000e+00,0.000000000000000000e+00
6.980868841024798144e+01,0.000000000000000000e+00,0.000000000000000000e+00
6.901468608524089632e+01,0.000000000000000000e+00,0.000000000000000000e+00
6.966533322038505105e+01,0.000000000000000000e+00,0.000000000000000000e+00
6.761227089405545598e+01,0.000000000000000000e+00,0.000000000000000000e+00
6.950218579810116637e+01,0.000000000000000000e+00,0.000000000000000000e+00
6.865268142768940152e+01,0.000000000000000000e+00,0.000000000000000000e+00
7.063147365993941662e+01,0.000000000000000000e+00,0.000000000000000000e+00
7.118372207262362394e+01,0.000000000000000000e+00,0.000000000000000000e+00
6.977615529277899498e+01,0.000000000000000000e+00,0.000000000000000000e+00
7.147065028883062610e+01,0.000000000000000000e+00,0.000000000000000000e+00
7.186115018995120352e+01,0.000000000000000000e+00,0.000000000000000000e+00
7.156832773022154015e+01,0.000000000000000000e+00,0.000000000000000000e+00
7.223933906806701088e+01,0.000000000000000000e+00,0.000000000000000000e+00
7.034700059991823196e+01,0.000000000000000000e+00,0.000000000000000000e+00
7.225282222455538772e+01,0.000000000000000000e+00,0.000000000000000000e+00
7.317102664889746677e+01,0.000000000000000000e+00,0.000000000000000000e+00
7.062814286483323656e+01,0.000000000000000000e+00,0.000000000000000000e+00
6.945622506271377006e+01,0.000000000000000000e+00,0.000000000000000000e+00
7.001743638223481980e+01,0.000000000000000000e+00,0.000000000000000000e+00
7.043357342365020202e+01,0.000000000000000000e+00,0.000000000000000000e+00
6.773392971786105932e+01,0.000000000000000000e+00,0.000000000000000000e+00
7.264595815844428728e+01,0.000000000000000000e+00,0.000000000000000000e+00
7.173783863297470020e+01,0.000000000000000000e+00,0.000000000000000000e+00
6.526987207188891205e+01,0.000000000000000000e+00,0.000000000000000000e+00
7.235116474397580077e+01,0.000000000000000000e+00,0.000000000000000000e+00
6.910625009682823361e+01,0.000000000000000000e+00,0.000000000000000000e+00
7.248903962300614978e+01,0.000000000000000000e+00,0.000000000000000000e+00
7.191933802077467419e+01,0.000000000000000000e+00,0.000000000000000000e+00
7.342639999101362491e+01,0.000000000000000000e+00,0.000000000000000000e+00
7.522308015473301168e+01,0.000000000000000000e+00,0.000000000000000000e+00
7.139549105710659660e+01,0.000000000000000000e+00,0.000000000000000000e+00
6.936090449935998947e+01,0.000000000000000000e+00,0.000000000000000000e+00
7.309294428165631530e+01,0.000000000000000000e+00,0.000000000000000000e+00
6.965918036730765550e+01,0.000000000000000000e+00,0.000000000000000000e+00
7.121972801089040672e+01,0.000000000000000000e+00,0.000000000000000000e+00
7.038154946242293875e+01,0.000000000000000000e+00,0.000000000000000000e+00
7.279186856079641643e+01,0.000000000000000000e+00,0.000000000000000000e+00
7.418540375938228237e+01,0.000000000000000000e+00,0.000000000000000000e+00
7.306286667693569825e+01,0.000000000000000000e+00,0.000000000000000000e+00
7.259580213241315505e+01,0.000000000000000000e+00,0.000000000000000000e+00
6.909112668714938366e+01,0.000000000000000000e+00,0.000000000000000000e+00
7.319499117549531775e+01,0.000000000000000000e+00,0.000000000000000000e+00
7.371443585017077282e+01,0.000000000000000000e+00,0.000000000000000000e+00
7.132691077630842358e+01,0.000000000000000000e+00,0.000000000000000000e+00
7.257840081385525366e+01,0.000000000000000000e+00,0.000000000000000000e+00
7.177079578743789057e+01,0.000000000000000000e+00,0.000000000000000000e+00
7.397821637033922570e+01,0.000000000000000000e+00,0.000000000000000000e+00
7.072238958949016308e+01,0.000000000000000000e+00,0.000000000000000000e+00
7.082828461698274225e+01,0.000000000000000000e+00,0.000000000000000000e+00
7.521775971460729693e+01,0.000000000000000000e+00,0.000000000000000000e+00
7.047477166003770321e+01,0.000000000000000000e+00,0.000000000000000000e+00
7.317769557055282803e+01,0.000000000000000000e+00,0.000000000000000000e+00
7.429549290455187815e+01,0.000000000000000000e+00,0.000000000000000000e+00
7.481335182744817303e+01,0.000000000000000000e+00,0.000000000000000000e+00
7.542390566440630550e+01,0.000000000000000000e+00,0.000000000000000000e+00
7.298132383394221279e+01,0.000000000000000000e+00,0.000000000000000000e+00
7.263438549704630987e+01,0.000000000000000000e+00,0.000000000000000000e+00
7.387200870555054166e+01,0.000000000000000000e+00,0.000000000000000000e+00
7.136898451180049108e+01,0.000000000000000000e+00,0.000000000000000000e+00
7.412026931508401617e+01,0.000000000000000000e+00,0.000000000000000000e+00
7.345553993741795296e+01,0.000000000000000000e+00,0.000000000000000000e+00
7.542924120147536371e+01,0.000000000000000000e+00,0.000000000000000000e+00
7.124237629101848768e+01,0.000000000000000000e+00,0.000000000000000000e+00
7.195968190284779098e+01,0.000000000000000000e+00,0.000000000000000000e+00
7.333159507115598785e+01,0.000000000000000000e+00,0.000000000000000000e+00
7.457535168465030040e+01,0.000000000000000000e+00,0.000000000000000000e+00
7.228284001686023430e+01,0.000000000000000000e+00,0.000000000000000000e+00
7.621766940301881732e+01,0.000000000000000000e+00,0.000000000000000000e+00
7.309239227889729307e+01,0.000000000000000000e+00,0.000000000000000000e+00
7.251986483567264941e+01,0.000000000000000000e+00,0.000000000000000000e+00
7.360811124241510583e+01,0.000000000000000000e+00,0.000000000000000000e+00
7.342235897399442024e+01,0.000000000000000000e+00,0.000000000000000000e+00
7.138162174390890868e+01,0.000000000000000000e+00,0.000000000000000000e+00
7.476245953019517287e+01,0.000000000000000000e+00,0.000000000000000000e+00
7.410280199619245423e+01,0.000000000000000000e+00,0.000000000000000000e+00
7.438416986427988320e+01,0.000000000000000000e+00,0.000000000000000000e+00
7.335371135152917077e+01,0.000000000000000000e+00,0.000000000000000000e+00
7.112462507762360531e+01,0.000000000000000000e+00,0.000000000000000000e+00
7.386421507421957244e+01,0.000000000000000000e+00,0.000000000000000000e+00
7.427857216656880723e+01,0.000000000000000000e+00,0.000000000000000000e+00
7.128887974249875015e+01,0.000000000000000000e+00,0.000000000000000000e+00
7.358918277617114256e+01,0.000000000000000000e+00,0.000000000000000000e+00
7.671869680968308103e+01,0.000000000000000000e+00,0.000000000000000000e+00
7.364293037910219653e+01,0.000000000000000000e+00,0.000000000000000000e+00
7.382345103177883061e+01,0.000000000000000000e+00,0.000000000000000000e+00
7.360673850220230463e+01,0.000000000000000000e+00,0.000000000000000000e+00
7.711576442581802837e+01,0.000000000000000000e+00,0.000000000000000000e+00
7.422256630880588091e+01,0.000000000000000000e+00,0.000000000000000000e+00
7.093638173341345521e+01,0.000000000000000000e+00,0.000000000000000000e+00
7.627045905675898041e+01,0.000000000000000000e+00,0.000000000000000000e+00
7.509348812220473235e+01,0.000000000000000000e+00,0.000000000000000000e+00
7.378464334406380942e+01,0.000000000000000000e+00,0.000000000000000000e+00
7.510478770406282933e+01,0.000000000000000000e+00,0.000000000000000000e+00
7.383518841174867475e+01,0.000000000000000000e+00,0.000000000000000000e+00
7.208496241517698877e+01,0.000000000000000000e+00,0.000000000000000000e+00
7.932975536236092751e+01,0.000000000000000000e+00,0.000000000000000000e+00
7.400508647194607192e+01,0.000000000000000000e+00,0.000000000000000000e+00
7.659257599303850839e+01,0.000000000000000000e+00,0.000000000000000000e+00
7.653630910719532210e+01,0.000000000000000000e+00,0.000000000000000000e+00
7.555523918119473592e+01,0.000000000000000000e+00,0.000000000000000000e+00
7.578507428104231280e+01,0.000000000000000000e+00,0.000000000000000000e+00
7.437181673029023443e+01,0.000000000000000000e+00,0.000000000000000000e+00
7.371215475828941521e+01,0.000000000000000000e+00,0.000000000000000000e+00
7.796755954490907925e+01,0.000000000000000000e+00,0.000000000000000000e+00
7.750747671077800760e+01,0.000000000000000000e+00,0.000000000000000000e+00
7.488381646526822522e+01,0.000000000000000000e+00,0.000000000000000000e+00
7.496041363841609950e+01,0.000000000000000000e+00,0.000000000000000000e+00
7.156656619547348441e+01,0.000000000000000000e+00,0.000000000000000000e+00
7.598943604324261969e+01,0.000000000000000000e+00,0.000000000000000000e+00
7.943096183781682385e+01,0.000000000000000000e+00,0.000000000000000000e+00
7.549817958310894994e+01,0.000000000000000000e+00,0.000000000000000000e+00
7.346386558578913650e+01,0.000000000000000000e+00,0.000000000000000000e+00
7.518967581513476262e+01,0.000000000000000000e+00,0.000000000000000000e+00
7.972256940373272016e+01,0.000000000000000000e+00,0.000000000000000000e+00
7.911316407297096021e+01,0.000000000000000000e+00,0.000000000000000000e+00
7.173437783980932636e+01,0.000000000000000000e+00,0.000000000000000000e+00
7.868536294659817543e+01,0.000000000000000000e+00,0.000000000000000000e+00
7.755666690452061118e+01,0.000000000000000000e+00,0.000000000000000000e+00
7.677024181349854359e+01,0.000000000000000000e+00,0.000000000000000000e+00
7.819202280317040277e+01,0.000000000000000000e+00,0.000000000000000000e+00
7.791649458761226299e+01,0.000000000000000000e+00,0.000000000000000000e+00
7.405026899199741308e+01,0.000000000000000000e+00,0.000000000000000000e+00
7.430160969334899335e+01,0.000000000000000000e+00,0.000000000000000000e+00
7.527491494894680102e+01,0.000000000000000000e+00,0.000000000000000000e+00
8.131008227863770799e+01,0.000000000000000000e+00,0.000000000000000000e+00
7.260420293634912525e+01,0.000000000000000000e+00,0.000000000000000000e+00
7.726754179836460423e+01,0.000000000000000000e+00,0.000000000000000000e+00
7.877108585305586530e+01,0.000000000000000000e+00,0.000000000000000000e+00
7.394925940612249349e+01,0.000000000000000000e+00,0.000000000000000000e+00
7.636742767529617026e+01,0.000000000000000000e+00,0.000000000000000000e+00
8.007329419324864261e+01,0.000000000000000000e+00,0.000000000000000000e+00
7.868922735658222223e+01,0.000000000000000000e+00,0.000000000000000000e+00
7.263467318158426167e+01,0.000000000000000000e+00,0.000000000000000000e+00
7.487787867969458944e+01,0.000000000000000000e+00,0.000000000000000000e+00
7.473504710242013971e+01,0.000000000000000000e+00,0.000000000000000000e+00
7.467349741329276469e+01,0.000000000000000000e+00,0.000000000000000000e+00
7.613778375218851124e+01,0.000000000000000000e+00,0.000000000000000000e+00
7.774826901030529314e+01,0.000000000000000000e+00,0.000000000000000000e+00
7.920801409673909177e+01,0.000000000000000000e+00,0.000000000000000000e+00
8.255835155641563006e+01,0.000000000000000000e+00,0.000000000000000000e+00
7.932551999626984696e+01,0.000000000000000000e+00,0.000000000000000000e+00
7.829431173052059023e+01,0.000000000000000000e+00,0.000000000000000000e+00
7.487544214198632631e+01,0.000000000000000000e+00,0.000000000000000000e+00
7.720936198888871616e+01,0.000000000000000000e+00,0.000000000000000000e+00
7.931903292251772086e+01,0.000000000000000000e+00,0.000000000000000000e+00
7.790817329428307403e+01,0.000000000000000000e+00,0.000000000000000000e+00
7.532063976069203193e+01,0.000000000000000000e+00,0.000000000000000000e+00
7.531351966990851565e+01,0.000000000000000000e+00,0.000000000000000000e+00
7.944563578979247609e+01,0.000000000000000000e+00,0.000000000000000000e+00
7.591082648036716307e+01,0.000000000000000000e+00,0.000000000000000000e+00
7.735546488779954188e+01,0.000000000000000000e+00,0.000000000000000000e+00
7.542208514924665508e+01,0.000000000000000000e+00,0.000000000000000000e+00
7.758379945798623112e+01,0.000000000000000000e+00,0.000000000000000000e+00
8.017634475179131925e+01,0.000000000000000000e+00,0.000000000000000000e+00
8.040144123823063182e+01,0.000000000000000000e+00,0.000000000000000000e+00
8.005471110928787937e+01,0.000000000000000000e+00,0.000000000000000000e+00
7.575563391334785024e+01,0.000000000000000000e+00,0.000000000000000000e+00
7.755964039753020245e+01,0.000000000000000000e+00,0.000000000000000000e+00
7.664816575315754221e+01,0.000000000000000000e+00,0.000000000000000000e+00
7.449817339185776177e+01,0.000000000000000000e+00,0.000000000000000000e+00
7.805345457128291287e+01,0.000000000000000000e+00,0.000000000000000000e+00
7.794851839124538628e+01,0.000000000000000000e+00,0.000000000000000000e+00
7.775327252515522503e+01,0.000000000000000000e+00,0.000000000000000000e+00
7.712017265717443593e+01,0.000000000000000000e+00,0.000000000000000000e+00
7.893886968656549641e+01,0.000000000000000000e+00,0.000000000000000000e+00
7.740046992646529134e+01,0.000000000000000000e+00,0.000000000000000000e+00
7.765636472458638195e+01,0.000000000000000000e+00,0.000000000000000000e+00
7.661191136745993902e+01,0.000000000000000000e+00,0.000000000000000000e+00
8.080407888349006384e+01,0.000000000000000000e+00,0.000000000000000000e+00
7.875538670171260947e+01,0.000000000000000000e+00,0.000000000000000000e+00
7.856937658530165436e+01,0.000000000000000000e+00,0.000000000000000000e+00
7.874607461534054664e+01,0.000000000000000000e+00,0.000000000000000000e+00
7.740972400915819662e+01,0.000000000000000000e+00,0.000000000000000000e+00
7.562223080675039455e+01,0.000000000000000000e+00,0.000000000000000000e+00
7.702025774344200215e+01,0.000000000000000000e+00,0.000000000000000000e+00
8.216555678586796319e+01,0.000000000000000000e+00,0.000000000000000000e+00
7.806322645846799446e+01,0.000000000000000000e+00,0.000000000000000000e+00
7.950713291128265325e+01,0.000000000000000000e+00,0.000000000000000000e+00
7.900254856927479352e+01,0.000000000000000000e+00,0.000000000000000000e+00
7.386603331382738702e+01,0.000000000000000000e+00,0.000000000000000000e+00
7.906376919632869260e+01,0.000000000000000000e+00,0.000000000000000000e+00
8.041765339263398005e+01,0.000000000000000000e+00,0.000000000000000000e+00
7.705701635175954323e+01,0.000000000000000000e+00,0.000000000000000000e+00
8.101186570526469666e+01,0.000000000000000000e+00,0.000000000000000000e+00
7.933733776336036669e+01,0.000000000000000000e+00,0.000000000000000000e+00
7.815699612368990756e+01,0.000000000000000000e+00,0.000000000000000000e+00
7.992829375806032033e+01,0.000000000000000000e+00,0.000000000000000000e+00
7.789826602792909682e+01,0.000000000000000000e+00,0.000000000000000000e+00
7.839490759746279025e+01,0.000000000000000000e+00,0.000000000000000000e+00
7.868563930132754081e+01,0.000000000000000000e+00,0.000000000000000000e+00
7.956326799330770427e+01,0.000000000000000000e+00,0.000000000000000000e+00
8.147361172776672333e+01,0.000000000000000000e+00,0.000000000000000000e+00
7.965091464201590554e+01,0.000000000000000000e+00,0.000000000000000000e+00
7.943602110753894863e+01,0.000000000000000000e+00,0.000000000000000000e+00
8.279922485861244752e+01,0.000000000000000000e+00,0.000000000000000000e+00
7.677689196033058749e+01,0.000000000000000000e+00,0.000000000000000000e+00
8.168877690685525295e+01,0.000000000000000000e+00,0.000000000000000000e+00
7.655879372001062677e+01,0.000000000000000000e+00,0.000000000000000000e+00
8.189284142150980017e+01,0.000000000000000000e+00,0.000000000000000000e+00
7.893275295240165690e+01,0.000000000000000000e+00,0.000000000000000000e+00
8.005602022678040441e+01,0.000000000000000000e+00,0.000000000000000000e+00
7.918360769791924270e+01,0.000000000000000000e+00,0.000000000000000000e+00
7.972426589181722534e+01,0.000000000000000000e+00,0.000000000000000000e+00
7.534538289586737392e+01,0.000000000000000000e+00,0.000000000000000000e+00
7.812572230830851083e+01,0.000000000000000000e+00,0.000000000000000000e+00
7.682849042840011577e+01,0.000000000000000000e+00,0.000000000000000000e+00
7.824946433582245220e+01,0.000000000000000000e+00,0.000000000000000000e+00
8.040149304951100362e+01,0.000000000000000000e+00,0.000000000000000000e+00
8.068115343660576855e+01,0.000000000000000000e+00,0.000000000000000000e+00
7.900670461461074012e+01,0.000000000000000000e+00,0.000000000000000000e+00
8.062295131320196617e+01,0.000000000000000000e+00,0.000000000000000000e+00
7.571367662004344368e+01,0.000000000000000000e+00,0.000000000000000000e+00
7.900644334560513471e+01,0.000000000000000000e+00,0.000000000000000000e+00
7.966980129100524266e+01,0.000000000000000000e+00,0.000000000000000000e+00
8.291228542781351507e+01,0.000000000000000000e+00,0.000000000000000000e+00
7.956900421476332497e+01,0.000000000000000000e+00,0.000000000000000000e+00
8.026732568573240201e+01,0.000000000000000000e+00,0.000000000000000000e+00
7.638633293092209442e+01,0.000000000000000000e+00,0.000000000000000000e+00
7.600022781565731123e+01,0.000000000000000000e+00,0.000000000000000000e+00
7.795718703443021980e+01,0.000000000000000000e+00,0.000000000000000000e+00
7.813338155374572125e+01,0.000000000000000000e+00,0.000000000000000000e+00
7.643958994641000970e+01,0.000000000000000000e+00,0.000000000000000000e+00
8.369587906405135413e+01,0.000000000000000000e+00,0.000000000000000000e+00
7.817744413878760668e+01,0.000000000000000000e+00,0.000000000000000000e+00
8.180002057439885732e+01,0.000000000000000000e+00,0.000000000000000000e+00
8.092088614624650234e+01,0.000000000000000000e+00,0.000000000000000000e+00
8.203125216676754405e+01,0.000000000000000000e+00,0.000000000000000000e+00
7.953907731871707654e+01,0.000000000000000000e+00,0.000000000000000000e+00
8.022416379844585776e+01,0.000000000000000000e+00,0.000000000000000000e+00
7.870460807944337489e+01,0.000000000000000000e+00,0.000000000000000000e+00
8.066885093657523953e+01,0.000000000000000000e+00,0.000000000000000000e+00
8.184657217488202718e+01,0.000000000000000000e+00,0.000000000000000000e+00
8.269106937986239814e+01,0.000000000000000000e+00,0.000000000000000000e+00
7.800396036266090505e+01,0.000000000000000000e+00,0.000000000000000000e+00
7.879870133987996894e+01,0.000000000000000000e+00,0.000000000000000000e+00
7.872714664233615167e+01,0.000000000000000000e+00,0.000000000000000000e+00
7.757345345932338887e+01,0.000000000000000000e+00,0.000000000000000000e+00
7.656696114670003794e+01,0.000000000000000000e+00,0.000000000000000000e+00
7.880240633529757588e+01,0.000000000000000000e+00,0.000000000000000000e+00
7.746012455536526886e+01,0.000000000000000000e+00,0.000000000000000000e+00
7.860666836029744786e+01,0.000000000000000000e+00,0.000000000000000000e+00
7.836167578557760294e+01,0.000000000000000000e+00,0.000000000000000000e+00
8.039718420253959152e+01,0.000000000000000000e+00,0.000000000000000000e+00
7.909913182848431745e+01,0.000000000000000000e+00,0.000000000000000000e+00
7.877908539384662845e+01,0.000000000000000000e+00,0.000000000000000000e+00
7.889463243680744142e+01,0.000000000000000000e+00,0.000000000000000000e+00
8.145316755327847602e+01,0.000000000000000000e+00,0.000000000000000000e+00
8.115029306516765928e+01,0.000000000000000000e+00,0.000000000000000000e+00
7.712429501071748916e+01,0.000000000000000000e+00,0.000000000000000000e+00
7.939219309353769916e+01,0.000000000000000000e+00,0.000000000000000000e+00
7.996198348401486555e+01,0.000000000000000000e+00,0.000000000000000000e+00
8.194765140080011179e+01,0.000000000000000000e+00,0.000000000000000000e+00
8.135744621610785998e+01,0.000000000000000000e+00,0.000000000000000000e+00
7.830580043285429781e+01,0.000000000000000000e+00,0.000000000000000000e+00
7.835001864502561375e+01,0.000000000000000000e+00,0.000000000000000000e+00
8.145042041324458637e+01,0.000000000000000000e+00,0.000000000000000000e+00
7.798987258171719361e+01,0.000000000000000000e+00,0.000000000000000000e+00
7.872763476887669754e+01,0.000000000000000000e+00,0.000000000000000000e+00
7.775803745714172521e+01,0.000000000000000000e+00,0.000000000000000000e+00
7.946187521708542079e+01,0.000000000000000000e+00,0.000000000000000000e+00
7.926558556815577106e+01,0.000000000000000000e+00,0.000000000000000000e+00
7.738463381331087021e+01,0.000000000000000000e+00,0.000000000000000000e+00
7.832257921409762957e+01,0.000000000000000000e+00,0.000000000000000000e+00
7.922637463209686359e+01,0.000000000000000000e+00,0.000000000000000000e+00
7.605519349868252732e+01,0.000000000000000000e+00,0.000000000000000000e+00
7.885118514690161362e+01,0.000000000000000000e+00,0.000000000000000000e+00
8.074618431406388197e+01,0.000000000000000000e+00,0.000000000000000000e+00
7.642894497618615901e+01,0.000000000000000000e+00,0.000000000000000000e+00
7.529259425836332298e+01,0.000000000000000000e+00,0.000000000000000000e+00
8.107233876281439677e+01,0.000000000000000000e+00,0.000000000000000000e+00
8.021699882171775187e+01,0.000000000000000000e+00,0.000000000000000000e+00
8.199882979259288618e+01,0.000000000000000000e+00,0.000000000000000000e+00
7.889636831748664747e+01,0.000000000000000000e+00,0.000000000000000000e+00
8.025308063593084285e+01,0.000000000000000000e+00,0.000000000000000000e+00
7.688617584306302888e+01,0.000000000000000000e+00,0.000000000000000000e+00
8.239412513079729194e+01,0.000000000000000000e+00,0.000000000000000000e+00
7.858647095995296183e+01,0.000000000000000000e+00,0.000000000000000000e+00
8.251084480479741501e+01,0.000000000000000000e+00,0.000000000000000000e+00
7.900498722269857410e+01,0.000000000000000000e+00,0.000000000000000000e+00
8.285472584525588502e+01,0.000000000000000000e+00,0.000000000000000000e+00
7.605991049032787998e+01,0.000000000000000000e+00,0.000000000000000000e+00
8.113235598462658515e+01,0.000000000000000000e+00,0.000000000000000000e+00
7.804492674264919572e+01,0.000000000000000000e+00,0.000000000000000000e+00
8.041084645808695086e+01,0.000000000000000000e+00,0.000000000000000000e+00
8.082310621476480605e+01,0.000000000000000000e+00,0.000000000000000000e+00
7.845828327937154256e+01,0.000000000000000000e+00,0.000000000000000000e+00
8.124553478417524843e+01,0.000000000000000000e+00,0.000000000000000000e+00
8.217465247059080014e+01,0.000000000000000000e+00,0.000000000000000000e+00
7.513428028977813256e+01,0.000000000000000000e+00,0.000000000000000000e+00
8.139998248365056099e+01,0.000000000000000000e+00,0.000000000000000000e+00
7.519070244443966544e+01,0.000000000000000000e+00,0.000000000000000000e+00
7.565825369167733072e+01,0.000000000000000000e+00,0.000000000000000000e+00
7.782563747640482177e+01,0.000000000000000000e+00,0.000000000000000000e+00
7.995137474125024823e+01,0.000000000000000000e+00,0.000000000000000000e+00
7.746387983797366417e+01,0.000000000000000000e+00,0.000000000000000000e+00
7.662050535582194755e+01,0.000000000000000000e+00,0.000000000000000000e+00
8.095584461769202278e+01,0.000000000000000000e+00,0.000000000000000000e+00
8.124913229090712719e+01,0.000000000000000000e+00,0.000000000000000000e+00
7.749463066326394767e+01,0.000000000000000000e+00,0.000000000000000000e+00
8.183348087393717663e+01,0.000000000000000000e+00,0.000000000000000000e+00
8.121770587692942911e+01,0.000000000000000000e+00,0.000000000000000000e+00
7.979632080705125929e+01,0.000000000000000000e+00,0.000000000000000000e+00
7.945701890700399872e+01,0.000000000000000000e+00,0.000000000000000000e+00
7.910564371723955901e+01,0.000000000000000000e+00,0.000000000000000000e+00
7.529242054807825468e+01,0.000000000000000000e+00,0.000000000000000000e+00
8.031794492253138174e+01,0.000000000000000000e+00,0.000000000000000000e+00
8.042502665413050522e+01,0.000000000000000000e+00,0.000000000000000000e+00
8.046826556334431757e+01,0.000000000000000000e+00,0.000000000000000000e+00
8.039052044559757348e+01,0.000000000000000000e+00,0.000000000000000000e+00
7.748454675025790550e+01,0.000000000000000000e+00,0.000000000000000000e+00
7.860931284919747952e+01,0.000000000000000000e+00,0.000000000000000000e+00
7.976722884807972491e+01,0.000000000000000000e+00,0.000000000000000000e+00
7.657928618638712237e+01,0.000000000000000000e+00,0.000000000000000000e+00
8.006897645774466810e+01,0.000000000000000000e+00,0.000000000000000000e+00
7.899274646277747536e+01,0.000000000000000000e+00,0.000000000000000000e+00
7.821004955378043633e+01,0.000000000000000000e+00,0.000000000000000000e+00
8.031045636317618630e+01,0.000000000000000000e+00,0.000000000000000000e+00
8.013046830448389812e+01,0.000000000000000000e+00,0.000000000000000000e+00
7.921716932111300480e+01,0.000000000000000000e+00,0.000000000000000000e+00
7.996666215802481759e+01,0.000000000000000000e+00,0.000000000000000000e+00
7.918686177871143173e+01,0.000000000000000000e+00,0.000000000000000000e+00
8.406611445897181056e+01,0.000000000000000000e+00,0.000000000000000000e+00
8.126258912584114569e+01,0.000000000000000000e+00,0.000000000000000000e+00
8.136031221001628921e+01,0.000000000000000000e+00,0.000000000000000000e+00
7.960016841752113237e+01,0.000000000000000000e+00,0.000000000000000000e+00
8.006882112603354074e+01,0.000000000000000000e+00,0.000000000000000000e+00
8.006107327655955430e+01,0.000000000000000000e+00,0.000000000000000000e+00
8.081420271919780873e+01,0.000000000000000000e+00,0.000000000000000000e+00
8.350202680476661499e+01,0.000000000000000000e+00,0.000000000000000000e+00
8.089590672293628870e+01,0.000000000000000000e+00,0.000000000000000000e+00
7.901390479639302100e+01,0.000000000000000000e+00,0.000000000000000000e+00
8.062248907893682315e+01,0.000000000000000000e+00,0.000000000000000000e+00
7.930463938036227489e+01,0.000000000000000000e+00,0.000000000000000000e+00
7.870090079544500838e+01,0.000000000000000000e+00,0.000000000000000000e+00
8.033697352960541593e+01,0.000000000000000000e+00,0.000000000000000000e+00
8.356758579417693511e+01,0.000000000000000000e+00,0.000000000000000000e+00
7.883371614197758959e+01,0.000000000000000000e+00,0.000000000000000000e+00
7.831722133313289191e+01,0.000000000000000000e+00,0.000000000000000000e+00
8.118326799285759421e+01,0.000000000000000000e+00,0.000000000000000000e+00
8.215659176877532843e+01,0.000000000000000000e+00,0.000000000000000000e+00
8.013598462800017330e+01,0.000000000000000000e+00,0.000000000000000000e+00
8.375717140257729909e+01,0.000000000000000000e+00,0.000000000000000000e+00
7.765672022477401981e+01,0.000000000000000000e+00,0.000000000000000000e+00
7.941895832192989246e+01,0.000000000000000000e+00,0.000000000000000000e+00
7.839717685734061092e+01,0.000000000000000000e+00,0.000000000000000000e+00
7.857389550135947331e+01,0.000000000000000000e+00,0.000000000000000000e+00
7.966945675779129488e+01,0.000000000000000000e+00,0.000000000000000000e+00
7.807075646359939469e+01,0.000000000000000000e+00,0.000000000000000000e+00
7.543748774269793955e+01,0.000000000000000000e+00,0.000000000000000000e+00
7.895018351378278965e+01,0.000000000000000000e+00,0.000000000000000000e+00
7.957008252278204452e+01,0.000000000000000000e+00,0.000000000000000000e+00
7.870116688536730010e+01,0.000000000000000000e+00,0.000000000000000000e+00
7.926505518870500566e+01,0.000000000000000000e+00,0.000000000000000000e+00
7.844455722605654557e+01,0.000000000000000000e+00,0.000000000000000000e+00
8.152668042887563615e+01,0.000000000000000000e+00,0.000000000000000000e+00
8.085135868838972328e+01,0.000000000000000000e+00,0.000000000000000000e+00
8.074066107209752374e+01,0.000000000000000000e+00,0.000000000000000000e+00
7.831877238677829212e+01,0.000000000000000000e+00,0.000000000000000000e+00
7.803545886972933943e+01,0.000000000000000000e+00,0.000000000000000000e+00
7.858410151547471401e+01,0.000000000000000000e+00,0.000000000000000000e+00
8.063847416223470077e+01,0.000000000000000000e+00,0.000000000000000000e+00
8.180118453777575382e+01,0.000000000000000000e+00,0.000000000000000000e+00
7.639189844212380365e+01,0.000000000000000000e+00,0.000000000000000000e+00
7.818335074906754301e+01,0.000000000000000000e+00,0.000000000000000000e+00
7.981777073958255642e+01,0.000000000000000000e+00,0.000000000000000000e+00
7.658143556912936845e+01,0.000000000000000000e+00,0.000000000000000000e+00
8.110702028116232043e+01,0.000000000000000000e+00,0.000000000000000000e+00
7.863279081478115984e+01,0.000000000000000000e+00,0.000000000000000000e+00
7.805935285367756649e+01,0.000000000000000000e+00,0.000000000000000000e+00
8.360417028911282955e+01,0.000000000000000000e+00,0.000000000000000000e+00
8.008379944276387619e+01,0.000000000000000000e+00,0.000000000000000000e+00
8.315500885589325719e+01,0.000000000000000000e+00,0.000000000000000000e+00
7.797209122277553206e+01,0.000000000000000000e+00,0.000000000000000000e+00
7.943357618341663340e+01,0.000000000000000000e+00,0.000000000000000000e+00
7.861166484814812350e+01,0.000000000000000000e+00,0.000000000000000000e+00
7.723471163294945541e+01,0.000000000000000000e+00,0.000000000000000000e+00
8.008741472085431212e+01,0.000000000000000000e+00,0.000000000000000000e+00
7.819064028141978895e+01,0.000000000000000000e+00,0.000000000000000000e+00
7.880931289084433899e+01,0.000000000000000000e+00,0.000000000000000000e+00
7.936259661431139989e+01,0.000000000000000000e+00,0.000000000000000000e+00
7.996761505477873300e+01,0.000000000000000000e+00,0.000000000000000000e+00
7.366914310902406271e+01,0.000000000000000000e+00,0.000000000000000000e+00
8.069111637899148093e+01,0.000000000000000000e+00,0.000000000000000000e+00
7.847813973513142116e+01,0.000000000000000000e+00,0.000000000000000000e+00
7.783987343177857099e+01,0.000000000000000000e+00,0.000000000000000000e+00
7.856536244430320437e+01,0.000000000000000000e+00,0.000000000000000000e+00
7.888763256151280245e+01,0.000000000000000000e+00,0.000000000000000000e+00
7.680946503376232215e+01,0.000000000000000000e+00,0.000000000000000000e+00
8.225689000419887975e+01,0.000000000000000000e+00,0.000000000000000000e+00
7.548330302752222565e+01,0.000000000000000000e+00,0.000000000000000000e+00
7.896979998208183815e+01,0.000000000000000000e+00,0.000000000000000000e+00
8.380783867495226502e+01,0.000000000000000000e+00,0.000000000000000000e+00
7.846145073429146066e+01,0.000000000000000000e+00,0.000000000000000000e+00
8.108958433811501720e+01,0.000000000000000000e+00,0.000000000000000000e+00
8.123558851313363505e+01,0.000000000000000000e+00,0.000000000000000000e+00
7.750899928040745124e+01,0.000000000000000000e+00,0.000000000000000000e+00
7.994822522180909630e+01,0.000000000000000000e+00,0.000000000000000000e+00
7.769108021448940349e+01,0.000000000000000000e+00,0.000000000000000000e+00
7.752424210875234678e+01,0.000000000000000000e+00,0.000000000000000000e+00
7.902743367288015008e+01,0.000000000000000000e+00,0.000000000000000000e+00
8.181341203710591969e+01,0.000000000000000000e+00,0.000000000000000000e+00
7.674562503584907347e+01,0.000000000000000000e+00,0.000000000000000000e+00
8.011404557691423634e+01,0.000000000000000000e+00,0.000000000000000000e+00
8.222657108507156920e+01,0.000000000000000000e+00,0.000000000000000000e+00
8.038956761143643348e+01,0.000000000000000000e+00,0.000000000000000000e+00
8.219727522264223296e+01,0.000000000000000000e+00,0.000000000000000000e+00
7.848937195744281325e+01,0.000000000000000000e+00,0.000000000000000000e+00
8.444130695018859001e+01,0.000000000000000000e+00,0.000000000000000000e+00
8.050581811424140710e+01,0.000000000000000000e+00,0.000000000000000000e+00
7.864039659104072655e+01,0.000000000000000000e+00,0.000000000000000000e+00
7.872726612270469104e+01,0.000000000000000000e+00,0.000000000000000000e+00
8.102167677530553647e+01,0.000000000000000000e+00,0.000000000000000000e+00
8.158160471771449807e+01,0.000000000000000000e+00,0.000000000000000000e+00
7.954587283452259783e+01,0.000000000000000000e+00,0.000000000000000000e+00
8.127806167039369711e+01,0.000000000000000000e+00,0.000000000000000000e+00
7.859095660316388887e+01,0.000000000000000000e+00,0.000000000000000000e+00
7.913563168788800795e+01,0.000000000000000000e+00,0.000000000000000000e+00
8.034900905320974118e+01,0.000000000000000000e+00,0.000000000000000000e+00
8.017997019719706486e+01,0.000000000000000000e+00,0.000000000000000000e+00
8.203765003789372656e+01,0.000000000000000000e+00,0.000000000000000000e+00
7.984903976850239360e+01,0.000000000000000000e+00,0.000000000000000000e+00
7.747563409564111225e+01,0.000000000000000000e+00,0.000000000000000000e+00
7.394217402462027167e+01,0.000000000000000000e+00,0.000000000000000000e+00
7.939471937561094705e+01,0.000000000000000000e+00,0.000000000000000000e+00
8.072133058929527749e+01,0.000000000000000000e+00,0.000000000000000000e+00
7.857785937609668281e+01,0.000000000000000000e+00,0.000000000000000000e+00
8.024266241406577649e+01,0.000000000000000000e+00,0.000000000000000000e+00
8.205067220342638734e+01,0.000000000000000000e+00,0.000000000000000000e+00
7.907213042152896776e+01,0.000000000000000000e+00,0.000000000000000000e+00
8.076989935336749227e+01,0.000000000000000000e+00,0.000000000000000000e+00
7.704627405060435308e+01,0.000000000000000000e+00,0.000000000000000000e+00
7.639672483913298606e+01,0.000000000000000000e+00,0.000000000000000000e+00
7.948525374195916982e+01,0.000000000000000000e+00,0.000000000000000000e+00
7.851296307844609146e+01,0.000000000000000000e+00,0.000000000000000000e+00
7.686918131328837944e+01,0.000000000000000000e+00,0.000000000000000000e+00
7.846783698448231803e+01,0.000000000000000000e+00,0.000000000000000000e+00
7.847428543046078175e+01,0.000000000000000000e+00,0.000000000000000000e+00
7.508457126356134381e+01,0.000000000000000000e+00,0.000000000000000000e+00
8.045907686750908283e+01,0.000000000000000000e+00,0.000000000000000000e+00
7.850876421386877269e+01,0.000000000000000000e+00,0.000000000000000000e+00
7.537991175433492685e+01,0.000000000000000000e+00,0.000000000000000000e+00
7.355898064935308867e+01,0.000000000000000000e+00,0.000000000000000000e+00
8.209529807093610998e+01,0.000000000000000000e+00,0.000000000000000000e+00
7.509535926423498609e+01,0.000000000000000000e+00,0.000000000000000000e+00
7.954922363072917335e+01,0.000000000000000000e+00,0.000000000000000000e+00
7.942145759003251726e+01,0.000000000000000000e+00,0.000000000000000000e+00
7.672608849205508363e+01,0.000000000000000000e+00,0.000000000000000000e+00
7.587467842671125595e+01,0.000000000000000000e+00,0.000000000000000000e+00
7.649935107747522522e+01,0.000000000000000000e+00,0.000000000000000000e+00
7.791017552535878110e+01,0.000000000000000000e+00,0.000000000000000000e+00
7.813501104212934933e+01,0.000000000000000000e+00,0.000000000000000000e+00
7.912584728804345957e+01,0.000000000000000000e+00,0.000000000000000000e+00
7.731833453113698340e+01,0.000000000000000000e+00,0.000000000000000000e+00
8.354410650812259576e+01,0.000000000000000000e+00,0.000000000000000000e+00
7.829534338057446519e+01,0.000000000000000000e+00,0.000000000000000000e+00
7.709934230147601397e+01,0.000000000000000000e+00,0.000000000000000000e+00
8.161163817292769806e+01,0.000000000000000000e+00,0.000000000000000000e+00
7.971832823676443525e+01,0.000000000000000000e+00,0.000000000000000000e+00
7.747302763024616468e+01,0.000000000000000000e+00,0.000000000000000000e+00
7.495495700512694270e+01,0.000000000000000000e+00,0.000000000000000000e+00
7.690695591741111059e+01,0.000000000000000000e+00,0.000000000000000000e+00
7.768138140847341333e+01,0.000000000000000000e+00,0.000000000000000000e+00
8.173121881845530368e+01,0.000000000000000000e+00,0.000000000000000000e+00
7.859318805169206712e+01,0.000000000000000000e+00,0.000000000000000000e+00
7.862520236367456050e+01,0.000000000000000000e+00,0.000000000000000000e+00
7.632082060821879566e+01,0.000000000000000000e+00,0.000000000000000000e+00
7.936227523967937714e+01,0.000000000000000000e+00,0.000000000000000000e+00
7.687426255271029163e+01,0.000000000000000000e+00,0.000000000000000000e+00
7.748517516436969288e+01,0.000000000000000000e+00,0.000000000000000000e+00
7.480370186923767051e+01,0.000000000000000000e+00,0.000000000000000000e+00
7.689595817969215830e+01,0.000000000000000000e+00,0.000000000000000000e+00
7.575620165825674235e+01,0.000000000000000000e+00,0.000000000000000000e+00
7.947692296221966046e+01,0.000000000000000000e+00,0.000000000000000000e+00
7.763225915134189847e+01,0.000000000000000000e+00,0.000000000000000000e+00
7.915730982918080372e+01,0.000000000000000000e+00,0.000000000000000000e+00
7.741288218328189430e+01,0.000000000000000000e+00,0.000000000000000000e+00
7.841416217416950474e+01,0.000000000000000000e+00,0.000000000000000000e+00
7.589280596882109364e+01,0.000000000000000000e+00,0.000000000000000000e+00
7.353461131845556054e+01,0.000000000000000000e+00,0.000000000000000000e+00
7.437815509866312880e+01,0.000000000000000000e+00,0.000000000000000000e+00
7.555448938406402704e+01,0.000000000000000000e+00,0.000000000000000000e+00
7.969278335249559575e+01,0.000000000000000000e+00,0.000000000000000000e+00
7.906886905355757733e+01,0.000000000000000000e+00,0.000000000000000000e+00
7.886455829068648882e+01,0.000000000000000000e+00,0.000000000000000000e+00
7.833891071279023777e+01,0.000000000000000000e+00,0.000000000000000000e+00
7.649600050347072511e+01,0.000000000000000000e+00,0.000000000000000000e+00
7.520768633396873781e+01,0.000000000000000000e+00,0.000000000000000000e+00
7.499022564005137781e+01,0.000000000000000000e+00,0.000000000000000000e+00
7.991108731217234151e+01,0.000000000000000000e+00,0.000000000000000000e+00
7.566855643021403921e+01,0.000000000000000000e+00,0.000000000000000000e+00
7.870908814333017745e+01,0.000000000000000000e+00,0.000000000000000000e+00
7.807815114190596262e+01,0.000000000000000000e+00,0.000000000000000000e+00
7.674594930845942997e+01,0.000000000000000000e+00,0.000000000000000000e+00
7.622168186633231812e+01,0.000000000000000000e+00,0.000000000000000000e+00
7.611652838166995139e+01,0.000000000000000000e+00,0.000000000000000000e+00
8.074320432073193388e+01,0.000000000000000000e+00,0.000000000000000000e+00
7.677488507841106014e+01,0.000000000000000000e+00,0.000000000000000000e+00
7.575705797884077697e+01,0.000000000000000000e+00,0.000000000000000000e+00
7.425981352508932787e+01,0.000000000000000000e+00,0.000000000000000000e+00
6.943687168055149073e+01,0.000000000000000000e+00,0.000000000000000000e+00
7.522298129593498572e+01,0.000000000000000000e+00,0.000000000000000000e+00
7.629530941993120052e+01,0.000000000000000000e+00,0.000000000000000000e+00
7.464929189422137767e+01,0.000000000000000000e+00,0.000000000000000000e+00
7.277452720960680210e+01,0.000000000000000000e+00,0.000000000000000000e+00
7.862073409956769865e+01,0.000000000000000000e+00,0.000000000000000000e+00
7.343730392985551703e+01,0.000000000000000000e+00,0.000000000000000000e+00
7.586183962547291060e+01,0.000000000000000000e+00,0.000000000000000000e+00
7.806438162215981436e+01,0.000000000000000000e+00,0.000000000000000000e+00
7.460718134760800524e+01,0.000000000000000000e+00,0.000000000000000000e+00
7.258708156129009126e+01,0.000000000000000000e+00,0.000000000000000000e+00
7.095602717454262631e+01,0.000000000000000000e+00,0.000000000000000000e+00
7.685992996763759777e+01,0.000000000000000000e+00,0.000000000000000000e+00
7.427375265724148790e+01,0.000000000000000000e+00,0.000000000000000000e+00
7.823992045048301236e+01,0.000000000000000000e+00,0.000000000000000000e+00
7.403512249215229701e+01,0.000000000000000000e+00,0.000000000000000000e+00
7.093070415562854691e+01,0.000000000000000000e+00,0.000000000000000000e+00
7.619449244903175611e+01,0.000000000000000000e+00,0.000000000000000000e+00
7.791624902441816403e+01,0.000000000000000000e+00,0.000000000000000000e+00
7.359854970633780624e+01,0.000000000000000000e+00,0.000000000000000000e+00
7.533712045898609233e+01,0.000000000000000000e+00,0.000000000000000000e+00
7.346203743443489032e+01,0.000000000000000000e+00,0.000000000000000000e+00
7.683739038078695671e+01,0.000000000000000000e+00,0.000000000000000000e+00
7.618182205998725465e+01,0.000000000000000000e+00,0.000000000000000000e+00
7.564202317685588639e+01,0.000000000000000000e+00,0.000000000000000000e+00
7.371019315777158454e+01,0.000000000000000000e+00,0.000000000000000000e+00
7.540940629408525808e+01,0.000000000000000000e+00,0.000000000000000000e+00
7.594896423923428586e+01,0.000000000000000000e+00,0.000000000000000000e+00
7.272807907886708279e+01,0.000000000000000000e+00,0.000000000000000000e+00
7.317393812991623747e+01,0.000000000000000000e+00,0.000000000000000000e+00
7.228712939592352882e+01,0.000000000000000000e+00,0.000000000000000000e+00
7.295037423692554057e+01,0.000000000000000000e+00,0.000000000000000000e+00
7.452942371209817907e+01,0.000000000000000000e+00,0.000000000000000000e+00
7.390962941218064941e+01,0.000000000000000000e+00,0.000000000000000000e+00
7.767559734197074306e+01,0.000000000000000000e+00,0.000000000000000000e+00
7.571302185547845909e+01,0.000000000000000000e+00,0.000000000000000000e+00
7.795278080136594667e+01,0.000000000000000000e+00,0.000000000000000000e+00
7.850305992254337184e+01,0.000000000000000000e+00,0.000000000000000000e+00
7.705549186840714526e+01,0.000000000000000000e+00,0.000000000000000000e+00
7.232262142494084856e+01,0.000000000000000000e+00,0.000000000000000000e+00
7.608171667765175528e+01,0.000000000000000000e+00,0.000000000000000000e+00
7.478793182987027421e+01,0.000000000000000000e+00,0.000000000000000000e+00
7.174775785287835106e+01,0.000000000000000000e+00,0.000000000000000000e+00
7.630945401073449830e+01,0.000000000000000000e+00,0.000000000000000000e+00
7.404689793881209425e+01,0.000000000000000000e+00,0.000000000000000000e+00
7.425913222775122335e+01,0.000000000000000000e+00,0.000000000000000000e+00
7.447582700223020424e+01,0.000000000000000000e+00,0.000000000000000000e+00
7.494597293832896412e+01,0.000000000000000000e+00,0.000000000000000000e+00
7.511757666508310649e+01,0.000000000000000000e+00,0.000000000000000000e+00
7.452911069993776039e+01,0.000000000000000000e+00,0.000000000000000000e+00
7.253131517297998698e+01,0.000000000000000000e+00,0.000000000000000000e+00
7.399147666786075206e+01,0.000000000000000000e+00,0.000000000000000000e+00
7.355427628745773916e+01,0.000000000000000000e+00,0.000000000000000000e+00
7.626918475015745003e+01,0.000000000000000000e+00,0.000000000000000000e+00
7.123849886704114454e+01,0.000000000000000000e+00,0.000000000000000000e+00
6.993341386173791818e+01,0.000000000000000000e+00,0.000000000000000000e+00
7.626110792864332666e+01,0.000000000000000000e+00,0.000000000000000000e+00
7.736845510687798821e+01,0.000000000000000000e+00,0.000000000000000000e+00
7.614251119585988192e+01,0.000000000000000000e+00,0.000000000000000000e+00
7.400422344269135522e+01,0.000000000000000000e+00,0.000000000000000000e+00
7.163344700599478188e+01,0.000000000000000000e+00,0.000000000000000000e+00
7.469068354912586472e+01,0.000000000000000000e+00,0.000000000000000000e+00
7.865081976077419768e+01,0.000000000000000000e+00,0.000000000000000000e+00
7.435475880703607743e+01,0.000000000000000000e+00,0.000000000000000000e+00
7.585269556089679099e+01,0.000000000000000000e+00,0.000000000000000000e+00
7.353358987641759370e+01,0.000000000000000000e+00,0.000000000000000000e+00
7.340301591470078790e+01,0.000000000000000000e+00,0.000000000000000000e+00
7.211671589173933228e+01,0.000000000000000000e+00,0.000000000000000000e+00
7.338424261344547972e+01,0.000000000000000000e+00,0.000000000000000000e+00
7.296253670904160060e+01,0.000000000000000000e+00,0.000000000000000000e+00
7.073413445832474622e+01,0.000000000000000000e+00,0.000000000000000000e+00
7.024529798259550262e+01,0.000000000000000000e+00,0.000000000000000000e+00
7.277543130941640470e+01,0.000000000000000000e+00,0.000000000000000000e+00
7.474644642525856852e+01,0.000000000000000000e+00,0.000000000000000000e+00
7.533333076848265364e+01,0.000000000000000000e+00,0.000000000000000000e+00
7.263093788319612543e+01,0.000000000000000000e+00,0.000000000000000000e+00
7.078271885739560787e+01,0.000000000000000000e+00,0.000000000000000000e+00
7.440820263731747275e+01,0.000000000000000000e+00,0.000000000000000000e+00
7.269739172725313381e+01,0.000000000000000000e+00,0.000000000000000000e+00
6.966559454180739408e+01,0.000000000000000000e+00,0.000000000000000000e+00
7.249106687401805971e+01,0.000000000000000000e+00,0.000000000000000000e+00
7.080908447969771657e+01,0.000000000000000000e+00,0.000000000000000000e+00
7.243630546495165845e+01,0.000000000000000000e+00,0.000000000000000000e+00
7.325417589022541165e+01,0.000000000000000000e+00,0.000000000000000000e+00
7.261957453642676796e+01,0.000000000000000000e+00,0.000000000000000000e+00
7.176378631223535365e+01,0.000000000000000000e+00,0.000000000000000000e+00
7.341800308399157871e+01,0.000000000000000000e+00,0.000000000000000000e+00
7.044448221849950187e+01,0.000000000000000000e+00,0.000000000000000000e+00
7.469519345453835513e+01,0.000000000000000000e+00,0.000000000000000000e+00
6.918577920386202607e+01,0.000000000000000000e+00,0.000000000000000000e+00
7.332403790281604472e+01,0.000000000000000000e+00,0.000000000000000000e+00
7.021604633798871475e+01,0.000000000000000000e+00,0.000000000000000000e+00
7.411120873596402703e+01,0.000000000000000000e+00,0.000000000000000000e+00
7.258986541635090362e+01,0.000000000000000000e+00,0.000000000000000000e+00
6.684565696399880608e+01,0.000000000000000000e+00,0.000000000000000000e+00
7.154263314910382121e+01,0.000000000000000000e+00,0.000000000000000000e+00
7.025866191034641872e+01,0.000000000000000000e+00,0.000000000000000000e+00
7.205153869303990177e+01,0.000000000000000000e+00,0.000000000000000000e+00
7.079881066161895831e+01,0.000000000000000000e+00,0.000000000000000000e+00
7.560348736343632936e+01,0.000000000000000000e+00,0.000000000000000000e+00
7.077468534745288764e+01,0.000000000000000000e+00,0.000000000000000000e+00
7.025075209998327352e+01,0.000000000000000000e+00,0.000000000000000000e+00
7.556037279385095928e+01,0.000000000000000000e+00,0.000000000000000000e+00
7.151108536200311505e+01,0.000000000000000000e+00,0.000000000000000000e+00
7.131775066283117326e+01,0.000000000000000000e+00,0.000000000000000000e+00
7.344383943356766054e+01,0.000000000000000000e+00,0.000000000000000000e+00
7.163146115321805496e+01,0.000000000000000000e+00,0.000000000000000000e+00
6.924125240271662562e+01,0.000000000000000000e+00,0.000000000000000000e+00
7.189238838119543118e+01,0.000000000000000000e+00,0.000000000000000000e+00
7.081665551613696152e+01,0.000000000000000000e+00,0.000000000000000000e+00
6.865164824829457757e+01,0.000000000000000000e+00,0.000000000000000000e+00
7.091832230955505167e+01,0.000000000000000000e+00,0.000000000000000000e+00
7.102740969857468656e+01,0.000000000000000000e+00,0.000000000000000000e+00
6.699869809499544715e+01,0.000000000000000000e+00,0.000000000000000000e+00
6.980734418834103394e+01,0.000000000000000000e+00,0.000000000000000000e+00
7.336513982645534782e+01,0.000000000000000000e+00,0.000000000000000000e+00
7.128210064403606339e+01,0.000000000000000000e+00,0.000000000000000000e+00
7.242363738924429128e+01,0.000000000000000000e+00,0.000000000000000000e+00
7.218807127662864787e+01,0.000000000000000000e+00,0.000000000000000000e+00
6.829373169539587707e+01,0.000000000000000000e+00,0.000000000000000000e+00
6.973232077550400732e+01,0.000000000000000000e+00,0.000000000000000000e+00
7.011877283800613725e+01,0.000000000000000000e+00,0.000000000000000000e+00
6.919043791828316614e+01,0.000000000000000000e+00,0.000000000000000000e+00
6.987255034643639817e+01,0.000000000000000000e+00,0.000000000000000000e+00
6.955170470898222845e+01,0.000000000000000000e+00,0.000000000000000000e+00
6.900380352625890623e+01,0.000000000000000000e+00,0.000000000000000000e+00
7.166153145126932600e+01,0.000000000000000000e+00,0.000000000000000000e+00
7.141864192624487373e+01,0.000000000000000000e+00,0.000000000000000000e+00
7.115972034139331015e+01,0.000000000000000000e+00,0.000000000000000000e+00
6.839712360263068547e+01,0.000000000000000000e+00,0.000000000000000000e+00
6.821159103300855975e+01,0.000000000000000000e+00,0.000000000000000000e+00
7.013660362901809719e+01,0.000000000000000000e+00,0.000000000000000000e+00
6.835142263723882650e+01,0.000000000000000000e+00,0.000000000000000000e+00
6.851607988210098199e+01,0.000000000000000000e+00,0.000000000000000000e+00
7.070494215871599408e+01,0.000000000000000000e+00,0.000000000000000000e+00
6.880624369301152399e+01,0.000000000000000000e+00,0.000000000000000000e+00
6.920646473267004239e+01,0.000000000000000000e+00,0.000000000000000000e+00
6.997117714935249921e+01,0.000000000000000000e+00,0.000000000000000000e+00
6.979679547604854406e+01,0.000000000000000000e+00,0.000000000000000000e+00
6.448320555255919828e+01,0.000000000000000000e+00,0.000000000000000000e+00
6.677953233726343285e+01,0.000000000000000000e+00,0.000000000000000000e+00
6.924137761342232977e+01,0.000000000000000000e+00,0.000000000000000000e+00
6.676875590002541117e+01,0.000000000000000000e+00,0.000000000000000000e+00
6.617627277679227404e+01,0.000000000000000000e+00,0.000000000000000000e+00
6.619627868224922906e+01,0.000000000000000000e+00,0.000000000000000000e+00
6.814290923830405688e+01,0.000000000000000000e+00,0.000000000000000000e+00
7.082827483984759454e+01,0.000000000000000000e+00,0.000000000000000000e+00
6.575581400789752706e+01,0.000000000000000000e+00,0.000000000000000000e+00
7.094489961886905860e+01,0.000000000000000000e+00,0.000000000000000000e+00
6.775133518503145069e+01,0.000000000000000000e+00,0.000000000000000000e+00
6.688343766192022599e+01,0.000000000000000000e+00,0.000000000000000000e+00
6.567034848316457385e+01,0.000000000000000000e+00,0.000000000000000000e+00
6.833175905934599825e+01,0.000000000000000000e+00,0.000000000000000000e+00
7.010778972552041921e+01,0.000000000000000000e+00,0.000000000000000000e+00
6.792585381141216772e+01,0.000000000000000000e+00,0.000000000000000000e+00
6.697748485888051562e+01,0.000000000000000000e+00,0.000000000000000000e+00
6.579310733368282627e+01,0.000000000000000000e+00,0.000000000000000000e+00
7.160223193869380509e+01,0.000000000000000000e+00,0.000000000000000000e+00
6.680601745636465694e+01,0.000000000000000000e+00,0.000000000000000000e+00
7.162966778543936641e+01,0.000000000000000000e+00,0.000000000000000000e+00
6.828037316801018619e+01,0.000000000000000000e+00,0.000000000000000000e+00
6.672699575789791027e+01,0.000000000000000000e+00,0.000000000000000000e+00
6.557413330545229257e+01,0.000000000000000000e+00,0.000000000000000000e+00
6.740921996829072782e+01,0.000000000000000000e+00,0.000000000000000000e+00
6.868169710851499588e+01,0.000000000000000000e+00,0.000000000000000000e+00
6.915213365428408565e+01,0.000000000000000000e+00,0.000000000000000000e+00
6.777897596831103044e+01,0.000000000000000000e+00,0.000000000000000000e+00
6.503046456363519212e+01,0.000000000000000000e+00,0.000000000000000000e+00
6.798747644005750601e+01,0.000000000000000000e+00,0.000000000000000000e+00
6.578801626852369111e+01,0.000000000000000000e+00,0.000000000000000000e+00
6.797575075702462755e+01,0.000000000000000000e+00,0.000000000000000000e+00
6.740073914564803204e+01,0.000000000000000000e+00,0.000000000000000000e+00
6.689660335187535622e+01,0.000000000000000000e+00,0.000000000000000000e+00
6.728125833725654559e+01,0.000000000000000000e+00,0.000000000000000000e+00
6.716099568143168597e+01,0.000000000000000000e+00,0.000000000000000000e+00
6.296498911621470285e+01,0.000000000000000000e+00,0.000000000000000000e+00
6.592674416498016399e+01,0.000000000000000000e+00,0.000000000000000000e+00
6.509680145135725127e+01,0.000000000000000000e+00,0.000000000000000000e+00
6.711316182729541424e+01,0.000000000000000000e+00,0.000000000000000000e+00
6.528312842489138745e+01,0.000000000000000000e+00,0.000000000000000000e+00
6.501151331963762914e+01,0.000000000000000000e+00,0.000000000000000000e+00
6.667402079157703554e+01,0.000000000000000000e+00,0.000000000000000000e+00
6.458092215060884200e+01,0.000000000000000000e+00,0.000000000000000000e+00
6.463235444535280294e+01,0.000000000000000000e+00,0.000000000000000000e+00
6.438341203941746471e+01,0.000000000000000000e+00,0.000000000000000000e+00
6.333752504507022962e+01,0.000000000000000000e+00,0.000000000000000000e+00
6.261270369427564475e+01,0.000000000000000000e+00,0.000000000000000000e+00
6.273040399187382121e+01,0.000000000000000000e+00,0.000000000000000000e+00
6.425716069617746484e+01,0.000000000000000000e+00,0.000000000000000000e+00
6.436862383065107451e+01,0.000000000000000000e+00,0.000000000000000000e+00
6.758804505493013437e+01,0.000000000000000000e+00,0.000000000000000000e+00
6.458254988268750196e+01,0.000000000000000000e+00,0.000000000000000000e+00
6.224887551897986526e+01,0.000000000000000000e+00,0.000000000000000000e+00
6.543219738686123321e+01,0.000000000000000000e+00,0.000000000000000000e+00
6.666929406955152615e+01,0.000000000000000000e+00,0.000000000000000000e+00
6.488857456828591808e+01,0.000000000000000000e+00,0.000000000000000000e+00
6.557332190549136897e+01,0.000000000000000000e+00,0.000000000000000000e+00
6.301862962616036157e+01,0.000000000000000000e+00,0.000000000000000000e+00
6.161503275845411309e+01,0.000000000000000000e+00,0.000000000000000000e+00
6.135019185221709392e+01,0.000000000000000000e+00,0.000000000000000000e+00
6.444102383816337465e+01,0.000000000000000000e+00,0.000000000000000000e+00
6.574602644832719989e+01,0.000000000000000000e+00,0.000000000000000000e+00
6.342036456976529024e+01,0.000000000000000000e+00,0.000000000000000000e+00
6.528624923135355118e+01,0.000000000000000000e+00,0.000000000000000000e+00
6.476805599345046005e+01,0.000000000000000000e+00,0.000000000000000000e+00
6.075218383656532950e+01,0.000000000000000000e+00,0.000000000000000000e+00
6.031828472614003545e+01,0.000000000000000000e+00,0.000000000000000000e+00
6.684362117506972822e+01,0.000000000000000000e+00,0.000000000000000000e+00
6.615717243959446137e+01,0.000000000000000000e+00,0.000000000000000000e+00
6.062722863308052723e+01,0.000000000000000000e+00,0.000000000000000000e+00
6.326078150415384016e+01,0.000000000000000000e+00,0.000000000000000000e+00
6.893607062168901223e+01,0.000000000000000000e+00,0.000000000000000000e+00
6.609512889653613854e+01,0.000000000000000000e+00,0.000000000000000000e+00
6.368919638541074590e+01,0.000000000000000000e+00,0.000000000000000000e+00
6.454007577198943579e+01,0.000000000000000000e+00,0.000000000000000000e+00
6.426397161800333890e+01,0.000000000000000000e+00,0.000000000000000000e+00
6.266892265360263536e+01,0.000000000000000000e+00,0.000000000000000000e+00
6.656043755590221167e+01,0.000000000000000000e+00,0.000000000000000000e+00
6.489130352618185782e+01,0.000000000000000000e+00,0.000000000000000000e+00
6.327684958158654638e+01,0.000000000000000000e+00,0.000000000000000000e+00
5.977696282794690319e+01,0.000000000000000000e+00,0.000000000000000000e+00
6.370482706722507515e+01,0.000000000000000000e+00,0.000000000000000000e+00
6.471858565738060065e+01,0.000000000000000000e+00,0.000000000000000000e+00
6.381379703199228004e+01,0.000000000000000000e+00,0.000000000000000000e+00
6.701115718705067081e+01,0.000000000000000000e+00,0.000000000000000000e+00
6.486886720832168862e+01,0.000000000000000000e+00,0.000000000000000000e+00
6.423891549944039525e+01,0.000000000000000000e+00,0.000000000000000000e+00
6.229635358538241974e+01,0.000000000000000000e+00,0.000000000000000000e+00
6.366447101125320529e+01,0.000000000000000000e+00,0.000000000000000000e+00
6.221691057708429184e+01,0.000000000000000000e+00,0.000000000000000000e+00
6.068075485180769846e+01,0.000000000000000000e+00,0.000000000000000000e+00
6.256127111865885837e+01,0.000000000000000000e+00,0.000000000000000000e+00
6.178108475161121049e+01,0.000000000000000000e+00,0.000000000000000000e+00
6.157505863906369825e+01,0.000000000000000000e+00,0.000000000000000000e+00
6.219283644565756930e+01,0.000000000000000000e+00,0.000000000000000000e+00
6.384037391226222979e+01,0.000000000000000000e+00,0.000000000000000000e+00
5.900818676594393253e+01,0.000000000000000000e+00,0.000000000000000000e+00
6.274660023068366854e+01,0.000000000000000000e+00,0.000000000000000000e+00
6.075919453835441431e+01,0.000000000000000000e+00,0.000000000000000000e+00
6.409958647692148759e+01,0.000000000000000000e+00,0.000000000000000000e+00
5.958945068974932013e+01,0.000000000000000000e+00,0.000000000000000000e+00
6.039820634272530953e+01,0.000000000000000000e+00,0.000000000000000000e+00
5.978901392214797283e+01,0.000000000000000000e+00,0.000000000000000000e+00
5.920724370327026520e+01,0.000000000000000000e+00,0.000000000000000000e+00
6.007169432215007987e+01,0.000000000000000000e+00,0.000000000000000000e+00
6.018200229956338632e+01,0.000000000000000000e+00,0.000000000000000000e+00
6.152389564436594327e+01,0.000000000000000000e+00,0.000000000000000000e+00
6.088945468033070085e+01,0.000000000000000000e+00,0.000000000000000000e+00
6.147696055663063675e+01,0.000000000000000000e+00,0.000000000000000000e+00
5.942176640135325982e+01,0.000000000000000000e+00,0.000000000000000000e+00
6.167326508920879036e+01,0.000000000000000000e+00,0.000000000000000000e+00
5.971565073571222371e+01,0.000000000000000000e+00,0.000000000000000000e+00
6.210124043888917100e+01,0.000000000000000000e+00,0.000000000000000000e+00
6.033975725379517741e+01,0.000000000000000000e+00,0.000000000000000000e+00
5.827694273659587054e+01,0.000000000000000000e+00,0.000000000000000000e+00
6.453204291149675953e+01,0.000000000000000000e+00,0.000000000000000000e+00
5.729522606027461507e+01,0.000000000000000000e+00,0.000000000000000000e+00
6.022011742376066223e+01,0.000000000000000000e+00,0.000000000000000000e+00
5.774884478329039439e+01,0.000000000000000000e+00,0.000000000000000000e+00
6.358144902242813856e+01,0.000000000000000000e+00,0.000000000000000000e+00
5.979804624272422586e+01,0.000000000000000000e+00,0.000000000000000000e+00
5.843915200049598724e+01,0.000000000000000000e+00,0.000000000000000000e+00
6.060508480074213367e+01,0.000000000000000000e+00,0.000000000000000000e+00
6.203831394683903966e+01,0.000000000000000000e+00,0.000000000000000000e+00
6.495975789176046078e+01,0.000000000000000000e+00,0.000000000000000000e+00
5.905204686225450672e+01,0.000000000000000000e+00,0.000000000000000000e+00
6.275087406045321359e+01,0.000000000000000000e+00,0.000000000000000000e+00
5.579024284561402425e+01,0.000000000000000000e+00,0.000000000000000000e+00
6.129020436240053726e+01,0.000000000000000000e+00,0.000000000000000000e+00
5.987074492774361545e+01,0.000000000000000000e+00,0.000000000000000000e+00
6.004872603805028319e+01,0.000000000000000000e+00,0.000000000000000000e+00
6.400743025978573542e+01,0.000000000000000000e+00,0.000000000000000000e+00
5.707361435612666156e+01,0.000000000000000000e+00,0.000000000000000000e+00
5.802833896482564313e+01,0.000000000000000000e+00,0.000000000000000000e+00
5.885052708683642209e+01,0.000000000000000000e+00,0.000000000000000000e+00
5.873445682422892133e+01,0.000000000000000000e+00,0.000000000000000000e+00
5.597433909559806864e+01,0.000000000000000000e+00,0.000000000000000000e+00
6.227119779794733034e+01,0.000000000000000000e+00,0.000000000000000000e+00
6.295935996495627762e+01,0.000000000000000000e+00,0.000000000000000000e+00
5.794931547717398956e+01,0.000000000000000000e+00,0.000000000000000000e+00
6.058073230958913058e+01,0.000000000000000000e+00,0.000000000000000000e+00
5.596665705694299220e+01,0.000000000000000000e+00,0.000000000000000000e+00
6.107251822405446262e+01,0.000000000000000000e+00,0.000000000000000000e+00
5.821979823991475200e+01,0.000000000000000000e+00,0.000000000000000000e+00
6.070255964193052023e+01,0.000000000000000000e+00,0.000000000000000000e+00
5.639314002342457144e+01,0.000000000000000000e+00,0.000000000000000000e+00
5.816905661176063802e+01,0.000000000000000000e+00,0.000000000000000000e+00
5.412911814244278474e+01,0.000000000000000000e+00,0.000000000000000000e+00
5.311840756728712165e+01,0.000000000000000000e+00,0.000000000000000000e+00
5.693443914250497784e+01,0.000000000000000000e+00,0.000000000000000000e+00
5.840508758298925329e+01,0.000000000000000000e+00,0.000000000000000000e+00
5.713242307970126888e+01,0.000000000000000000e+00,0.000000000000000000e+00
6.171207333546490759e+01,0.000000000000000000e+00,0.000000000000000000e+00
5.731522360941090710e+01,0.000000000000000000e+00,0.000000000000000000e+00
5.881914053417279575e+01,0.000000000000000000e+00,0.000000000000000000e+00
5.916064632783317023e+01,0.000000000000000000e+00,0.000000000000000000e+00
5.708363105041693331e+01,0.000000000000000000e+00,0.000000000000000000e+00
5.436057361882150474e+01,0.000000000000000000e+00,0.000000000000000000e+00
5.728686149818380358e+01,0.000000000000000000e+00,0.000000000000000000e+00
5.458301281605237421e+01,0.000000000000000000e+00,0.000000000000000000e+00
5.753504529038890780e+01,0.000000000000000000e+00,0.000000000000000000e+00
5.788415023895095146e+01,0.000000000000000000e+00,0.000000000000000000e+00
6.080324459243481527e+01,0.000000000000000000e+00,0.000000000000000000e+00
5.887479298472013767e+01,0.000000000000000000e+00,0.000000000000000000e+00
5.712008616336012778e+01,0.000000000000000000e+00,0.000000000000000000e+00
5.486696500461125936e+01,0.000000000000000000e+00,0.000000000000000000e+00
5.594453637281036862e+01,0.000000000000000000e+00,0.000000000000000000e+00
5.889351921546573010e+01,0.000000000000000000e+00,0.000000000000000000e+00
5.472699175612086009e+01,0.000000000000000000e+00,0.000000000000000000e+00
5.454727630642972969e+01,0.000000000000000000e+00,0.000000000000000000e+00
5.825003973545841518e+01,0.000000000000000000e+00,0.000000000000000000e+00
5.691192934333937359e+01,0.000000000000000000e+00,0.000000000000000000e+00
6.046888177424732191e+01,0.000000000000000000e+00,0.000000000000000000e+00
5.202807322582992811e+01,0.000000000000000000e+00,0.000000000000000000e+00
6.232855061811658004e+01,0.000000000000000000e+00,0.000000000000000000e+00
5.639996301186485539e+01,0.000000000000000000e+00,0.000000000000000000e+00
6.074495687855559112e+01,0.000000000000000000e+00,0.000000000000000000e+00
5.766915004335078265e+01,0.000000000000000000e+00,0.000000000000000000e+00
5.664393714465294494e+01,0.000000000000000000e+00,0.000000000000000000e+00
5.236304306352380422e+01,0.000000000000000000e+00,0.000000000000000000e+00
5.868984902840313111e+01,0.000000000000000000e+00,0.000000000000000000e+00
5.377694496563452731e+01,0.000000000000000000e+00,0.000000000000000000e+00
5.476165552422019545e+01,0.000000000000000000e+00,0.000000000000000000e+00
5.461386486498576431e+01,0.000000000000000000e+00,0.000000000000000000e+00
5.544802331962593200e+01,0.000000000000000000e+00,0.000000000000000000e+00
5.446183200801835511e+01,0.000000000000000000e+00,0.000000000000000000e+00
5.441940088810265763e+01,0.000000000000000000e+00,0.000000000000000000e+00
5.410219046794762932e+01,0.000000000000000000e+00,0.000000000000000000e+00
5.479397156876591168e+01,0.000000000000000000e+00,0.000000000000000000e+00
5.321120275804727129e+01,0.000000000000000000e+00,0.000000000000000000e+00
5.762805225280479959e+01,0.000000000000000000e+00,0.000000000000000000e+00
5.614658155765287972e+01,0.000000000000000000e+00,0.000000000000000000e+00
5.442189404454121160e+01,0.000000000000000000e+00,0.000000000000000000e+00
5.532955717402284535e+01,0.000000000000000000e+00,0.000000000000000000e+00
5.349277927585953307e+01,0.000000000000000000e+00,0.000000000000000000e+00
5.329186628520383096e+01,0.000000000000000000e+00,0.000000000000000000e+00
5.352932350883490642e+01,0.000000000000000000e+00,0.000000000000000000e+00
5.514405834525702943e+01,0.000000000000000000e+00,0.000000000000000000e+00
5.313589349812820473e+01,0.000000000000000000e+00,0.000000000000000000e+00
5.778938284824445049e+01,0.000000000000000000e+00,0.000000000000000000e+00
5.525777040455294298e+01,0.000000000000000000e+00,0.000000000000000000e+00
5.071412382071086000e+01,0.000000000000000000e+00,0.000000000000000000e+00
5.483604912560236500e+01,0.000000000000000000e+00,0.000000000000000000e+00
5.511958988344477461e+01,0.000000000000000000e+00,0.000000000000000000e+00
5.452619172976804407e+01,0.000000000000000000e+00,0.000000000000000000e+00
5.304493404296852077e+01,0.000000000000000000e+00,0.000000000000000000e+00
5.543964055529289681e+01,0.000000000000000000e+00,0.000000000000000000e+00
4.952781008627305681e+01,0.000000000000000000e+00,0.000000000000000000e+00
5.425075263268715275e+01,0.000000000000000000e+00,0.000000000000000000e+00
5.314244745690946559e+01,0.000000000000000000e+00,0.000000000000000000e+00
5.320705962433330427e+01,0.000000000000000000e+00,0.000000000000000000e+00
5.460834785801579727e+01,0.000000000000000000e+00,0.000000000000000000e+00
5.553542753991283121e+01,0.000000000000000000e+00,0.000000000000000000e+00
5.089368248506767145e+01,0.000000000000000000e+00,0.000000000000000000e+00
5.035939111764068343e+01,0.000000000000000000e+00,0.000000000000000000e+00
5.556805521890375132e+01,0.000000000000000000e+00,0.000000000000000000e+00
5.236508793967675501e+01,0.000000000000000000e+00,0.000000000000000000e+00
5.032329944104196073e+01,0.000000000000000000e+00,0.000000000000000000e+00
5.135478085259912007e+01,0.000000000000000000e+00,0.000000000000000000e+00
5.257258213848584205e+01,0.000000000000000000e+00,0.000000000000000000e+00
5.082879187184766323e+01,0.000000000000000000e+00,0.000000000000000000e+00
5.083546977896349972e+01,0.000000000000000000e+00,0.000000000000000000e+00
5.002128562538391066e+01,0.000000000000000000e+00,0.000000000000000000e+00
5.074312868414508415e+01,0.000000000000000000e+00,0.000000000000000000e+00
5.430738669136442809e+01,0.000000000000000000e+00,0.000000000000000000e+00
5.274034424591070547e+01,0.000000000000000000e+00,0.000000000000000000e+00
4.963435255336009533e+01,0.000000000000000000e+00,0.000000000000000000e+00
5.375148061288628298e+01,0.000000000000000000e+00,0.000000000000000000e+00
5.392608637909714986e+01,0.000000000000000000e+00,0.000000000000000000e+00
4.993967765711158791e+01,0.000000000000000000e+00,0.000000000000000000e+00
5.206842199350022327e+01,0.000000000000000000e+00,0.000000000000000000e+00
5.451472819161031680e+01,0.000000000000000000e+00,0.000000000000000000e+00
4.932276409372094150e+01,0.000000000000000000e+00,0.000000000000000000e+00
5.193895981610967993e+01,0.000000000000000000e+00,0.000000000000000000e+00
5.554896444690479029e+01,0.000000000000000000e+00,0.000000000000000000e+00
5.030092751388628614e+01,0.000000000000000000e+00,0.000000000000000000e+00
5.566131913516145602e+01,0.000000000000000000e+00,0.000000000000000000e+00
5.260255414986941247e+01,0.000000000000000000e+00,0.000000000000000000e+00
5.090393033523337607e+01,0.000000000000000000e+00,0.000000000000000000e+00
5.120849134676740277e+01,0.000000000000000000e+00,0.000000000000000000e+00
4.941978783662273855e+01,0.000000000000000000e+00,0.000000000000000000e+00
4.855166920450341905e+01,0.000000000000000000e+00,0.000000000000000000e+00
5.004785341188964765e+01,0.000000000000000000e+00,0.000000000000000000e+00
5.259409799998165624e+01,0.000000000000000000e+00,0.000000000000000000e+00
5.315558694315961219e+01,0.000000000000000000e+00,0.000000000000000000e+00
5.171370461596006862e+01,0.000000000000000000e+00,0.000000000000000000e+00
4.734316136666493691e+01,0.000000000000000000e+00,0.000000000000000000e+00
5.132987994708025070e+01,0.000000000000000000e+00,0.000000000000000000e+00
4.522344688064987395e+01,0.000000000000000000e+00,0.000000000000000000e+00
4.548522537467396631e+01,0.000000000000000000e+00,0.000000000000000000e+00
4.865100890322809590e+01,0.000000000000000000e+00,0.000000000000000000e+00
4.623250660810506929e+01,0.000000000000000000e+00,0.000000000000000000e+00
5.083481250839885490e+01,0.000000000000000000e+00,0.000000000000000000e+00
5.169984093688829319e+01,0.000000000000000000e+00,0.000000000000000000e+00
4.920803530105076362e+01,0.000000000000000000e+00,0.000000000000000000e+00
4.920668005224369068e+01,0.000000000000000000e+00,0.000000000000000000e+00
5.071802277182768393e+01,0.000000000000000000e+00,0.000000000000000000e+00
5.327471620142257080e+01,0.000000000000000000e+00,0.000000000000000000e+00
5.097749661356250073e+01,0.000000000000000000e+00,0.000000000000000000e+00
4.745919753280588793e+01,0.000000000000000000e+00,0.000000000000000000e+00
4.481019779534311454e+01,0.000000000000000000e+00,0.000000000000000000e+00
4.961030581747268542e+01,0.000000000000000000e+00,0.000000000000000000e+00
4.658796852646257491e+01,0.000000000000000000e+00,0.000000000000000000e+00
4.804287111066151539e+01,0.000000000000000000e+00,0.000000000000000000e+00
4.920099553049364971e+01,0.000000000000000000e+00,0.000000000000000000e+00
4.418101178198275392e+01,0.000000000000000000e+00,0.000000000000000000e+00
4.865935299402049452e+01,0.000000000000000000e+00,0.000000000000000000e+00
4.700334106158113201e+01,0.000000000000000000e+00,0.000000000000000000e+00
4.693086532764042573e+01,0.000000000000000000e+00,0.000000000000000000e+00
4.661788917864598858e+01,0.000000000000000000e+00,0.000000000000000000e+00
4.743834931127815935e+01,0.000000000000000000e+00,0.000000000000000000e+00
4.846308545777592514e+01,0.000000000000000000e+00,0.000000000000000000e+00
4.548889010326373494e+01,0.000000000000000000e+00,0.000000000000000000e+00
4.953279815338729719e+01,0.000000000000000000e+00,0.000000000000000000e+00
4.743441836503219378e+01,0.000000000000000000e+00,0.000000000000000000e+00
4.526000096618316348e+01,0.000000000000000000e+00,0.000000000000000000e+00
4.919800871194691183e+01,0.000000000000000000e+00,0.000000000000000000e+00
4.829020312687087824e+01,0.000000000000000000e+00,0.000000000000000000e+00
4.669619860205206407e+01,0.000000000000000000e+00,0.000000000000000000e+00
4.660764222917010358e+01,0.000000000000000000e+00,0.000000000000000000e+00
4.674475605284084878e+01,0.000000000000000000e+00,0.000000000000000000e+00
4.555918302426307065e+01,0.000000000000000000e+00,0.000000000000000000e+00
4.943627291028474247e+01,0.000000000000000000e+00,0.000000000000000000e+00
4.768881397495677277e+01,0.000000000000000000e+00,0.000000000000000000e+00
4.962798120848074745e+01,0.000000000000000000e+00,0.000000000000000000e+00
4.923590148363572894e+01,0.000000000000000000e+00,0.000000000000000000e+00
4.902689960616687159e+01,0.000000000000000000e+00,0.000000000000000000e+00
4.336647951587467276e+01,0.000000000000000000e+00,0.000000000000000000e+00
4.336909167713184843e+01,0.000000000000000000e+00,0.000000000000000000e+00
4.683646962226826815e+01,0.000000000000000000e+00,0.000000000000000000e+00
4.304831375010427053e+01,0.000000000000000000e+00,0.000000000000000000e+00
4.405636230478170035e+01,0.000000000000000000e+00,0.000000000000000000e+00
4.790357711246890204e+01,0.000000000000000000e+00,0.000000000000000000e+00
4.778606752166781035e+01,0.000000000000000000e+00,0.000000000000000000e+00
4.332444969198180473e+01,0.000000000000000000e+00,0.000000000000000000e+00
4.787867764426265893e+01,0.000000000000000000e+00,0.000000000000000000e+00
4.829618374457763252e+01,0.000000000000000000e+00,0.000000000000000000e+00
4.621572469713202480e+01,0.000000000000000000e+00,0.000000000000000000e+00
4.664417137947300773e+01,0.000000000000000000e+00,0.000000000000000000e+00
4.686228975850589507e+01,0.000000000000000000e+00,0.000000000000000000e+00
4.509883962611677077e+01,0.000000000000000000e+00,0.000000000000000000e+00
4.851573310899756564e+01,0.000000000000000000e+00,0.000000000000000000e+00
4.582195893860563274e+01,0.000000000000000000e+00,0.000000000000000000e+00
4.589789890048493959e+01,0.000000000000000000e+00,0.000000000000000000e+00
4.612723049541350662e+01,0.000000000000000000e+00,0.000000000000000000e+00
4.593401313156000043e+01,0.000000000000000000e+00,0.000000000000000000e+00
4.749661097824885303e+01,0.000000000000000000e+00,0.000000000000000000e+00
4.681391247811598788e+01,0.000000000000000000e+00,0.000000000000000000e+00
4.633165114773035498e+01,0.000000000000000000e+00,0.000000000000000000e+00
4.557537629266513335e+01,0.000000000000000000e+00,0.000000000000000000e+00
4.740827219743870558e+01,0.000000000000000000e+00,0.000000000000000000e+00
4.299066498781851919e+01,0.000000000000000000e+00,0.000000000000000000e+00
4.403808713194074187e+01,0.000000000000000000e+00,0.000000000000000000e+00
4.498672834903428708e+01,0.000000000000000000e+00,0.000000000000000000e+00
4.802568385439115417e+01,0.000000000000000000e+00,0.000000000000000000e+00
4.462896459027891183e+01,0.000000000000000000e+00,0.000000000000000000e+00
4.551735355249351755e+01,0.000000000000000000e+00,0.000000000000000000e+00
4.438677263632197167e+01,0.000000000000000000e+00,0.000000000000000000e+00
4.385125027773041495e+01,0.000000000000000000e+00,0.000000000000000000e+00
4.301651387780380986e+01,0.000000000000000000e+00,0.000000000000000000e+00
4.511341090198705217e+01,0.000000000000000000e+00,0.000000000000000000e+00
4.199565448268480594e+01,0.000000000000000000e+00,0.000000000000000000e+00
4.297261357981098939e+01,0.000000000000000000e+00,0.000000000000000000e+00
4.773684502070156555e+01,0.000000000000000000e+00,0.000000000000000000e+00
4.525103155580614356e+01,0.000000000000000000e+00,0.000000000000000000e+00
4.273261078568599203e+01,0.000000000000000000e+00,0.000000000000000000e+00
4.338638792918625597e+01,0.000000000000000000e+00,0.000000000000000000e+00
4.379211172300225741e+01,0.000000000000000000e+00,0.000000000000000000e+00
4.386334510155605670e+01,0.000000000000000000e+00,0.000000000000000000e+00
4.410232784358314717e+01,0.000000000000000000e+00,0.000000000000000000e+00
4.220372627169557944e+01,0.000000000000000000e+00,0.000000000000000000e+00
4.881789620184112266e+01,0.000000000000000000e+00,0.000000000000000000e+00
4.219396750691257836e+01,0.000000000000000000e+00,0.000000000000000000e+00
3.858689715121101926e+01,0.000000000000000000e+00,0.000000000000000000e+00
4.360808621556730458e+01,0.000000000000000000e+00,0.000000000000000000e+00
4.432366498518724995e+01,0.000000000000000000e+00,0.000000000000000000e+00
4.298252237303556456e+01,0.000000000000000000e+00,0.000000000000000000e+00
4.395998076244792685e+01,0.000000000000000000e+00,0.000000000000000000e+00
4.729828736870062045e+01,0.000000000000000000e+00,0.000000000000000000e+00
4.380632434382686569e+01,0.000000000000000000e+00,0.000000000000000000e+00
4.191288235700743314e+01,0.000000000000000000e+00,0.000000000000000000e+00
4.054062310454508378e+01,0.000000000000000000e+00,0.000000000000000000e+00
4.009451640970105046e+01,0.000000000000000000e+00,0.000000000000000000e+00
4.193926741006423242e+01,0.000000000000000000e+00,0.000000000000000000e+00
4.104285402437625407e+01,0.000000000000000000e+00,0.000000000000000000e+00
4.226016650742013780e+01,0.000000000000000000e+00,0.000000000000000000e+00
4.214625585885541170e+01,0.000000000000000000e+00,0.000000000000000000e+00
4.320451715134779391e+01,0.000000000000000000e+00,0.000000000000000000e+00
4.081028329398413490e+01,0.000000000000000000e+00,0.000000000000000000e+00
4.319976112090641607e+01,0.000000000000000000e+00,0.000000000000000000e+00
4.225139806122170683e+01,0.000000000000000000e+00,0.000000000000000000e+00
3.834593115389019147e+01,0.000000000000000000e+00,0.000000000000000000e+00
4.143442910852209593e+01,0.000000000000000000e+00,0.000000000000000000e+00
4.178983452674704324e+01,0.000000000000000000e+00,0.000000000000000000e+00
4.170383809293115007e+01,0.000000000000000000e+00,0.000000000000000000e+00
4.236456121957998278e+01,0.000000000000000000e+00,0.000000000000000000e+00
3.939753079181074469e+01,0.000000000000000000e+00,0.000000000000000000e+00
4.221834699194412366e+01,0.000000000000000000e+00,0.000000000000000000e+00
4.332346708739175511e+01,0.000000000000000000e+00,0.000000000000000000e+00
3.973564418669932508e+01,0.000000000000000000e+00,0.000000000000000000e+00
4.124579071211905301e+01,0.000000000000000000e+00,0.000000000000000000e+00
4.387391082225080652e+01,0.000000000000000000e+00,0.000000000000000000e+00
3.939617937450866236e+01,0.000000000000000000e+00,0.000000000000000000e+00
3.811135506266933959e+01,0.000000000000000000e+00,0.000000000000000000e+00
4.356292665470399328e+01,0.000000000000000000e+00,0.000000000000000000e+00
4.186696732447318681e+01,0.000000000000000000e+00,0.000000000000000000e+00
3.597882924423837636e+01,0.000000000000000000e+00,0.000000000000000000e+00
4.046202797246527894e+01,0.000000000000000000e+00,0.000000000000000000e+00
4.241898220595664526e+01,0.000000000000000000e+00,0.000000000000000000e+00
4.520239758800752838e+01,0.000000000000000000e+00,0.000000000000000000e+00
3.807833111875731902e+01,0.000000000000000000e+00,0.000000000000000000e+00
4.092338928215615823e+01,0.000000000000000000e+00,0.000000000000000000e+00
4.033573051908705054e+01,0.000000000000000000e+00,0.000000000000000000e+00
3.646456302371862535e+01,0.000000000000000000e+00,0.000000000000000000e+00
4.219299251194625811e+01,0.000000000000000000e+00,0.000000000000000000e+00
3.767590540826545720e+01,0.000000000000000000e+00,0.000000000000000000e+00
3.754152192839497815e+01,0.000000000000000000e+00,0.000000000000000000e+00
3.660267981381612401e+01,0.000000000000000000e+00,0.000000000000000000e+00
4.140467168566087963e+01,0.000000000000000000e+00,0.000000000000000000e+00
4.108902270677484125e+01,0.000000000000000000e+00,0.000000000000000000e+00
3.889793632784824240e+01,0.000000000000000000e+00,0.000000000000000000e+00
3.808674833473221355e+01,0.000000000000000000e+00,0.000000000000000000e+00
3.803106547709408858e+01,0.000000000000000000e+00,0.000000000000000000e+00
3.838168970374133693e+01,0.000000000000000000e+00,0.000000000000000000e+00
3.984972574516996247e+01,0.000000000000000000e+00,0.000000000000000000e+00
3.548417999868892991e+01,0.000000000000000000e+00,0.000000000000000000e+00
3.995017321799443266e+01,0.000000000000000000e+00,0.000000000000000000e+00
3.513973269785613240e+01,0.000000000000000000e+00,0.000000000000000000e+00
3.573419565592023872e+01,0.000000000000000000e+00,0.000000000000000000e+00
3.699054469676995183e+01,0.000000000000000000e+00,0.000000000000000000e+00
4.059700271744099354e+01,0.000000000000000000e+00,0.000000000000000000e+00
4.090092539773281999e+01,0.000000000000000000e+00,0.000000000000000000e+00
3.913126310213708337e+01,0.000000000000000000e+00,0.000000000000000000e+00
3.747585365022561632e+01,0.000000000000000000e+00,0.000000000000000000e+00
3.719393338321529541e+01,0.000000000000000000e+00,0.000000000000000000e+00
3.590830376106961808e+01,0.000000000000000000e+00,0.000000000000000000e+00
3.777998513137814030e+01,0.000000000000000000e+00,0.000000000000000000e+00
3.645871494806502255e+01,0.000000000000000000e+00,0.000000000000000000e+00
3.623597078496444368e+01,0.000000000000000000e+00,0.000000000000000000e+00
3.852520278475490301e+01,0.000000000000000000e+00,0.000000000000000000e+00
4.109473330641561972e+01,0.000000000000000000e+00,0.000000000000000000e+00
3.906353746350040268e+01,0.000000000000000000e+00,0.000000000000000000e+00
3.687617959643692700e+01,0.000000000000000000e+00,0.000000000000000000e+00
3.478274995703466743e+01,0.000000000000000000e+00,0.000000000000000000e+00
3.718706529406911443e+01,0.000000000000000000e+00,0.000000000000000000e+00
3.238678101820289612e+01,0.000000000000000000e+00,0.000000000000000000e+00
3.662952541814752294e+01,0.000000000000000000e+00,0.000000000000000000e+00
3.772018461610581852e+01,0.000000000000000000e+00,0.000000000000000000e+00
3.837942230033029034e+01,0.000000000000000000e+00,0.000000000000000000e+00
3.718714097383948314e+01,0.000000000000000000e+00,0.000000000000000000e+00
3.534315254285895946e+01,0.000000000000000000e+00,0.000000000000000000e+00
3.689478606354934698e+01,0.000000000000000000e+00,0.000000000000000000e+00
3.777672541096981007e+01,0.000000000000000000e+00,0.000000000000000000e+00
3.938768513881589683e+01,0.000000000000000000e+00,0.000000000000000000e+00
3.826605502540681414e+01,0.000000000000000000e+00,0.000000000000000000e+00
4.006899651954696395e+01,0.000000000000000000e+00,0.000000000000000000e+00
3.551811496604135243e+01,0.000000000000000000e+00,0.000000000000000000e+00
4.162883838672192383e+01,0.000000000000000000e+00,0.000000000000000000e+00
3.706624825959900704e+01,0.000000000000000000e+00,0.000000000000000000e+00
3.573008844651715776e+01,0.000000000000000000e+00,0.000000000000000000e+00
3.312131344457827709e+01,0.000000000000000000e+00,0.000000000000000000e+00
3.828065912012516492e+01,0.000000000000000000e+00,0.000000000000000000e+00
3.832396222965552823e+01,0.000000000000000000e+00,0.000000000000000000e+00
3.281347485382057982e+01,0.000000000000000000e+00,0.000000000000000000e+00
3.516091650338860575e+01,0.000000000000000000e+00,0.000000000000000000e+00
3.797843703409147764e+01,0.000000000000000000e+00,0.000000000000000000e+00
3.965335576420966390e+01,0.000000000000000000e+00,0.000000000000000000e+00
3.293445182330748366e+01,0.000000000000000000e+00,0.000000000000000000e+00
3.493827583490082844e+01,0.000000000000000000e+00,0.000000000000000000e+00
3.957393609170367199e+01,0.000000000000000000e+00,0.000000000000000000e+00
3.459002123827053765e+01,0.000000000000000000e+00,0.000000000000000000e+00
3.636307320340714000e+01,0.000000000000000000e+00,0.000000000000000000e+00
3.413093889497997679e+01,0.000000000000000000e+00,0.000000000000000000e+00
3.456018187405943110e+01,0.000000000000000000e+00,0.000000000000000000e+00
3.853351096145974708e+01,0.000000000000000000e+00,0.000000000000000000e+00
3.727400443343361047e+01,0.000000000000000000e+00,0.000000000000000000e+00
3.406757164393925308e+01,0.000000000000000000e+00,0.000000000000000000e+00
3.479166524596250554e+01,0.000000000000000000e+00,0.000000000000000000e+00
3.598707808708446976e+01,0.000000000000000000e+00,0.000000000000000000e+00
3.554792102833025780e+01,0.000000000000000000e+00,0.000000000000000000e+00
3.431394172083891903e+01,0.000000000000000000e+00,0.000000000000000000e+00
3.367024797125207414e+01,0.000000000000000000e+00,0.000000000000000000e+00
3.362054338742200343e+01,0.000000000000000000e+00,0.000000000000000000e+00
3.545257700923899336e+01,0.000000000000000000e+00,0.000000000000000000e+00
3.527387355500405874e+01,0.000000000000000000e+00,0.000000000000000000e+00
3.409249460270799403e+01,0.000000000000000000e+00,0.000000000000000000e+00
3.433171519082922174e+01,0.000000000000000000e+00,0.000000000000000000e+00
3.317127380534871861e+01,0.000000000000000000e+00,0.000000000000000000e+00
3.693745734570732253e+01,0.000000000000000000e+00,0.000000000000000000e+00
3.519699203110204877e+01,0.000000000000000000e+00,0.000000000000000000e+00
2.915414388002247748e+01,0.000000000000000000e+00,0.000000000000000000e+00
3.683211801288923226e+01,0.000000000000000000e+00,0.000000000000000000e+00
3.163033947943462465e+01,0.000000000000000000e+00,0.000000000000000000e+00
3.390977327772430527e+01,0.000000000000000000e+00,0.000000000000000000e+00
3.383609647608517434e+01,0.000000000000000000e+00,0.000000000000000000e+00
3.275381720236489969e+01,0.000000000000000000e+00,0.000000000000000000e+00
3.526613445697491045e+01,0.000000000000000000e+00,0.000000000000000000e+00
3.396363467610790821e+01,0.000000000000000000e+00,0.000000000000000000e+00
3.082690872205476751e+01,0.000000000000000000e+00,0.000000000000000000e+00
3.327569543271878416e+01,0.000000000000000000e+00,0.000000000000000000e+00
3.520119411479282689e+01,0.000000000000000000e+00,0.000000000000000000e+00
3.232695570717960010e+01,0.000000000000000000e+00,0.000000000000000000e+00
3.221822862468678750e+01,0.000000000000000000e+00,0.000000000000000000e+00
3.012179337958777836e+01,0.000000000000000000e+00,0.000000000000000000e+00
3.397337983024078056e+01,0.000000000000000000e+00,0.000000000000000000e+00
2.962961129633882962e+01,0.000000000000000000e+00,0.000000000000000000e+00
3.349780981127579338e+01,0.000000000000000000e+00,0.000000000000000000e+00
3.226608237615138108e+01,0.000000000000000000e+00,0.000000000000000000e+00
3.281507024687849849e+01,0.000000000000000000e+00,0.000000000000000000e+00
3.548308674006642605e+01,0.000000000000000000e+00,0.000000000000000000e+00
3.121679575133196849e+01,0.000000000000000000e+00,0.000000000000000000e+00
3.145403089052688728e+01,0.000000000000000000e+00,0.000000000000000000e+00
3.350020551697721061e+01,0.000000000000000000e+00,0.000000000000000000e+00
3.150651373802478972e+01,0.000000000000000000e+00,0.000000000000000000e+00
3.279345171880966348e+01,0.000000000000000000e+00,0.000000000000000000e+00
3.129825434258150452e+01,0.000000000000000000e+00,0.000000000000000000e+00
3.080977348621845735e+01,0.000000000000000000e+00,0.000000000000000000e+00
3.342774090180465407e+01,0.000000000000000000e+00,0.000000000000000000e+00
3.217623574719200974e+01,0.000000000000000000e+00,0.000000000000000000e+00
3.286246606854398777e+01,0.000000000000000000e+00,0.000000000000000000e+00
3.161852799320205065e+01,0.000000000000000000e+00,0.000000000000000000e+00
3.367943090339654333e+01,0.000000000000000000e+00,0.000000000000000000e+00
3.044927450450925832e+01,0.000000000000000000e+00,0.000000000000000000e+00
3.312926500273101027e+01,0.000000000000000000e+00,0.000000000000000000e+00
3.282791629846741444e+01,0.000000000000000000e+00,0.000000000000000000e+00
3.358586690895716487e+01,0.000000000000000000e+00,0.000000000000000000e+00
3.144747736795937598e+01,0.000000000000000000e+00,0.000000000000000000e+00
2.668003831374645785e+01,0.000000000000000000e+00,0.000000000000000000e+00
3.272960008234158380e+01,0.000000000000000000e+00,0.000000000000000000e+00
3.171239884168629075e+01,0.000000000000000000e+00,0.000000000000000000e+00
3.191483314639161861e+01,0.000000000000000000e+00,0.000000000000000000e+00
2.851554442832271974e+01,0.000000000000000000e+00,0.000000000000000000e+00
2.864391621661348353e+01,0.000000000000000000e+00,0.000000000000000000e+00
3.069678469586775904e+01,0.000000000000000000e+00,0.000000000000000000e+00
3.200179959941929297e+01,0.000000000000000000e+00,0.000000000000000000e+00
3.219939896236354571e+01,0.000000000000000000e+00,0.000000000000000000e+00
3.284943123388001140e+01,0.000000000000000000e+00,0.000000000000000000e+00
3.061898728491641819e+01,0.000000000000000000e+00,0.000000000000000000e+00
3.305265833594373248e+01,0.000000000000000000e+00,0.000000000000000000e+00
2.906453845987033091e+01,0.000000000000000000e+00,0.000000000000000000e+00
3.069580307195429469e+01,0.000000000000000000e+00,0.000000000000000000e+00
2.800384388099482180e+01,0.000000000000000000e+00,0.000000000000000000e+00
3.050904450424237879e+01,0.000000000000000000e+00,0.000000000000000000e+00
2.891052077220227901e+01,0.000000000000000000e+00,0.000000000000000000e+00
3.168960900355945398e+01,0.000000000000000000e+00,0.000000000000000000e+00
2.979733301969880088e+01,0.000000000000000000e+00,0.000000000000000000e+00
2.981345617836576167e+01,0.000000000000000000e+00,0.000000000000000000e+00
2.940829012226918238e+01,0.000000000000000000e+00,0.000000000000000000e+00
2.868450560998376275e+01,0.000000000000000000e+00,0.000000000000000000e+00
2.714961713167415880e+01,0.000000000000000000e+00,0.000000000000000000e+00
3.157868379105989121e+01,0.000000000000000000e+00,0.000000000000000000e+00
3.159561317353971788e+01,0.000000000000000000e+00,0.000000000000000000e+00
3.260136104148944014e+01,0.000000000000000000e+00,0.000000000000000000e+00
2.752434494524438335e+01,0.000000000000000000e+00,0.000000000000000000e+00
2.962256484455981820e+01,0.000000000000000000e+00,0.000000000000000000e+00
2.904402633688478019e+01,0.000000000000000000e+00,0.000000000000000000e+00
2.519043580777733027e+01,0.000000000000000000e+00,0.000000000000000000e+00
2.939728036480688189e+01,0.000000000000000000e+00,0.000000000000000000e+00
3.219300363730032188e+01,0.000000000000000000e+00,0.000000000000000000e+00
3.060585141795317909e+01,0.000000000000000000e+00,0.000000000000000000e+00
3.147731570377708366e+01,0.000000000000000000e+00,0.000000000000000000e+00
2.752297645109429425e+01,0.000000000000000000e+00,0.000000000000000000e+00
3.004647186987766361e+01,0.000000000000000000e+00,0.000000000000000000e+00
2.883148815537568055e+01,0.000000000000000000e+00,0.000000000000000000e+00
3.227064820338023310e+01,0.000000000000000000e+00,0.000000000000000000e+00
2.951020648754916920e+01,0.000000000000000000e+00,0.000000000000000000e+00
2.818856052437050153e+01,0.000000000000000000e+00,0.000000000000000000e+00
2.931661121712646434e+01,0.000000000000000000e+00,0.000000000000000000e+00
2.862262892493385635e+01,0.000000000000000000e+00,0.000000000000000000e+00
3.106293214608740527e+01,0.000000000000000000e+00,0.000000000000000000e+00
3.226579855898386739e+01,0.000000000000000000e+00,0.000000000000000000e+00
2.572264369084244962e+01,0.000000000000000000e+00,0.000000000000000000e+00
2.736541087985375853e+01,0.000000000000000000e+00,0.000000000000000000e+00
2.585181470676558035e+01,0.000000000000000000e+00,0.000000000000000000e+00
2.952870149306726688e+01,0.000000000000000000e+00,0.000000000000000000e+00
2.732371054290945978e+01,0.000000000000000000e+00,0.000000000000000000e+00
2.964838560769482712e+01,0.000000000000000000e+00,0.000000000000000000e+00
2.873735409541647101e+01,0.000000000000000000e+00,0.000000000000000000e+00
2.684629525517294013e+01,0.000000000000000000e+00,0.000000000000000000e+00
2.878651287964128258e+01,0.000000000000000000e+00,0.000000000000000000e+00
2.817535967637100569e+01,0.000000000000000000e+00,0.000000000000000000e+00
2.663197252932934944e+01,0.000000000000000000e+00,0.000000000000000000e+00
2.857391520226165227e+01,0.000000000000000000e+00,0.000000000000000000e+00
2.772573914802903516e+01,0.000000000000000000e+00,0.000000000000000000e+00
2.903530941009029220e+01,0.000000000000000000e+00,0.000000000000000000e+00
2.846331863724763878e+01,0.000000000000000000e+00,0.000000000000000000e+00
2.716895708136852150e+01,0.000000000000000000e+00,0.000000000000000000e+00
2.516702317121031740e+01,0.000000000000000000e+00,0.000000000000000000e+00
2.772233621296772199e+01,0.000000000000000000e+00,0.000000000000000000e+00
2.988246650746071609e+01,0.000000000000000000e+00,0.000000000000000000e+00
2.817280491850580759e+01,0.000000000000000000e+00,0.000000000000000000e+00
2.998526285937278502e+01,0.000000000000000000e+00,0.000000000000000000e+00
3.207329969260017322e+01,0.000000000000000000e+00,0.000000000000000000e+00
2.649721215395500451e+01,0.000000000000000000e+00,0.000000000000000000e+00
2.666053010815728186e+01,0.000000000000000000e+00,0.000000000000000000e+00
2.591008774796038949e+01,0.000000000000000000e+00,0.000000000000000000e+00
2.749150994872422160e+01,0.000000000000000000e+00,0.000000000000000000e+00
2.742914047277400513e+01,0.000000000000000000e+00,0.000000000000000000e+00
3.071708097435089257e+01,0.000000000000000000e+00,0.000000000000000000e+00
2.126221998860652107e+01,0.000000000000000000e+00,0.000000000000000000e+00
2.377253847108044482e+01,0.000000000000000000e+00,0.000000000000000000e+00
2.627674542491292087e+01,0.000000000000000000e+00,0.000000000000000000e+00
2.607909698013403599e+01,0.000000000000000000e+00,0.000000000000000000e+00
2.555462192475965111e+01,0.000000000000000000e+00,0.000000000000000000e+00
1.954421755829827134e+01,0.000000000000000000e+00,0.000000000000000000e+00
2.818113510932194288e+01,0.000000000000000000e+00,0.000000000000000000e+00
2.609733762929885970e+01,0.000000000000000000e+00,0.000000000000000000e+00
2.926690839091179086e+01,0.000000000000000000e+00,0.000000000000000000e+00
2.317884678826106892e+01,0.000000000000000000e+00,0.000000000000000000e+00
2.665790882384985849e+01,0.000000000000000000e+00,0.000000000000000000e+00
2.700413662664012548e+01,0.000000000000000000e+00,0.000000000000000000e+00
2.710583486518229890e+01,0.000000000000000000e+00,0.000000000000000000e+00
2.595880865436913609e+01,0.000000000000000000e+00,0.000000000000000000e+00
2.481540442525872692e+01,0.000000000000000000e+00,0.000000000000000000e+00
2.683886958758911234e+01,0.000000000000000000e+00,0.000000000000000000e+00
2.997221484809953651e+01,0.000000000000000000e+00,0.000000000000000000e+00
2.491959732216317036e+01,0.000000000000000000e+00,0.000000000000000000e+00
2.568144694828263042e+01,0.000000000000000000e+00,0.000000000000000000e+00
2.299872858731849234e+01,0.000000000000000000e+00,0.000000000000000000e+00
2.683467508722135619e+01,0.000000000000000000e+00,0.000000000000000000e+00
2.484643752824624130e+01,0.000000000000000000e+00,0.000000000000000000e+00
3.036882304435923530e+01,0.000000000000000000e+00,0.000000000000000000e+00
2.731375766382484827e+01,0.000000000000000000e+00,0.000000000000000000e+00
2.485329174383870310e+01,0.000000000000000000e+00,0.000000000000000000e+00
2.621232444048031596e+01,0.000000000000000000e+00,0.000000000000000000e+00
2.852481634926927967e+01,0.000000000000000000e+00,0.000000000000000000e+00
2.543116831640075759e+01,0.000000000000000000e+00,0.000000000000000000e+00
2.532031793314974166e+01,0.000000000000000000e+00,0.000000000000000000e+00
2.985571529317481776e+01,0.000000000000000000e+00,0.000000000000000000e+00
2.388577952107431557e+01,0.000000000000000000e+00,0.000000000000000000e+00
2.893494729253106712e+01,0.000000000000000000e+00,0.000000000000000000e+00
2.598842700406328632e+01,0.000000000000000000e+00,0.000000000000000000e+00
2.561739699487058175e+01,0.000000000000000000e+00,0.000000000000000000e+00
2.885301224009808507e+01,0.000000000000000000e+00,0.000000000000000000e+00
2.503514703232159277e+01,0.000000000000000000e+00,0.000000000000000000e+00
2.721529662148585871e+01,0.000000000000000000e+00,0.000000000000000000e+00
2.431451935078183624e+01,0.000000000000000000e+00,0.000000000000000000e+00
2.522996176305237626e+01,0.000000000000000000e+00,0.000000000000000000e+00
2.545972177637910505e+01,0.000000000000000000e+00,0.000000000000000000e+00
2.781989511903852019e+01,0.000000000000000000e+00,0.000000000000000000e+00
2.616549962545398955e+01,0.000000000000000000e+00,0.000000000000000000e+00
2.523572226100524674e+01,0.000000000000000000e+00,0.000000000000000000e+00
2.162169488064584399e+01,0.000000000000000000e+00,0.000000000000000000e+00
2.500944817187714975e+01,0.000000000000000000e+00,0.000000000000000000e+00
2.538142334895017882e+01,0.000000000000000000e+00,0.000000000000000000e+00
2.776070528601935195e+01,0.000000000000000000e+00,0.000000000000000000e+00
2.647963355463713597e+01,0.000000000000000000e+00,0.000000000000000000e+00
2.222035038787436534e+01,0.000000000000000000e+00,0.000000000000000000e+00
2.370043157368000308e+01,0.000000000000000000e+00,0.000000000000000000e+00
2.449586846288499231e+01,0.000000000000000000e+00,0.000000000000000000e+00
2.434395377539921057e+01,0.000000000000000000e+00,0.000000000000000000e+00
2.272214956109621298e+01,0.000000000000000000e+00,0.000000000000000000e+00
2.311038614983396400e+01,0.000000000000000000e+00,0.000000000000000000e+00
2.881291664726114021e+01,0.000000000000000000e+00,0.000000000000000000e+00
2.274992968916748382e+01,0.000000000000000000e+00,0.000000000000000000e+00
2.364920989842669741e+01,0.000000000000000000e+00,0.000000000000000000e+00
2.540821015229470348e+01,0.000000000000000000e+00,0.000000000000000000e+00
2.329929670473579151e+01,0.000000000000000000e+00,0.000000000000000000e+00
2.545423727874115727e+01,0.000000000000000000e+00,0.000000000000000000e+00
2.705567691476711190e+01,0.000000000000000000e+00,0.000000000000000000e+00
2.577847867571110640e+01,0.000000000000000000e+00,0.000000000000000000e+00
2.372979154542519709e+01,0.000000000000000000e+00,0.000000000000000000e+00
2.082189384989145253e+01,0.000000000000000000e+00,0.000000000000000000e+00
2.244142003605406899e+01,0.000000000000000000e+00,0.000000000000000000e+00
2.352711439038988672e+01,0.000000000000000000e+00,0.000000000000000000e+00
2.280688836214748960e+01,0.000000000000000000e+00,0.000000000000000000e+00
2.294029649042562724e+01,0.000000000000000000e+00,0.000000000000000000e+00
2.410996159340358602e+01,0.000000000000000000e+00,0.000000000000000000e+00
2.170386699070542136e+01,0.000000000000000000e+00,0.000000000000000000e+00
2.419541655464821872e+01,0.000000000000000000e+00,0.000000000000000000e+00
2.141885139488759293e+01,0.000000000000000000e+00,0.000000000000000000e+00
2.553289573889843567e+01,0.000000000000000000e+00,0.000000000000000000e+00
2.430914788241124569e+01,0.000000000000000000e+00,0.000000000000000000e+00
2.485269625401900484e+01,0.000000000000000000e+00,0.000000000000000000e+00
2.142819994289949648e+01,0.000000000000000000e+00,0.000000000000000000e+00
2.293455364719903145e+01,0.000000000000000000e+00,0.000000000000000000e+00
2.495108842111055480e+01,0.000000000000000000e+00,0.000000000000000000e+00
2.138994783031008495e+01,0.000000000000000000e+00,0.000000000000000000e+00
2.170770346995495004e+01,0.000000000000000000e+00,0.000000000000000000e+00
2.485389013430641825e+01,0.000000000000000000e+00,0.000000000000000000e+00
2.457081255741618975e+01,0.000000000000000000e+00,0.000000000000000000e+00
2.479150772729309438e+01,0.000000000000000000e+00,0.000000000000000000e+00
2.439325094174819952e+01,0.000000000000000000e+00,0.000000000000000000e+00
2.354545608567119430e+01,0.000000000000000000e+00,0.000000000000000000e+00
2.212404983875416065e+01,0.000000000000000000e+00,0.000000000000000000e+00
2.300587581664971637e+01,0.000000000000000000e+00,0.000000000000000000e+00
2.553445134651850168e+01,0.000000000000000000e+00,0.000000000000000000e+00
2.302288940955981644e+01,0.000000000000000000e+00,0.000000000000000000e+00
2.102801831077834294e+01,0.000000000000000000e+00,0.000000000000000000e+00
2.231263543254974380e+01,0.000000000000000000e+00,0.000000000000000000e+00
2.064836117296310647e+01,0.000000000000000000e+00,0.000000000000000000e+00
2.438437893901351217e+01,0.000000000000000000e+00,0.000000000000000000e+00
2.097336601538875200e+01,0.000000000000000000e+00,0.000000000000000000e+00
2.152627360845580640e+01,0.000000000000000000e+00,0.000000000000000000e+00
2.671791199104312753e+01,0.000000000000000000e+00,0.000000000000000000e+00
2.877040200133952652e+01,0.000000000000000000e+00,0.000000000000000000e+00
2.318153461248549618e+01,0.000000000000000000e+00,0.000000000000000000e+00
2.143431261396424503e+01,0.000000000000000000e+00,0.000000000000000000e+00
2.160431311274062338e+01,0.000000000000000000e+00,0.000000000000000000e+00
2.188684301168918012e+01,0.000000000000000000e+00,0.000000000000000000e+00
2.080316703568905012e+01,0.000000000000000000e+00,0.000000000000000000e+00
2.433935344935249745e+01,0.000000000000000000e+00,0.000000000000000000e+00
2.277121245854521803e+01,0.000000000000000000e+00,0.000000000000000000e+00
2.183738345381013346e+01,0.000000000000000000e+00,0.000000000000000000e+00
2.131206637468917009e+01,0.000000000000000000e+00,0.000000000000000000e+00
2.111436420486035459e+01,0.000000000000000000e+00,0.000000000000000000e+00
2.396004184509293822e+01,0.000000000000000000e+00,0.000000000000000000e+00
2.132838659948332705e+01,0.000000000000000000e+00,0.000000000000000000e+00
2.362001483052785744e+01,0.000000000000000000e+00,0.000000000000000000e+00
2.314841536807076849e+01,0.000000000000000000e+00,0.000000000000000000e+00
1.967820739426304755e+01,0.000000000000000000e+00,0.000000000000000000e+00
2.160171539498990967e+01,0.000000000000000000e+00,0.000000000000000000e+00
2.275248254555807748e+01,0.000000000000000000e+00,0.000000000000000000e+00
2.477573910039687988e+01,0.000000000000000000e+00,0.000000000000000000e+00
2.328891306029064623e+01,0.000000000000000000e+00,0.000000000000000000e+00
2.181161499652380442e+01,0.000000000000000000e+00,0.000000000000000000e+00
2.280337317770828065e+01,0.000000000000000000e+00,0.000000000000000000e+00
2.441100160693787657e+01,0.000000000000000000e+00,0.000000000000000000e+00
2.231587046502098204e+01,0.000000000000000000e+00,0.000000000000000000e+00
2.039098449879849184e+01,0.000000000000000000e+00,0.000000000000000000e+00
1.840216685662610274e+01,0.000000000000000000e+00,0.000000000000000000e+00
2.480542717881806780e+01,0.000000000000000000e+00,0.000000000000000000e+00
2.184133257828763064e+01,0.000000000000000000e+00,0.000000000000000000e+00
2.240972158257506308e+01,0.000000000000000000e+00,0.000000000000000000e+00
2.064496270291891733e+01,0.000000000000000000e+00,0.000000000000000000e+00
2.411202489211066791e+01,0.000000000000000000e+00,0.000000000000000000e+00
1.987460541231453703e+01,0.000000000000000000e+00,0.000000000000000000e+00
2.179975363869817784e+01,0.000000000000000000e+00,0.000000000000000000e+00
1.707236567757068002e+01,0.000000000000000000e+00,0.000000000000000000e+00
2.368499656523310648e+01,0.000000000000000000e+00,0.000000000000000000e+00
1.956714428765815583e+01,0.000000000000000000e+00,0.000000000000000000e+00
2.167515911034080034e+01,0.000000000000000000e+00,0.000000000000000000e+00
2.570920045618965588e+01,0.000000000000000000e+00,0.000000000000000000e+00
2.674755607952335978e+01,0.000000000000000000e+00,0.000000000000000000e+00
1.948475893613606402e+01,0.000000000000000000e+00,0.000000000000000000e+00
2.222702761595174437e+01,0.000000000000000000e+00,0.000000000000000000e+00
1.808434490612406265e+01,0.000000000000000000e+00,0.000000000000000000e+00
2.472344492509664704e+01,0.000000000000000000e+00,0.000000000000000000e+00
2.206115648741895541e+01,0.000000000000000000e+00,0.000000000000000000e+00
2.039982726838229610e+01,0.000000000000000000e+00,0.000000000000000000e+00
1.972619501821267463e+01,0.000000000000000000e+00,0.000000000000000000e+00
1.940228318287053355e+01,0.000000000000000000e+00,0.000000000000000000e+00
2.003792743656359221e+01,0.000000000000000000e+00,0.000000000000000000e+00
2.159457605920367129e+01,0.000000000000000000e+00,0.000000000000000000e+00
2.337673055753952411e+01,0.000000000000000000e+00,0.000000000000000000e+00
2.098962600112324850e+01,0.000000000000000000e+00,0.000000000000000000e+00
2.237922022444189807e+01,0.000000000000000000e+00,0.000000000000000000e+00
2.593151790267446444e+01,0.000000000000000000e+00,0.000000000000000000e+00
2.530547618767639761e+01,0.000000000000000000e+00,0.000000000000000000e+00
1.770922430671144809e+01,0.000000000000000000e+00,0.000000000000000000e+00
1.976416411865388412e+01,0.000000000000000000e+00,0.000000000000000000e+00
1.962600043791750082e+01,0.000000000000000000e+00,0.000000000000000000e+00
2.199125948381457718e+01,0.000000000000000000e+00,0.000000000000000000e+00
1.916905032479268911e+01,0.000000000000000000e+00,0.000000000000000000e+00
2.059813087541672161e+01,0.000000000000000000e+00,0.000000000000000000e+00
2.054730565139185927e+01,0.000000000000000000e+00,0.000000000000000000e+00
2.278672920912132582e+01,0.000000000000000000e+00,0.000000000000000000e+00
1.778725727903128728e+01,0.000000000000000000e+00,0.000000000000000000e+00
2.477694180298647808e+01,0.000000000000000000e+00,0.000000000000000000e+00
1.757832584989021285e+01,0.000000000000000000e+00,0.000000000000000000e+00
1.961562784611177079e+01,0.000000000000000000e+00,0.000000000000000000e+00
1.616793845243768857e+01,0.000000000000000000e+00,0.000000000000000000e+00
2.028475772934996613e+01,0.000000000000000000e+00,0.000000000000000000e+00
2.361659022632534644e+01,0.000000000000000000e+00,0.000000000000000000e+00
1.877732859815372990e+01,0.000000000000000000e+00,0.000000000000000000e+00
2.236333467182585721e+01,0.000000000000000000e+00,0.000000000000000000e+00
2.319706508289273472e+01,0.000000000000000000e+00,0.000000000000000000e+00
1.983024323222134910e+01,0.000000000000000000e+00,0.000000000000000000e+00
2.207423553668163407e+01,0.000000000000000000e+00,0.000000000000000000e+00
1.898067914574357218e+01,0.000000000000000000e+00,0.000000000000000000e+00
2.228808569782191285e+01,0.000000000000000000e+00,0.000000000000000000e+00
2.335845664668407196e+01,0.000000000000000000e+00,0.000000000000000000e+00
1.855921511741234653e+01,0.000000000000000000e+00,0.000000000000000000e+00
1.758227758045769917e+01,0.000000000000000000e+00,0.000000000000000000e+00
1.829732384681879864e+01,0.000000000000000000e+00,0.000000000000000000e+00
1.913035520196480022e+01,0.000000000000000000e+00,0.000000000000000000e+00
2.034334714622166018e+01,0.000000000000000000e+00,0.000000000000000000e+00
2.099972412465531946e+01,0.000000000000000000e+00,0.000000000000000000e+00
2.062344830994137368e+01,0.000000000000000000e+00,0.000000000000000000e+00
2.139142724184263145e+01,0.000000000000000000e+00,0.000000000000000000e+00
1.983835719467869296e+01,0.000000000000000000e+00,0.000000000000000000e+00
2.193756735790341850e+01,0.000000000000000000e+00,0.000000000000000000e+00
2.252959378055020068e+01,0.000000000000000000e+00,0.000000000000000000e+00
1.972052269867147345e+01,0.000000000000000000e+00,0.000000000000000000e+00
2.269129533953773148e+01,0.000000000000000000e+00,0.000000000000000000e+00
2.221621164905640811e+01,0.000000000000000000e+00,0.000000000000000000e+00
1.748491788345666009e+01,0.000000000000000000e+00,0.000000000000000000e+00
2.239999971335340234e+01,0.000000000000000000e+00,0.000000000000000000e+00
2.057883899926577342e+01,0.000000000000000000e+00,0.000000000000000000e+00
2.403579562385324664e+01,0.000000000000000000e+00,0.000000000000000000e+00
2.099224140016993800e+01,0.000000000000000000e+00,0.000000000000000000e+00
2.197759650155467526e+01,0.000000000000000000e+00,0.000000000000000000e+00
2.198304345888500677e+01,0.000000000000000000e+00,0.000000000000000000e+00
2.031292260551402507e+01,0.000000000000000000e+00,0.000000000000000000e+00
2.093303661162743978e+01,0.000000000000000000e+00,0.000000000000000000e+00
1.909746745127379342e+01,0.000000000000000000e+00,0.000000000000000000e+00
1.954900359082571271e+01,0.000000000000000000e+00,0.000000000000000000e+00
2.090045639038939740e+01,0.000000000000000000e+00,0.000000000000000000e+00
1.580962950451185733e+01,0.000000000000000000e+00,0.000000000000000000e+00
2.203065233413461144e+01,0.000000000000000000e+00,0.000000000000000000e+00
2.047432932424051089e+01,0.000000000000000000e+00,0.000000000000000000e+00
2.290994000174027079e+01,0.000000000000000000e+00,0.000000000000000000e+00
1.946230052897666951e+01,0.000000000000000000e+00,0.000000000000000000e+00
1.688385089995447785e+01,0.000000000000000000e+00,0.000000000000000000e+00
2.197204020212094733e+01,0.000000000000000000e+00,0.000000000000000000e+00
2.113353573936717922e+01,0.000000000000000000e+00,0.000000000000000000e+00
2.223304584717305943e+01,0.000000000000000000e+00,0.000000000000000000e+00
2.282037290022887177e+01,0.000000000000000000e+00,0.000000000000000000e+00
2.126692683562892583e+01,0.000000000000000000e+00,0.000000000000000000e+00
2.181219139023255948e+01,0.000000000000000000e+00,0.000000000000000000e+00
1.941295609666084943e+01,0.000000000000000000e+00,0.000000000000000000e+00
2.009808793478551792e+01,0.000000000000000000e+00,0.000000000000000000e+00
2.320162816869242306e+01,0.000000000000000000e+00,0.000000000000000000e+00
1.863151612355645526e+01,0.000000000000000000e+00,0.000000000000000000e+00
2.054296836213760713e+01,0.000000000000000000e+00,0.000000000000000000e+00
1.848713424620115831e+01,0.000000000000000000e+00,0.000000000000000000e+00
2.311758426230321817e+01,0.000000000000000000e+00,0.000000000000000000e+00
2.631519707886912940e+01,0.000000000000000000e+00,0.000000000000000000e+00
1.989111388424447568e+01,0.000000000000000000e+00,0.000000000000000000e+00
1.725946862304966345e+01,0.000000000000000000e+00,0.000000000000000000e+00
1.787446348854573586e+01,0.000000000000000000e+00,0.000000000000000000e+00
2.165236251758940966e+01,0.000000000000000000e+00,0.000000000000000000e+00
1.823998035372538240e+01,0.000000000000000000e+00,0.000000000000000000e+00
2.078386192851095160e+01,0.000000000000000000e+00,0.000000000000000000e+00
2.446455353498146934e+01,0.000000000000000000e+00,0.000000000000000000e+00
2.059123979285118722e+01,0.000000000000000000e+00,0.000000000000000000e+00
2.140313796756112552e+01,0.000000000000000000e+00,0.000000000000000000e+00
2.083221399841444921e+01,0.000000000000000000e+00,0.000000000000000000e+00
1.912071047854330885e+01,0.000000000000000000e+00,0.000000000000000000e+00
1.954470071615040538e+01,0.000000000000000000e+00,0.000000000000000000e+00
1.984995796340933438e+01,0.000000000000000000e+00,0.000000000000000000e+00
2.006614545031089136e+01,0.000000000000000000e+00,0.000000000000000000e+00
2.252155731603611244e+01,0.000000000000000000e+00,0.000000000000000000e+00
2.347322984331891860e+01,0.000000000000000000e+00,0.000000000000000000e+00
1.635669831140963382e+01,0.000000000000000000e+00,0.000000000000000000e+00
1.883758191999659459e+01,0.000000000000000000e+00,0.000000000000000000e+00
2.136485466311251713e+01,0.000000000000000000e+00,0.000000000000000000e+00
2.074561232531681654e+01,0.000000000000000000e+00,0.000000000000000000e+00
2.040218461505289937e+01,0.000000000000000000e+00,0.000000000000000000e+00
2.071760284314335010e+01,0.000000000000000000e+00,0.000000000000000000e+00
1.787890470266587783e+01,0.000000000000000000e+00,0.000000000000000000e+00
2.392908380285339476e+01,0.000000000000000000e+00,0.000000000000000000e+00
1.485066986360051899e+01,0.000000000000000000e+00,0.000000000000000000e+00
1.940410834735737211e+01,0.000000000000000000e+00,0.000000000000000000e+00
2.022546838241122202e+01,0.000000000000000000e+00,0.000000000000000000e+00
2.168642951544573805e+01,0.000000000000000000e+00,0.000000000000000000e+00
2.056240175400884596e+01,0.000000000000000000e+00,0.000000000000000000e+00
2.126899805190123871e+01,0.000000000000000000e+00,0.000000000000000000e+00
2.007925795260383239e+01,0.000000000000000000e+00,0.000000000000000000e+00
1.728225202666244087e+01,0.000000000000000000e+00,0.000000000000000000e+00
2.036578973531525705e+01,0.000000000000000000e+00,0.000000000000000000e+00
2.013743143928908097e+01,0.000000000000000000e+00,0.000000000000000000e+00
1.954089282721492182e+01,0.000000000000000000e+00,0.000000000000000000e+00
2.137042428344135914e+01,0.000000000000000000e+00,0.000000000000000000e+00
1.508942105764240793e+01,0.000000000000000000e+00,0.000000000000000000e+00
2.044620530877008591e+01,0.000000000000000000e+00,0.000000000000000000e+00
1.909616787128888404e+01,0.000000000000000000e+00,0.000000000000000000e+00
1.730706962267674243e+01,0.000000000000000000e+00,0.000000000000000000e+00
1.764449320295097223e+01,0.000000000000000000e+00,0.000000000000000000e+00
2.021616328884103098e+01,0.000000000000000000e+00,0.000000000000000000e+00
2.113649339102180491e+01,0.000000000000000000e+00,0.000000000000000000e+00
1.959590877977970891e+01,0.000000000000000000e+00,0.000000000000000000e+00
2.098437664586348461e+01,0.000000000000000000e+00,0.000000000000000000e+00
1.799341959845987304e+01,0.000000000000000000e+00,0.000000000000000000e+00
2.141174957370743215e+01,0.000000000000000000e+00,0.000000000000000000e+00
2.019609736569132963e+01,0.000000000000000000e+00,0.000000000000000000e+00
1.739000222307345922e+01,0.000000000000000000e+00,0.000000000000000000e+00
1.861069780503627769e+01,0.000000000000000000e+00,0.000000000000000000e+00
1.939904804604188726e+01,0.000000000000000000e+00,0.000000000000000000e+00
2.114601246047553573e+01,0.000000000000000000e+00,0.000000000000000000e+00
2.244774364615680184e+01,0.000000000000000000e+00,0.000000000000000000e+00
2.060513812826779656e+01,0.000000000000000000e+00,0.000000000000000000e+00
2.148534402715494451e+01,0.000000000000000000e+00,0.000000000000000000e+00
1.891049434829967524e+01,0.000000000000000000e+00,0.000000000000000000e+00
2.008669097032358053e+01,0.000000000000000000e+00,0.000000000000000000e+00
1.753478876951241006e+01,0.000000000000000000e+00,0.000000000000000000e+00
2.076379837637733061e+01,0.000000000000000000e+00,0.000000000000000000e+00
1.889982163892526756e+01,0.000000000000000000e+00,0.000000000000000000e+00
2.185413578985360061e+01,0.000000000000000000e+00,0.000000000000000000e+00
2.124858669761327690e+01,0.000000000000000000e+00,0.000000000000000000e+00
1.950264852820365036e+01,0.000000000000000000e+00,0.000000000000000000e+00
1.695530307758858157e+01,0.000000000000000000e+00,0.000000000000000000e+00
1.553512223315367891e+01,0.000000000000000000e+00,0.000000000000000000e+00
2.171588037808416161e+01,0.000000000000000000e+00,0.000000000000000000e+00
2.283489460183328035e+01,0.000000000000000000e+00,0.000000000000000000e+00
1.984195487725733997e+01,0.000000000000000000e+00,0.000000000000000000e+00
1.986895228678382708e+01,0.000000000000000000e+00,0.000000000000000000e+00
1.896517916897014189e+01,0.000000000000000000e+00,0.000000000000000000e+00
2.128389360885597625e+01,0.000000000000000000e+00,0.000000000000000000e+00
2.039241923958752878e+01,0.000000000000000000e+00,0.000000000000000000e+00
2.169555909959614937e+01,0.000000000000000000e+00,0.000000000000000000e+00
1.820626242382659399e+01,0.000000000000000000e+00,0.000000000000000000e+00
1.883845516737349968e+01,0.000000000000000000e+00,0.000000000000000000e+00
1.972395109986824124e+01,0.000000000000000000e+00,0.000000000000000000e+00
1.997642453694967912e+01,0.000000000000000000e+00,0.000000000000000000e+00
1.773472132768487342e+01,0.000000000000000000e+00,0.000000000000000000e+00
1.619837613554998867e+01,0.000000000000000000e+00,0.000000000000000000e+00
1.723190052581292164e+01,0.000000000000000000e+00,0.000000000000000000e+00
1.746359823217768437e+01,0.000000000000000000e+00,0.000000000000000000e+00
1.984735718624274270e+01,0.000000000000000000e+00,0.000000000000000000e+00
2.489529165984939141e+01,0.000000000000000000e+00,0.000000000000000000e+00
2.205243028629447721e+01,0.000000000000000000e+00,0.000000000000000000e+00
2.298627071764456531e+01,0.000000000000000000e+00,0.000000000000000000e+00
2.252257383395365054e+01,0.000000000000000000e+00,0.000000000000000000e+00
2.256155338830628665e+01,0.000000000000000000e+00,0.000000000000000000e+00
1.559490453422425205e+01,0.000000000000000000e+00,0.000000000000000000e+00
2.021055509688590845e+01,0.000000000000000000e+00,0.000000000000000000e+00
2.338940703285123845e+01,0.000000000000000000e+00,0.000000000000000000e+00
2.469986871508264414e+01,0.000000000000000000e+00,0.000000000000000000e+00
1.870536282122611382e+01,0.000000000000000000e+00,0.000000000000000000e+00
2.109950200767637085e+01,0.000000000000000000e+00,0.000000000000000000e+00
2.051144329459357252e+01,0.000000000000000000e+00,0.000000000000000000e+00
1.630157750139635553e+01,0.000000000000000000e+00,0.000000000000000000e+00
2.299442015302713926e+01,0.000000000000000000e+00,0.000000000000000000e+00
2.319301120185706466e+01,0.000000000000000000e+00,0.000000000000000000e+00
2.171112528848426493e+01,0.000000000000000000e+00,0.000000000000000000e+00
2.242607552686756023e+01,0.000000000000000000e+00,0.000000000000000000e+00
2.035605108377317762e+01,0.000000000000000000e+00,0.000000000000000000e+00
1.908264434241203489e+01,0.000000000000000000e+00,0.000000000000000000e+00
2.031471932591681551e+01,0.000000000000000000e+00,0.000000000000000000e+00
2.465116028971900874e+01,0.000000000000000000e+00,0.000000000000000000e+00
1.998031184160837981e+01,0.000000000000000000e+00,0.000000000000000000e+00
2.014682679253570186e+01,0.000000000000000000e+00,0.000000000000000000e+00
1.931088115792925564e+01,0.000000000000000000e+00,0.000000000000000000e+00
2.171464428996898732e+01,0.000000000000000000e+00,0.000000000000000000e+00
2.050102644649226491e+01,0.000000000000000000e+00,0.000000000000000000e+00
2.083595579875025550e+01,0.000000000000000000e+00,0.000000000000000000e+00
2.282573700329789190e+01,0.000000000000000000e+00,0.000000000000000000e+00
1.902651451497829882e+01,0.000000000000000000e+00,0.000000000000000000e+00
2.266005942870732071e+01,0.000000000000000000e+00,0.000000000000000000e+00
2.099840885922906608e+01,0.000000000000000000e+00,0.000000000000000000e+00
1.953786976103869222e+01,0.000000000000000000e+00,0.000000000000000000e+00
1.862666325680597978e+01,0.000000000000000000e+00,0.000000000000000000e+00
1.975813181966034193e+01,0.000000000000000000e+00,0.000000000000000000e+00
1.951428642600158270e+01,0.000000000000000000e+00,0.000000000000000000e+00
2.000481061869478339e+01,0.000000000000000000e+00,0.000000000000000000e+00
1.776817864555509274e+01,0.000000000000000000e+00,0.000000000000000000e+00
1.888351168884437925e+01,0.000000000000000000e+00,0.000000000000000000e+00
2.207132738621460533e+01,0.000000000000000000e+00,0.000000000000000000e+00
1.920464811256216464e+01,0.000000000000000000e+00,0.000000000000000000e+00
1.715656969213377536e+01,0.000000000000000000e+00,0.000000000000000000e+00
2.089607003254770845e+01,0.000000000000000000e+00,0.000000000000000000e+00
2.297291254004946026e+01,0.000000000000000000e+00,0.000000000000000000e+00
1.965528890047132293e+01,0.000000000000000000e+00,0.000000000000000000e+00
2.380064392761507719e+01,0.000000000000000000e+00,0.000000000000000000e+00
1.976354077990105651e+01,0.000000000000000000e+00,0.000000000000000000e+00
1.917337148550632975e+01,0.000000000000000000e+00,0.000000000000000000e+00
1.744549003212961580e+01,0.000000000000000000e+00,0.000000000000000000e+00
2.319024123530368087e+01,0.000000000000000000e+00,0.000000000000000000e+00
2.128161560910681871e+01,0.000000000000000000e+00,0.000000000000000000e+00
2.089690325251648062e+01,0.000000000000000000e+00,0.000000000000000000e+00
2.083648715243616678e+01,0.000000000000000000e+00,0.000000000000000000e+00
2.157900276402941486e+01,0.000000000000000000e+00,0.000000000000000000e+00
2.005591738171126792e+01,0.000000000000000000e+00,0.000000000000000000e+00
2.110423921965990601e+01,0.000000000000000000e+00,0.000000000000000000e+00
2.090828546481759531e+01,0.000000000000000000e+00,0.000000000000000000e+00
2.255842777588237169e+01,0.000000000000000000e+00,0.000000000000000000e+00
1.945741913845120763e+01,0.000000000000000000e+00,0.000000000000000000e+00
1.969675638221637115e+01,0.000000000000000000e+00,0.000000000000000000e+00
1.936163202971746244e+01,0.000000000000000000e+00,0.000000000000000000e+00
2.086752853970607546e+01,0.000000000000000000e+00,0.000000000000000000e+00
2.213252168285605848e+01,0.000000000000000000e+00,0.000000000000000000e+00
2.150400427214119858e+01,0.000000000000000000e+00,0.000000000000000000e+00
1.860533522466204914e+01,0.000000000000000000e+00,0.000000000000000000e+00
1.860255229763634333e+01,0.000000000000000000e+00,0.000000000000000000e+00
2.129086848190661385e+01,0.000000000000000000e+00,0.000000000000000000e+00
2.250760640665333057e+01,0.000000000000000000e+00,0.000000000000000000e+00
1.938576929301149576e+01,0.000000000000000000e+00,0.000000000000000000e+00
1.568411955175734462e+01,0.000000000000000000e+00,0.000000000000000000e+00
2.185465210106466216e+01,0.000000000000000000e+00,0.000000000000000000e+00
1.942280861266090852e+01,0.000000000000000000e+00,0.000000000000000000e+00
1.870960936451020729e+01,0.000000000000000000e+00,0.000000000000000000e+00
2.269445689055113391e+01,0.000000000000000000e+00,0.000000000000000000e+00
2.255855302631102077e+01,0.000000000000000000e+00,0.000000000000000000e+00
2.343153549705880323e+01,0.000000000000000000e+00,0.000000000000000000e+00
2.098929994582055159e+01,0.000000000000000000e+00,0.000000000000000000e+00
1.849954893153253721e+01,0.000000000000000000e+00,0.000000000000000000e+00
2.313671412764362145e+01,0.000000000000000000e+00,0.000000000000000000e+00
2.325622555482048170e+01,0.000000000000000000e+00,0.000000000000000000e+00
1.968270084164207390e+01,0.000000000000000000e+00,0.000000000000000000e+00
1.971306591521658902e+01,0.000000000000000000e+00,0.000000000000000000e+00
1.829669706649345073e+01,0.000000000000000000e+00,0.000000000000000000e+00
2.225033609740473395e+01,0.000000000000000000e+00,0.000000000000000000e+00
1.942515352367156467e+01,0.000000000000000000e+00,0.000000000000000000e+00
2.103995519092102384e+01,0.000000000000000000e+00,0.000000000000000000e+00
2.376162003813872658e+01,0.000000000000000000e+00,0.000000000000000000e+00
2.134213208498120196e+01,0.000000000000000000e+00,0.000000000000000000e+00
2.435989430684779933e+01,0.000000000000000000e+00,0.000000000000000000e+00
2.448124696979870762e+01,0.000000000000000000e+00,0.000000000000000000e+00
2.041210132928227239e+01,0.000000000000000000e+00,0.000000000000000000e+00
2.394971124743032931e+01,0.000000000000000000e+00,0.000000000000000000e+00
2.347270383384520898e+01,0.000000000000000000e+00,0.000000000000000000e+00
2.456545924263905079e+01,0.000000000000000000e+00,0.000000000000000000e+00
2.781273201002709783e+01,0.000000000000000000e+00,0.000000000000000000e+00
2.171198961000478533e+01,0.000000000000000000e+00,0.000000000000000000e+00
2.381166566313886790e+01,0.000000000000000000e+00,0.000000000000000000e+00
2.335632771006720176e+01,0.000000000000000000e+00,0.000000000000000000e+00
2.151138261713257904e+01,0.000000000000000000e+00,0.000000000000000000e+00
2.320777351758771090e+01,0.000000000000000000e+00,0.000000000000000000e+00
2.186380683992689100e+01,0.000000000000000000e+00,0.000000000000000000e+00
2.387011344400388424e+01,0.000000000000000000e+00,0.000000000000000000e+00
1.806586467132129670e+01,0.000000000000000000e+00,0.000000000000000000e+00
2.483256724114483305e+01,0.000000000000000000e+00,0.000000000000000000e+00
1.902221772685242485e+01,0.000000000000000000e+00,0.000000000000000000e+00
2.082202966431345459e+01,0.000000000000000000e+00,0.000000000000000000e+00
2.171297638569098964e+01,0.000000000000000000e+00,0.000000000000000000e+00
2.389651303581031527e+01,0.000000000000000000e+00,0.000000000000000000e+00
1.987201888181764176e+01,0.000000000000000000e+00,0.000000000000000000e+00
2.258865031862172401e+01,0.000000000000000000e+00,0.000000000000000000e+00
2.295243290966818606e+01,0.000000000000000000e+00,0.000000000000000000e+00
2.310510717824888260e+01,0.000000000000000000e+00,0.000000000000000000e+00
2.239894442556327192e+01,0.000000000000000000e+00,0.000000000000000000e+00
2.430902932852923115e+01,0.000000000000000000e+00,0.000000000000000000e+00
2.369388117343069311e+01,0.000000000000000000e+00,0.000000000000000000e+00
2.242952931258525950e+01,0.000000000000000000e+00,0.000000000000000000e+00
2.015409285572505382e+01,0.000000000000000000e+00,0.000000000000000000e+00
2.471060834528546479e+01,0.000000000000000000e+00,0.000000000000000000e+00
2.236422417835820298e+01,0.000000000000000000e+00,0.000000000000000000e+00
2.226997123910478038e+01,0.000000000000000000e+00,0.000000000000000000e+00
2.374141786424705103e+01,0.000000000000000000e+00,0.000000000000000000e+00
2.286873875547311741e+01,0.000000000000000000e+00,0.000000000000000000e+00
2.178631484540954588e+01,0.000000000000000000e+00,0.000000000000000000e+00
2.131210338645473001e+01,0.000000000000000000e+00,0.000000000000000000e+00
2.283994559137738989e+01,0.000000000000000000e+00,0.000000000000000000e+00
1.774025872988195118e+01,0.000000000000000000e+00,0.000000000000000000e+00
2.526718231112878499e+01,0.000000000000000000e+00,0.000000000000000000e+00
2.171195327792452900e+01,0.000000000000000000e+00,0.000000000000000000e+00
2.278266568514690960e+01,0.000000000000000000e+00,0.000000000000000000e+00
2.672324570270131261e+01,0.000000000000000000e+00,0.000000000000000000e+00
2.218563631952427073e+01,0.000000000000000000e+00,0.000000000000000000e+00
2.057034716993865686e+01,0.000000000000000000e+00,0.000000000000000000e+00
2.345300039109325496e+01,0.000000000000000000e+00,0.000000000000000000e+00
2.015252559742731719e+01,0.000000000000000000e+00,0.000000000000000000e+00
2.383362219369429269e+01,0.000000000000000000e+00,0.000000000000000000e+00
2.734484850014743884e+01,0.000000000000000000e+00,0.000000000000000000e+00
2.574196957653234819e+01,0.000000000000000000e+00,0.000000000000000000e+00
2.345059068382348144e+01,0.000000000000000000e+00,0.000000000000000000e+00
2.507567996083375306e+01,0.000000000000000000e+00,0.000000000000000000e+00
2.444965852195943512e+01,0.000000000000000000e+00,0.000000000000000000e+00
2.697629504175087334e+01,0.000000000000000000e+00,0.000000000000000000e+00
2.286752825241560316e+01,0.000000000000000000e+00,0.000000000000000000e+00
2.003814281550501164e+01,0.000000000000000000e+00,0.000000000000000000e+00
2.668847042417825577e+01,0.000000000000000000e+00,0.000000000000000000e+00
2.508214567535478778e+01,0.000000000000000000e+00,0.000000000000000000e+00
2.604470983731816958e+01,0.000000000000000000e+00,0.000000000000000000e+00
1.954100848294276105e+01,0.000000000000000000e+00,0.000000000000000000e+00
2.425253376067450972e+01,0.000000000000000000e+00,0.000000000000000000e+00
2.476561333505999585e+01,0.000000000000000000e+00,0.000000000000000000e+00
2.409947674984834620e+01,0.000000000000000000e+00,0.000000000000000000e+00
2.539785533534401196e+01,0.000000000000000000e+00,0.000000000000000000e+00
2.096057149592839863e+01,0.000000000000000000e+00,0.000000000000000000e+00
2.366424198430948778e+01,0.000000000000000000e+00,0.000000000000000000e+00
2.267193690492082325e+01,0.000000000000000000e+00,0.000000000000000000e+00
2.302530487677570292e+01,0.000000000000000000e+00,0.000000000000000000e+00
2.084157468022104354e+01,0.000000000000000000e+00,0.000000000000000000e+00
2.352044608033211759e+01,0.000000000000000000e+00,0.000000000000000000e+00
2.235883847894936949e+01,0.000000000000000000e+00,0.000000000000000000e+00
2.045530841991605797e+01,0.000000000000000000e+00,0.000000000000000000e+00
2.319884440877824616e+01,0.000000000000000000e+00,0.000000000000000000e+00
2.572146402293009615e+01,0.000000000000000000e+00,0.000000000000000000e+00
2.271056849793664512e+01,0.000000000000000000e+00,0.000000000000000000e+00
2.587997153001461115e+01,0.000000000000000000e+00,0.000000000000000000e+00
2.866282674002197695e+01,0.000000000000000000e+00,0.000000000000000000e+00
2.137405262809424755e+01,0.000000000000000000e+00,0.000000000000000000e+00
2.177257565884939083e+01,0.000000000000000000e+00,0.000000000000000000e+00
2.521415956485134657e+01,0.000000000000000000e+00,0.000000000000000000e+00
2.641407011962797569e+01,0.000000000000000000e+00,0.000000000000000000e+00
2.784427555762866291e+01,0.000000000000000000e+00,0.000000000000000000e+00
2.312985625510235721e+01,0.000000000000000000e+00,0.000000000000000000e+00
2.549703304298691009e+01,0.000000000000000000e+00,0.000000000000000000e+00
2.493643369755387695e+01,0.000000000000000000e+00,0.000000000000000000e+00
2.095204368836450470e+01,0.000000000000000000e+00,0.000000000000000000e+00
2.651621098146740252e+01,0.000000000000000000e+00,0.000000000000000000e+00
2.410579530477996713e+01,0.000000000000000000e+00,0.000000000000000000e+00
2.375909189418092993e+01,0.000000000000000000e+00,0.000000000000000000e+00
2.299664149866055141e+01,0.000000000000000000e+00,0.000000000000000000e+00
2.439665162721365022e+01,0.000000000000000000e+00,0.000000000000000000e+00
2.355840447603596743e+01,0.000000000000000000e+00,0.000000000000000000e+00
2.536322819494012393e+01,0.000000000000000000e+00,0.000000000000000000e+00
2.536265911107015469e+01,0.000000000000000000e+00,0.000000000000000000e+00
2.574288029332422667e+01,0.000000000000000000e+00,0.000000000000000000e+00
2.353414053317666799e+01,0.000000000000000000e+00,0.000000000000000000e+00
2.538876043862772036e+01,0.000000000000000000e+00,0.000000000000000000e+00
2.463337086784339647e+01,0.000000000000000000e+00,0.000000000000000000e+00
2.229877783963049964e+01,0.000000000000000000e+00,0.000000000000000000e+00
2.616595832906055108e+01,0.000000000000000000e+00,0.000000000000000000e+00
2.551098709725667391e+01,0.000000000000000000e+00,0.000000000000000000e+00
2.565744725178501540e+01,0.000000000000000000e+00,0.000000000000000000e+00
2.158472972282331526e+01,0.000000000000000000e+00,0.000000000000000000e+00
2.426121566266620277e+01,0.000000000000000000e+00,0.000000000000000000e+00
2.073382293537881083e+01,0.000000000000000000e+00,0.000000000000000000e+00
2.718439963769619538e+01,0.000000000000000000e+00,0.000000000000000000e+00
2.396897132854364898e+01,0.000000000000000000e+00,0.000000000000000000e+00
2.538498479381276951e+01,0.000000000000000000e+00,0.000000000000000000e+00
2.617257413975532288e+01,0.000000000000000000e+00,0.000000000000000000e+00
2.745429616738636014e+01,0.000000000000000000e+00,0.000000000000000000e+00
2.833163590196075532e+01,0.000000000000000000e+00,0.000000000000000000e+00
2.465798193102883928e+01,0.000000000000000000e+00,0.000000000000000000e+00
2.640048135552954278e+01,0.000000000000000000e+00,0.000000000000000000e+00
2.703040744679974949e+01,0.000000000000000000e+00,0.000000000000000000e+00
2.537849979272326451e+01,0.000000000000000000e+00,0.000000000000000000e+00
2.688475313236877895e+01,0.000000000000000000e+00,0.000000000000000000e+00
2.553507076917383145e+01,0.000000000000000000e+00,0.000000000000000000e+00
2.524938430947381818e+01,0.000000000000000000e+00,0.000000000000000000e+00
2.594128916747927249e+01,0.000000000000000000e+00,0.000000000000000000e+00
2.381556612351479529e+01,0.000000000000000000e+00,0.000000000000000000e+00
2.568819742082023438e+01,0.000000000000000000e+00,0.000000000000000000e+00
2.797536102199431696e+01,0.000000000000000000e+00,0.000000000000000000e+00
2.506589526838546433e+01,0.000000000000000000e+00,0.000000000000000000e+00
2.878724831490187697e+01,0.000000000000000000e+00,0.000000000000000000e+00
2.683219134890206448e+01,0.000000000000000000e+00,0.000000000000000000e+00
2.817171548784185120e+01,0.000000000000000000e+00,0.000000000000000000e+00
2.546290939536971720e+01,0.000000000000000000e+00,0.000000000000000000e+00
2.851934191609528568e+01,0.000000000000000000e+00,0.000000000000000000e+00
2.567285576420814408e+01,0.000000000000000000e+00,0.000000000000000000e+00
2.335225062980401489e+01,0.000000000000000000e+00,0.000000000000000000e+00
2.439396243024502198e+01,0.000000000000000000e+00,0.000000000000000000e+00
2.725658182455385870e+01,0.000000000000000000e+00,0.000000000000000000e+00
2.587222089103381251e+01,0.000000000000000000e+00,0.000000000000000000e+00
2.854533077396778751e+01,0.000000000000000000e+00,0.000000000000000000e+00
2.566244730074592084e+01,0.000000000000000000e+00,0.000000000000000000e+00
2.391390854726604687e+01,0.000000000000000000e+00,0.000000000000000000e+00
2.525419681903304792e+01,0.000000000000000000e+00,0.000000000000000000e+00
2.680156981152468632e+01,0.000000000000000000e+00,0.000000000000000000e+00
3.161188612289950584e+01,0.000000000000000000e+00,0.000000000000000000e+00
2.470267243351266018e+01,0.000000000000000000e+00,0.000000000000000000e+00
2.830394423122204017e+01,0.000000000000000000e+00,0.000000000000000000e+00
3.083685731017401466e+01,0.000000000000000000e+00,0.000000000000000000e+00
2.582708096098573947e+01,0.000000000000000000e+00,0.000000000000000000e+00
2.615286341018465777e+01,0.000000000000000000e+00,0.000000000000000000e+00
2.577630847237440292e+01,0.000000000000000000e+00,0.000000000000000000e+00
2.677928235743650021e+01,0.000000000000000000e+00,0.000000000000000000e+00
3.076775146569400476e+01,0.000000000000000000e+00,0.000000000000000000e+00
3.230225328807400587e+01,0.000000000000000000e+00,0.000000000000000000e+00
3.186044851556538759e+01,0.000000000000000000e+00,0.000000000000000000e+00
2.739551229984281022e+01,0.000000000000000000e+00,0.000000000000000000e+00
2.792876385872809664e+01,0.000000000000000000e+00,0.000000000000000000e+00
2.728418094477531852e+01,0.000000000000000000e+00,0.000000000000000000e+00
2.673221700277542112e+01,0.000000000000000000e+00,0.000000000000000000e+00
2.814319408419348534e+01,0.000000000000000000e+00,0.000000000000000000e+00
2.748044255516531464e+01,0.000000000000000000e+00,0.000000000000000000e+00
2.878816338939177299e+01,0.000000000000000000e+00,0.000000000000000000e+00
2.843295865423793600e+01,0.000000000000000000e+00,0.000000000000000000e+00
2.919536952253246298e+01,0.000000000000000000e+00,0.000000000000000000e+00
3.084653929119033222e+01,0.000000000000000000e+00,0.000000000000000000e+00
2.705677350622971034e+01,0.000000000000000000e+00,0.000000000000000000e+00
3.027322438874076482e+01,0.000000000000000000e+00,0.000000000000000000e+00
2.643414444471445179e+01,0.000000000000000000e+00,0.000000000000000000e+00
2.680988445096300055e+01,0.000000000000000000e+00,0.000000000000000000e+00
2.910195550248375085e+01,0.000000000000000000e+00,0.000000000000000000e+00
2.602694577459424252e+01,0.000000000000000000e+00,0.000000000000000000e+00
3.177595571413273490e+01,0.000000000000000000e+00,0.000000000000000000e+00
2.746695419755825540e+01,0.000000000000000000e+00,0.000000000000000000e+00
2.413287891641187244e+01,0.000000000000000000e+00,0.000000000000000000e+00
3.069777336202224660e+01,0.000000000000000000e+00,0.000000000000000000e+00
3.252031698639036961e+01,0.000000000000000000e+00,0.000000000000000000e+00
2.833514209231829639e+01,0.000000000000000000e+00,0.000000000000000000e+00
2.868130812930771256e+01,0.000000000000000000e+00,0.000000000000000000e+00
2.672958303208645248e+01,0.000000000000000000e+00,0.000000000000000000e+00
3.031577987075763758e+01,0.000000000000000000e+00,0.000000000000000000e+00
3.292003180428993403e+01,0.000000000000000000e+00,0.000000000000000000e+00
3.303699282855739483e+01,0.000000000000000000e+00,0.000000000000000000e+00
2.996520688199930049e+01,0.000000000000000000e+00,0.000000000000000000e+00
2.849907381360895187e+01,0.000000000000000000e+00,0.000000000000000000e+00
3.015329215766294624e+01,0.000000000000000000e+00,0.000000000000000000e+00
3.259585658168048639e+01,0.000000000000000000e+00,0.000000000000000000e+00
2.691175171490316842e+01,0.000000000000000000e+00,0.000000000000000000e+00
3.114798580658871785e+01,0.000000000000000000e+00,0.000000000000000000e+00
2.749904466060532116e+01,0.000000000000000000e+00,0.000000000000000000e+00
2.726431328334470550e+01,0.000000000000000000e+00,0.000000000000000000e+00
3.409778889383542833e+01,0.000000000000000000e+00,0.000000000000000000e+00
3.276326597878830427e+01,0.000000000000000000e+00,0.000000000000000000e+00
3.073828550463472098e+01,0.000000000000000000e+00,0.000000000000000000e+00
3.316669949116408134e+01,0.000000000000000000e+00,0.000000000000000000e+00
3.394966396866998792e+01,0.000000000000000000e+00,0.000000000000000000e+00
2.996691389504292857e+01,0.000000000000000000e+00,0.000000000000000000e+00
2.675325488034744126e+01,0.000000000000000000e+00,0.000000000000000000e+00
3.118562469475383736e+01,0.000000000000000000e+00,0.000000000000000000e+00
3.209297380260070298e+01,0.000000000000000000e+00,0.000000000000000000e+00
3.114765272617093927e+01,0.000000000000000000e+00,0.000000000000000000e+00
3.029153182893950103e+01,0.000000000000000000e+00,0.000000000000000000e+00
3.347410413852743005e+01,0.000000000000000000e+00,0.000000000000000000e+00
3.196101082488991807e+01,0.000000000000000000e+00,0.000000000000000000e+00
3.407689218565506195e+01,0.000000000000000000e+00,0.000000000000000000e+00
3.069945908009860958e+01,0.000000000000000000e+00,0.000000000000000000e+00
3.263015752096571021e+01,0.000000000000000000e+00,0.000000000000000000e+00
2.979100715914096043e+01,0.000000000000000000e+00,0.000000000000000000e+00
2.667318558465328238e+01,0.000000000000000000e+00,0.000000000000000000e+00
3.140790079956851955e+01,0.000000000000000000e+00,0.000000000000000000e+00
3.259423224645464501e+01,0.000000000000000000e+00,0.000000000000000000e+00
2.800960424203954346e+01,0.000000000000000000e+00,0.000000000000000000e+00
3.165609416723653524e+01,0.000000000000000000e+00,0.000000000000000000e+00
3.112825278016016739e+01,0.000000000000000000e+00,0.000000000000000000e+00
3.372756770459715625e+01,0.000000000000000000e+00,0.000000000000000000e+00
3.094495983857409627e+01,0.000000000000000000e+00,0.000000000000000000e+00
3.074570273337669590e+01,0.000000000000000000e+00,0.000000000000000000e+00
3.053728283416430145e+01,0.000000000000000000e+00,0.000000000000000000e+00
3.201217781648464467e+01,0.000000000000000000e+00,0.000000000000000000e+00
3.253170566473808378e+01,0.000000000000000000e+00,0.000000000000000000e+00
3.348578024606607784e+01,0.000000000000000000e+00,0.000000000000000000e+00
2.963550563759051926e+01,0.000000000000000000e+00,0.000000000000000000e+00
3.344992909987129792e+01,0.000000000000000000e+00,0.000000000000000000e+00
3.397956776637526843e+01,0.000000000000000000e+00,0.000000000000000000e+00
3.033104964613132637e+01,0.000000000000000000e+00,0.000000000000000000e+00
2.609646229479261592e+01,0.000000000000000000e+00,0.000000000000000000e+00
3.192979719722154641e+01,0.000000000000000000e+00,0.000000000000000000e+00
3.359148555018580140e+01,0.000000000000000000e+00,0.000000000000000000e+00
3.228564239892143206e+01,0.000000000000000000e+00,0.000000000000000000e+00
3.106676431020775553e+01,0.000000000000000000e+00,0.000000000000000000e+00
3.298297525751043935e+01,0.000000000000000000e+00,0.000000000000000000e+00
3.076089464960723419e+01,0.000000000000000000e+00,0.000000000000000000e+00
3.208382171671384242e+01,0.000000000000000000e+00,0.000000000000000000e+00
3.142345966030111626e+01,0.000000000000000000e+00,0.000000000000000000e+00
3.245122144007918763e+01,0.000000000000000000e+00,0.000000000000000000e+00
3.796922623645030370e+01,0.000000000000000000e+00,0.000000000000000000e+00
3.156759180372205975e+01,0.000000000000000000e+00,0.000000000000000000e+00
3.043160143108888605e+01,0.000000000000000000e+00,0.000000000000000000e+00
3.149052146634477012e+01,0.000000000000000000e+00,0.000000000000000000e+00
3.121069232941406923e+01,0.000000000000000000e+00,0.000000000000000000e+00
3.367885848498478651e+01,0.000000000000000000e+00,0.000000000000000000e+00
3.631073861779982082e+01,0.000000000000000000e+00,0.000000000000000000e+00
3.255627087485001425e+01,0.000000000000000000e+00,0.000000000000000000e+00
3.717373100944727327e+01,0.000000000000000000e+00,0.000000000000000000e+00
3.510444868644245986e+01,0.000000000000000000e+00,0.000000000000000000e+00
3.145405476694920210e+01,0.000000000000000000e+00,0.000000000000000000e+00
3.413029519220962271e+01,0.000000000000000000e+00,0.000000000000000000e+00
3.250398869561777815e+01,0.000000000000000000e+00,0.000000000000000000e+00
3.364010369657530930e+01,0.000000000000000000e+00,0.000000000000000000e+00
3.459493528724664202e+01,0.000000000000000000e+00,0.000000000000000000e+00
3.700105082853502836e+01,0.000000000000000000e+00,0.000000000000000000e+00
3.723350882775982740e+01,0.000000000000000000e+00,0.000000000000000000e+00
3.265460199529300667e+01,0.000000000000000000e+00,0.000000000000000000e+00
3.507492352693198967e+01,0.000000000000000000e+00,0.000000000000000000e+00
3.394153621335235727e+01,0.000000000000000000e+00,0.000000000000000000e+00
3.301703304591276833e+01,0.000000000000000000e+00,0.000000000000000000e+00
3.288224309415890900e+01,0.000000000000000000e+00,0.000000000000000000e+00
3.708434955757386575e+01,0.000000000000000000e+00,0.000000000000000000e+00
3.727237543129901809e+01,0.000000000000000000e+00,0.000000000000000000e+00
3.390409606900897899e+01,0.000000000000000000e+00,0.000000000000000000e+00
3.189736614851178231e+01,0.000000000000000000e+00,0.000000000000000000e+00
3.593957587707609491e+01,0.000000000000000000e+00,0.000000000000000000e+00
3.500407424126408529e+01,0.000000000000000000e+00,0.000000000000000000e+00
3.272047452279915092e+01,0.000000000000000000e+00,0.000000000000000000e+00
3.486515440383539755e+01,0.000000000000000000e+00,0.000000000000000000e+00
3.524431052971770839e+01,0.000000000000000000e+00,0.000000000000000000e+00
3.658774885370203123e+01,0.000000000000000000e+00,0.000000000000000000e+00
3.741192872844670347e+01,0.000000000000000000e+00,0.000000000000000000e+00
3.206437542502342097e+01,0.000000000000000000e+00,0.000000000000000000e+00
3.467442277458800959e+01,0.000000000000000000e+00,0.000000000000000000e+00
3.188702014429066978e+01,0.000000000000000000e+00,0.000000000000000000e+00
3.580101538694486862e+01,0.000000000000000000e+00,0.000000000000000000e+00
3.331966429233118987e+01,0.000000000000000000e+00,0.000000000000000000e+00
3.357315029882674651e+01,0.000000000000000000e+00,0.000000000000000000e+00
3.686249309590969858e+01,0.000000000000000000e+00,0.000000000000000000e+00
3.222487932181661563e+01,0.000000000000000000e+00,0.000000000000000000e+00
3.738690688479643143e+01,0.000000000000000000e+00,0.000000000000000000e+00
3.541573501259681933e+01,0.000000000000000000e+00,0.000000000000000000e+00
3.659874599594413525e+01,0.000000000000000000e+00,0.000000000000000000e+00
3.690415466684163448e+01,0.000000000000000000e+00,0.000000000000000000e+00
3.504395453417875217e+01,0.000000000000000000e+00,0.000000000000000000e+00
3.816608976240089390e+01,0.000000000000000000e+00,0.000000000000000000e+00
3.581955833867015571e+01,0.000000000000000000e+00,0.000000000000000000e+00
3.822229568914546860e+01,0.000000000000000000e+00,0.000000000000000000e+00
3.780903675567842726e+01,0.000000000000000000e+00,0.000000000000000000e+00
3.596444738126270835e+01,0.000000000000000000e+00,0.000000000000000000e+00
3.494503350647018181e+01,0.000000000000000000e+00,0.000000000000000000e+00
3.408276277771416574e+01,0.000000000000000000e+00,0.000000000000000000e+00
3.573956196659239737e+01,0.000000000000000000e+00,0.000000000000000000e+00
3.589972352804919353e+01,0.000000000000000000e+00,0.000000000000000000e+00
3.169175094282721616e+01,0.000000000000000000e+00,0.000000000000000000e+00
3.527425775743386538e+01,0.000000000000000000e+00,0.000000000000000000e+00
3.225486042475485249e+01,0.000000000000000000e+00,0.000000000000000000e+00
3.344508052124147923e+01,0.000000000000000000e+00,0.000000000000000000e+00
3.584749999822188471e+01,0.000000000000000000e+00,0.000000000000000000e+00
3.688034074870287071e+01,0.000000000000000000e+00,0.000000000000000000e+00
3.710936403942758233e+01,0.000000000000000000e+00,0.000000000000000000e+00
3.789766644578519106e+01,0.000000000000000000e+00,0.000000000000000000e+00
3.765090074800807685e+01,0.000000000000000000e+00,0.000000000000000000e+00
3.861437273399143066e+01,0.000000000000000000e+00,0.000000000000000000e+00
4.014753141972281014e+01,0.000000000000000000e+00,0.000000000000000000e+00
3.712766091176322192e+01,0.000000000000000000e+00,0.000000000000000000e+00
3.855566474286453627e+01,0.000000000000000000e+00,0.000000000000000000e+00
3.699913435800175421e+01,0.000000000000000000e+00,0.000000000000000000e+00
3.792900434210632454e+01,0.000000000000000000e+00,0.000000000000000000e+00
3.968587833277400279e+01,0.000000000000000000e+00,0.000000000000000000e+00
3.918435283623080068e+01,0.000000000000000000e+00,0.000000000000000000e+00
3.882169653738997539e+01,0.000000000000000000e+00,0.000000000000000000e+00
3.655841019951461845e+01,0.000000000000000000e+00,0.000000000000000000e+00
3.876438551587577308e+01,0.000000000000000000e+00,0.000000000000000000e+00
3.772827633558353710e+01,0.000000000000000000e+00,0.000000000000000000e+00
3.984918451812700368e+01,0.000000000000000000e+00,0.000000000000000000e+00
3.501759348499317781e+01,0.000000000000000000e+00,0.000000000000000000e+00
3.714431395382588619e+01,0.000000000000000000e+00,0.000000000000000000e+00
3.837016511977798672e+01,0.000000000000000000e+00,0.000000000000000000e+00
3.561079237073848702e+01,0.000000000000000000e+00,0.000000000000000000e+00
4.013340704840011597e+01,0.000000000000000000e+00,0.000000000000000000e+00
3.653627990719311214e+01,0.000000000000000000e+00,0.000000000000000000e+00
4.054850284637325331e+01,0.000000000000000000e+00,0.000000000000000000e+00
3.276306630346969939e+01,0.000000000000000000e+00,0.000000000000000000e+00
3.596484159995485896e+01,0.000000000000000000e+00,0.000000000000000000e+00
4.020063797111313875e+01,0.000000000000000000e+00,0.000000000000000000e+00
3.590820899141087352e+01,0.000000000000000000e+00,0.000000000000000000e+00
3.783825939394243676e+01,0.000000000000000000e+00,0.000000000000000000e+00
3.778536260333762442e+01,0.000000000000000000e+00,0.000000000000000000e+00
4.122198744544079574e+01,0.000000000000000000e+00,0.000000000000000000e+00
4.481455591412736794e+01,0.000000000000000000e+00,0.000000000000000000e+00
3.798646376901611177e+01,0.000000000000000000e+00,0.000000000000000000e+00
4.026987449766516391e+01,0.000000000000000000e+00,0.000000000000000000e+00
4.204529682405001978e+01,0.000000000000000000e+00,0.000000000000000000e+00
3.933046840733353378e+01,0.000000000000000000e+00,0.000000000000000000e+00
3.964382920675971178e+01,0.000000000000000000e+00,0.000000000000000000e+00
3.936075846321033112e+01,0.000000000000000000e+00,0.000000000000000000e+00
3.992909846133254348e+01,0.000000000000000000e+00,0.000000000000000000e+00
3.881263677453166849e+01,0.000000000000000000e+00,0.000000000000000000e+00
3.729377724071941458e+01,0.000000000000000000e+00,0.000000000000000000e+00
3.506631055485692627e+01,0.000000000000000000e+00,0.000000000000000000e+00
3.812826950264663139e+01,0.000000000000000000e+00,0.000000000000000000e+00
3.803127656588023342e+01,0.000000000000000000e+00,0.000000000000000000e+00
3.859549304923898205e+01,0.000000000000000000e+00,0.000000000000000000e+00
3.664454990904066989e+01,0.000000000000000000e+00,0.000000000000000000e+00
3.887272327242373393e+01,0.000000000000000000e+00,0.000000000000000000e+00
3.786222041606765742e+01,0.000000000000000000e+00,0.000000000000000000e+00
3.995017211260158518e+01,0.000000000000000000e+00,0.000000000000000000e+00
4.051253042245792102e+01,0.000000000000000000e+00,0.000000000000000000e+00
4.307950023182545607e+01,0.000000000000000000e+00,0.000000000000000000e+00
4.061149698581222367e+01,0.000000000000000000e+00,0.000000000000000000e+00
4.135207709177232260e+01,0.000000000000000000e+00,0.000000000000000000e+00
4.097210912355888013e+01,0.000000000000000000e+00,0.000000000000000000e+00
4.082408383614583869e+01,0.000000000000000000e+00,0.000000000000000000e+00
4.139368391196345698e+01,0.000000000000000000e+00,0.000000000000000000e+00
4.119705431601997958e+01,0.000000000000000000e+00,0.000000000000000000e+00
3.869390043245605426e+01,0.000000000000000000e+00,0.000000000000000000e+00
4.478823428162811382e+01,0.000000000000000000e+00,0.000000000000000000e+00
4.215716572143901431e+01,0.000000000000000000e+00,0.000000000000000000e+00
4.093389972986163627e+01,0.000000000000000000e+00,0.000000000000000000e+00
4.283404731449601854e+01,0.000000000000000000e+00,0.000000000000000000e+00
3.985430654040909815e+01,0.000000000000000000e+00,0.000000000000000000e+00
4.058325738908700231e+01,0.000000000000000000e+00,0.000000000000000000e+00
4.379597732154766732e+01,0.000000000000000000e+00,0.000000000000000000e+00
4.363162822683101183e+01,0.000000000000000000e+00,0.000000000000000000e+00
4.190009531511962138e+01,0.000000000000000000e+00,0.000000000000000000e+00
4.129657232674273359e+01,0.000000000000000000e+00,0.000000000000000000e+00
4.201062885796655166e+01,0.000000000000000000e+00,0.000000000000000000e+00
4.201203731267565189e+01,0.000000000000000000e+00,0.000000000000000000e+00
4.090683346291073974e+01,0.000000000000000000e+00,0.000000000000000000e+00
4.135202913480655695e+01,0.000000000000000000e+00,0.000000000000000000e+00
4.148527477589197332e+01,0.000000000000000000e+00,0.000000000000000000e+00
3.888908461423091012e+01,0.000000000000000000e+00,0.000000000000000000e+00
4.537581962408356162e+01,0.000000000000000000e+00,0.000000000000000000e+00
4.106144168642168779e+01,0.000000000000000000e+00,0.000000000000000000e+00
4.412472156053248540e+01,0.000000000000000000e+00,0.000000000000000000e+00
4.294879790705003586e+01,0.000000000000000000e+00,0.000000000000000000e+00
4.148743073308533980e+01,0.000000000000000000e+00,0.000000000000000000e+00
4.286145942920447283e+01,0.000000000000000000e+00,0.000000000000000000e+00
4.586241484825028181e+01,0.000000000000000000e+00,0.000000000000000000e+00
4.166230892318977652e+01,0.000000000000000000e+00,0.000000000000000000e+00
4.336217179239478980e+01,0.000000000000000000e+00,0.000000000000000000e+00
4.237749612239254304e+01,0.000000000000000000e+00,0.000000000000000000e+00
4.387732096841002516e+01,0.000000000000000000e+00,0.000000000000000000e+00
4.107741302405659667e+01,0.000000000000000000e+00,0.000000000000000000e+00
4.366576381172860977e+01,0.000000000000000000e+00,0.000000000000000000e+00
4.192053631969683636e+01,0.000000000000000000e+00,0.000000000000000000e+00
4.344996960467657487e+01,0.000000000000000000e+00,0.000000000000000000e+00
4.633677271927523122e+01,0.000000000000000000e+00,0.000000000000000000e+00
4.492646759191627126e+01,0.000000000000000000e+00,0.000000000000000000e+00
4.339240045021379188e+01,0.000000000000000000e+00,0.000000000000000000e+00
4.774966146103075459e+01,0.000000000000000000e+00,0.000000000000000000e+00
4.632569688818276177e+01,0.000000000000000000e+00,0.000000000000000000e+00
4.361283116639416590e+01,0.000000000000000000e+00,0.000000000000000000e+00
4.564968399571345969e+01,0.000000000000000000e+00,0.000000000000000000e+00
4.604648029145003818e+01,0.000000000000000000e+00,0.000000000000000000e+00
4.443767342100625228e+01,0.000000000000000000e+00,0.000000000000000000e+00
4.611950307343543898e+01,0.000000000000000000e+00,0.000000000000000000e+00
4.520853977662630285e+01,0.000000000000000000e+00,0.000000000000000000e+00
4.878648555250177310e+01,0.000000000000000000e+00,0.000000000000000000e+00
4.322642809668633390e+01,0.000000000000000000e+00,0.000000000000000000e+00
4.696572646983451449e+01,0.000000000000000000e+00,0.000000000000000000e+00
4.631844075735548216e+01,0.000000000000000000e+00,0.000000000000000000e+00
4.610637961403654828e+01,0.000000000000000000e+00,0.000000000000000000e+00
4.583610451713973077e+01,0.000000000000000000e+00,0.000000000000000000e+00
4.144820781070503557e+01,0.000000000000000000e+00,0.000000000000000000e+00
4.758870463778168869e+01,0.000000000000000000e+00,0.000000000000000000e+00
4.691557000226229945e+01,0.000000000000000000e+00,0.000000000000000000e+00
4.903098031065216134e+01,0.000000000000000000e+00,0.000000000000000000e+00
4.381812658824821938e+01,0.000000000000000000e+00,0.000000000000000000e+00
4.554753938026107818e+01,0.000000000000000000e+00,0.000000000000000000e+00
4.322709202288121588e+01,0.000000000000000000e+00,0.000000000000000000e+00
4.438652854325822972e+01,0.000000000000000000e+00,0.000000000000000000e+00
5.027730881312781008e+01,0.000000000000000000e+00,0.000000000000000000e+00
4.497261827066976281e+01,0.000000000000000000e+00,0.000000000000000000e+00
4.503636870850852603e+01,0.000000000000000000e+00,0.000000000000000000e+00
4.220461241181719458e+01,0.000000000000000000e+00,0.000000000000000000e+00
4.634318463972963542e+01,0.000000000000000000e+00,0.000000000000000000e+00
4.761380304168935140e+01,0.000000000000000000e+00,0.000000000000000000e+00
4.418620215488405023e+01,0.000000000000000000e+00,0.000000000000000000e+00
4.673959776420880985e+01,0.000000000000000000e+00,0.000000000000000000e+00
4.559567211490617211e+01,0.000000000000000000e+00,0.000000000000000000e+00
4.640680434351734363e+01,0.000000000000000000e+00,0.000000000000000000e+00
4.615787036917870267e+01,0.000000000000000000e+00,0.000000000000000000e+00
4.660831511197542909e+01,0.000000000000000000e+00,0.000000000000000000e+00
4.413873688316993338e+01,0.000000000000000000e+00,0.000000000000000000e+00
4.666114449994344682e+01,0.000000000000000000e+00,0.000000000000000000e+00
4.932393871252772755e+01,0.000000000000000000e+00,0.000000000000000000e+00
4.710871749813472320e+01,0.000000000000000000e+00,0.000000000000000000e+00
4.881063239599156844e+01,0.000000000000000000e+00,0.000000000000000000e+00
4.432475561468890390e+01,0.000000000000000000e+00,0.000000000000000000e+00
4.616217806349043684e+01,0.000000000000000000e+00,0.000000000000000000e+00
4.764847036550269621e+01,0.000000000000000000e+00,0.000000000000000000e+00
4.745481408677761692e+01,0.000000000000000000e+00,0.000000000000000000e+00
4.362947583742900548e+01,0.000000000000000000e+00,0.000000000000000000e+00
4.548804047393335281e+01,0.000000000000000000e+00,0.000000000000000000e+00
4.574191505753105957e+01,0.000000000000000000e+00,0.000000000000000000e+00
4.791752546072229535e+01,0.000000000000000000e+00,0.000000000000000000e+00
5.046908613242399610e+01,0.000000000000000000e+00,0.000000000000000000e+00
5.033259261310509203e+01,0.000000000000000000e+00,0.000000000000000000e+00
4.593046878800831223e+01,0.000000000000000000e+00,0.000000000000000000e+00
4.678524853290281982e+01,0.000000000000000000e+00,0.000000000000000000e+00
5.016605735474798422e+01,0.000000000000000000e+00,0.000000000000000000e+00
4.537178615298964246e+01,0.000000000000000000e+00,0.000000000000000000e+00
5.047020308273948785e+01,0.000000000000000000e+00,0.000000000000000000e+00
4.755236316093390059e+01,0.000000000000000000e+00,0.000000000000000000e+00
5.321320695011722535e+01,0.000000000000000000e+00,0.000000000000000000e+00
4.736770826482081276e+01,0.000000000000000000e+00,0.000000000000000000e+00
5.074579109914138542e+01,0.000000000000000000e+00,0.000000000000000000e+00
5.153137201431917447e+01,0.000000000000000000e+00,0.000000000000000000e+00
4.926290713202040195e+01,0.000000000000000000e+00,0.000000000000000000e+00
4.822256250823173218e+01,0.000000000000000000e+00,0.000000000000000000e+00
5.038331976311653904e+01,0.000000000000000000e+00,0.000000000000000000e+00
4.904058319511486985e+01,0.000000000000000000e+00,0.000000000000000000e+00
4.976886095791484621e+01,0.000000000000000000e+00,0.000000000000000000e+00
5.166552662814782337e+01,0.000000000000000000e+00,0.000000000000000000e+00
5.048146629993994594e+01,0.000000000000000000e+00,0.000000000000000000e+00
4.926358255093527561e+01,0.000000000000000000e+00,0.000000000000000000e+00
4.795229579291188315e+01,0.000000000000000000e+00,0.000000000000000000e+00
4.677701523007870321e+01,0.000000000000000000e+00,0.000000000000000000e+00
4.841613224748806488e+01,0.000000000000000000e+00,0.000000000000000000e+00
5.143419010702544369e+01,0.000000000000000000e+00,0.000000000000000000e+00
5.150176031271217880e+01,0.000000000000000000e+00,0.000000000000000000e+00
5.179275513600661895e+01,0.000000000000000000e+00,0.000000000000000000e+00
5.047591678321454367e+01,0.000000000000000000e+00,0.000000000000000000e+00
5.272338256266406376e+01,0.000000000000000000e+00,0.000000000000000000e+00
