value,error,error_size
4.959668306174430086e+01,0.000000000000000000e+00,0.000000000000000000e+00
5.218407515527322005e+01,0.000000000000000000e+00,0.000000000000000000e+00
5.171463206951159464e+01,0.000000000000000000e+00,0.000000000000000000e+00
5.463617394025230567e+01,0.000000000000000000e+00,0.000000000000000000e+00
5.250832394310883444e+01,0.000000000000000000e+00,0.000000000000000000e+00
5.463473980441478517e+01,0.000000000000000000e+00,0.000000000000000000e+00
5.381701907730997192e+01,0.000000000000000000e+00,0.000000000000000000e+00
5.462917225065407223e+01,0.000000000000000000e+00,0.000000000000000000e+00
5.271818889734286273e+01,0.000000000000000000e+00,0.000000000000000000e+00
5.638006175654696506e+01,0.000000000000000000e+00,0.000000000000000000e+00
5.393997281246569031e+01,0.000000000000000000e+00,0.000000000000000000e+00
5.687677739369326702e+01,0.000000000000000000e+00,0.000000000000000000e+00
6.001076809543396706e+01,0.000000000000000000e+00,0.000000000000000000e+00
6.224433991259148513e+01,0.000000000000000000e+00,0.000000000000000000e+00
6.007681960195850479e+01,0.000000000000000000e+00,0.000000000000000000e+00
6.144298069715651422e+01,0.000000000000000000e+00,0.000000000000000000e+00
6.155570677822733927e+01,0.000000000000000000e+00,0.000000000000000000e+00
6.089639264330759261e+01,0.000000000000000000e+00,0.000000000000000000e+00
5.899746607229853623e+01,0.000000000000000000e+00,0.000000000000000000e+00
6.193112904136728503e+01,0.000000000000000000e+00,0.000000000000000000e+00
6.232464209601775451e+01,0.000000000000000000e+00,0.000000000000000000e+00
6.402879556038060116e+01,0.000000000000000000e+00,0.000000000000000000e+00
6.041844528591229135e+01,0.000000000000000000e+00,0.000000000000000000e+00
6.429432166011463323e+01,0.000000000000000000e+00,0.000000000000000000e+00
6.695961270132080756e+01,0.000000000000000000e+00,0.000000000000000000e+00
6.202282600557871461e+01,0.000000000000000000e+00,0.000000000000000000e+00
6.364642206353281750e+01,0.000000000000000000e+00,0.000000000000000000e+00
6.736305168964514678e+01,0.000000000000000000e+00,0.000000000000000000e+00
6.683847297567585599e+01,0.000000000000000000e+00,0.000000000000000000e+00
7.028079504961606006e+01,0.000000000000000000e+00,0.000000000000000000e+00
7.033624456419364890e+01,0.000000000000000000e+00,0.000000000000000000e+00
6.859101468121114920e+01,0.000000000000000000e+00,0.000000000000000000e+00
7.021080433866070791e+01,0.000000000000000000e+00,0.000000000000000000e+00
6.669451689939802463e+01,0.000000000000000000e+00,0.000000000000000000e+00
6.520176511907750694e+01,0.000000000000000000e+00,0.000000000000000000e+00
6.801278697709653898e+01,0.000000000000000000e+00,0.000000000000000000e+00
7.579402158008743129e+01,0.000000000000000000e+00,0.000000000000000000e+00
7.169125666800727004e+01,0.000000000000000000e+00,0.000000000000000000e+00
7.285442118276834833e+01,0.000000000000000000e+00,0.000000000000000000e+00
7.314379575046375237e+01,0.000000000000000000e+00,0.000000000000000000e+00
7.502764328120625237e+01,0.000000000000000000e+00,0.000000000000000000e+00
7.102765364081879795e+01,0.000000000000000000e+00,0.000000000000000000e+00
7.283016427440480811e+01,0.000000000000000000e+00,0.000000000000000000e+00
7.525359944843761184e+01,0.000000000000000000e+00,0.000000000000000000e+00
7.269978896017930481e+01,0.000000000000000000e+00,0.000000000000000000e+00
7.653288403437866805e+01,0.000000000000000000e+00,0.000000000000000000e+00
7.500387109972805888e+01,0.000000000000000000e+00,0.000000000000000000e+00
7.688436425182655398e+01,0.000000000000000000e+00,0.000000000000000000e+00
7.650290973792662896e+01,0.000000000000000000e+00,0.000000000000000000e+00
7.479303702482745564e+01,0.000000000000000000e+00,0.000000000000000000e+00
7.676029275796420848e+01,0.000000000000000000e+00,0.000000000000000000e+00
7.670635623140049120e+01,0.000000000000000000e+00,0.000000000000000000e+00
7.557275844409005572e+01,0.000000000000000000e+00,0.000000000000000000e+00
7.925465884323374155e+01,0.000000000000000000e+00,0.000000000000000000e+00
7.609089863135513099e+01,0.000000000000000000e+00,0.000000000000000000e+00
7.958226201871919159e+01,0.000000000000000000e+00,0.000000000000000000e+00
7.559255748565881561e+01,0.000000000000000000e+00,0.000000000000000000e+00
7.895574478573888655e+01,0.000000000000000000e+00,0.000000000000000000e+00
7.942240597407966618e+01,0.000000000000000000e+00,0.000000000000000000e+00
7.813367971161778769e+01,0.000000000000000000e+00,0.000000000000000000e+00
7.801907850665823219e+01,0.000000000000000000e+00,0.000000000000000000e+00
7.826931098177158219e+01,0.000000000000000000e+00,0.000000000000000000e+00
8.027235455149244103e+01,0.000000000000000000e+00,0.000000000000000000e+00
8.005402012343715512e+01,0.000000000000000000e+00,0.000000000000000000e+00
7.767198987610225913e+01,0.000000000000000000e+00,0.000000000000000000e+00
7.972611610072691235e+01,0.000000000000000000e+00,0.000000000000000000e+00
7.790910695016239629e+01,0.000000000000000000e+00,0.000000000000000000e+00
8.132405464805577822e+01,0.000000000000000000e+00,0.000000000000000000e+00
8.129237589563976485e+01,0.000000000000000000e+00,0.000000000000000000e+00
7.540937088477789985e+01,0.000000000000000000e+00,0.000000000000000000e+00
8.076587871228565518e+01,0.000000000000000000e+00,0.000000000000000000e+00
8.200515545135176865e+01,0.000000000000000000e+00,0.000000000000000000e+00
7.968187017132605376e+01,0.000000000000000000e+00,0.000000000000000000e+00
8.181172585599493630e+01,0.000000000000000000e+00,0.000000000000000000e+00
7.913129465338336388e+01,0.000000000000000000e+00,0.000000000000000000e+00
8.038548984282608956e+01,0.000000000000000000e+00,0.000000000000000000e+00
8.422885905134143059e+01,0.000000000000000000e+00,0.000000000000000000e+00
7.968650023740109134e+01,0.000000000000000000e+00,0.000000000000000000e+00
7.996075253984062670e+01,0.000000000000000000e+00,0.000000000000000000e+00
8.249287358145693361e+01,0.000000000000000000e+00,0.000000000000000000e+00
7.998890695791084227e+01,0.000000000000000000e+00,0.000000000000000000e+00
8.015760707222766257e+01,0.000000000000000000e+00,0.000000000000000000e+00
7.909109875526461053e+01,0.000000000000000000e+00,0.000000000000000000e+00
7.635255101610691497e+01,0.000000000000000000e+00,0.000000000000000000e+00
7.911631663227294098e+01,0.000000000000000000e+00,0.000000000000000000e+00
7.610742638213980626e+01,0.000000000000000000e+00,0.000000000000000000e+00
8.261155614259718050e+01,0.000000000000000000e+00,0.000000000000000000e+00
7.800425610384110087e+01,0.000000000000000000e+00,0.000000000000000000e+00
7.829717549931925191e+01,0.000000000000000000e+00,0.000000000000000000e+00
7.682182288629952893e+01,0.000000000000000000e+00,0.000000000000000000e+00
7.976997204036428002e+01,0.000000000000000000e+00,0.000000000000000000e+00
7.857608838017208086e+01,0.000000000000000000e+00,0.000000000000000000e+00
7.399809165176938563e+01,0.000000000000000000e+00,0.000000000000000000e+00
7.793533268624288723e+01,0.000000000000000000e+00,0.000000000000000000e+00
7.728171099190039683e+01,0.000000000000000000e+00,0.000000000000000000e+00
7.897480048301855504e+01,0.000000000000000000e+00,0.000000000000000000e+00
7.574854752495377852e+01,0.000000000000000000e+00,0.000000000000000000e+00
7.723613451060728607e+01,0.000000000000000000e+00,0.000000000000000000e+00
7.429293568025458683e+01,0.000000000000000000e+00,0.000000000000000000e+00
7.305775303370589313e+01,0.000000000000000000e+00,0.000000000000000000e+00
7.679974649361361116e+01,0.000000000000000000e+00,0.000000000000000000e+00
7.304697149361059871e+01,0.000000000000000000e+00,0.000000000000000000e+00
7.468838302898784320e+01,0.000000000000000000e+00,0.000000000000000000e+00
7.231557630661259850e+01,0.000000000000000000e+00,0.000000000000000000e+00
7.511979031936027695e+01,0.000000000000000000e+00,0.000000000000000000e+00
7.515193780925707756e+01,0.000000000000000000e+00,0.000000000000000000e+00
7.354277305008578480e+01,0.000000000000000000e+00,0.000000000000000000e+00
7.273988016644287313e+01,0.000000000000000000e+00,0.000000000000000000e+00
6.759119205670887709e+01,0.000000000000000000e+00,0.000000000000000000e+00
6.891276467667715622e+01,0.000000000000000000e+00,0.000000000000000000e+00
7.072531657484481116e+01,0.000000000000000000e+00,0.000000000000000000e+00
7.012430115973117495e+01,0.000000000000000000e+00,0.000000000000000000e+00
6.597619521101195517e+01,0.000000000000000000e+00,0.000000000000000000e+00
6.611596197801623020e+01,0.000000000000000000e+00,0.000000000000000000e+00
6.716924320126337022e+01,0.000000000000000000e+00,0.000000000000000000e+00
6.682748064055822113e+01,0.000000000000000000e+00,0.000000000000000000e+00
6.875037241569940250e+01,0.000000000000000000e+00,0.000000000000000000e+00
6.600446521270511369e+01,0.000000000000000000e+00,0.000000000000000000e+00
6.586423521518841540e+01,0.000000000000000000e+00,0.000000000000000000e+00
6.374387620766053431e+01,0.000000000000000000e+00,0.000000000000000000e+00
6.437913020804154485e+01,0.000000000000000000e+00,0.000000000000000000e+00
6.455021948583902258e+01,0.000000000000000000e+00,0.000000000000000000e+00
6.617134364718074835e+01,0.000000000000000000e+00,0.000000000000000000e+00
6.369628479752109484e+01,0.000000000000000000e+00,0.000000000000000000e+00
6.102367772827369663e+01,0.000000000000000000e+00,0.000000000000000000e+00
6.196532619411104292e+01,0.000000000000000000e+00,0.000000000000000000e+00
6.104821954657600003e+01,0.000000000000000000e+00,0.000000000000000000e+00
6.078732021180595524e+01,0.000000000000000000e+00,0.000000000000000000e+00
6.505284307596689075e+01,0.000000000000000000e+00,0.000000000000000000e+00
5.621436307579371316e+01,0.000000000000000000e+00,0.000000000000000000e+00
6.296513325492885826e+01,0.000000000000000000e+00,0.000000000000000000e+00
6.146741104660101485e+01,0.000000000000000000e+00,0.000000000000000000e+00
6.000555134795529000e+01,0.000000000000000000e+00,0.000000000000000000e+00
5.637229128933443434e+01,0.000000000000000000e+00,0.000000000000000000e+00
5.916296841521952388e+01,0.000000000000000000e+00,0.000000000000000000e+00
5.570299784679474442e+01,0.000000000000000000e+00,0.000000000000000000e+00
5.512148599715076358e+01,0.000000000000000000e+00,0.000000000000000000e+00
5.364574705977101132e+01,0.000000000000000000e+00,0.000000000000000000e+00
5.331610349808819649e+01,0.000000000000000000e+00,0.000000000000000000e+00
5.565412875478708798e+01,0.000000000000000000e+00,0.000000000000000000e+00
5.510072206398273664e+01,0.000000000000000000e+00,0.000000000000000000e+00
4.979140861556766140e+01,0.000000000000000000e+00,0.000000000000000000e+00
5.209420161479610556e+01,0.000000000000000000e+00,0.000000000000000000e+00
5.260779285825206131e+01,0.000000000000000000e+00,0.000000000000000000e+00
5.362458835977608373e+01,0.000000000000000000e+00,0.000000000000000000e+00
4.910374764618834575e+01,0.000000000000000000e+00,0.000000000000000000e+00
4.826775908428085415e+01,0.000000000000000000e+00,0.000000000000000000e+00
4.377416691617788302e+01,0.000000000000000000e+00,0.000000000000000000e+00
4.509139119626320280e+01,0.000000000000000000e+00,0.000000000000000000e+00
4.927971651040961376e+01,0.000000000000000000e+00,0.000000000000000000e+00
4.753672385054550631e+01,0.000000000000000000e+00,0.000000000000000000e+00
4.659966132072044331e+01,0.000000000000000000e+00,0.000000000000000000e+00
4.663753315605531213e+01,0.000000000000000000e+00,0.000000000000000000e+00
4.160899858611160340e+01,0.000000000000000000e+00,0.000000000000000000e+00
4.423346206414204573e+01,0.000000000000000000e+00,0.000000000000000000e+00
4.186232261844152447e+01,0.000000000000000000e+00,0.000000000000000000e+00
3.614790895289555550e+01,0.000000000000000000e+00,0.000000000000000000e+00
4.239947732676872505e+01,0.000000000000000000e+00,0.000000000000000000e+00
4.160581391027545806e+01,0.000000000000000000e+00,0.000000000000000000e+00
4.142777015376716321e+01,0.000000000000000000e+00,0.000000000000000000e+00
3.991881283256972779e+01,0.000000000000000000e+00,0.000000000000000000e+00
3.761952596826689899e+01,0.000000000000000000e+00,0.000000000000000000e+00
3.881924314487859817e+01,0.000000000000000000e+00,0.000000000000000000e+00
3.698227653271821680e+01,0.000000000000000000e+00,0.000000000000000000e+00
4.167398423353467507e+01,0.000000000000000000e+00,0.000000000000000000e+00
3.745562117756168163e+01,0.000000000000000000e+00,0.000000000000000000e+00
3.755340149732496258e+01,0.000000000000000000e+00,0.000000000000000000e+00
3.372531886069828744e+01,0.000000000000000000e+00,0.000000000000000000e+00
3.808352589456252701e+01,0.000000000000000000e+00,0.000000000000000000e+00
3.450194410318120930e+01,0.000000000000000000e+00,0.000000000000000000e+00
3.180393166273487182e+01,0.000000000000000000e+00,0.000000000000000000e+00
3.355514669043508746e+01,0.000000000000000000e+00,0.000000000000000000e+00
3.589680254052586150e+01,0.000000000000000000e+00,0.000000000000000000e+00
3.290275984592744862e+01,0.000000000000000000e+00,0.000000000000000000e+00
3.073679677922924114e+01,0.000000000000000000e+00,0.000000000000000000e+00
2.813989490733726129e+01,0.000000000000000000e+00,0.000000000000000000e+00
3.084704010681346986e+01,0.000000000000000000e+00,0.000000000000000000e+00
2.969108406388613020e+01,0.000000000000000000e+00,0.000000000000000000e+00
3.024801607275413673e+01,0.000000000000000000e+00,0.000000000000000000e+00
2.704744075505886158e+01,0.000000000000000000e+00,0.000000000000000000e+00
3.466801955880932695e+01,0.000000000000000000e+00,0.000000000000000000e+00
2.570260395018416233e+01,0.000000000000000000e+00,0.000000000000000000e+00
2.540420680388028885e+01,0.000000000000000000e+00,0.000000000000000000e+00
2.413457623400191920e+01,0.000000000000000000e+00,0.000000000000000000e+00
2.261700886061567672e+01,0.000000000000000000e+00,0.000000000000000000e+00
2.460049613767525045e+01,0.000000000000000000e+00,0.000000000000000000e+00
2.512095034466843302e+01,0.000000000000000000e+00,0.000000000000000000e+00
2.517544945185932193e+01,0.000000000000000000e+00,0.000000000000000000e+00
2.866402736192451073e+01,0.000000000000000000e+00,0.000000000000000000e+00
2.448187069176682940e+01,0.000000000000000000e+00,0.000000000000000000e+00
2.370174309133554758e+01,0.000000000000000000e+00,0.000000000000000000e+00
2.478560892186206388e+01,0.000000000000000000e+00,0.000000000000000000e+00
2.461124417619377169e+01,0.000000000000000000e+00,0.000000000000000000e+00
2.592054804289060144e+01,0.000000000000000000e+00,0.000000000000000000e+00
2.125105179163864477e+01,0.000000000000000000e+00,0.000000000000000000e+00
2.059390717770261148e+01,0.000000000000000000e+00,0.000000000000000000e+00
2.367410615116629558e+01,0.000000000000000000e+00,0.000000000000000000e+00
2.519332622922880915e+01,0.000000000000000000e+00,0.000000000000000000e+00
2.082340258616606121e+01,0.000000000000000000e+00,0.000000000000000000e+00
2.704813069979662288e+01,0.000000000000000000e+00,0.000000000000000000e+00
2.698266525671432348e+01,0.000000000000000000e+00,0.000000000000000000e+00
1.971938214319017391e+01,0.000000000000000000e+00,0.000000000000000000e+00
2.130349765147751384e+01,0.000000000000000000e+00,0.000000000000000000e+00
2.325763782928310519e+01,0.000000000000000000e+00,0.000000000000000000e+00
2.217916780119389486e+01,0.000000000000000000e+00,0.000000000000000000e+00
2.022758259766294842e+01,0.000000000000000000e+00,0.000000000000000000e+00
1.787287626226726545e+01,0.000000000000000000e+00,0.000000000000000000e+00
1.989695900459831890e+01,0.000000000000000000e+00,0.000000000000000000e+00
1.829774993952404927e+01,0.000000000000000000e+00,0.000000000000000000e+00
2.468015910053573236e+01,0.000000000000000000e+00,0.000000000000000000e+00
1.468261248327739565e+01,0.000000000000000000e+00,0.000000000000000000e+00
2.131166711950428905e+01,0.000000000000000000e+00,0.000000000000000000e+00
1.801782472170000915e+01,0.000000000000000000e+00,0.000000000000000000e+00
2.236023112241644384e+01,0.000000000000000000e+00,0.000000000000000000e+00
1.962770058276800000e+01,0.000000000000000000e+00,0.000000000000000000e+00
1.853593538035162780e+01,0.000000000000000000e+00,0.000000000000000000e+00
2.137735252017195009e+01,0.000000000000000000e+00,0.000000000000000000e+00
2.069380947429666762e+01,0.000000000000000000e+00,0.000000000000000000e+00
1.803219908489378298e+01,0.000000000000000000e+00,0.000000000000000000e+00
1.938526559508144942e+01,0.000000000000000000e+00,0.000000000000000000e+00
1.927223894972565077e+01,0.000000000000000000e+00,0.000000000000000000e+00
1.749948642050887315e+01,0.000000000000000000e+00,0.000000000000000000e+00
2.103439625483758135e+01,0.000000000000000000e+00,0.000000000000000000e+00
1.942192264592829432e+01,0.000000000000000000e+00,0.000000000000000000e+00
1.541605760697197347e+01,0.000000000000000000e+00,0.000000000000000000e+00
1.555690937650766159e+01,0.000000000000000000e+00,0.000000000000000000e+00
2.185601129690515876e+01,0.000000000000000000e+00,0.000000000000000000e+00
2.177587595511794660e+01,0.000000000000000000e+00,0.000000000000000000e+00
1.862762215438668179e+01,0.000000000000000000e+00,0.000000000000000000e+00
1.956319004036415166e+01,0.000000000000000000e+00,0.000000000000000000e+00
2.145038346101756588e+01,0.000000000000000000e+00,0.000000000000000000e+00
2.178642546548558201e+01,0.000000000000000000e+00,0.000000000000000000e+00
2.020425354366432558e+01,0.000000000000000000e+00,0.000000000000000000e+00
1.952252699175054573e+01,0.000000000000000000e+00,0.000000000000000000e+00
1.855539299929627717e+01,0.000000000000000000e+00,0.000000000000000000e+00
2.122932539003146246e+01,0.000000000000000000e+00,0.000000000000000000e+00
2.334662162523770590e+01,0.000000000000000000e+00,0.000000000000000000e+00
2.356191187784832763e+01,0.000000000000000000e+00,0.000000000000000000e+00
2.234173061175633990e+01,0.000000000000000000e+00,0.000000000000000000e+00
2.465119887604315352e+01,0.000000000000000000e+00,0.000000000000000000e+00
2.748583143291529041e+01,0.000000000000000000e+00,0.000000000000000000e+00
2.565557415807774078e+01,0.000000000000000000e+00,0.000000000000000000e+00
2.666020325855738449e+01,0.000000000000000000e+00,0.000000000000000000e+00
2.451718685731075453e+01,0.000000000000000000e+00,0.000000000000000000e+00
2.704516300400182161e+01,0.000000000000000000e+00,0.000000000000000000e+00
2.627745561559371623e+01,0.000000000000000000e+00,0.000000000000000000e+00
2.867448074663001023e+01,0.000000000000000000e+00,0.000000000000000000e+00
2.300290137965522774e+01,0.000000000000000000e+00,0.000000000000000000e+00
2.915745914827847329e+01,0.000000000000000000e+00,0.000000000000000000e+00
3.020825182657902630e+01,0.000000000000000000e+00,0.000000000000000000e+00
2.342511943170771360e+01,0.000000000000000000e+00,0.000000000000000000e+00
3.257739432088864362e+01,0.000000000000000000e+00,0.000000000000000000e+00
2.740385365114077842e+01,0.000000000000000000e+00,0.000000000000000000e+00
3.066313607069631431e+01,0.000000000000000000e+00,0.000000000000000000e+00
2.967218480789092538e+01,0.000000000000000000e+00,0.000000000000000000e+00
2.874447185115690218e+01,0.000000000000000000e+00,0.000000000000000000e+00
2.958420305802126293e+01,0.000000000000000000e+00,0.000000000000000000e+00
3.402788545734904346e+01,0.000000000000000000e+00,0.000000000000000000e+00
3.309645205431191783e+01,0.000000000000000000e+00,0.000000000000000000e+00
3.062418318666997052e+01,0.000000000000000000e+00,0.000000000000000000e+00
3.023204794939189100e+01,0.000000000000000000e+00,0.000000000000000000e+00
3.188837431537687905e+01,0.000000000000000000e+00,0.000000000000000000e+00
3.368138803983690366e+01,0.000000000000000000e+00,0.000000000000000000e+00
3.068722262673265533e+01,0.000000000000000000e+00,0.000000000000000000e+00
3.632022981670825601e+01,0.000000000000000000e+00,0.000000000000000000e+00
3.629300651259626420e+01,0.000000000000000000e+00,0.000000000000000000e+00
3.807649677894461604e+01,0.000000000000000000e+00,0.000000000000000000e+00
4.027750761634506205e+01,0.000000000000000000e+00,0.000000000000000000e+00
3.861838913736618650e+01,0.000000000000000000e+00,0.000000000000000000e+00
3.737240153153535260e+01,0.000000000000000000e+00,0.000000000000000000e+00
3.868358044396658357e+01,0.000000000000000000e+00,0.000000000000000000e+00
4.163055667669926407e+01,0.000000000000000000e+00,0.000000000000000000e+00
4.049586266015874259e+01,0.000000000000000000e+00,0.000000000000000000e+00
4.206347225923704514e+01,0.000000000000000000e+00,0.000000000000000000e+00
4.084097763932942371e+01,0.000000000000000000e+00,0.000000000000000000e+00
4.468861831713119415e+01,0.000000000000000000e+00,0.000000000000000000e+00
4.252636829041531286e+01,0.000000000000000000e+00,0.000000000000000000e+00
4.361539749878789962e+01,0.000000000000000000e+00,0.000000000000000000e+00
3.982794854620515679e+01,0.000000000000000000e+00,0.000000000000000000e+00
4.423216096202453684e+01,0.000000000000000000e+00,0.000000000000000000e+00
4.361463821408994335e+01,0.000000000000000000e+00,0.000000000000000000e+00
4.582771500907688988e+01,0.000000000000000000e+00,0.000000000000000000e+00
4.492205461178776460e+01,0.000000000000000000e+00,0.000000000000000000e+00
4.509880369545138734e+01,0.000000000000000000e+00,0.000000000000000000e+00
4.805421426096274473e+01,0.000000000000000000e+00,0.000000000000000000e+00
4.664432608207561515e+01,0.000000000000000000e+00,0.000000000000000000e+00
4.779542729664736100e+01,0.000000000000000000e+00,0.000000000000000000e+00
4.986819179604576391e+01,0.000000000000000000e+00,0.000000000000000000e+00
5.202979316947434540e+01,0.000000000000000000e+00,0.000000000000000000e+00
4.831078408640178168e+01,0.000000000000000000e+00,0.000000000000000000e+00
4.910718112474327768e+01,0.000000000000000000e+00,0.000000000000000000e+00
4.941859078104518943e+01,0.000000000000000000e+00,0.000000000000000000e+00
5.648056667119087848e+01,0.000000000000000000e+00,0.000000000000000000e+00
5.115389418296819457e+01,0.000000000000000000e+00,0.000000000000000000e+00
5.390150777933190085e+01,0.000000000000000000e+00,0.000000000000000000e+00
5.086215885405739812e+01,0.000000000000000000e+00,0.000000000000000000e+00
5.350218473173539024e+01,0.000000000000000000e+00,0.000000000000000000e+00
5.700930997676966427e+01,0.000000000000000000e+00,0.000000000000000000e+00
5.339745700418322372e+01,0.000000000000000000e+00,0.000000000000000000e+00
5.642570553242142495e+01,0.000000000000000000e+00,0.000000000000000000e+00
5.816288014502372050e+01,0.000000000000000000e+00,0.000000000000000000e+00
5.599705789736324846e+01,0.000000000000000000e+00,0.000000000000000000e+00
5.582808108750894860e+01,0.000000000000000000e+00,0.000000000000000000e+00
6.091827396718804266e+01,0.000000000000000000e+00,0.000000000000000000e+00
5.922661637036853932e+01,0.000000000000000000e+00,0.000000000000000000e+00
5.877920116640040504e+01,0.000000000000000000e+00,0.000000000000000000e+00
6.159981543103796753e+01,0.000000000000000000e+00,0.000000000000000000e+00
6.182422673170621863e+01,0.000000000000000000e+00,0.000000000000000000e+00
6.216802961549197448e+01,0.000000000000000000e+00,0.000000000000000000e+00
5.951297994131034841e+01,0.000000000000000000e+00,0.000000000000000000e+00
6.200891360356755655e+01,0.000000000000000000e+00,0.000000000000000000e+00
6.377223072763782596e+01,0.000000000000000000e+00,0.000000000000000000e+00
6.283420317978406899e+01,0.000000000000000000e+00,0.000000000000000000e+00
6.633164187599508921e+01,0.000000000000000000e+00,0.000000000000000000e+00
6.498715325433856549e+01,0.000000000000000000e+00,0.000000000000000000e+00
6.960430696243560078e+01,0.000000000000000000e+00,0.000000000000000000e+00
6.439353648724777202e+01,0.000000000000000000e+00,0.000000000000000000e+00
6.705100999343027013e+01,0.000000000000000000e+00,0.000000000000000000e+00
6.551933614203366574e+01,0.000000000000000000e+00,0.000000000000000000e+00
7.084897245763845319e+01,0.000000000000000000e+00,0.000000000000000000e+00
6.919549984318312852e+01,0.000000000000000000e+00,0.000000000000000000e+00
6.861217206838570348e+01,0.000000000000000000e+00,0.000000000000000000e+00
7.057672748279941288e+01,0.000000000000000000e+00,0.000000000000000000e+00
7.201993917444971771e+01,0.000000000000000000e+00,0.000000000000000000e+00
7.378169101302879085e+01,0.000000000000000000e+00,0.000000000000000000e+00
7.193832959151562534e+01,0.000000000000000000e+00,0.000000000000000000e+00
7.316584387927480293e+01,0.000000000000000000e+00,0.000000000000000000e+00
7.323602378358471299e+01,0.000000000000000000e+00,0.000000000000000000e+00
7.346555857366770681e+01,0.000000000000000000e+00,0.000000000000000000e+00
7.767737357171399992e+01,0.000000000000000000e+00,0.000000000000000000e+00
7.532324421470674736e+01,0.000000000000000000e+00,0.000000000000000000e+00
7.136800556215987967e+01,0.000000000000000000e+00,0.000000000000000000e+00
7.666488779074703075e+01,0.000000000000000000e+00,0.000000000000000000e+00
7.390820478900553780e+01,0.000000000000000000e+00,0.000000000000000000e+00
7.357996199933909054e+01,0.000000000000000000e+00,0.000000000000000000e+00
7.682122450340156661e+01,0.000000000000000000e+00,0.000000000000000000e+00
7.247764253624167452e+01,0.000000000000000000e+00,0.000000000000000000e+00
7.877653404672616944e+01,0.000000000000000000e+00,0.000000000000000000e+00
7.908182354784077006e+01,0.000000000000000000e+00,0.000000000000000000e+00
7.831577236553921750e+01,0.000000000000000000e+00,0.000000000000000000e+00
7.459437412844353332e+01,0.000000000000000000e+00,0.000000000000000000e+00
7.974490800698973203e+01,0.000000000000000000e+00,0.000000000000000000e+00
7.613450952063908517e+01,0.000000000000000000e+00,0.000000000000000000e+00
8.034451380378872898e+01,0.000000000000000000e+00,0.000000000000000000e+00
7.854831639596187642e+01,0.000000000000000000e+00,0.000000000000000000e+00
8.161674101930717029e+01,0.000000000000000000e+00,0.000000000000000000e+00
8.097282635770700665e+01,0.000000000000000000e+00,0.000000000000000000e+00
8.112769791718559986e+01,0.000000000000000000e+00,0.000000000000000000e+00
7.689425553058239871e+01,0.000000000000000000e+00,0.000000000000000000e+00
7.892075660924692215e+01,0.000000000000000000e+00,0.000000000000000000e+00
7.717942804225474163e+01,0.000000000000000000e+00,0.000000000000000000e+00
7.969055789421433644e+01,0.000000000000000000e+00,0.000000000000000000e+00
7.927747538176521402e+01,0.000000000000000000e+00,0.000000000000000000e+00
7.567634597248064665e+01,0.000000000000000000e+00,0.000000000000000000e+00
7.764916377833675654e+01,0.000000000000000000e+00,0.000000000000000000e+00
8.119640509322462663e+01,0.000000000000000000e+00,0.000000000000000000e+00
7.897859675539804414e+01,0.000000000000000000e+00,0.000000000000000000e+00
8.071682738311135097e+01,0.000000000000000000e+00,0.000000000000000000e+00
8.084770702568154377e+01,0.000000000000000000e+00,0.000000000000000000e+00
7.940226723811406373e+01,0.000000000000000000e+00,0.000000000000000000e+00
8.156707953188782767e+01,0.000000000000000000e+00,0.000000000000000000e+00
7.757619338960924438e+01,0.000000000000000000e+00,0.000000000000000000e+00
8.289754707725725780e+01,0.000000000000000000e+00,0.000000000000000000e+00
7.906038369182365955e+01,0.000000000000000000e+00,0.000000000000000000e+00
8.198737978292646744e+01,0.000000000000000000e+00,0.000000000000000000e+00
7.666026360453324173e+01,0.000000000000000000e+00,0.000000000000000000e+00
8.014030302247500970e+01,0.000000000000000000e+00,0.000000000000000000e+00
7.627063571023958843e+01,0.000000000000000000e+00,0.000000000000000000e+00
7.938944918780345006e+01,0.000000000000000000e+00,0.000000000000000000e+00
7.788407647802957001e+01,0.000000000000000000e+00,0.000000000000000000e+00
7.865352307713997959e+01,0.000000000000000000e+00,0.000000000000000000e+00
7.560993335150506311e+01,0.000000000000000000e+00,0.000000000000000000e+00
7.649555178958603108e+01,0.000000000000000000e+00,0.000000000000000000e+00
7.850579362733478206e+01,0.000000000000000000e+00,0.000000000000000000e+00
7.511134584198809705e+01,0.000000000000000000e+00,0.000000000000000000e+00
7.518279432914482641e+01,0.000000000000000000e+00,0.000000000000000000e+00
7.902746761002785547e+01,0.000000000000000000e+00,0.000000000000000000e+00
7.976650773392974259e+01,0.000000000000000000e+00,0.000000000000000000e+00
8.097254351116303894e+01,0.000000000000000000e+00,0.000000000000000000e+00
7.847694472771044616e+01,0.000000000000000000e+00,0.000000000000000000e+00
7.487334550463793903e+01,0.000000000000000000e+00,0.000000000000000000e+00
7.643642232015135107e+01,0.000000000000000000e+00,0.000000000000000000e+00
7.554613132696974276e+01,0.000000000000000000e+00,0.000000000000000000e+00
7.539630282259039973e+01,0.000000000000000000e+00,0.000000000000000000e+00
7.637936399743178129e+01,0.000000000000000000e+00,0.000000000000000000e+00
8.103758322778242018e+01,0.000000000000000000e+00,0.000000000000000000e+00
7.600719456745059688e+01,0.000000000000000000e+00,0.000000000000000000e+00
7.656895705181096901e+01,0.000000000000000000e+00,0.000000000000000000e+00
7.259648580715986554e+01,0.000000000000000000e+00,0.000000000000000000e+00
7.377548916109294908e+01,0.000000000000000000e+00,0.000000000000000000e+00
7.267668027804315045e+01,0.000000000000000000e+00,0.000000000000000000e+00
7.302317947847770085e+01,0.000000000000000000e+00,0.000000000000000000e+00
7.420587692471551122e+01,0.000000000000000000e+00,0.000000000000000000e+00
7.521683862017241040e+01,0.000000000000000000e+00,0.000000000000000000e+00
7.179542837911814956e+01,0.000000000000000000e+00,0.000000000000000000e+00
7.203779780120470377e+01,0.000000000000000000e+00,0.000000000000000000e+00
7.412556083621130654e+01,0.000000000000000000e+00,0.000000000000000000e+00
7.337517029806745938e+01,0.000000000000000000e+00,0.000000000000000000e+00
7.236401787418567721e+01,0.000000000000000000e+00,0.000000000000000000e+00
6.679681342956666867e+01,0.000000000000000000e+00,0.000000000000000000e+00
7.378701197767296094e+01,0.000000000000000000e+00,0.000000000000000000e+00
6.935771293781824909e+01,0.000000000000000000e+00,0.000000000000000000e+00
6.746787569935727902e+01,0.000000000000000000e+00,0.000000000000000000e+00
6.739617986308640241e+01,0.000000000000000000e+00,0.000000000000000000e+00
6.684605502949175104e+01,0.000000000000000000e+00,0.000000000000000000e+00
7.017707384028355477e+01,0.000000000000000000e+00,0.000000000000000000e+00
6.633117244416678204e+01,0.000000000000000000e+00,0.000000000000000000e+00
6.756238811275427736e+01,0.000000000000000000e+00,0.000000000000000000e+00
6.463336153510844895e+01,0.000000000000000000e+00,0.000000000000000000e+00
6.379821792059608043e+01,0.000000000000000000e+00,0.000000000000000000e+00
6.343744229750828367e+01,0.000000000000000000e+00,0.000000000000000000e+00
6.149467761722191028e+01,0.000000000000000000e+00,0.000000000000000000e+00
6.422330237070643477e+01,0.000000000000000000e+00,0.000000000000000000e+00
6.521790969330520227e+01,0.000000000000000000e+00,0.000000000000000000e+00
5.786903071228449846e+01,0.000000000000000000e+00,0.000000000000000000e+00
5.871990147846766206e+01,0.000000000000000000e+00,0.000000000000000000e+00
6.230212833105188963e+01,0.000000000000000000e+00,0.000000000000000000e+00
6.413175977235442815e+01,0.000000000000000000e+00,0.000000000000000000e+00
6.109008493980002896e+01,0.000000000000000000e+00,0.000000000000000000e+00
6.020662349260262403e+01,0.000000000000000000e+00,0.000000000000000000e+00
5.731569682812681776e+01,0.000000000000000000e+00,0.000000000000000000e+00
5.708458850270876894e+01,0.000000000000000000e+00,0.000000000000000000e+00
5.658798704314951777e+01,0.000000000000000000e+00,0.000000000000000000e+00
5.237371005054887263e+01,0.000000000000000000e+00,0.000000000000000000e+00
5.635136581810446899e+01,0.000000000000000000e+00,0.000000000000000000e+00
5.506672023905588986e+01,0.000000000000000000e+00,0.000000000000000000e+00
5.219692290680035995e+01,0.000000000000000000e+00,0.000000000000000000e+00
5.271207150604902836e+01,0.000000000000000000e+00,0.000000000000000000e+00
5.344836554370180437e+01,0.000000000000000000e+00,0.000000000000000000e+00
5.101552643556515676e+01,0.000000000000000000e+00,0.000000000000000000e+00
5.050465794609408476e+01,0.000000000000000000e+00,0.000000000000000000e+00
5.077905526131319647e+01,0.000000000000000000e+00,0.000000000000000000e+00
5.252213945600865230e+01,0.000000000000000000e+00,0.000000000000000000e+00
5.258883573800257949e+01,0.000000000000000000e+00,0.000000000000000000e+00
4.916671024517059863e+01,0.000000000000000000e+00,0.000000000000000000e+00
4.904473979762994418e+01,0.000000000000000000e+00,0.000000000000000000e+00
4.330574836242650605e+01,0.000000000000000000e+00,0.000000000000000000e+00
4.342576675357167204e+01,0.000000000000000000e+00,0.000000000000000000e+00
4.579096140276681837e+01,0.000000000000000000e+00,0.000000000000000000e+00
4.754699240213717104e+01,0.000000000000000000e+00,0.000000000000000000e+00
4.294374873892957822e+01,0.000000000000000000e+00,0.000000000000000000e+00
3.924326678007363256e+01,0.000000000000000000e+00,0.000000000000000000e+00
4.578790504109817761e+01,0.000000000000000000e+00,0.000000000000000000e+00
3.944452229598909554e+01,0.000000000000000000e+00,0.000000000000000000e+00
4.459773802725749903e+01,0.000000000000000000e+00,0.000000000000000000e+00
4.238664377304701958e+01,0.000000000000000000e+00,0.000000000000000000e+00
4.278115744133264542e+01,0.000000000000000000e+00,0.000000000000000000e+00
3.697901048247614142e+01,0.000000000000000000e+00,0.000000000000000000e+00
3.938077233980979486e+01,0.000000000000000000e+00,0.000000000000000000e+00
3.826820727082278495e+01,0.000000000000000000e+00,0.000000000000000000e+00
3.731319762039843368e+01,0.000000000000000000e+00,0.000000000000000000e+00
4.253626683523912533e+01,0.000000000000000000e+00,0.000000000000000000e+00
3.729237962737805390e+01,0.000000000000000000e+00,0.000000000000000000e+00
3.779871330824511233e+01,0.000000000000000000e+00,0.000000000000000000e+00
3.557736487835418870e+01,0.000000000000000000e+00,0.000000000000000000e+00
3.866127991686484933e+01,0.000000000000000000e+00,0.000000000000000000e+00
3.498013629725151219e+01,0.000000000000000000e+00,0.000000000000000000e+00
3.733707244425433913e+01,0.000000000000000000e+00,0.000000000000000000e+00
3.321307549807319504e+01,0.000000000000000000e+00,0.000000000000000000e+00
3.155305947344005446e+01,0.000000000000000000e+00,0.000000000000000000e+00
3.656760120896089461e+01,0.000000000000000000e+00,0.000000000000000000e+00
3.188310581530962651e+01,0.000000000000000000e+00,0.000000000000000000e+00
3.147736072663912310e+01,0.000000000000000000e+00,0.000000000000000000e+00
2.885094389456951802e+01,0.000000000000000000e+00,0.000000000000000000e+00
3.048381752529327926e+01,0.000000000000000000e+00,0.000000000000000000e+00
2.620463462817474820e+01,0.000000000000000000e+00,0.000000000000000000e+00
2.851704876599022498e+01,0.000000000000000000e+00,0.000000000000000000e+00
2.551756322778161135e+01,0.000000000000000000e+00,0.000000000000000000e+00
2.573616060684690154e+01,0.000000000000000000e+00,0.000000000000000000e+00
2.742955181074560400e+01,0.000000000000000000e+00,0.000000000000000000e+00
2.587263629882339089e+01,0.000000000000000000e+00,0.000000000000000000e+00
3.390400586116462023e+01,0.000000000000000000e+00,0.000000000000000000e+00
2.403095667849848383e+01,0.000000000000000000e+00,0.000000000000000000e+00
2.810608897611567869e+01,0.000000000000000000e+00,0.000000000000000000e+00
2.743187417424399754e+01,0.000000000000000000e+00,0.000000000000000000e+00
2.219653784419131171e+01,0.000000000000000000e+00,0.000000000000000000e+00
2.917259660800023369e+01,0.000000000000000000e+00,0.000000000000000000e+00
2.012233184752982140e+01,0.000000000000000000e+00,0.000000000000000000e+00
2.302380560301385515e+01,0.000000000000000000e+00,0.000000000000000000e+00
2.692960831999684501e+01,0.000000000000000000e+00,0.000000000000000000e+00
2.173698390489618504e+01,0.000000000000000000e+00,0.000000000000000000e+00
2.286790640736087354e+01,0.000000000000000000e+00,0.000000000000000000e+00
2.495636283161140412e+01,0.000000000000000000e+00,0.000000000000000000e+00
2.680728110984906465e+01,0.000000000000000000e+00,0.000000000000000000e+00
2.098344318126539676e+01,0.000000000000000000e+00,0.000000000000000000e+00
2.438610819950231701e+01,0.000000000000000000e+00,0.000000000000000000e+00
2.298531445031440157e+01,0.000000000000000000e+00,0.000000000000000000e+00
2.217562732442562989e+01,0.000000000000000000e+00,0.000000000000000000e+00
2.154419773034623731e+01,0.000000000000000000e+00,0.000000000000000000e+00
1.980201684334524970e+01,0.000000000000000000e+00,0.000000000000000000e+00
1.935346474750438972e+01,0.000000000000000000e+00,0.000000000000000000e+00
1.910581759498847632e+01,0.000000000000000000e+00,0.000000000000000000e+00
2.319741575999375272e+01,0.000000000000000000e+00,0.000000000000000000e+00
1.932505986879205651e+01,0.000000000000000000e+00,0.000000000000000000e+00
1.603755056539096913e+01,0.000000000000000000e+00,0.000000000000000000e+00
2.287520097242954975e+01,0.000000000000000000e+00,0.000000000000000000e+00
1.705542926740109166e+01,0.000000000000000000e+00,0.000000000000000000e+00
2.185876774330203887e+01,0.000000000000000000e+00,0.000000000000000000e+00
1.933594661794755609e+01,0.000000000000000000e+00,0.000000000000000000e+00
2.127831215517027275e+01,0.000000000000000000e+00,0.000000000000000000e+00
2.251875337055577120e+01,0.000000000000000000e+00,0.000000000000000000e+00
2.072495216485731362e+01,0.000000000000000000e+00,0.000000000000000000e+00
1.802296439271466966e+01,0.000000000000000000e+00,0.000000000000000000e+00
1.870976204567848455e+01,0.000000000000000000e+00,0.000000000000000000e+00
2.453732858138895878e+01,0.000000000000000000e+00,0.000000000000000000e+00
2.200982164318848788e+01,0.000000000000000000e+00,0.000000000000000000e+00
2.029719051324080326e+01,0.000000000000000000e+00,0.000000000000000000e+00
1.894302851148932376e+01,0.000000000000000000e+00,0.000000000000000000e+00
1.959816939316874951e+01,0.000000000000000000e+00,0.000000000000000000e+00
1.780065578220065348e+01,0.000000000000000000e+00,0.000000000000000000e+00
2.310104605992446025e+01,0.000000000000000000e+00,0.000000000000000000e+00
1.684330468420504090e+01,0.000000000000000000e+00,0.000000000000000000e+00
2.183236422575488334e+01,0.000000000000000000e+00,0.000000000000000000e+00
1.942540222057321131e+01,0.000000000000000000e+00,0.000000000000000000e+00
1.953099634546748220e+01,0.000000000000000000e+00,0.000000000000000000e+00
1.423936433560670523e+01,0.000000000000000000e+00,0.000000000000000000e+00
2.347115123789093616e+01,0.000000000000000000e+00,0.000000000000000000e+00
1.799556829331417873e+01,0.000000000000000000e+00,0.000000000000000000e+00
2.091072615343595587e+01,0.000000000000000000e+00,0.000000000000000000e+00
2.107816482129073066e+01,0.000000000000000000e+00,0.000000000000000000e+00
1.914197539633805434e+01,0.000000000000000000e+00,0.000000000000000000e+00
2.330720232394945057e+01,0.000000000000000000e+00,0.000000000000000000e+00
2.485080453129888411e+01,0.000000000000000000e+00,0.000000000000000000e+00
2.470594385340476151e+01,0.000000000000000000e+00,0.000000000000000000e+00
2.844572653989931510e+01,0.000000000000000000e+00,0.000000000000000000e+00
2.075318361374182530e+01,0.000000000000000000e+00,0.000000000000000000e+00
2.209842030685954839e+01,0.000000000000000000e+00,0.000000000000000000e+00
2.183455606709682328e+01,0.000000000000000000e+00,0.000000000000000000e+00
2.297785051340310858e+01,0.000000000000000000e+00,0.000000000000000000e+00
2.200320207678348439e+01,0.000000000000000000e+00,0.000000000000000000e+00
2.814232217940490699e+01,0.000000000000000000e+00,0.000000000000000000e+00
2.513087826132072422e+01,0.000000000000000000e+00,0.000000000000000000e+00
2.526146645306626581e+01,0.000000000000000000e+00,0.000000000000000000e+00
2.555748989606815513e+01,0.000000000000000000e+00,0.000000000000000000e+00
2.671034641471794302e+01,0.000000000000000000e+00,0.000000000000000000e+00
2.654891855550978619e+01,0.000000000000000000e+00,0.000000000000000000e+00
2.847940014373464379e+01,0.000000000000000000e+00,0.000000000000000000e+00
2.680337851770123692e+01,0.000000000000000000e+00,0.000000000000000000e+00
3.242629117571393493e+01,0.000000000000000000e+00,0.000000000000000000e+00
2.676943082979938282e+01,0.000000000000000000e+00,0.000000000000000000e+00
3.117093982382584016e+01,0.000000000000000000e+00,0.000000000000000000e+00
2.874050366828456049e+01,0.000000000000000000e+00,0.000000000000000000e+00
2.847653015715111025e+01,0.000000000000000000e+00,0.000000000000000000e+00
3.119957110286715718e+01,0.000000000000000000e+00,0.000000000000000000e+00
2.962215709925955309e+01,0.000000000000000000e+00,0.000000000000000000e+00
3.582107573733640038e+01,0.000000000000000000e+00,0.000000000000000000e+00
2.997265344229560569e+01,0.000000000000000000e+00,0.000000000000000000e+00
3.610964937254696139e+01,0.000000000000000000e+00,0.000000000000000000e+00
3.463323413784984695e+01,0.000000000000000000e+00,0.000000000000000000e+00
3.307112432919772971e+01,0.000000000000000000e+00,0.000000000000000000e+00
3.215596412161811202e+01,0.000000000000000000e+00,0.000000000000000000e+00
3.197656270505480691e+01,0.000000000000000000e+00,0.000000000000000000e+00
3.728267134859395071e+01,0.000000000000000000e+00,0.000000000000000000e+00
3.745545810999534808e+01,0.000000000000000000e+00,0.000000000000000000e+00
3.642628073513509435e+01,0.000000000000000000e+00,0.000000000000000000e+00
3.623094780884126465e+01,0.000000000000000000e+00,0.000000000000000000e+00
3.718690500534918186e+01,0.000000000000000000e+00,0.000000000000000000e+00
3.806607174019976014e+01,0.000000000000000000e+00,0.000000000000000000e+00
3.927423896383643154e+01,0.000000000000000000e+00,0.000000000000000000e+00
3.900380111821038298e+01,0.000000000000000000e+00,0.000000000000000000e+00
4.045547273285174583e+01,0.000000000000000000e+00,0.000000000000000000e+00
3.900233970774210235e+01,0.000000000000000000e+00,0.000000000000000000e+00
4.101605595375029623e+01,0.000000000000000000e+00,0.000000000000000000e+00
4.294250569666157702e+01,0.000000000000000000e+00,0.000000000000000000e+00
4.069192982949132897e+01,0.000000000000000000e+00,0.000000000000000000e+00
4.175873819679323873e+01,0.000000000000000000e+00,0.000000000000000000e+00
4.397908246528693610e+01,0.000000000000000000e+00,0.000000000000000000e+00
4.050481332490055308e+01,0.000000000000000000e+00,0.000000000000000000e+00
4.028323115128240062e+01,0.000000000000000000e+00,0.000000000000000000e+00
4.438347271229825708e+01,0.000000000000000000e+00,0.000000000000000000e+00
4.559607367937987732e+01,0.000000000000000000e+00,0.000000000000000000e+00
4.564237783542005644e+01,0.000000000000000000e+00,0.000000000000000000e+00
5.064576123968512888e+01,0.000000000000000000e+00,0.000000000000000000e+00
5.193582949798012294e+01,0.000000000000000000e+00,0.000000000000000000e+00
5.172653944692806505e+01,0.000000000000000000e+00,0.000000000000000000e+00
4.853558511531438313e+01,0.000000000000000000e+00,0.000000000000000000e+00
5.098896608751696391e+01,0.000000000000000000e+00,0.000000000000000000e+00
5.027999076900619713e+01,0.000000000000000000e+00,0.000000000000000000e+00
5.196574270316722988e+01,0.000000000000000000e+00,0.000000000000000000e+00
5.574070689335979978e+01,0.000000000000000000e+00,0.000000000000000000e+00
5.491173861647899912e+01,0.000000000000000000e+00,0.000000000000000000e+00
5.510731910693345981e+01,0.000000000000000000e+00,0.000000000000000000e+00
5.225655325413990226e+01,0.000000000000000000e+00,0.000000000000000000e+00
5.316754529717269406e+01,0.000000000000000000e+00,0.000000000000000000e+00
5.856758062994519065e+01,0.000000000000000000e+00,0.000000000000000000e+00
5.722214950621599883e+01,0.000000000000000000e+00,0.000000000000000000e+00
5.837509735946375145e+01,0.000000000000000000e+00,0.000000000000000000e+00
5.841602196301125360e+01,0.000000000000000000e+00,0.000000000000000000e+00
5.905426947430006379e+01,0.000000000000000000e+00,0.000000000000000000e+00
5.788682532797524516e+01,0.000000000000000000e+00,0.000000000000000000e+00
5.988355967203903418e+01,0.000000000000000000e+00,0.000000000000000000e+00
5.997162738235361701e+01,0.000000000000000000e+00,0.000000000000000000e+00
6.095228319627612734e+01,0.000000000000000000e+00,0.000000000000000000e+00
6.305628050166783538e+01,0.000000000000000000e+00,0.000000000000000000e+00
6.177446765943262363e+01,0.000000000000000000e+00,0.000000000000000000e+00
6.282894098604997168e+01,0.000000000000000000e+00,0.000000000000000000e+00
6.550696911387296950e+01,0.000000000000000000e+00,0.000000000000000000e+00
6.215985530825285110e+01,0.000000000000000000e+00,0.000000000000000000e+00
6.384471139492832492e+01,0.000000000000000000e+00,0.000000000000000000e+00
6.840146786312706695e+01,0.000000000000000000e+00,0.000000000000000000e+00
6.298263337893252611e+01,0.000000000000000000e+00,0.000000000000000000e+00
6.953817428749377427e+01,0.000000000000000000e+00,0.000000000000000000e+00
6.600231516438795154e+01,0.000000000000000000e+00,0.000000000000000000e+00
6.864623955016998025e+01,0.000000000000000000e+00,0.000000000000000000e+00
6.530704693325704113e+01,0.000000000000000000e+00,0.000000000000000000e+00
6.898358213569181885e+01,0.000000000000000000e+00,0.000000000000000000e+00
6.795474481736330574e+01,0.000000000000000000e+00,0.000000000000000000e+00
6.907071309616077315e+01,0.000000000000000000e+00,0.000000000000000000e+00
6.960172905010752231e+01,0.000000000000000000e+00,0.000000000000000000e+00
7.186108699893060248e+01,0.000000000000000000e+00,0.000000000000000000e+00
7.088991777873729916e+01,0.000000000000000000e+00,0.000000000000000000e+00
6.933587909664468896e+01,0.000000000000000000e+00,0.000000000000000000e+00
7.315235499936423480e+01,0.000000000000000000e+00,0.000000000000000000e+00
7.301472352106463859e+01,0.000000000000000000e+00,0.000000000000000000e+00
7.512501997387677477e+01,0.000000000000000000e+00,0.000000000000000000e+00
7.476817394540418604e+01,0.000000000000000000e+00,0.000000000000000000e+00
7.356922686110142706e+01,0.000000000000000000e+00,0.000000000000000000e+00
7.291739028266086109e+01,0.000000000000000000e+00,0.000000000000000000e+00
7.238735499634518078e+01,0.000000000000000000e+00,0.000000000000000000e+00
7.575533489839158108e+01,0.000000000000000000e+00,0.000000000000000000e+00
7.324923199006545360e+01,0.000000000000000000e+00,0.000000000000000000e+00
7.452571255704370401e+01,0.000000000000000000e+00,0.000000000000000000e+00
7.239086235956804671e+01,0.000000000000000000e+00,0.000000000000000000e+00
7.407415715418203206e+01,0.000000000000000000e+00,0.000000000000000000e+00
7.652771551446917897e+01,0.000000000000000000e+00,0.000000000000000000e+00
7.524489835842020113e+01,0.000000000000000000e+00,0.000000000000000000e+00
7.734527883924671698e+01,0.000000000000000000e+00,0.000000000000000000e+00
7.877640803955128490e+01,0.000000000000000000e+00,0.000000000000000000e+00
7.745246769226059769e+01,0.000000000000000000e+00,0.000000000000000000e+00
7.886453237489284618e+01,0.000000000000000000e+00,0.000000000000000000e+00
7.766907507778455511e+01,0.000000000000000000e+00,0.000000000000000000e+00
8.129502867212332262e+01,0.000000000000000000e+00,0.000000000000000000e+00
7.847752186560380494e+01,0.000000000000000000e+00,0.000000000000000000e+00
7.837474160184315508e+01,0.000000000000000000e+00,0.000000000000000000e+00
8.008589964083121515e+01,0.000000000000000000e+00,0.000000000000000000e+00
7.469976490877610331e+01,0.000000000000000000e+00,0.000000000000000000e+00
7.817915573878086377e+01,0.000000000000000000e+00,0.000000000000000000e+00
7.956257610137923564e+01,0.000000000000000000e+00,0.000000000000000000e+00
8.249221390488460770e+01,0.000000000000000000e+00,0.000000000000000000e+00
8.152556736079451127e+01,0.000000000000000000e+00,0.000000000000000000e+00
7.967020727112712564e+01,0.000000000000000000e+00,0.000000000000000000e+00
8.208326216841237510e+01,0.000000000000000000e+00,0.000000000000000000e+00
7.904110392785868555e+01,0.000000000000000000e+00,0.000000000000000000e+00
7.873928193431325440e+01,0.000000000000000000e+00,0.000000000000000000e+00
8.207401548604475749e+01,0.000000000000000000e+00,0.000000000000000000e+00
7.713121808206895480e+01,0.000000000000000000e+00,0.000000000000000000e+00
8.072306667484969012e+01,0.000000000000000000e+00,0.000000000000000000e+00
7.933474932915859767e+01,0.000000000000000000e+00,0.000000000000000000e+00
8.352613418470882323e+01,0.000000000000000000e+00,0.000000000000000000e+00
7.769852352603430745e+01,0.000000000000000000e+00,0.000000000000000000e+00
8.066402896037664050e+01,0.000000000000000000e+00,0.000000000000000000e+00
7.956323778385663559e+01,0.000000000000000000e+00,0.000000000000000000e+00
7.572475919187715476e+01,0.000000000000000000e+00,0.000000000000000000e+00
8.136474223096195146e+01,0.000000000000000000e+00,0.000000000000000000e+00
7.669756865948926361e+01,0.000000000000000000e+00,0.000000000000000000e+00
7.570433759145241481e+01,0.000000000000000000e+00,0.000000000000000000e+00
7.981326666753828647e+01,0.000000000000000000e+00,0.000000000000000000e+00
8.394399334539649260e+01,0.000000000000000000e+00,0.000000000000000000e+00
7.807462511244652603e+01,0.000000000000000000e+00,0.000000000000000000e+00
7.975106778460246915e+01,0.000000000000000000e+00,0.000000000000000000e+00
7.967012573976919043e+01,0.000000000000000000e+00,0.000000000000000000e+00
8.056345006037327039e+01,0.000000000000000000e+00,0.000000000000000000e+00
7.956891570584681972e+01,0.000000000000000000e+00,0.000000000000000000e+00
7.981605103167514415e+01,0.000000000000000000e+00,0.000000000000000000e+00
8.179538796193078554e+01,0.000000000000000000e+00,0.000000000000000000e+00
7.542980896692934323e+01,0.000000000000000000e+00,0.000000000000000000e+00
7.545222616956350237e+01,0.000000000000000000e+00,0.000000000000000000e+00
7.787203399510346458e+01,0.000000000000000000e+00,0.000000000000000000e+00
7.685919922737477350e+01,0.000000000000000000e+00,0.000000000000000000e+00
7.730891549693565423e+01,0.000000000000000000e+00,0.000000000000000000e+00
7.691449698886903263e+01,0.000000000000000000e+00,0.000000000000000000e+00
7.811471256185977552e+01,0.000000000000000000e+00,0.000000000000000000e+00
7.370515655026477475e+01,0.000000000000000000e+00,0.000000000000000000e+00
7.660522867324539220e+01,0.000000000000000000e+00,0.000000000000000000e+00
7.328426891154954603e+01,0.000000000000000000e+00,0.000000000000000000e+00
7.490801598583550458e+01,0.000000000000000000e+00,0.000000000000000000e+00
7.561298396658474985e+01,0.000000000000000000e+00,0.000000000000000000e+00
7.343887921665438512e+01,0.000000000000000000e+00,0.000000000000000000e+00
7.528301583140849118e+01,0.000000000000000000e+00,0.000000000000000000e+00
7.078889233796608949e+01,0.000000000000000000e+00,0.000000000000000000e+00
7.120095258138309191e+01,0.000000000000000000e+00,0.000000000000000000e+00
7.185358917981646698e+01,0.000000000000000000e+00,0.000000000000000000e+00
7.217714262573682049e+01,0.000000000000000000e+00,0.000000000000000000e+00
7.098214802457054873e+01,0.000000000000000000e+00,0.000000000000000000e+00
7.158051322117358950e+01,0.000000000000000000e+00,0.000000000000000000e+00
6.888097640993606774e+01,0.000000000000000000e+00,0.000000000000000000e+00
7.385609770492725090e+01,0.000000000000000000e+00,0.000000000000000000e+00
7.130407657284879974e+01,0.000000000000000000e+00,0.000000000000000000e+00
6.752672517943878461e+01,0.000000000000000000e+00,0.000000000000000000e+00
6.710514260222055327e+01,0.000000000000000000e+00,0.000000000000000000e+00
6.738807072265782949e+01,0.000000000000000000e+00,0.000000000000000000e+00
6.708898382176047903e+01,0.000000000000000000e+00,0.000000000000000000e+00
6.514652172763818783e+01,0.000000000000000000e+00,0.000000000000000000e+00
6.539809230366316228e+01,0.000000000000000000e+00,0.000000000000000000e+00
6.492317880839846111e+01,0.000000000000000000e+00,0.000000000000000000e+00
6.701648767932350381e+01,0.000000000000000000e+00,0.000000000000000000e+00
6.836842812417395976e+01,0.000000000000000000e+00,0.000000000000000000e+00
6.500125146322922376e+01,0.000000000000000000e+00,0.000000000000000000e+00
6.173119884586957795e+01,0.000000000000000000e+00,0.000000000000000000e+00
6.451165118798277831e+01,0.000000000000000000e+00,0.000000000000000000e+00
5.867085921980074659e+01,0.000000000000000000e+00,0.000000000000000000e+00
5.907016688471163235e+01,0.000000000000000000e+00,0.000000000000000000e+00
6.283604374827744010e+01,0.000000000000000000e+00,0.000000000000000000e+00
6.108238498980086462e+01,0.000000000000000000e+00,0.000000000000000000e+00
6.065872831934034792e+01,0.000000000000000000e+00,0.000000000000000000e+00
5.702014630603832757e+01,0.000000000000000000e+00,0.000000000000000000e+00
5.718934921573744390e+01,0.000000000000000000e+00,0.000000000000000000e+00
5.458208646154061228e+01,0.000000000000000000e+00,0.000000000000000000e+00
5.704070595477809036e+01,0.000000000000000000e+00,0.000000000000000000e+00
5.753085055233766809e+01,0.000000000000000000e+00,0.000000000000000000e+00
5.908557348745853233e+01,0.000000000000000000e+00,0.000000000000000000e+00
5.434418776876589163e+01,0.000000000000000000e+00,0.000000000000000000e+00
5.317692931467277617e+01,0.000000000000000000e+00,0.000000000000000000e+00
5.708618195621453140e+01,0.000000000000000000e+00,0.000000000000000000e+00
5.139622521543542888e+01,0.000000000000000000e+00,0.000000000000000000e+00
5.160773575536589419e+01,0.000000000000000000e+00,0.000000000000000000e+00
5.317206205847753608e+01,0.000000000000000000e+00,0.000000000000000000e+00
5.432854914907499477e+01,0.000000000000000000e+00,0.000000000000000000e+00
5.434259293310646655e+01,0.000000000000000000e+00,0.000000000000000000e+00
4.978554372340649081e+01,0.000000000000000000e+00,0.000000000000000000e+00
5.049372089054575241e+01,0.000000000000000000e+00,0.000000000000000000e+00
4.788136569491837236e+01,0.000000000000000000e+00,0.000000000000000000e+00
4.977070652688345831e+01,0.000000000000000000e+00,0.000000000000000000e+00
5.021970793793292387e+01,0.000000000000000000e+00,0.000000000000000000e+00
4.586983298221917238e+01,0.000000000000000000e+00,0.000000000000000000e+00
4.460096374624584570e+01,0.000000000000000000e+00,0.000000000000000000e+00
4.646433523949995958e+01,0.000000000000000000e+00,0.000000000000000000e+00
4.552581918781113046e+01,0.000000000000000000e+00,0.000000000000000000e+00
4.634806133184198984e+01,0.000000000000000000e+00,0.000000000000000000e+00
4.317880036950626987e+01,0.000000000000000000e+00,0.000000000000000000e+00
4.408344723385860675e+01,0.000000000000000000e+00,0.000000000000000000e+00
4.346745620810042965e+01,0.000000000000000000e+00,0.000000000000000000e+00
4.229849168455533714e+01,0.000000000000000000e+00,0.000000000000000000e+00
4.047850752370938210e+01,0.000000000000000000e+00,0.000000000000000000e+00
4.082770285449285552e+01,0.000000000000000000e+00,0.000000000000000000e+00
4.111836572682086910e+01,0.000000000000000000e+00,0.000000000000000000e+00
3.952792458344677584e+01,0.000000000000000000e+00,0.000000000000000000e+00
3.680535866909223586e+01,0.000000000000000000e+00,0.000000000000000000e+00
3.592141590467157641e+01,0.000000000000000000e+00,0.000000000000000000e+00
3.660361823963439321e+01,0.000000000000000000e+00,0.000000000000000000e+00
3.663164269776127924e+01,0.000000000000000000e+00,0.000000000000000000e+00
3.958366555288614563e+01,0.000000000000000000e+00,0.000000000000000000e+00
3.817533479823672593e+01,0.000000000000000000e+00,0.000000000000000000e+00
3.780706391472529049e+01,0.000000000000000000e+00,0.000000000000000000e+00
3.545336998094003178e+01,0.000000000000000000e+00,0.000000000000000000e+00
3.124841560065594948e+01,0.000000000000000000e+00,0.000000000000000000e+00
3.555430719786378546e+01,0.000000000000000000e+00,0.000000000000000000e+00
3.069292594260345908e+01,0.000000000000000000e+00,0.000000000000000000e+00
2.792227503546496337e+01,0.000000000000000000e+00,0.000000000000000000e+00
3.228788060707705654e+01,0.000000000000000000e+00,0.000000000000000000e+00
3.164972948287202570e+01,0.000000000000000000e+00,0.000000000000000000e+00
3.203349273482006510e+01,0.000000000000000000e+00,0.000000000000000000e+00
2.723032383605038476e+01,0.000000000000000000e+00,0.000000000000000000e+00
2.819961077443813124e+01,0.000000000000000000e+00,0.000000000000000000e+00
2.627100978928640274e+01,0.000000000000000000e+00,0.000000000000000000e+00
2.782588169078342233e+01,0.000000000000000000e+00,0.000000000000000000e+00
3.123438468769158050e+01,0.000000000000000000e+00,0.000000000000000000e+00
2.930842323264264593e+01,0.000000000000000000e+00,0.000000000000000000e+00
2.860379045975497192e+01,0.000000000000000000e+00,0.000000000000000000e+00
3.269424461480244304e+01,0.000000000000000000e+00,0.000000000000000000e+00
2.690199434665513323e+01,0.000000000000000000e+00,0.000000000000000000e+00
2.539708590803633825e+01,0.000000000000000000e+00,0.000000000000000000e+00
2.850600704160044785e+01,0.000000000000000000e+00,0.000000000000000000e+00
2.509159208927490425e+01,0.000000000000000000e+00,0.000000000000000000e+00
2.298995390261464422e+01,0.000000000000000000e+00,0.000000000000000000e+00
2.466883004340132857e+01,0.000000000000000000e+00,0.000000000000000000e+00
2.395834271759833456e+01,0.000000000000000000e+00,0.000000000000000000e+00
2.758926548878702789e+01,0.000000000000000000e+00,0.000000000000000000e+00
2.351798686399301275e+01,0.000000000000000000e+00,0.000000000000000000e+00
2.746891721882873227e+01,0.000000000000000000e+00,0.000000000000000000e+00
2.345365793488337758e+01,0.000000000000000000e+00,0.000000000000000000e+00
2.509703649193785679e+01,0.000000000000000000e+00,0.000000000000000000e+00
2.363428973475913608e+01,0.000000000000000000e+00,0.000000000000000000e+00
2.008660935490406274e+01,0.000000000000000000e+00,0.000000000000000000e+00
2.455896215052716514e+01,0.000000000000000000e+00,0.000000000000000000e+00
2.209628151823532249e+01,0.000000000000000000e+00,0.000000000000000000e+00
1.990876744078196481e+01,0.000000000000000000e+00,0.000000000000000000e+00
2.104384548953488121e+01,0.000000000000000000e+00,0.000000000000000000e+00
2.114131556859208771e+01,0.000000000000000000e+00,0.000000000000000000e+00
1.853244850800088983e+01,0.000000000000000000e+00,0.000000000000000000e+00
2.481550518235656000e+01,0.000000000000000000e+00,0.000000000000000000e+00
1.880816908708371926e+01,0.000000000000000000e+00,0.000000000000000000e+00
2.076720451452605687e+01,0.000000000000000000e+00,0.000000000000000000e+00
2.000933066788137893e+01,0.000000000000000000e+00,0.000000000000000000e+00
2.129787411672366204e+01,0.000000000000000000e+00,0.000000000000000000e+00
2.058093487674952371e+01,0.000000000000000000e+00,0.000000000000000000e+00
1.991071469921874382e+01,0.000000000000000000e+00,0.000000000000000000e+00
2.447794099057498940e+01,0.000000000000000000e+00,0.000000000000000000e+00
1.917372377228140223e+01,0.000000000000000000e+00,0.000000000000000000e+00
2.015056944645139225e+01,0.000000000000000000e+00,0.000000000000000000e+00
2.182825436455924972e+01,0.000000000000000000e+00,0.000000000000000000e+00
1.877002717046398672e+01,0.000000000000000000e+00,0.000000000000000000e+00
1.730841221120464368e+01,0.000000000000000000e+00,0.000000000000000000e+00
1.793129907896824804e+01,0.000000000000000000e+00,0.000000000000000000e+00
1.844068409569936051e+01,0.000000000000000000e+00,0.000000000000000000e+00
2.299138304430916691e+01,0.000000000000000000e+00,0.000000000000000000e+00
1.947624027142353142e+01,0.000000000000000000e+00,0.000000000000000000e+00
1.985711061350617257e+01,0.000000000000000000e+00,0.000000000000000000e+00
1.783578314527673925e+01,0.000000000000000000e+00,0.000000000000000000e+00
1.874319899098312803e+01,0.000000000000000000e+00,0.000000000000000000e+00
2.351734457978626125e+01,0.000000000000000000e+00,0.000000000000000000e+00
1.742441793909051739e+01,0.000000000000000000e+00,0.000000000000000000e+00
2.132484252079512999e+01,0.000000000000000000e+00,0.000000000000000000e+00
2.197358119638456486e+01,0.000000000000000000e+00,0.000000000000000000e+00
2.400334039319272250e+01,0.000000000000000000e+00,0.000000000000000000e+00
2.271695920515370659e+01,0.000000000000000000e+00,0.000000000000000000e+00
1.959686696556141072e+01,0.000000000000000000e+00,0.000000000000000000e+00
2.291180644856833837e+01,0.000000000000000000e+00,0.000000000000000000e+00
2.311727245958317667e+01,0.000000000000000000e+00,0.000000000000000000e+00
2.177835722169789889e+01,0.000000000000000000e+00,0.000000000000000000e+00
2.388507337438267086e+01,0.000000000000000000e+00,0.000000000000000000e+00
2.422114506233342013e+01,0.000000000000000000e+00,0.000000000000000000e+00
2.260397533253708247e+01,0.000000000000000000e+00,0.000000000000000000e+00
2.164570026584822671e+01,0.000000000000000000e+00,0.000000000000000000e+00
2.535259190718921118e+01,0.000000000000000000e+00,0.000000000000000000e+00
2.375196447178077719e+01,0.000000000000000000e+00,0.000000000000000000e+00
2.553843475863640222e+01,0.000000000000000000e+00,0.000000000000000000e+00
2.111316926751591794e+01,0.000000000000000000e+00,0.000000000000000000e+00
2.360117727584908565e+01,0.000000000000000000e+00,0.000000000000000000e+00
2.593318618982630497e+01,0.000000000000000000e+00,0.000000000000000000e+00
2.291184585374379168e+01,0.000000000000000000e+00,0.000000000000000000e+00
2.516181873053079698e+01,0.000000000000000000e+00,0.000000000000000000e+00
2.744468560767605680e+01,0.000000000000000000e+00,0.000000000000000000e+00
2.344898500836935185e+01,0.000000000000000000e+00,0.000000000000000000e+00
2.408030775364957421e+01,0.000000000000000000e+00,0.000000000000000000e+00
2.627024185807870182e+01,0.000000000000000000e+00,0.000000000000000000e+00
2.485380115305187232e+01,0.000000000000000000e+00,0.000000000000000000e+00
2.890060710505172281e+01,0.000000000000000000e+00,0.000000000000000000e+00
2.860234334662091626e+01,0.000000000000000000e+00,0.000000000000000000e+00
2.730155377564220132e+01,0.000000000000000000e+00,0.000000000000000000e+00
3.327208544225100439e+01,0.000000000000000000e+00,0.000000000000000000e+00
3.426632408851076406e+01,0.000000000000000000e+00,0.000000000000000000e+00
2.925497599073942467e+01,0.000000000000000000e+00,0.000000000000000000e+00
3.180953647972877363e+01,0.000000000000000000e+00,0.000000000000000000e+00
3.243638276445791035e+01,0.000000000000000000e+00,0.000000000000000000e+00
3.495313280630281838e+01,0.000000000000000000e+00,0.000000000000000000e+00
2.938636891156019715e+01,0.000000000000000000e+00,0.000000000000000000e+00
3.190910739486939462e+01,0.000000000000000000e+00,0.000000000000000000e+00
3.545781630850548538e+01,0.000000000000000000e+00,0.000000000000000000e+00
3.694653196805016648e+01,0.000000000000000000e+00,0.000000000000000000e+00
3.494763045029282011e+01,0.000000000000000000e+00,0.000000000000000000e+00
3.542531437759905089e+01,0.000000000000000000e+00,0.000000000000000000e+00
3.540401300327518186e+01,0.000000000000000000e+00,0.000000000000000000e+00
3.639035627281188567e+01,0.000000000000000000e+00,0.000000000000000000e+00
3.808999525879026748e+01,0.000000000000000000e+00,0.000000000000000000e+00
3.508177367659677515e+01,0.000000000000000000e+00,0.000000000000000000e+00
3.919332959255223159e+01,0.000000000000000000e+00,0.000000000000000000e+00
4.329855407822942226e+01,0.000000000000000000e+00,0.000000000000000000e+00
4.051313897390481600e+01,0.000000000000000000e+00,0.000000000000000000e+00
3.664164314333878991e+01,0.000000000000000000e+00,0.000000000000000000e+00
4.074093194211378233e+01,0.000000000000000000e+00,0.000000000000000000e+00
4.021044705926921381e+01,0.000000000000000000e+00,0.000000000000000000e+00
4.025062394085382067e+01,0.000000000000000000e+00,0.000000000000000000e+00
4.507027735722599715e+01,0.000000000000000000e+00,0.000000000000000000e+00
4.409840408905026266e+01,0.000000000000000000e+00,0.000000000000000000e+00
4.165976170483124719e+01,0.000000000000000000e+00,0.000000000000000000e+00
4.492756306990640525e+01,0.000000000000000000e+00,0.000000000000000000e+00
4.356720602284134003e+01,0.000000000000000000e+00,0.000000000000000000e+00
4.811688651613437884e+01,0.000000000000000000e+00,0.000000000000000000e+00
4.542059729554399183e+01,0.000000000000000000e+00,0.000000000000000000e+00
4.982824397632667512e+01,0.000000000000000000e+00,0.000000000000000000e+00
4.990682388011164505e+01,0.000000000000000000e+00,0.000000000000000000e+00
4.982982182139032545e+01,0.000000000000000000e+00,0.000000000000000000e+00
4.859709293318935863e+01,0.000000000000000000e+00,0.000000000000000000e+00
5.147051510998083756e+01,0.000000000000000000e+00,0.000000000000000000e+00
5.520239657537668165e+01,0.000000000000000000e+00,0.000000000000000000e+00
4.911997900394013072e+01,0.000000000000000000e+00,0.000000000000000000e+00
5.149990205354450268e+01,0.000000000000000000e+00,0.000000000000000000e+00
5.539100211074028124e+01,0.000000000000000000e+00,0.000000000000000000e+00
4.896614426441322365e+01,0.000000000000000000e+00,0.000000000000000000e+00
5.460635815887661693e+01,0.000000000000000000e+00,0.000000000000000000e+00
5.435610221748417104e+01,0.000000000000000000e+00,0.000000000000000000e+00
5.465330527571426700e+01,0.000000000000000000e+00,0.000000000000000000e+00
5.565272215453582305e+01,0.000000000000000000e+00,0.000000000000000000e+00
5.816311405169460613e+01,0.000000000000000000e+00,0.000000000000000000e+00
5.912087186046361609e+01,0.000000000000000000e+00,0.000000000000000000e+00
5.927478787130488769e+01,0.000000000000000000e+00,0.000000000000000000e+00
6.043566621711357811e+01,0.000000000000000000e+00,0.000000000000000000e+00
5.606615190655314507e+01,0.000000000000000000e+00,0.000000000000000000e+00
5.754706414715928986e+01,0.000000000000000000e+00,0.000000000000000000e+00
5.925028802616119350e+01,0.000000000000000000e+00,0.000000000000000000e+00
6.023915885910768253e+01,0.000000000000000000e+00,0.000000000000000000e+00
5.671526220289779729e+01,0.000000000000000000e+00,0.000000000000000000e+00
6.252100165787524588e+01,0.000000000000000000e+00,0.000000000000000000e+00
6.199586290090400098e+01,0.000000000000000000e+00,0.000000000000000000e+00
6.259169561338443799e+01,0.000000000000000000e+00,0.000000000000000000e+00
6.663539633205273560e+01,0.000000000000000000e+00,0.000000000000000000e+00
6.579928613616102950e+01,0.000000000000000000e+00,0.000000000000000000e+00
6.357268831478351956e+01,0.000000000000000000e+00,0.000000000000000000e+00
6.511371540573865957e+01,0.000000000000000000e+00,0.000000000000000000e+00
6.706939351292443519e+01,0.000000000000000000e+00,0.000000000000000000e+00
6.563908946755090312e+01,0.000000000000000000e+00,0.000000000000000000e+00
6.910554286647199262e+01,0.000000000000000000e+00,0.000000000000000000e+00
6.567775471157774803e+01,0.000000000000000000e+00,0.000000000000000000e+00
6.838784293214011711e+01,0.000000000000000000e+00,0.000000000000000000e+00
6.519429406261626525e+01,0.000000000000000000e+00,0.000000000000000000e+00
7.206569446333125484e+01,0.000000000000000000e+00,0.000000000000000000e+00
6.726221630598776358e+01,0.000000000000000000e+00,0.000000000000000000e+00
7.032208860732741584e+01,0.000000000000000000e+00,0.000000000000000000e+00
7.057559466497760070e+01,0.000000000000000000e+00,0.000000000000000000e+00
7.292470783542189849e+01,0.000000000000000000e+00,0.000000000000000000e+00
7.064720863763744774e+01,0.000000000000000000e+00,0.000000000000000000e+00
6.946761544159612356e+01,0.000000000000000000e+00,0.000000000000000000e+00
7.095965937145484759e+01,0.000000000000000000e+00,0.000000000000000000e+00
7.429803160855578881e+01,0.000000000000000000e+00,0.000000000000000000e+00
6.981545841904369354e+01,0.000000000000000000e+00,0.000000000000000000e+00
7.235297610499441134e+01,0.000000000000000000e+00,0.000000000000000000e+00
7.212370507575391798e+01,0.000000000000000000e+00,0.000000000000000000e+00
7.766146051742938994e+01,0.000000000000000000e+00,0.000000000000000000e+00
7.547732285390823392e+01,0.000000000000000000e+00,0.000000000000000000e+00
7.467628595678722547e+01,0.000000000000000000e+00,0.000000000000000000e+00
8.027977064700735355e+01,0.000000000000000000e+00,0.000000000000000000e+00
7.957480613449388329e+01,0.000000000000000000e+00,0.000000000000000000e+00
7.587612534491844940e+01,0.000000000000000000e+00,0.000000000000000000e+00
7.514271022601226946e+01,0.000000000000000000e+00,0.000000000000000000e+00
7.801037346364248037e+01,0.000000000000000000e+00,0.000000000000000000e+00
7.660729459621620663e+01,0.000000000000000000e+00,0.000000000000000000e+00
7.800498372671555103e+01,0.000000000000000000e+00,0.000000000000000000e+00
7.476169998334698619e+01,0.000000000000000000e+00,0.000000000000000000e+00
7.417188012470927561e+01,0.000000000000000000e+00,0.000000000000000000e+00
8.204459349575084559e+01,0.000000000000000000e+00,0.000000000000000000e+00
7.718652919629839460e+01,0.000000000000000000e+00,0.000000000000000000e+00
8.125273452336166713e+01,0.000000000000000000e+00,0.000000000000000000e+00
7.797543142594572885e+01,0.000000000000000000e+00,0.000000000000000000e+00
7.934449985776124947e+01,0.000000000000000000e+00,0.000000000000000000e+00
7.906895274095434445e+01,0.000000000000000000e+00,0.000000000000000000e+00
8.178057821116043158e+01,0.000000000000000000e+00,0.000000000000000000e+00
8.263731055894417921e+01,0.000000000000000000e+00,0.000000000000000000e+00
8.121282893849723905e+01,0.000000000000000000e+00,0.000000000000000000e+00
8.091534867879254023e+01,0.000000000000000000e+00,0.000000000000000000e+00
8.196975637695645389e+01,0.000000000000000000e+00,0.000000000000000000e+00
7.824884121026995842e+01,0.000000000000000000e+00,0.000000000000000000e+00
8.266314455539749417e+01,0.000000000000000000e+00,0.000000000000000000e+00
7.940238298143390239e+01,0.000000000000000000e+00,0.000000000000000000e+00
7.847404361974088260e+01,0.000000000000000000e+00,0.000000000000000000e+00
8.362706654863721667e+01,0.000000000000000000e+00,0.000000000000000000e+00
8.045635310153981834e+01,0.000000000000000000e+00,0.000000000000000000e+00
7.978330979991029892e+01,0.000000000000000000e+00,0.000000000000000000e+00
7.997993647411745144e+01,0.000000000000000000e+00,0.000000000000000000e+00
7.657571362956508665e+01,0.000000000000000000e+00,0.000000000000000000e+00
8.223475917698723947e+01,0.000000000000000000e+00,0.000000000000000000e+00
7.937129421542370267e+01,0.000000000000000000e+00,0.000000000000000000e+00
8.020933462425941229e+01,0.000000000000000000e+00,0.000000000000000000e+00
8.143070402853371093e+01,0.000000000000000000e+00,0.000000000000000000e+00
7.780551307226340896e+01,0.000000000000000000e+00,0.000000000000000000e+00
8.131009844679954313e+01,0.000000000000000000e+00,0.000000000000000000e+00
8.069484984030977159e+01,0.000000000000000000e+00,0.000000000000000000e+00
7.778742855726862615e+01,0.000000000000000000e+00,0.000000000000000000e+00
7.955420127568464750e+01,0.000000000000000000e+00,0.000000000000000000e+00
7.877523921527976825e+01,0.000000000000000000e+00,0.000000000000000000e+00
8.011354930115362549e+01,0.000000000000000000e+00,0.000000000000000000e+00
7.882466629713057671e+01,0.000000000000000000e+00,0.000000000000000000e+00
8.027430721471431241e+01,0.000000000000000000e+00,0.000000000000000000e+00
7.516222103373328878e+01,0.000000000000000000e+00,0.000000000000000000e+00
7.841854412783897033e+01,0.000000000000000000e+00,0.000000000000000000e+00
7.733570880074090326e+01,0.000000000000000000e+00,0.000000000000000000e+00
7.703350970029181610e+01,0.000000000000000000e+00,0.000000000000000000e+00
7.829951136110437915e+01,0.000000000000000000e+00,0.000000000000000000e+00
7.920803160366372708e+01,0.000000000000000000e+00,0.000000000000000000e+00
7.274456320347319149e+01,0.000000000000000000e+00,0.000000000000000000e+00
7.463820556519377192e+01,0.000000000000000000e+00,0.000000000000000000e+00
7.660152030191648009e+01,0.000000000000000000e+00,0.000000000000000000e+00
7.438354617769658716e+01,0.000000000000000000e+00,0.000000000000000000e+00
7.528618144485443509e+01,0.000000000000000000e+00,0.000000000000000000e+00
7.160713446293534901e+01,0.000000000000000000e+00,0.000000000000000000e+00
7.319391407932229754e+01,0.000000000000000000e+00,0.000000000000000000e+00
7.287518867039663917e+01,0.000000000000000000e+00,0.000000000000000000e+00
7.654227601315560037e+01,0.000000000000000000e+00,0.000000000000000000e+00
7.105324083246730993e+01,0.000000000000000000e+00,0.000000000000000000e+00
7.118188288418382115e+01,0.000000000000000000e+00,0.000000000000000000e+00
6.758215994736325172e+01,0.000000000000000000e+00,0.000000000000000000e+00
7.214059779579088172e+01,0.000000000000000000e+00,0.000000000000000000e+00
6.859371723768482809e+01,0.000000000000000000e+00,0.000000000000000000e+00
7.118786321699130326e+01,0.000000000000000000e+00,0.000000000000000000e+00
7.006604570592153891e+01,0.000000000000000000e+00,0.000000000000000000e+00
6.830877378817424983e+01,0.000000000000000000e+00,0.000000000000000000e+00
6.921698951092658092e+01,0.000000000000000000e+00,0.000000000000000000e+00
7.264984585970395869e+01,0.000000000000000000e+00,0.000000000000000000e+00
6.717301348886516621e+01,0.000000000000000000e+00,0.000000000000000000e+00
6.749651508015369927e+01,0.000000000000000000e+00,0.000000000000000000e+00
6.626825798796700440e+01,0.000000000000000000e+00,0.000000000000000000e+00
6.442107039247839850e+01,0.000000000000000000e+00,0.000000000000000000e+00
6.185493848126257177e+01,0.000000000000000000e+00,0.000000000000000000e+00
6.381201171217218615e+01,0.000000000000000000e+00,0.000000000000000000e+00
6.540818496753820455e+01,0.000000000000000000e+00,0.000000000000000000e+00
6.611082733207653916e+01,0.000000000000000000e+00,0.000000000000000000e+00
6.528268733541131041e+01,0.000000000000000000e+00,0.000000000000000000e+00
6.309522188481386706e+01,0.000000000000000000e+00,0.000000000000000000e+00
6.059674293695785252e+01,0.000000000000000000e+00,0.000000000000000000e+00
5.927248705641268600e+01,0.000000000000000000e+00,0.000000000000000000e+00
5.656331228294813940e+01,0.000000000000000000e+00,0.000000000000000000e+00
6.718293635734295322e+01,0.000000000000000000e+00,0.000000000000000000e+00
5.570226957964190007e+01,0.000000000000000000e+00,0.000000000000000000e+00
6.495174540281388431e+01,0.000000000000000000e+00,0.000000000000000000e+00
5.769137848223268605e+01,0.000000000000000000e+00,0.000000000000000000e+00
5.555146300161820250e+01,0.000000000000000000e+00,0.000000000000000000e+00
5.622639165501126257e+01,0.000000000000000000e+00,0.000000000000000000e+00
5.434273833047454616e+01,0.000000000000000000e+00,0.000000000000000000e+00
5.681665421471008415e+01,0.000000000000000000e+00,0.000000000000000000e+00
5.806934083994051576e+01,0.000000000000000000e+00,0.000000000000000000e+00
5.216580341531021503e+01,0.000000000000000000e+00,0.000000000000000000e+00
5.394944229616619680e+01,0.000000000000000000e+00,0.000000000000000000e+00
5.488152760539145447e+01,0.000000000000000000e+00,0.000000000000000000e+00
5.434745407193512534e+01,0.000000000000000000e+00,0.000000000000000000e+00
5.123963692196386432e+01,0.000000000000000000e+00,0.000000000000000000e+00
4.852078664308031364e+01,0.000000000000000000e+00,0.000000000000000000e+00
5.382455177037644489e+01,0.000000000000000000e+00,0.000000000000000000e+00
5.142072782455541358e+01,0.000000000000000000e+00,0.000000000000000000e+00
5.254603852770816275e+01,0.000000000000000000e+00,0.000000000000000000e+00
4.867178412480174643e+01,0.000000000000000000e+00,0.000000000000000000e+00
4.935449053766739524e+01,0.000000000000000000e+00,0.000000000000000000e+00
4.997906371126306624e+01,0.000000000000000000e+00,0.000000000000000000e+00
4.759082212341750306e+01,0.000000000000000000e+00,0.000000000000000000e+00
5.085326612091760978e+01,0.000000000000000000e+00,0.000000000000000000e+00
5.224778106733397465e+01,0.000000000000000000e+00,0.000000000000000000e+00
4.347427418934921661e+01,0.000000000000000000e+00,0.000000000000000000e+00
4.499118800668902907e+01,0.000000000000000000e+00,0.000000000000000000e+00
4.712021239286116270e+01,0.000000000000000000e+00,0.000000000000000000e+00
4.525299321098171390e+01,0.000000000000000000e+00,0.000000000000000000e+00
4.460347441932223234e+01,0.000000000000000000e+00,0.000000000000000000e+00
3.975366659984411655e+01,0.000000000000000000e+00,0.000000000000000000e+00
4.212085191684720797e+01,0.000000000000000000e+00,0.000000000000000000e+00
4.096991326437024128e+01,0.000000000000000000e+00,0.000000000000000000e+00
3.899117810722833610e+01,0.000000000000000000e+00,0.000000000000000000e+00
4.203745509293712956e+01,0.000000000000000000e+00,0.000000000000000000e+00
3.802662722515874805e+01,0.000000000000000000e+00,0.000000000000000000e+00
3.789545355624687062e+01,0.000000000000000000e+00,0.000000000000000000e+00
3.718876186763441183e+01,0.000000000000000000e+00,0.000000000000000000e+00
3.606089156120054895e+01,0.000000000000000000e+00,0.000000000000000000e+00
3.961861594355674754e+01,0.000000000000000000e+00,0.000000000000000000e+00
3.528512763717137091e+01,0.000000000000000000e+00,0.000000000000000000e+00
3.648558047418515571e+01,0.000000000000000000e+00,0.000000000000000000e+00
3.235148773387320631e+01,0.000000000000000000e+00,0.000000000000000000e+00
3.467267798661637102e+01,0.000000000000000000e+00,0.000000000000000000e+00
3.068939581475594025e+01,0.000000000000000000e+00,0.000000000000000000e+00
3.465269635572099816e+01,0.000000000000000000e+00,0.000000000000000000e+00
3.256079844475410567e+01,0.000000000000000000e+00,0.000000000000000000e+00
3.121633244510917038e+01,0.000000000000000000e+00,0.000000000000000000e+00
3.019539733696191419e+01,0.000000000000000000e+00,0.000000000000000000e+00
3.325507390153390475e+01,0.000000000000000000e+00,0.000000000000000000e+00
3.135154873637171846e+01,0.000000000000000000e+00,0.000000000000000000e+00
2.901504589409348256e+01,0.000000000000000000e+00,0.000000000000000000e+00
2.843769467590357181e+01,0.000000000000000000e+00,0.000000000000000000e+00
3.103988816576710974e+01,0.000000000000000000e+00,0.000000000000000000e+00
2.531316400595100902e+01,0.000000000000000000e+00,0.000000000000000000e+00
2.453331113350772341e+01,0.000000000000000000e+00,0.000000000000000000e+00
2.934448417798762421e+01,0.000000000000000000e+00,0.000000000000000000e+00
2.941276052359816973e+01,0.000000000000000000e+00,0.000000000000000000e+00
2.674007412524866822e+01,0.000000000000000000e+00,0.000000000000000000e+00
2.801661320662251953e+01,0.000000000000000000e+00,0.000000000000000000e+00
2.503128368395348247e+01,0.000000000000000000e+00,0.000000000000000000e+00
2.520181138330306325e+01,0.000000000000000000e+00,0.000000000000000000e+00
3.010252626072886528e+01,0.000000000000000000e+00,0.000000000000000000e+00
2.435583490679669083e+01,0.000000000000000000e+00,0.000000000000000000e+00
2.295666802688048236e+01,0.000000000000000000e+00,0.000000000000000000e+00
2.604108136823037967e+01,0.000000000000000000e+00,0.000000000000000000e+00
2.466255789460316805e+01,0.000000000000000000e+00,0.000000000000000000e+00
2.396494438804914040e+01,0.000000000000000000e+00,0.000000000000000000e+00
2.767154706013461407e+01,0.000000000000000000e+00,0.000000000000000000e+00
2.559494650745334710e+01,0.000000000000000000e+00,0.000000000000000000e+00
2.483698440463702894e+01,0.000000000000000000e+00,0.000000000000000000e+00
2.426193158344388578e+01,0.000000000000000000e+00,0.000000000000000000e+00
2.549203856846131089e+01,0.000000000000000000e+00,0.000000000000000000e+00
1.974779126582578570e+01,0.000000000000000000e+00,0.000000000000000000e+00
2.146905405218801377e+01,0.000000000000000000e+00,0.000000000000000000e+00
2.272859296204557822e+01,0.000000000000000000e+00,0.000000000000000000e+00
2.155442975968945163e+01,0.000000000000000000e+00,0.000000000000000000e+00
2.007369084866409992e+01,0.000000000000000000e+00,0.000000000000000000e+00
2.048451510154423261e+01,0.000000000000000000e+00,0.000000000000000000e+00
2.242456455401289617e+01,0.000000000000000000e+00,0.000000000000000000e+00
1.921673412161888095e+01,0.000000000000000000e+00,0.000000000000000000e+00
2.227398562282332861e+01,0.000000000000000000e+00,0.000000000000000000e+00
2.468372094612300671e+01,0.000000000000000000e+00,0.000000000000000000e+00
2.015827874458062396e+01,0.000000000000000000e+00,0.000000000000000000e+00
2.110686458259775122e+01,0.000000000000000000e+00,0.000000000000000000e+00
1.758241510275788144e+01,0.000000000000000000e+00,0.000000000000000000e+00
2.122754947467960562e+01,0.000000000000000000e+00,0.000000000000000000e+00
2.012585527760243664e+01,0.000000000000000000e+00,0.000000000000000000e+00
1.612417747268672841e+01,0.000000000000000000e+00,0.000000000000000000e+00
2.132091279290455077e+01,0.000000000000000000e+00,0.000000000000000000e+00
2.396586494149936186e+01,0.000000000000000000e+00,0.000000000000000000e+00
1.977076934740721015e+01,0.000000000000000000e+00,0.000000000000000000e+00
2.100685729439663518e+01,0.000000000000000000e+00,0.000000000000000000e+00
1.508234864280072074e+01,0.000000000000000000e+00,0.000000000000000000e+00
2.043979998383492358e+01,0.000000000000000000e+00,0.000000000000000000e+00
2.164957071785207532e+01,0.000000000000000000e+00,0.000000000000000000e+00
1.838652788277472894e+01,0.000000000000000000e+00,0.000000000000000000e+00
2.053846366142870750e+01,0.000000000000000000e+00,0.000000000000000000e+00
2.293402819737742959e+01,0.000000000000000000e+00,0.000000000000000000e+00
1.926852519419436049e+01,0.000000000000000000e+00,0.000000000000000000e+00
2.293160537031415558e+01,0.000000000000000000e+00,0.000000000000000000e+00
2.428800339480964254e+01,0.000000000000000000e+00,0.000000000000000000e+00
2.014247757051191456e+01,0.000000000000000000e+00,0.000000000000000000e+00
1.774146982192544542e+01,0.000000000000000000e+00,0.000000000000000000e+00
2.568359419537586064e+01,0.000000000000000000e+00,0.000000000000000000e+00
1.999040092728459328e+01,0.000000000000000000e+00,0.000000000000000000e+00
2.393814200780042611e+01,0.000000000000000000e+00,0.000000000000000000e+00
2.315196879244238559e+01,0.000000000000000000e+00,0.000000000000000000e+00
2.294730886927708013e+01,0.000000000000000000e+00,0.000000000000000000e+00
2.375924341272507334e+01,0.000000000000000000e+00,0.000000000000000000e+00
2.296499327038925031e+01,0.000000000000000000e+00,0.000000000000000000e+00
2.076536629411929979e+01,0.000000000000000000e+00,0.000000000000000000e+00
2.330945365923811607e+01,0.000000000000000000e+00,0.000000000000000000e+00
2.206365686930184822e+01,0.000000000000000000e+00,0.000000000000000000e+00
2.202075978334735851e+01,0.000000000000000000e+00,0.000000000000000000e+00
2.240547367437309845e+01,0.000000000000000000e+00,0.000000000000000000e+00
2.649058222043070288e+01,0.000000000000000000e+00,0.000000000000000000e+00
2.313944250091174126e+01,0.000000000000000000e+00,0.000000000000000000e+00
2.271034026445134302e+01,0.000000000000000000e+00,0.000000000000000000e+00
2.606839772930463894e+01,0.000000000000000000e+00,0.000000000000000000e+00
2.447233261584276676e+01,0.000000000000000000e+00,0.000000000000000000e+00
2.541246949626166796e+01,0.000000000000000000e+00,0.000000000000000000e+00
2.794319225779235438e+01,0.000000000000000000e+00,0.000000000000000000e+00
2.752549815591181570e+01,0.000000000000000000e+00,0.000000000000000000e+00
2.801041281483890089e+01,0.000000000000000000e+00,0.000000000000000000e+00
2.657213984828160136e+01,0.000000000000000000e+00,0.000000000000000000e+00
3.119953294805736732e+01,0.000000000000000000e+00,0.000000000000000000e+00
2.763607077834230452e+01,0.000000000000000000e+00,0.000000000000000000e+00
2.857228998044340784e+01,0.000000000000000000e+00,0.000000000000000000e+00
2.816060824049072764e+01,0.000000000000000000e+00,0.000000000000000000e+00
2.975453346783716313e+01,0.000000000000000000e+00,0.000000000000000000e+00
3.431045201564588609e+01,0.000000000000000000e+00,0.000000000000000000e+00
3.075764482759187146e+01,0.000000000000000000e+00,0.000000000000000000e+00
3.094510905952127544e+01,0.000000000000000000e+00,0.000000000000000000e+00
3.188267225730147203e+01,0.000000000000000000e+00,0.000000000000000000e+00
3.134075902382588552e+01,0.000000000000000000e+00,0.000000000000000000e+00
3.640906636408056585e+01,0.000000000000000000e+00,0.000000000000000000e+00
3.550472047957315880e+01,0.000000000000000000e+00,0.000000000000000000e+00
3.275795920179727005e+01,0.000000000000000000e+00,0.000000000000000000e+00
4.086217415649192475e+01,0.000000000000000000e+00,0.000000000000000000e+00
4.092051411990935605e+01,0.000000000000000000e+00,0.000000000000000000e+00
3.582265650010787539e+01,0.000000000000000000e+00,0.000000000000000000e+00
3.559639859695622022e+01,0.000000000000000000e+00,0.000000000000000000e+00
3.775847554100578662e+01,0.000000000000000000e+00,0.000000000000000000e+00
3.647615787466911286e+01,0.000000000000000000e+00,0.000000000000000000e+00
3.786185780621969599e+01,0.000000000000000000e+00,0.000000000000000000e+00
3.896191262685265144e+01,0.000000000000000000e+00,0.000000000000000000e+00
4.150019436014608942e+01,0.000000000000000000e+00,0.000000000000000000e+00
4.305782718465668069e+01,0.000000000000000000e+00,0.000000000000000000e+00
4.017309411866784075e+01,0.000000000000000000e+00,0.000000000000000000e+00
4.121374092245952170e+01,0.000000000000000000e+00,0.000000000000000000e+00
4.396651590941008436e+01,0.000000000000000000e+00,0.000000000000000000e+00
4.176544115664356838e+01,0.000000000000000000e+00,0.000000000000000000e+00
4.359679491446765809e+01,0.000000000000000000e+00,0.000000000000000000e+00
4.700752477321351108e+01,0.000000000000000000e+00,0.000000000000000000e+00
4.786800528602691429e+01,0.000000000000000000e+00,0.000000000000000000e+00
4.443651350438083369e+01,0.000000000000000000e+00,0.000000000000000000e+00
4.739795544312221409e+01,0.000000000000000000e+00,0.000000000000000000e+00
4.583844097790370853e+01,0.000000000000000000e+00,0.000000000000000000e+00
4.758249895105339533e+01,0.000000000000000000e+00,0.000000000000000000e+00
5.025251318422282765e+01,0.000000000000000000e+00,0.000000000000000000e+00
4.862213570196718138e+01,0.000000000000000000e+00,0.000000000000000000e+00
5.010722878196116881e+01,0.000000000000000000e+00,0.000000000000000000e+00
4.713728309529192018e+01,0.000000000000000000e+00,0.000000000000000000e+00
5.332887883080574909e+01,0.000000000000000000e+00,0.000000000000000000e+00
5.219065467291142824e+01,0.000000000000000000e+00,0.000000000000000000e+00
5.162415718520628616e+01,0.000000000000000000e+00,0.000000000000000000e+00
5.275283264253210547e+01,0.000000000000000000e+00,0.000000000000000000e+00
5.474696913479859006e+01,0.000000000000000000e+00,0.000000000000000000e+00
5.532940060434268759e+01,0.000000000000000000e+00,0.000000000000000000e+00
5.303185748157327595e+01,0.000000000000000000e+00,0.000000000000000000e+00
5.771361826606944589e+01,0.000000000000000000e+00,0.000000000000000000e+00
5.379085349749475142e+01,0.000000000000000000e+00,0.000000000000000000e+00
5.866174432936507088e+01,0.000000000000000000e+00,0.000000000000000000e+00
6.002460312629835926e+01,0.000000000000000000e+00,0.000000000000000000e+00
5.695163218513732062e+01,0.000000000000000000e+00,0.000000000000000000e+00
5.850671969795325111e+01,0.000000000000000000e+00,0.000000000000000000e+00
5.997139987812119699e+01,0.000000000000000000e+00,0.000000000000000000e+00
6.305138273343953159e+01,0.000000000000000000e+00,0.000000000000000000e+00
6.042515226887041280e+01,0.000000000000000000e+00,0.000000000000000000e+00
5.943876656988139473e+01,0.000000000000000000e+00,0.000000000000000000e+00
6.318280165877207821e+01,0.000000000000000000e+00,0.000000000000000000e+00
6.288330856723825946e+01,0.000000000000000000e+00,0.000000000000000000e+00
6.664184136115687807e+01,0.000000000000000000e+00,0.000000000000000000e+00
6.510135864879232770e+01,0.000000000000000000e+00,0.000000000000000000e+00
6.201432664041153942e+01,0.000000000000000000e+00,0.000000000000000000e+00
6.417361960238541485e+01,0.000000000000000000e+00,0.000000000000000000e+00
6.278451441144247269e+01,0.000000000000000000e+00,0.000000000000000000e+00
6.550578556221287840e+01,0.000000000000000000e+00,0.000000000000000000e+00
6.569814973051408913e+01,0.000000000000000000e+00,0.000000000000000000e+00
6.418839908840851649e+01,0.000000000000000000e+00,0.000000000000000000e+00
6.741216384503540837e+01,0.000000000000000000e+00,0.000000000000000000e+00
6.612052459112049974e+01,0.000000000000000000e+00,0.000000000000000000e+00
6.732703267054588991e+01,0.000000000000000000e+00,0.000000000000000000e+00
7.100764378684304745e+01,0.000000000000000000e+00,0.000000000000000000e+00
6.910093772378577626e+01,0.000000000000000000e+00,0.000000000000000000e+00
6.937329639489996680e+01,0.000000000000000000e+00,0.000000000000000000e+00
6.977146616308985472e+01,0.000000000000000000e+00,0.000000000000000000e+00
7.319359413903391953e+01,0.000000000000000000e+00,0.000000000000000000e+00
7.121178236617929258e+01,0.000000000000000000e+00,0.000000000000000000e+00
7.036313282879251574e+01,0.000000000000000000e+00,0.000000000000000000e+00
7.596306897973616401e+01,0.000000000000000000e+00,0.000000000000000000e+00
7.088747489794162959e+01,0.000000000000000000e+00,0.000000000000000000e+00
7.226849574327347625e+01,0.000000000000000000e+00,0.000000000000000000e+00
7.450986546566555546e+01,0.000000000000000000e+00,0.000000000000000000e+00
7.513043044349960553e+01,0.000000000000000000e+00,0.000000000000000000e+00
7.200609927369728780e+01,0.000000000000000000e+00,0.000000000000000000e+00
7.692118784654331876e+01,0.000000000000000000e+00,0.000000000000000000e+00
7.550196113216473748e+01,0.000000000000000000e+00,0.000000000000000000e+00
7.537866589402349859e+01,0.000000000000000000e+00,0.000000000000000000e+00
7.261848011822505100e+01,0.000000000000000000e+00,0.000000000000000000e+00
7.548426061779107954e+01,0.000000000000000000e+00,0.000000000000000000e+00
7.506785193135178247e+01,0.000000000000000000e+00,0.000000000000000000e+00
7.733210103836235305e+01,0.000000000000000000e+00,0.000000000000000000e+00
7.747858140926319948e+01,0.000000000000000000e+00,0.000000000000000000e+00
8.056449953238421813e+01,0.000000000000000000e+00,0.000000000000000000e+00
8.296762853991458542e+01,0.000000000000000000e+00,0.000000000000000000e+00
7.535953167301832423e+01,0.000000000000000000e+00,0.000000000000000000e+00
7.766552894406878238e+01,0.000000000000000000e+00,0.000000000000000000e+00
7.784655373967706282e+01,0.000000000000000000e+00,0.000000000000000000e+00
7.976780468210550623e+01,0.000000000000000000e+00,0.000000000000000000e+00
7.940519084214794532e+01,0.000000000000000000e+00,0.000000000000000000e+00
7.814950287661073958e+01,0.000000000000000000e+00,0.000000000000000000e+00
7.886753590699846939e+01,0.000000000000000000e+00,0.000000000000000000e+00
7.686908596178550113e+01,0.000000000000000000e+00,0.000000000000000000e+00
7.641284059296971520e+01,0.000000000000000000e+00,0.000000000000000000e+00
7.963498155117544286e+01,0.000000000000000000e+00,0.000000000000000000e+00
8.003468430293756342e+01,0.000000000000000000e+00,0.000000000000000000e+00
7.385784038117940042e+01,0.000000000000000000e+00,0.000000000000000000e+00
8.009259016416187649e+01,0.000000000000000000e+00,0.000000000000000000e+00
8.215351777760341179e+01,0.000000000000000000e+00,0.000000000000000000e+00
7.890931835915115755e+01,0.000000000000000000e+00,0.000000000000000000e+00
8.266894755972866449e+01,0.000000000000000000e+00,0.000000000000000000e+00
7.919744070419667992e+01,0.000000000000000000e+00,0.000000000000000000e+00
8.144294839519268692e+01,0.000000000000000000e+00,0.000000000000000000e+00
8.079882330172870297e+01,0.000000000000000000e+00,0.000000000000000000e+00
7.842025613595430400e+01,0.000000000000000000e+00,0.000000000000000000e+00
7.799676406582651111e+01,0.000000000000000000e+00,0.000000000000000000e+00
8.033589106967460225e+01,0.000000000000000000e+00,0.000000000000000000e+00
8.306248687627372362e+01,0.000000000000000000e+00,0.000000000000000000e+00
7.522130686584226567e+01,0.000000000000000000e+00,0.000000000000000000e+00
7.964038323859658419e+01,0.000000000000000000e+00,0.000000000000000000e+00
8.153740207792561989e+01,0.000000000000000000e+00,0.000000000000000000e+00
8.090478747301690987e+01,0.000000000000000000e+00,0.000000000000000000e+00
8.314611926688868948e+01,0.000000000000000000e+00,0.000000000000000000e+00
7.860481079032280149e+01,0.000000000000000000e+00,0.000000000000000000e+00
8.066780175183232870e+01,0.000000000000000000e+00,0.000000000000000000e+00
7.698876787912337250e+01,0.000000000000000000e+00,0.000000000000000000e+00
7.829231272595522739e+01,0.000000000000000000e+00,0.000000000000000000e+00
7.630182804485632175e+01,0.000000000000000000e+00,0.000000000000000000e+00
8.028239168086012967e+01,0.000000000000000000e+00,0.000000000000000000e+00
7.783475714700723813e+01,0.000000000000000000e+00,0.000000000000000000e+00
7.617276847185432587e+01,0.000000000000000000e+00,0.000000000000000000e+00
7.602289493835925782e+01,0.000000000000000000e+00,0.000000000000000000e+00
7.697254254883573310e+01,0.000000000000000000e+00,0.000000000000000000e+00
7.825913660646075698e+01,0.000000000000000000e+00,0.000000000000000000e+00
7.582444567470221841e+01,0.000000000000000000e+00,0.000000000000000000e+00
7.808845721026698072e+01,0.000000000000000000e+00,0.000000000000000000e+00
7.590639558509030849e+01,0.000000000000000000e+00,0.000000000000000000e+00
8.002901898513351853e+01,0.000000000000000000e+00,0.000000000000000000e+00
7.761563594232933383e+01,0.000000000000000000e+00,0.000000000000000000e+00
7.776309280736616358e+01,0.000000000000000000e+00,0.000000000000000000e+00
7.253431264988515181e+01,0.000000000000000000e+00,0.000000000000000000e+00
7.396773137212711902e+01,0.000000000000000000e+00,0.000000000000000000e+00
7.081589696730927130e+01,0.000000000000000000e+00,0.000000000000000000e+00
7.325754181529454456e+01,0.000000000000000000e+00,0.000000000000000000e+00
7.131738981878517336e+01,0.000000000000000000e+00,0.000000000000000000e+00
7.262632961026977796e+01,0.000000000000000000e+00,0.000000000000000000e+00
7.136539134464167944e+01,0.000000000000000000e+00,0.000000000000000000e+00
6.994377603355448514e+01,0.000000000000000000e+00,0.000000000000000000e+00
7.033720733708722150e+01,0.000000000000000000e+00,0.000000000000000000e+00
6.974290782304728964e+01,0.000000000000000000e+00,0.000000000000000000e+00
6.753457942121973190e+01,0.000000000000000000e+00,0.000000000000000000e+00
7.083006565412615885e+01,0.000000000000000000e+00,0.000000000000000000e+00
6.519747526795245562e+01,0.000000000000000000e+00,0.000000000000000000e+00
7.028938599707929313e+01,0.000000000000000000e+00,0.000000000000000000e+00
6.484789853809648719e+01,0.000000000000000000e+00,0.000000000000000000e+00
6.518902432436841821e+01,0.000000000000000000e+00,0.000000000000000000e+00
6.896119993559867112e+01,0.000000000000000000e+00,0.000000000000000000e+00
6.688395883362667860e+01,0.000000000000000000e+00,0.000000000000000000e+00
6.430911134314278854e+01,0.000000000000000000e+00,0.000000000000000000e+00
6.863093405136945080e+01,0.000000000000000000e+00,0.000000000000000000e+00
6.777182464930193362e+01,0.000000000000000000e+00,0.000000000000000000e+00
6.210051576570020870e+01,0.000000000000000000e+00,0.000000000000000000e+00
6.672716792743948133e+01,0.000000000000000000e+00,0.000000000000000000e+00
6.234504589430757449e+01,0.000000000000000000e+00,0.000000000000000000e+00
5.966996424667645016e+01,0.000000000000000000e+00,0.000000000000000000e+00
6.301305665758836483e+01,0.000000000000000000e+00,0.000000000000000000e+00
6.176065838337478198e+01,0.000000000000000000e+00,0.000000000000000000e+00
6.326430192726815704e+01,0.000000000000000000e+00,0.000000000000000000e+00
6.025971914330359880e+01,0.000000000000000000e+00,0.000000000000000000e+00
5.814476491728367336e+01,0.000000000000000000e+00,0.000000000000000000e+00
5.805815642116984776e+01,0.000000000000000000e+00,0.000000000000000000e+00
6.021820707594113031e+01,0.000000000000000000e+00,0.000000000000000000e+00
5.728618313618008528e+01,0.000000000000000000e+00,0.000000000000000000e+00
5.612674102576073665e+01,0.000000000000000000e+00,0.000000000000000000e+00
5.394790993816134517e+01,0.000000000000000000e+00,0.000000000000000000e+00
5.585976265675363805e+01,0.000000000000000000e+00,0.000000000000000000e+00
5.231241688154022995e+01,0.000000000000000000e+00,0.000000000000000000e+00
5.388399400657419847e+01,0.000000000000000000e+00,0.000000000000000000e+00
4.906564237708306564e+01,0.000000000000000000e+00,0.000000000000000000e+00
5.219285539798528362e+01,0.000000000000000000e+00,0.000000000000000000e+00
5.488591660739052003e+01,0.000000000000000000e+00,0.000000000000000000e+00
5.258627227264391735e+01,0.000000000000000000e+00,0.000000000000000000e+00
5.267234008940521051e+01,0.000000000000000000e+00,0.000000000000000000e+00
5.015705348074798309e+01,0.000000000000000000e+00,0.000000000000000000e+00
4.567916496113695501e+01,0.000000000000000000e+00,0.000000000000000000e+00
4.973292980507983430e+01,0.000000000000000000e+00,0.000000000000000000e+00
4.887254082924200560e+01,0.000000000000000000e+00,0.000000000000000000e+00
4.522154178110685052e+01,0.000000000000000000e+00,0.000000000000000000e+00
4.678529159749222543e+01,0.000000000000000000e+00,0.000000000000000000e+00
4.870142812860923698e+01,0.000000000000000000e+00,0.000000000000000000e+00
4.475242812864504316e+01,0.000000000000000000e+00,0.000000000000000000e+00
4.595683024196710420e+01,0.000000000000000000e+00,0.000000000000000000e+00
4.485371666499263910e+01,0.000000000000000000e+00,0.000000000000000000e+00
4.616195047590456113e+01,0.000000000000000000e+00,0.000000000000000000e+00
4.010929512002712727e+01,0.000000000000000000e+00,0.000000000000000000e+00
4.241472700253433459e+01,0.000000000000000000e+00,0.000000000000000000e+00
4.238106061091963994e+01,0.000000000000000000e+00,0.000000000000000000e+00
4.006207509033059466e+01,0.000000000000000000e+00,0.000000000000000000e+00
4.224760421560439028e+01,0.000000000000000000e+00,0.000000000000000000e+00
4.406603954152458158e+01,0.000000000000000000e+00,0.000000000000000000e+00
3.885935460180746048e+01,0.000000000000000000e+00,0.000000000000000000e+00
3.767884836008141036e+01,0.000000000000000000e+00,0.000000000000000000e+00
3.889683337235629779e+01,0.000000000000000000e+00,0.000000000000000000e+00
3.627825270241633149e+01,0.000000000000000000e+00,0.000000000000000000e+00
3.613664222479270194e+01,0.000000000000000000e+00,0.000000000000000000e+00
3.910437752117942978e+01,0.000000000000000000e+00,0.000000000000000000e+00
3.115358711096496336e+01,0.000000000000000000e+00,0.000000000000000000e+00
3.440060284030135307e+01,0.000000000000000000e+00,0.000000000000000000e+00
3.497982641280479754e+01,0.000000000000000000e+00,0.000000000000000000e+00
3.195806320584291171e+01,0.000000000000000000e+00,0.000000000000000000e+00
3.474856819289581722e+01,0.000000000000000000e+00,0.000000000000000000e+00
3.771014926864748418e+01,0.000000000000000000e+00,0.000000000000000000e+00
2.819696530479938446e+01,0.000000000000000000e+00,0.000000000000000000e+00
3.030736782708013521e+01,0.000000000000000000e+00,0.000000000000000000e+00
2.787543366949311263e+01,0.000000000000000000e+00,0.000000000000000000e+00
3.076972555493009409e+01,0.000000000000000000e+00,0.000000000000000000e+00
3.000759703290110281e+01,0.000000000000000000e+00,0.000000000000000000e+00
3.102670064034004227e+01,0.000000000000000000e+00,0.000000000000000000e+00
2.878312449905605774e+01,0.000000000000000000e+00,0.000000000000000000e+00
2.993731049383608678e+01,0.000000000000000000e+00,0.000000000000000000e+00
2.782763029377212050e+01,0.000000000000000000e+00,0.000000000000000000e+00
2.355210561052656359e+01,0.000000000000000000e+00,0.000000000000000000e+00
2.945467360920823552e+01,0.000000000000000000e+00,0.000000000000000000e+00
2.724268242450443012e+01,0.000000000000000000e+00,0.000000000000000000e+00
2.952788392522307248e+01,0.000000000000000000e+00,0.000000000000000000e+00
2.622383970395837949e+01,0.000000000000000000e+00,0.000000000000000000e+00
2.885257347356959556e+01,0.000000000000000000e+00,0.000000000000000000e+00
2.631334389428645792e+01,0.000000000000000000e+00,0.000000000000000000e+00
2.138045837324947840e+01,0.000000000000000000e+00,0.000000000000000000e+00
2.447821281723753373e+01,0.000000000000000000e+00,0.000000000000000000e+00
2.220498258169571670e+01,0.000000000000000000e+00,0.000000000000000000e+00
1.866938049295293212e+01,0.000000000000000000e+00,0.000000000000000000e+00
2.436689460483065872e+01,0.000000000000000000e+00,0.000000000000000000e+00
2.569116554820764264e+01,0.000000000000000000e+00,0.000000000000000000e+00
2.305383564828082399e+01,0.000000000000000000e+00,0.000000000000000000e+00
2.290205692212401445e+01,0.000000000000000000e+00,0.000000000000000000e+00
2.323890907298707731e+01,0.000000000000000000e+00,0.000000000000000000e+00
2.233497137099590191e+01,0.000000000000000000e+00,0.000000000000000000e+00
2.443950472189468215e+01,0.000000000000000000e+00,0.000000000000000000e+00
1.832057491783734449e+01,0.000000000000000000e+00,0.000000000000000000e+00
1.868065596783079130e+01,0.000000000000000000e+00,0.000000000000000000e+00
2.216564512848263035e+01,0.000000000000000000e+00,0.000000000000000000e+00
1.937523220804058965e+01,0.000000000000000000e+00,0.000000000000000000e+00
2.128314016992201374e+01,0.000000000000000000e+00,0.000000000000000000e+00
1.864551649989628501e+01,0.000000000000000000e+00,0.000000000000000000e+00
2.170912270366365604e+01,0.000000000000000000e+00,0.000000000000000000e+00
1.895247994636725508e+01,0.000000000000000000e+00,0.000000000000000000e+00
1.980942729315948014e+01,0.000000000000000000e+00,0.000000000000000000e+00
2.179838442126425235e+01,0.000000000000000000e+00,0.000000000000000000e+00
2.205858128607590629e+01,0.000000000000000000e+00,0.000000000000000000e+00
1.995878098722594629e+01,0.000000000000000000e+00,0.000000000000000000e+00
2.086726338434898054e+01,0.000000000000000000e+00,0.000000000000000000e+00
2.142323972662147114e+01,0.000000000000000000e+00,0.000000000000000000e+00
2.115578335469609783e+01,0.000000000000000000e+00,0.000000000000000000e+00
2.124597501723540205e+01,0.000000000000000000e+00,0.000000000000000000e+00
2.353025386213315429e+01,0.000000000000000000e+00,0.000000000000000000e+00
1.854904213541368563e+01,0.000000000000000000e+00,0.000000000000000000e+00
1.894130393865986406e+01,0.000000000000000000e+00,0.000000000000000000e+00
1.935867955201521795e+01,0.000000000000000000e+00,0.000000000000000000e+00
2.096389328276004349e+01,0.000000000000000000e+00,0.000000000000000000e+00
2.145832897414289420e+01,0.000000000000000000e+00,0.000000000000000000e+00
2.013495626574256647e+01,0.000000000000000000e+00,0.000000000000000000e+00
1.992242337897863891e+01,0.000000000000000000e+00,0.000000000000000000e+00
1.696639878134866564e+01,0.000000000000000000e+00,0.000000000000000000e+00
2.046776233904194342e+01,0.000000000000000000e+00,0.000000000000000000e+00
1.926827570869047435e+01,0.000000000000000000e+00,0.000000000000000000e+00
2.305195647740626086e+01,0.000000000000000000e+00,0.000000000000000000e+00
2.072806183059417862e+01,0.000000000000000000e+00,0.000000000000000000e+00
2.206150079534539543e+01,0.000000000000000000e+00,0.000000000000000000e+00
2.193941890349237411e+01,0.000000000000000000e+00,0.000000000000000000e+00
2.274163179515402433e+01,0.000000000000000000e+00,0.000000000000000000e+00
2.001655194103811297e+01,0.000000000000000000e+00,0.000000000000000000e+00
2.315140179417061361e+01,0.000000000000000000e+00,0.000000000000000000e+00
2.409138359631570836e+01,0.000000000000000000e+00,0.000000000000000000e+00
2.362139221334580697e+01,0.000000000000000000e+00,0.000000000000000000e+00
2.027330631283964379e+01,0.000000000000000000e+00,0.000000000000000000e+00
2.079341085400928080e+01,0.000000000000000000e+00,0.000000000000000000e+00
2.191305426276342772e+01,0.000000000000000000e+00,0.000000000000000000e+00
1.861829930212694251e+01,0.000000000000000000e+00,0.000000000000000000e+00
2.717111568090967921e+01,0.000000000000000000e+00,0.000000000000000000e+00
2.570692289654962082e+01,0.000000000000000000e+00,0.000000000000000000e+00
2.082052283380728497e+01,0.000000000000000000e+00,0.000000000000000000e+00
2.302156648720338694e+01,0.000000000000000000e+00,0.000000000000000000e+00
2.438853421569605118e+01,0.000000000000000000e+00,0.000000000000000000e+00
2.655343241474468741e+01,0.000000000000000000e+00,0.000000000000000000e+00
3.154028430507105085e+01,0.000000000000000000e+00,0.000000000000000000e+00
2.666518050542557816e+01,0.000000000000000000e+00,0.000000000000000000e+00
2.844429047655810550e+01,0.000000000000000000e+00,0.000000000000000000e+00
2.996751213178724882e+01,0.000000000000000000e+00,0.000000000000000000e+00
2.426175724700982528e+01,0.000000000000000000e+00,0.000000000000000000e+00
2.582866758399170237e+01,0.000000000000000000e+00,0.000000000000000000e+00
2.920489880475142286e+01,0.000000000000000000e+00,0.000000000000000000e+00
2.875189915363240800e+01,0.000000000000000000e+00,0.000000000000000000e+00
2.849785203336609385e+01,0.000000000000000000e+00,0.000000000000000000e+00
3.188051181802027045e+01,0.000000000000000000e+00,0.000000000000000000e+00
3.107986450808401102e+01,0.000000000000000000e+00,0.000000000000000000e+00
2.699795515938896528e+01,0.000000000000000000e+00,0.000000000000000000e+00
2.737081780632235350e+01,0.000000000000000000e+00,0.000000000000000000e+00
3.008007991483883004e+01,0.000000000000000000e+00,0.000000000000000000e+00
3.548269159816644702e+01,0.000000000000000000e+00,0.000000000000000000e+00
3.236536260862204983e+01,0.000000000000000000e+00,0.000000000000000000e+00
3.384453771432423252e+01,0.000000000000000000e+00,0.000000000000000000e+00
3.225759500184739181e+01,0.000000000000000000e+00,0.000000000000000000e+00
3.311295458639393274e+01,0.000000000000000000e+00,0.000000000000000000e+00
3.448743540732408519e+01,0.000000000000000000e+00,0.000000000000000000e+00
3.668508315058721081e+01,0.000000000000000000e+00,0.000000000000000000e+00
3.549015231967119632e+01,0.000000000000000000e+00,0.000000000000000000e+00
3.999254052199609077e+01,0.000000000000000000e+00,0.000000000000000000e+00
3.451138088977170071e+01,0.000000000000000000e+00,0.000000000000000000e+00
3.532675443867375265e+01,0.000000000000000000e+00,0.000000000000000000e+00
3.736696593422636425e+01,0.000000000000000000e+00,0.000000000000000000e+00
3.684148171521282222e+01,0.000000000000000000e+00,0.000000000000000000e+00
4.049708609117256941e+01,0.000000000000000000e+00,0.000000000000000000e+00
3.850238687096598511e+01,0.000000000000000000e+00,0.000000000000000000e+00
4.106457945245531249e+01,0.000000000000000000e+00,0.000000000000000000e+00
4.176960240350264542e+01,0.000000000000000000e+00,0.000000000000000000e+00
4.634429249766511560e+01,0.000000000000000000e+00,0.000000000000000000e+00
4.020281473405791672e+01,0.000000000000000000e+00,0.000000000000000000e+00
4.379333513906872355e+01,0.000000000000000000e+00,0.000000000000000000e+00
4.494579532272995692e+01,0.000000000000000000e+00,0.000000000000000000e+00
4.447363057976234302e+01,0.000000000000000000e+00,0.000000000000000000e+00
4.681786728947178489e+01,0.000000000000000000e+00,0.000000000000000000e+00
4.445877113752563048e+01,0.000000000000000000e+00,0.000000000000000000e+00
4.572862693993000249e+01,0.000000000000000000e+00,0.000000000000000000e+00
4.907931838440877925e+01,0.000000000000000000e+00,0.000000000000000000e+00
4.779008272842634852e+01,0.000000000000000000e+00,0.000000000000000000e+00
5.058576192464449406e+01,0.000000000000000000e+00,0.000000000000000000e+00
4.916835449535120972e+01,0.000000000000000000e+00,0.000000000000000000e+00
4.821363415473039993e+01,0.000000000000000000e+00,0.000000000000000000e+00
5.036007347174243165e+01,0.000000000000000000e+00,0.000000000000000000e+00
5.296118543539586199e+01,0.000000000000000000e+00,0.000000000000000000e+00
5.475069735959397121e+01,0.000000000000000000e+00,0.000000000000000000e+00
5.399123860908214567e+01,0.000000000000000000e+00,0.000000000000000000e+00
5.337773901419495104e+01,0.000000000000000000e+00,0.000000000000000000e+00
5.099089742740338949e+01,0.000000000000000000e+00,0.000000000000000000e+00
5.542907047591288006e+01,0.000000000000000000e+00,0.000000000000000000e+00
5.600348647730882590e+01,0.000000000000000000e+00,0.000000000000000000e+00
5.888463572071907493e+01,0.000000000000000000e+00,0.000000000000000000e+00
5.539517560147523056e+01,0.000000000000000000e+00,0.000000000000000000e+00
5.814021946479702763e+01,0.000000000000000000e+00,0.000000000000000000e+00
6.109342590849450971e+01,0.000000000000000000e+00,0.000000000000000000e+00
5.477779217262182954e+01,0.000000000000000000e+00,0.000000000000000000e+00
5.909673406914765081e+01,0.000000000000000000e+00,0.000000000000000000e+00
6.089412835604902341e+01,0.000000000000000000e+00,0.000000000000000000e+00
6.285482762787552247e+01,0.000000000000000000e+00,0.000000000000000000e+00
5.856628714687519022e+01,0.000000000000000000e+00,0.000000000000000000e+00
6.204431248968661805e+01,0.000000000000000000e+00,0.000000000000000000e+00
6.227433227660070969e+01,0.000000000000000000e+00,0.000000000000000000e+00
6.355444292635202430e+01,0.000000000000000000e+00,0.000000000000000000e+00
6.227766034078180724e+01,0.000000000000000000e+00,0.000000000000000000e+00
6.239867910320703714e+01,0.000000000000000000e+00,0.000000000000000000e+00
6.601235136695508743e+01,0.000000000000000000e+00,0.000000000000000000e+00
6.715971441885039894e+01,0.000000000000000000e+00,0.000000000000000000e+00
6.287476743506177002e+01,0.000000000000000000e+00,0.000000000000000000e+00
6.583792964304426221e+01,0.000000000000000000e+00,0.000000000000000000e+00
6.503851108964845196e+01,0.000000000000000000e+00,0.000000000000000000e+00
6.908288061400506308e+01,0.000000000000000000e+00,0.000000000000000000e+00
6.971144288090933117e+01,0.000000000000000000e+00,0.000000000000000000e+00
7.011509021671561470e+01,0.000000000000000000e+00,0.000000000000000000e+00
6.871056771538813734e+01,0.000000000000000000e+00,0.000000000000000000e+00
6.987794655505679486e+01,0.000000000000000000e+00,0.000000000000000000e+00
7.209727222760955101e+01,0.000000000000000000e+00,0.000000000000000000e+00
7.171779805299247812e+01,0.000000000000000000e+00,0.000000000000000000e+00
7.166969757319127154e+01,0.000000000000000000e+00,0.000000000000000000e+00
7.078543833824681997e+01,0.000000000000000000e+00,0.000000000000000000e+00
7.380211713679399566e+01,0.000000000000000000e+00,0.000000000000000000e+00
7.533655317808015184e+01,0.000000000000000000e+00,0.000000000000000000e+00
7.405553932773464965e+01,0.000000000000000000e+00,0.000000000000000000e+00
7.105005298963207849e+01,0.000000000000000000e+00,0.000000000000000000e+00
7.097342571929826249e+01,0.000000000000000000e+00,0.000000000000000000e+00
7.652377281283092714e+01,0.000000000000000000e+00,0.000000000000000000e+00
7.058690864702981571e+01,0.000000000000000000e+00,0.000000000000000000e+00
7.522889073922688397e+01,0.000000000000000000e+00,0.000000000000000000e+00
7.403960955355108808e+01,0.000000000000000000e+00,0.000000000000000000e+00
7.292705249416368929e+01,0.000000000000000000e+00,0.000000000000000000e+00
7.735024224518603830e+01,0.000000000000000000e+00,0.000000000000000000e+00
7.502367718822718246e+01,0.000000000000000000e+00,0.000000000000000000e+00
8.106212874811870961e+01,0.000000000000000000e+00,0.000000000000000000e+00
7.378939145985332004e+01,0.000000000000000000e+00,0.000000000000000000e+00
7.323000789740640926e+01,0.000000000000000000e+00,0.000000000000000000e+00
7.672973342499069815e+01,0.000000000000000000e+00,0.000000000000000000e+00
7.624975360572435079e+01,0.000000000000000000e+00,0.000000000000000000e+00
7.788323276855703625e+01,0.000000000000000000e+00,0.000000000000000000e+00
7.768081831466108156e+01,0.000000000000000000e+00,0.000000000000000000e+00
7.729326407396260379e+01,0.000000000000000000e+00,0.000000000000000000e+00
7.967366134304154457e+01,0.000000000000000000e+00,0.000000000000000000e+00
8.062345659049262281e+01,0.000000000000000000e+00,0.000000000000000000e+00
7.885403834671927825e+01,0.000000000000000000e+00,0.000000000000000000e+00
7.610979435716947705e+01,0.000000000000000000e+00,0.000000000000000000e+00
7.939395146124982716e+01,0.000000000000000000e+00,0.000000000000000000e+00
7.844171303333858702e+01,0.000000000000000000e+00,0.000000000000000000e+00
8.108259764267529590e+01,0.000000000000000000e+00,0.000000000000000000e+00
8.094021297746394339e+01,0.000000000000000000e+00,0.000000000000000000e+00
8.141753555597158254e+01,0.000000000000000000e+00,0.000000000000000000e+00
7.941669929124789462e+01,0.000000000000000000e+00,0.000000000000000000e+00
7.989615491026057725e+01,0.000000000000000000e+00,0.000000000000000000e+00
7.839154123610920522e+01,0.000000000000000000e+00,0.000000000000000000e+00
8.278156708191578161e+01,0.000000000000000000e+00,0.000000000000000000e+00
7.989152711758430314e+01,0.000000000000000000e+00,0.000000000000000000e+00
8.039512979005024818e+01,0.000000000000000000e+00,0.000000000000000000e+00
8.090503498965767903e+01,0.000000000000000000e+00,0.000000000000000000e+00
8.239793013826241008e+01,0.000000000000000000e+00,0.000000000000000000e+00
8.095821295572503118e+01,0.000000000000000000e+00,0.000000000000000000e+00
7.601024142466629030e+01,0.000000000000000000e+00,0.000000000000000000e+00
8.115601390671933757e+01,0.000000000000000000e+00,0.000000000000000000e+00
8.101567932646723591e+01,0.000000000000000000e+00,0.000000000000000000e+00
7.663739092881490933e+01,0.000000000000000000e+00,0.000000000000000000e+00
8.061176133641038177e+01,0.000000000000000000e+00,0.000000000000000000e+00
7.825992763829019339e+01,0.000000000000000000e+00,0.000000000000000000e+00
7.974960686845733449e+01,0.000000000000000000e+00,0.000000000000000000e+00
7.569708855577771089e+01,0.000000000000000000e+00,0.000000000000000000e+00
7.906155680336516411e+01,0.000000000000000000e+00,0.000000000000000000e+00
7.949800046284386212e+01,0.000000000000000000e+00,0.000000000000000000e+00
7.862461999051679129e+01,0.000000000000000000e+00,0.000000000000000000e+00
7.916756613147886412e+01,0.000000000000000000e+00,0.000000000000000000e+00
7.668115219959510398e+01,0.000000000000000000e+00,0.000000000000000000e+00
7.967440953730310582e+01,0.000000000000000000e+00,0.000000000000000000e+00
7.954000824322899632e+01,0.000000000000000000e+00,0.000000000000000000e+00
7.775718127338353725e+01,0.000000000000000000e+00,0.000000000000000000e+00
7.808216301011515270e+01,0.000000000000000000e+00,0.000000000000000000e+00
8.030571160995293667e+01,0.000000000000000000e+00,0.000000000000000000e+00
7.888973805181585419e+01,0.000000000000000000e+00,0.000000000000000000e+00
7.606066844716902153e+01,0.000000000000000000e+00,0.000000000000000000e+00
7.596531388062898316e+01,0.000000000000000000e+00,0.000000000000000000e+00
7.600832352975054107e+01,0.000000000000000000e+00,0.000000000000000000e+00
7.764597711059207086e+01,0.000000000000000000e+00,0.000000000000000000e+00
7.443404290636618725e+01,0.000000000000000000e+00,0.000000000000000000e+00
7.418216998111755345e+01,0.000000000000000000e+00,0.000000000000000000e+00
7.288291059206234479e+01,0.000000000000000000e+00,0.000000000000000000e+00
7.223083845870111475e+01,0.000000000000000000e+00,0.000000000000000000e+00
6.951542401582037201e+01,0.000000000000000000e+00,0.000000000000000000e+00
7.700120551299498572e+01,0.000000000000000000e+00,0.000000000000000000e+00
7.245591784960456039e+01,0.000000000000000000e+00,0.000000000000000000e+00
7.174066672722418048e+01,0.000000000000000000e+00,0.000000000000000000e+00
6.775310036727540819e+01,0.000000000000000000e+00,0.000000000000000000e+00
7.150922401081167834e+01,0.000000000000000000e+00,0.000000000000000000e+00
7.143777441311928555e+01,0.000000000000000000e+00,0.000000000000000000e+00
7.468794101057554258e+01,0.000000000000000000e+00,0.000000000000000000e+00
7.118540618879492854e+01,0.000000000000000000e+00,0.000000000000000000e+00
7.128247353916941620e+01,0.000000000000000000e+00,0.000000000000000000e+00
6.858822597214012262e+01,0.000000000000000000e+00,0.000000000000000000e+00
7.014107411441978002e+01,0.000000000000000000e+00,0.000000000000000000e+00
6.984531362101670027e+01,0.000000000000000000e+00,0.000000000000000000e+00
6.776792392011225274e+01,0.000000000000000000e+00,0.000000000000000000e+00
6.867279825602389565e+01,0.000000000000000000e+00,0.000000000000000000e+00
6.732218817217210471e+01,0.000000000000000000e+00,0.000000000000000000e+00
6.152759583857351799e+01,0.000000000000000000e+00,0.000000000000000000e+00
6.406528994721087145e+01,0.000000000000000000e+00,0.000000000000000000e+00
6.565012073416932026e+01,0.000000000000000000e+00,0.000000000000000000e+00
6.702197040315017773e+01,0.000000000000000000e+00,0.000000000000000000e+00
6.431067328730972577e+01,0.000000000000000000e+00,0.000000000000000000e+00
6.726807455274398251e+01,0.000000000000000000e+00,0.000000000000000000e+00
6.018155730035786632e+01,0.000000000000000000e+00,0.000000000000000000e+00
6.381176832179498604e+01,0.000000000000000000e+00,0.000000000000000000e+00
6.169922840134670139e+01,0.000000000000000000e+00,0.000000000000000000e+00
6.183205852129211877e+01,0.000000000000000000e+00,0.000000000000000000e+00
6.228559021170872256e+01,0.000000000000000000e+00,0.000000000000000000e+00
5.912246467471336331e+01,0.000000000000000000e+00,0.000000000000000000e+00
5.731041720906247150e+01,0.000000000000000000e+00,0.000000000000000000e+00
5.892599265535504571e+01,0.000000000000000000e+00,0.000000000000000000e+00
5.761900140809419213e+01,0.000000000000000000e+00,0.000000000000000000e+00
5.647522019124608050e+01,0.000000000000000000e+00,0.000000000000000000e+00
5.361717151737014575e+01,0.000000000000000000e+00,0.000000000000000000e+00
5.759489239780020853e+01,0.000000000000000000e+00,0.000000000000000000e+00
5.807506579016960302e+01,0.000000000000000000e+00,0.000000000000000000e+00
5.188692747772989122e+01,0.000000000000000000e+00,0.000000000000000000e+00
5.481824169619983422e+01,0.000000000000000000e+00,0.000000000000000000e+00
5.106841423811675895e+01,0.000000000000000000e+00,0.000000000000000000e+00
4.961688150586159196e+01,0.000000000000000000e+00,0.000000000000000000e+00
4.901270920655658614e+01,0.000000000000000000e+00,0.000000000000000000e+00
4.950619918132132113e+01,0.000000000000000000e+00,0.000000000000000000e+00
5.346567418884323786e+01,0.000000000000000000e+00,0.000000000000000000e+00
5.117295390530922816e+01,0.000000000000000000e+00,0.000000000000000000e+00
4.989975771525420356e+01,0.000000000000000000e+00,0.000000000000000000e+00
4.974411500298749189e+01,0.000000000000000000e+00,0.000000000000000000e+00
5.045352429916152914e+01,0.000000000000000000e+00,0.000000000000000000e+00
4.521675735876934255e+01,0.000000000000000000e+00,0.000000000000000000e+00
4.684765538256772999e+01,0.000000000000000000e+00,0.000000000000000000e+00
4.675916498777578312e+01,0.000000000000000000e+00,0.000000000000000000e+00
4.250951992490161047e+01,0.000000000000000000e+00,0.000000000000000000e+00
4.234162596209889529e+01,0.000000000000000000e+00,0.000000000000000000e+00
4.319385312481142591e+01,0.000000000000000000e+00,0.000000000000000000e+00
4.098160344431633462e+01,0.000000000000000000e+00,0.000000000000000000e+00
4.075570672733968536e+01,0.000000000000000000e+00,0.000000000000000000e+00
4.094260908403897048e+01,0.000000000000000000e+00,0.000000000000000000e+00
4.031010606466073654e+01,0.000000000000000000e+00,0.000000000000000000e+00
4.001291938547562665e+01,0.000000000000000000e+00,0.000000000000000000e+00
4.156871512865896534e+01,0.000000000000000000e+00,0.000000000000000000e+00
3.499653458926261607e+01,0.000000000000000000e+00,0.000000000000000000e+00
3.748606987857259298e+01,0.000000000000000000e+00,0.000000000000000000e+00
3.752261016628334289e+01,0.000000000000000000e+00,0.000000000000000000e+00
3.658781786254318291e+01,0.000000000000000000e+00,0.000000000000000000e+00
3.460597619573312755e+01,0.000000000000000000e+00,0.000000000000000000e+00
3.607469328396359032e+01,0.000000000000000000e+00,0.000000000000000000e+00
3.465747813074703743e+01,0.000000000000000000e+00,0.000000000000000000e+00
3.466610214433315207e+01,0.000000000000000000e+00,0.000000000000000000e+00
3.526244282599198243e+01,0.000000000000000000e+00,0.000000000000000000e+00
3.573788287677087538e+01,0.000000000000000000e+00,0.000000000000000000e+00
3.435351581200288251e+01,0.000000000000000000e+00,0.000000000000000000e+00
3.405124671566368022e+01,0.000000000000000000e+00,0.000000000000000000e+00
3.026281532171708477e+01,0.000000000000000000e+00,0.000000000000000000e+00
3.247743808018741873e+01,0.000000000000000000e+00,0.000000000000000000e+00
3.021787003165426455e+01,0.000000000000000000e+00,0.000000000000000000e+00
3.202146368775125040e+01,0.000000000000000000e+00,0.000000000000000000e+00
3.373290130816698706e+01,0.000000000000000000e+00,0.000000000000000000e+00
2.860025326389816058e+01,0.000000000000000000e+00,0.000000000000000000e+00
2.788760654198513933e+01,0.000000000000000000e+00,0.000000000000000000e+00
3.218760769400618926e+01,0.000000000000000000e+00,0.000000000000000000e+00
2.949356518664389171e+01,0.000000000000000000e+00,0.000000000000000000e+00
2.795029553454550353e+01,0.000000000000000000e+00,0.000000000000000000e+00
2.818256484777615967e+01,0.000000000000000000e+00,0.000000000000000000e+00
2.915160402127203554e+01,0.000000000000000000e+00,0.000000000000000000e+00
2.411625864926048379e+01,0.000000000000000000e+00,0.000000000000000000e+00
2.839426434631256413e+01,0.000000000000000000e+00,0.000000000000000000e+00
2.204907071083836811e+01,0.000000000000000000e+00,0.000000000000000000e+00
2.703514338072518797e+01,0.000000000000000000e+00,0.000000000000000000e+00
2.803433464485380711e+01,0.000000000000000000e+00,0.000000000000000000e+00
2.582895293978793205e+01,0.000000000000000000e+00,0.000000000000000000e+00
2.484087503814264863e+01,0.000000000000000000e+00,0.000000000000000000e+00
2.298518838978846190e+01,0.000000000000000000e+00,0.000000000000000000e+00
2.379581244883509683e+01,0.000000000000000000e+00,0.000000000000000000e+00
2.214510621726363127e+01,0.000000000000000000e+00,0.000000000000000000e+00
1.849848498541653896e+01,0.000000000000000000e+00,0.000000000000000000e+00
2.479246675799808486e+01,0.000000000000000000e+00,0.000000000000000000e+00
2.169040309680679357e+01,0.000000000000000000e+00,0.000000000000000000e+00
2.115477815571158970e+01,0.000000000000000000e+00,0.000000000000000000e+00
2.208477362544931211e+01,0.000000000000000000e+00,0.000000000000000000e+00
2.339128698430183562e+01,0.000000000000000000e+00,0.000000000000000000e+00
2.041869531235403201e+01,0.000000000000000000e+00,0.000000000000000000e+00
1.772524296470882987e+01,0.000000000000000000e+00,0.000000000000000000e+00
2.240292278308691820e+01,0.000000000000000000e+00,0.000000000000000000e+00
2.106684853527755763e+01,0.000000000000000000e+00,0.000000000000000000e+00
1.916859110165323443e+01,0.000000000000000000e+00,0.000000000000000000e+00
2.470609416150196580e+01,0.000000000000000000e+00,0.000000000000000000e+00
2.212939528829764413e+01,0.000000000000000000e+00,0.000000000000000000e+00
2.336092200147744435e+01,0.000000000000000000e+00,0.000000000000000000e+00
1.689493150204465977e+01,0.000000000000000000e+00,0.000000000000000000e+00
1.758438501215606209e+01,0.000000000000000000e+00,0.000000000000000000e+00
1.794764339637170991e+01,0.000000000000000000e+00,0.000000000000000000e+00
1.937203334910453378e+01,0.000000000000000000e+00,0.000000000000000000e+00
1.582444549480272933e+01,0.000000000000000000e+00,0.000000000000000000e+00
2.106001697319248578e+01,0.000000000000000000e+00,0.000000000000000000e+00
1.979932981996446273e+01,0.000000000000000000e+00,0.000000000000000000e+00
2.012255635592586245e+01,0.000000000000000000e+00,0.000000000000000000e+00
1.952942864477064688e+01,0.000000000000000000e+00,0.000000000000000000e+00
2.254916014862778795e+01,0.000000000000000000e+00,0.000000000000000000e+00
2.102708484862357707e+01,0.000000000000000000e+00,0.000000000000000000e+00
2.588836813755258959e+01,0.000000000000000000e+00,0.000000000000000000e+00
2.307633202821957141e+01,0.000000000000000000e+00,0.000000000000000000e+00
1.851038047431323008e+01,0.000000000000000000e+00,0.000000000000000000e+00
2.125794137791960026e+01,0.000000000000000000e+00,0.000000000000000000e+00
2.158366423727075656e+01,0.000000000000000000e+00,0.000000000000000000e+00
2.174717788534774954e+01,0.000000000000000000e+00,0.000000000000000000e+00
1.930231408194865850e+01,0.000000000000000000e+00,0.000000000000000000e+00
2.189019743576795207e+01,0.000000000000000000e+00,0.000000000000000000e+00
2.176796360788896223e+01,0.000000000000000000e+00,0.000000000000000000e+00
2.199793961707720413e+01,0.000000000000000000e+00,0.000000000000000000e+00
2.396175949973199337e+01,0.000000000000000000e+00,0.000000000000000000e+00
2.517227484725978570e+01,0.000000000000000000e+00,0.000000000000000000e+00
2.455752423474226021e+01,0.000000000000000000e+00,0.000000000000000000e+00
2.040894136960894301e+01,0.000000000000000000e+00,0.000000000000000000e+00
2.260513659237224005e+01,0.000000000000000000e+00,0.000000000000000000e+00
2.268913086023041004e+01,0.000000000000000000e+00,0.000000000000000000e+00
2.013342258078745317e+01,0.000000000000000000e+00,0.000000000000000000e+00
2.347242214954351169e+01,0.000000000000000000e+00,0.000000000000000000e+00
2.135500356497408347e+01,0.000000000000000000e+00,0.000000000000000000e+00
2.636630839390650394e+01,0.000000000000000000e+00,0.000000000000000000e+00
2.402669862268821532e+01,0.000000000000000000e+00,0.000000000000000000e+00
2.259303065915719344e+01,0.000000000000000000e+00,0.000000000000000000e+00
2.041013021596949528e+01,0.000000000000000000e+00,0.000000000000000000e+00
2.459101422121933567e+01,0.000000000000000000e+00,0.000000000000000000e+00
2.210569525856366724e+01,0.000000000000000000e+00,0.000000000000000000e+00
2.661687759309554124e+01,0.000000000000000000e+00,0.000000000000000000e+00
2.803131014526617903e+01,0.000000000000000000e+00,0.000000000000000000e+00
3.036720630956727973e+01,0.000000000000000000e+00,0.000000000000000000e+00
2.837139732386766156e+01,0.000000000000000000e+00,0.000000000000000000e+00
2.422521961654449996e+01,0.000000000000000000e+00,0.000000000000000000e+00
2.671744890848330911e+01,0.000000000000000000e+00,0.000000000000000000e+00
3.093165949737790754e+01,0.000000000000000000e+00,0.000000000000000000e+00
2.761964473128662334e+01,0.000000000000000000e+00,0.000000000000000000e+00
2.863464004773357274e+01,0.000000000000000000e+00,0.000000000000000000e+00
3.042346067894629869e+01,0.000000000000000000e+00,0.000000000000000000e+00
2.878002047182231138e+01,0.000000000000000000e+00,0.000000000000000000e+00
2.766206289524506090e+01,0.000000000000000000e+00,0.000000000000000000e+00
3.157796190083778143e+01,0.000000000000000000e+00,0.000000000000000000e+00
2.885636488352823292e+01,0.000000000000000000e+00,0.000000000000000000e+00
3.231049617350659986e+01,0.000000000000000000e+00,0.000000000000000000e+00
3.254414552805889826e+01,0.000000000000000000e+00,0.000000000000000000e+00
3.287847168720796986e+01,0.000000000000000000e+00,0.000000000000000000e+00
3.444467851204059627e+01,0.000000000000000000e+00,0.000000000000000000e+00
3.354372352982549188e+01,0.000000000000000000e+00,0.000000000000000000e+00
3.441651186918723226e+01,0.000000000000000000e+00,0.000000000000000000e+00
3.667227869388575101e+01,0.000000000000000000e+00,0.000000000000000000e+00
3.418804483758218993e+01,0.000000000000000000e+00,0.000000000000000000e+00
3.333107317205221420e+01,0.000000000000000000e+00,0.000000000000000000e+00
3.709634352992553374e+01,0.000000000000000000e+00,0.000000000000000000e+00
3.944319411149101740e+01,0.000000000000000000e+00,0.000000000000000000e+00
3.887797131286291830e+01,0.000000000000000000e+00,0.000000000000000000e+00
3.897070249638974815e+01,0.000000000000000000e+00,0.000000000000000000e+00
3.662036899949902136e+01,0.000000000000000000e+00,0.000000000000000000e+00
4.301564528214242245e+01,0.000000000000000000e+00,0.000000000000000000e+00
3.991119056785800012e+01,0.000000000000000000e+00,0.000000000000000000e+00
4.360090228540433088e+01,0.000000000000000000e+00,0.000000000000000000e+00
4.026925954720354639e+01,0.000000000000000000e+00,0.000000000000000000e+00
4.209113170660605618e+01,0.000000000000000000e+00,0.000000000000000000e+00
4.129931581860456902e+01,0.000000000000000000e+00,0.000000000000000000e+00
4.424167148492367829e+01,0.000000000000000000e+00,0.000000000000000000e+00
4.426634963302685577e+01,0.000000000000000000e+00,0.000000000000000000e+00
4.866002504431634179e+01,0.000000000000000000e+00,0.000000000000000000e+00
4.837173244651978621e+01,0.000000000000000000e+00,0.000000000000000000e+00
4.654636708168345649e+01,0.000000000000000000e+00,0.000000000000000000e+00
4.785359795049405562e+01,0.000000000000000000e+00,0.000000000000000000e+00
4.897924895987525673e+01,0.000000000000000000e+00,0.000000000000000000e+00
4.917567272783859522e+01,0.000000000000000000e+00,0.000000000000000000e+00
4.452464577620963837e+01,0.000000000000000000e+00,0.000000000000000000e+00
4.799719970035981476e+01,0.000000000000000000e+00,0.000000000000000000e+00
4.856122073559520658e+01,0.000000000000000000e+00,0.000000000000000000e+00
5.131405570091012436e+01,0.000000000000000000e+00,0.000000000000000000e+00
5.313512178907078010e+01,0.000000000000000000e+00,0.000000000000000000e+00
5.027491635183139351e+01,0.000000000000000000e+00,0.000000000000000000e+00
5.140942728933887906e+01,0.000000000000000000e+00,0.000000000000000000e+00
5.243607822305017407e+01,0.000000000000000000e+00,0.000000000000000000e+00
5.265390497067620146e+01,0.000000000000000000e+00,0.000000000000000000e+00
5.633293638495802469e+01,0.000000000000000000e+00,0.000000000000000000e+00
5.605273973011527033e+01,0.000000000000000000e+00,0.000000000000000000e+00
5.500588529331302112e+01,0.000000000000000000e+00,0.000000000000000000e+00
5.747012681501325915e+01,0.000000000000000000e+00,0.000000000000000000e+00
5.824798692192297977e+01,0.000000000000000000e+00,0.000000000000000000e+00
6.027786039484146841e+01,0.000000000000000000e+00,0.000000000000000000e+00
5.945288638196903008e+01,0.000000000000000000e+00,0.000000000000000000e+00
5.919608592301163696e+01,0.000000000000000000e+00,0.000000000000000000e+00
6.129736502341032178e+01,0.000000000000000000e+00,0.000000000000000000e+00
5.676300782966137604e+01,0.000000000000000000e+00,0.000000000000000000e+00
6.396185100081520147e+01,0.000000000000000000e+00,0.000000000000000000e+00
6.372069354221625304e+01,0.000000000000000000e+00,0.000000000000000000e+00
6.441218120740099096e+01,0.000000000000000000e+00,0.000000000000000000e+00
6.480801114609786850e+01,0.000000000000000000e+00,0.000000000000000000e+00
6.327229180719236723e+01,0.000000000000000000e+00,0.000000000000000000e+00
6.610056072341527056e+01,0.000000000000000000e+00,0.000000000000000000e+00
6.372369735857220263e+01,0.000000000000000000e+00,0.000000000000000000e+00
6.153210501071634297e+01,0.000000000000000000e+00,0.000000000000000000e+00
6.572751102794340738e+01,0.000000000000000000e+00,0.000000000000000000e+00
6.630123104810976997e+01,0.000000000000000000e+00,0.000000000000000000e+00
6.915830808319871892e+01,0.000000000000000000e+00,0.000000000000000000e+00
6.334011528143489045e+01,0.000000000000000000e+00,0.000000000000000000e+00
6.680272644314783292e+01,0.000000000000000000e+00,0.000000000000000000e+00
6.950641625156180226e+01,0.000000000000000000e+00,0.000000000000000000e+00
7.070240491364215529e+01,0.000000000000000000e+00,0.000000000000000000e+00
7.050080966984518227e+01,0.000000000000000000e+00,0.000000000000000000e+00
6.987770520161815568e+01,0.000000000000000000e+00,0.000000000000000000e+00
6.764531269663157786e+01,0.000000000000000000e+00,0.000000000000000000e+00
6.499324776128071335e+01,0.000000000000000000e+00,0.000000000000000000e+00
7.011585308026111818e+01,0.000000000000000000e+00,0.000000000000000000e+00
7.039255036780869546e+01,0.000000000000000000e+00,0.000000000000000000e+00
7.250684018800241404e+01,0.000000000000000000e+00,0.000000000000000000e+00
7.369721978452515998e+01,0.000000000000000000e+00,0.000000000000000000e+00
7.492356180630059725e+01,0.000000000000000000e+00,0.000000000000000000e+00
7.595267706632262161e+01,0.000000000000000000e+00,0.000000000000000000e+00
7.259478925552831186e+01,0.000000000000000000e+00,0.000000000000000000e+00
7.336835695730276541e+01,0.000000000000000000e+00,0.000000000000000000e+00
7.076251608136257687e+01,0.000000000000000000e+00,0.000000000000000000e+00
7.604559119821678337e+01,0.000000000000000000e+00,0.000000000000000000e+00
7.890818329406883436e+01,0.000000000000000000e+00,0.000000000000000000e+00
7.419546498631888198e+01,0.000000000000000000e+00,0.000000000000000000e+00
7.940619544884738445e+01,0.000000000000000000e+00,0.000000000000000000e+00
7.408694476283787367e+01,0.000000000000000000e+00,0.000000000000000000e+00
7.782646513456514015e+01,0.000000000000000000e+00,0.000000000000000000e+00
7.646895283976195401e+01,0.000000000000000000e+00,0.000000000000000000e+00
7.573435147477047735e+01,0.000000000000000000e+00,0.000000000000000000e+00
8.172664102273844833e+01,0.000000000000000000e+00,0.000000000000000000e+00
7.606837979711170306e+01,0.000000000000000000e+00,0.000000000000000000e+00
7.530077834633989653e+01,0.000000000000000000e+00,0.000000000000000000e+00
7.458834564861727756e+01,0.000000000000000000e+00,0.000000000000000000e+00
8.016461802249425261e+01,0.000000000000000000e+00,0.000000000000000000e+00
7.888041524683002592e+01,0.000000000000000000e+00,0.000000000000000000e+00
8.074966295855010401e+01,0.000000000000000000e+00,0.000000000000000000e+00
8.382852141410822355e+01,0.000000000000000000e+00,0.000000000000000000e+00
8.239774473124353449e+01,0.000000000000000000e+00,0.000000000000000000e+00
8.061821697570955791e+01,0.000000000000000000e+00,0.000000000000000000e+00
7.798561600463413868e+01,0.000000000000000000e+00,0.000000000000000000e+00
7.788530541212175251e+01,0.000000000000000000e+00,0.000000000000000000e+00
7.946914322669340436e+01,0.000000000000000000e+00,0.000000000000000000e+00
7.902115286752480472e+01,0.000000000000000000e+00,0.000000000000000000e+00
7.832706106459586692e+01,0.000000000000000000e+00,0.000000000000000000e+00
8.002848682547266890e+01,0.000000000000000000e+00,0.000000000000000000e+00
8.217136048807375914e+01,0.000000000000000000e+00,0.000000000000000000e+00
8.401867768812910242e+01,0.000000000000000000e+00,0.000000000000000000e+00
8.131988816867870185e+01,0.000000000000000000e+00,0.000000000000000000e+00
8.073716197302458397e+01,0.000000000000000000e+00,0.000000000000000000e+00
7.907373458702991798e+01,0.000000000000000000e+00,0.000000000000000000e+00
7.918015162012082442e+01,0.000000000000000000e+00,0.000000000000000000e+00
8.120605302772290202e+01,0.000000000000000000e+00,0.000000000000000000e+00
7.844432215895328397e+01,0.000000000000000000e+00,0.000000000000000000e+00
7.878088092433833367e+01,0.000000000000000000e+00,0.000000000000000000e+00
8.006918845089160186e+01,0.000000000000000000e+00,0.000000000000000000e+00
7.880350269465824908e+01,0.000000000000000000e+00,0.000000000000000000e+00
8.283109922013018434e+01,0.000000000000000000e+00,0.000000000000000000e+00
7.697222606306890214e+01,0.000000000000000000e+00,0.000000000000000000e+00
8.003517372740893165e+01,0.000000000000000000e+00,0.000000000000000000e+00
7.763598082641625808e+01,0.000000000000000000e+00,0.000000000000000000e+00
7.644971959534855444e+01,0.000000000000000000e+00,0.000000000000000000e+00
8.026242790088345203e+01,0.000000000000000000e+00,0.000000000000000000e+00
7.660742375356274181e+01,0.000000000000000000e+00,0.000000000000000000e+00
7.691894539481502591e+01,0.000000000000000000e+00,0.000000000000000000e+00
7.890325104193833283e+01,0.000000000000000000e+00,0.000000000000000000e+00
7.820619245398469843e+01,0.000000000000000000e+00,0.000000000000000000e+00
7.426652625265256802e+01,0.000000000000000000e+00,0.000000000000000000e+00
7.981156053727860922e+01,0.000000000000000000e+00,0.000000000000000000e+00
8.090370930347921785e+01,0.000000000000000000e+00,0.000000000000000000e+00
7.760286909109773035e+01,0.000000000000000000e+00,0.000000000000000000e+00
7.808886375119696766e+01,0.000000000000000000e+00,0.000000000000000000e+00
7.701610844404756051e+01,0.000000000000000000e+00,0.000000000000000000e+00
7.659358100911811107e+01,0.000000000000000000e+00,0.000000000000000000e+00
7.728979112681940933e+01,0.000000000000000000e+00,0.000000000000000000e+00
7.320717275780832267e+01,0.000000000000000000e+00,0.000000000000000000e+00
7.621148871372375311e+01,0.000000000000000000e+00,0.000000000000000000e+00
7.583308129345066106e+01,0.000000000000000000e+00,0.000000000000000000e+00
7.141418395573764144e+01,0.000000000000000000e+00,0.000000000000000000e+00
7.927741351873514475e+01,0.000000000000000000e+00,0.000000000000000000e+00
7.548765486766308186e+01,0.000000000000000000e+00,0.000000000000000000e+00
7.468532720515786139e+01,0.000000000000000000e+00,0.000000000000000000e+00
7.575089027694743038e+01,0.000000000000000000e+00,0.000000000000000000e+00
7.223037135031142952e+01,0.000000000000000000e+00,0.000000000000000000e+00
7.048635199187195610e+01,0.000000000000000000e+00,0.000000000000000000e+00
7.157947601322595688e+01,0.000000000000000000e+00,0.000000000000000000e+00
6.784951358994882753e+01,0.000000000000000000e+00,0.000000000000000000e+00
6.990671697171129040e+01,0.000000000000000000e+00,0.000000000000000000e+00
7.207941820210406547e+01,0.000000000000000000e+00,0.000000000000000000e+00
6.942874901980327706e+01,0.000000000000000000e+00,0.000000000000000000e+00
6.762548749194077402e+01,0.000000000000000000e+00,0.000000000000000000e+00
6.756434397634660627e+01,0.000000000000000000e+00,0.000000000000000000e+00
6.988603766046664134e+01,0.000000000000000000e+00,0.000000000000000000e+00
6.530891926824911309e+01,0.000000000000000000e+00,0.000000000000000000e+00
6.609773997561615033e+01,0.000000000000000000e+00,0.000000000000000000e+00
6.234919552428497980e+01,0.000000000000000000e+00,0.000000000000000000e+00
6.422122753743045109e+01,0.000000000000000000e+00,0.000000000000000000e+00
6.504181976219264527e+01,0.000000000000000000e+00,0.000000000000000000e+00
6.351543491468341784e+01,0.000000000000000000e+00,0.000000000000000000e+00
6.283890397460347543e+01,0.000000000000000000e+00,0.000000000000000000e+00
6.760349579701706091e+01,0.000000000000000000e+00,0.000000000000000000e+00
6.436551428151838650e+01,0.000000000000000000e+00,0.000000000000000000e+00
6.483519008274923578e+01,0.000000000000000000e+00,0.000000000000000000e+00
6.089599138762837782e+01,0.000000000000000000e+00,0.000000000000000000e+00
6.352013410755556322e+01,0.000000000000000000e+00,0.000000000000000000e+00
5.974678267931210485e+01,0.000000000000000000e+00,0.000000000000000000e+00
6.350755227403397640e+01,0.000000000000000000e+00,0.000000000000000000e+00
6.263481249246455462e+01,0.000000000000000000e+00,0.000000000000000000e+00
5.917957025950438066e+01,0.000000000000000000e+00,0.000000000000000000e+00
5.710928742237748423e+01,0.000000000000000000e+00,0.000000000000000000e+00
5.632875585928574225e+01,0.000000000000000000e+00,0.000000000000000000e+00
5.625777261650560490e+01,0.000000000000000000e+00,0.000000000000000000e+00
5.599468205860380010e+01,0.000000000000000000e+00,0.000000000000000000e+00
5.341610858181203270e+01,0.000000000000000000e+00,0.000000000000000000e+00
5.242803758442393303e+01,0.000000000000000000e+00,0.000000000000000000e+00
5.370657972116880785e+01,0.000000000000000000e+00,0.000000000000000000e+00
5.225133361196052562e+01,0.000000000000000000e+00,0.000000000000000000e+00
5.235950454480584426e+01,0.000000000000000000e+00,0.000000000000000000e+00
5.236117337700049035e+01,0.000000000000000000e+00,0.000000000000000000e+00
5.064970860032196498e+01,0.000000000000000000e+00,0.000000000000000000e+00
5.101797198308852899e+01,0.000000000000000000e+00,0.000000000000000000e+00
5.081112623235491554e+01,0.000000000000000000e+00,0.000000000000000000e+00
4.765296414845590078e+01,0.000000000000000000e+00,0.000000000000000000e+00
5.295156493725558988e+01,0.000000000000000000e+00,0.000000000000000000e+00
4.731505113763390824e+01,0.000000000000000000e+00,0.000000000000000000e+00
4.938781251782143045e+01,0.000000000000000000e+00,0.000000000000000000e+00
4.509531629114212592e+01,0.000000000000000000e+00,0.000000000000000000e+00
4.311110142821357272e+01,0.000000000000000000e+00,0.000000000000000000e+00
4.451478791698660586e+01,0.000000000000000000e+00,0.000000000000000000e+00
4.578430849318432649e+01,0.000000000000000000e+00,0.000000000000000000e+00
4.236685147164693888e+01,0.000000000000000000e+00,0.000000000000000000e+00
4.385602315008625141e+01,0.000000000000000000e+00,0.000000000000000000e+00
4.341203062838329885e+01,0.000000000000000000e+00,0.000000000000000000e+00
4.378477808593189025e+01,0.000000000000000000e+00,0.000000000000000000e+00
3.933380156054101207e+01,0.000000000000000000e+00,0.000000000000000000e+00
4.134883426631670034e+01,0.000000000000000000e+00,0.000000000000000000e+00
4.341085972326180809e+01,0.000000000000000000e+00,0.000000000000000000e+00
3.953287615273316646e+01,0.000000000000000000e+00,0.000000000000000000e+00
4.286797285444895778e+01,0.000000000000000000e+00,0.000000000000000000e+00
3.902058667757112431e+01,0.000000000000000000e+00,0.000000000000000000e+00
3.839362107687503567e+01,0.000000000000000000e+00,0.000000000000000000e+00
3.817038784720756439e+01,0.000000000000000000e+00,0.000000000000000000e+00
3.652685251634201080e+01,0.000000000000000000e+00,0.000000000000000000e+00
3.476651340200596252e+01,0.000000000000000000e+00,0.000000000000000000e+00
3.486989782706068297e+01,0.000000000000000000e+00,0.000000000000000000e+00
3.257208476705029199e+01,0.000000000000000000e+00,0.000000000000000000e+00
3.394655159533373734e+01,0.000000000000000000e+00,0.000000000000000000e+00
3.279314532525656034e+01,0.000000000000000000e+00,0.000000000000000000e+00
3.175932205409330322e+01,0.000000000000000000e+00,0.000000000000000000e+00
3.193366422083810008e+01,0.000000000000000000e+00,0.000000000000000000e+00
3.380524547107961553e+01,0.000000000000000000e+00,0.000000000000000000e+00
2.949981575250407317e+01,0.000000000000000000e+00,0.000000000000000000e+00
2.902315285661522282e+01,0.000000000000000000e+00,0.000000000000000000e+00
3.055062529824220618e+01,0.000000000000000000e+00,0.000000000000000000e+00
2.885576003895716823e+01,0.000000000000000000e+00,0.000000000000000000e+00
3.141027369758725030e+01,0.000000000000000000e+00,0.000000000000000000e+00
2.895202048369570491e+01,0.000000000000000000e+00,0.000000000000000000e+00
2.860953912786859377e+01,0.000000000000000000e+00,0.000000000000000000e+00
2.782132384928216595e+01,0.000000000000000000e+00,0.000000000000000000e+00
3.209788960365846577e+01,0.000000000000000000e+00,0.000000000000000000e+00
2.698156213130777914e+01,0.000000000000000000e+00,0.000000000000000000e+00
2.537715549188096986e+01,0.000000000000000000e+00,0.000000000000000000e+00
2.696952146649097060e+01,0.000000000000000000e+00,0.000000000000000000e+00
2.529355679178598848e+01,0.000000000000000000e+00,0.000000000000000000e+00
2.953906496812779281e+01,0.000000000000000000e+00,0.000000000000000000e+00
2.630578328055736037e+01,0.000000000000000000e+00,0.000000000000000000e+00
2.325013755066263954e+01,0.000000000000000000e+00,0.000000000000000000e+00
2.451819025265646701e+01,0.000000000000000000e+00,0.000000000000000000e+00
2.412799470577715510e+01,0.000000000000000000e+00,0.000000000000000000e+00
2.587998143830688846e+01,0.000000000000000000e+00,0.000000000000000000e+00
2.740668615996946400e+01,0.000000000000000000e+00,0.000000000000000000e+00
2.356660394348759624e+01,0.000000000000000000e+00,0.000000000000000000e+00
2.502034445047019418e+01,0.000000000000000000e+00,0.000000000000000000e+00
2.105800491434062494e+01,0.000000000000000000e+00,0.000000000000000000e+00
2.681841471752879613e+01,0.000000000000000000e+00,0.000000000000000000e+00
2.190684046494903470e+01,0.000000000000000000e+00,0.000000000000000000e+00
1.982397676765429040e+01,0.000000000000000000e+00,0.000000000000000000e+00
2.001419583901866517e+01,0.000000000000000000e+00,0.000000000000000000e+00
2.092731384350799928e+01,0.000000000000000000e+00,0.000000000000000000e+00
2.338538354928391882e+01,0.000000000000000000e+00,0.000000000000000000e+00
2.063688527937867789e+01,0.000000000000000000e+00,0.000000000000000000e+00
1.831765003601978137e+01,0.000000000000000000e+00,0.000000000000000000e+00
2.421631964261696268e+01,0.000000000000000000e+00,0.000000000000000000e+00
2.065206505913858592e+01,0.000000000000000000e+00,0.000000000000000000e+00
2.271066411681928798e+01,0.000000000000000000e+00,0.000000000000000000e+00
1.930526408397787819e+01,0.000000000000000000e+00,0.000000000000000000e+00
2.358740011694152017e+01,0.000000000000000000e+00,0.000000000000000000e+00
1.987453219963201434e+01,0.000000000000000000e+00,0.000000000000000000e+00
2.153632344073215066e+01,0.000000000000000000e+00,0.000000000000000000e+00
1.892274840278973613e+01,0.000000000000000000e+00,0.000000000000000000e+00
2.138221171173323754e+01,0.000000000000000000e+00,0.000000000000000000e+00
1.950230266599143647e+01,0.000000000000000000e+00,0.000000000000000000e+00
1.792545038789833711e+01,0.000000000000000000e+00,0.000000000000000000e+00
1.999267982354102102e+01,0.000000000000000000e+00,0.000000000000000000e+00
1.931359480814459317e+01,0.000000000000000000e+00,0.000000000000000000e+00
2.234183270820139811e+01,0.000000000000000000e+00,0.000000000000000000e+00
2.186703323355796158e+01,0.000000000000000000e+00,0.000000000000000000e+00
2.305875738451898371e+01,0.000000000000000000e+00,0.000000000000000000e+00
1.761306156448517868e+01,0.000000000000000000e+00,0.000000000000000000e+00
1.881206853455965700e+01,0.000000000000000000e+00,0.000000000000000000e+00
1.826700265486024577e+01,0.000000000000000000e+00,0.000000000000000000e+00
2.206031407001107780e+01,0.000000000000000000e+00,0.000000000000000000e+00
2.001806259971962021e+01,0.000000000000000000e+00,0.000000000000000000e+00
2.446128728686520404e+01,0.000000000000000000e+00,0.000000000000000000e+00
1.835663773515659258e+01,0.000000000000000000e+00,0.000000000000000000e+00
1.987303921634110182e+01,0.000000000000000000e+00,0.000000000000000000e+00
2.202988288827369345e+01,0.000000000000000000e+00,0.000000000000000000e+00
1.945398626288873345e+01,0.000000000000000000e+00,0.000000000000000000e+00
2.070216035045911340e+01,0.000000000000000000e+00,0.000000000000000000e+00
2.048551610502861564e+01,0.000000000000000000e+00,0.000000000000000000e+00
2.621875640711937550e+01,0.000000000000000000e+00,0.000000000000000000e+00
2.347585954799223629e+01,0.000000000000000000e+00,0.000000000000000000e+00
2.258355100235252522e+01,0.000000000000000000e+00,0.000000000000000000e+00
2.327492523864502161e+01,0.000000000000000000e+00,0.000000000000000000e+00
2.558448262295441822e+01,0.000000000000000000e+00,0.000000000000000000e+00
2.498008596015731797e+01,0.000000000000000000e+00,0.000000000000000000e+00
2.342614567392144664e+01,0.000000000000000000e+00,0.000000000000000000e+00
1.969623081183144109e+01,0.000000000000000000e+00,0.000000000000000000e+00
2.552073799654051101e+01,0.000000000000000000e+00,0.000000000000000000e+00
2.437425470114994042e+01,0.000000000000000000e+00,0.000000000000000000e+00
1.867580965576296137e+01,0.000000000000000000e+00,0.000000000000000000e+00
2.446641104690381496e+01,0.000000000000000000e+00,0.000000000000000000e+00
2.585952475848638699e+01,0.000000000000000000e+00,0.000000000000000000e+00
2.571080633076088517e+01,0.000000000000000000e+00,0.000000000000000000e+00
2.799019405644794389e+01,0.000000000000000000e+00,0.000000000000000000e+00
2.576491135397815313e+01,0.000000000000000000e+00,0.000000000000000000e+00
2.884882564709999642e+01,0.000000000000000000e+00,0.000000000000000000e+00
2.690216867787717092e+01,0.000000000000000000e+00,0.000000000000000000e+00
2.879777487695522353e+01,0.000000000000000000e+00,0.000000000000000000e+00
2.843393404187959916e+01,0.000000000000000000e+00,0.000000000000000000e+00
2.904834717303986125e+01,0.000000000000000000e+00,0.000000000000000000e+00
3.144773352754803852e+01,0.000000000000000000e+00,0.000000000000000000e+00
3.050473618436372902e+01,0.000000000000000000e+00,0.000000000000000000e+00
3.196007712850708060e+01,0.000000000000000000e+00,0.000000000000000000e+00
3.708874412248279384e+01,0.000000000000000000e+00,0.000000000000000000e+00
3.247730842763215975e+01,0.000000000000000000e+00,0.000000000000000000e+00
3.154124133595978208e+01,0.000000000000000000e+00,0.000000000000000000e+00
3.539134242389496876e+01,0.000000000000000000e+00,0.000000000000000000e+00
3.257504668389708513e+01,0.000000000000000000e+00,0.000000000000000000e+00
3.346984029318615228e+01,0.000000000000000000e+00,0.000000000000000000e+00
3.490184985422668973e+01,0.000000000000000000e+00,0.000000000000000000e+00
3.454269019322038048e+01,0.000000000000000000e+00,0.000000000000000000e+00
3.308046604525529233e+01,0.000000000000000000e+00,0.000000000000000000e+00
3.381334056930677434e+01,0.000000000000000000e+00,0.000000000000000000e+00
3.841754979668019843e+01,0.000000000000000000e+00,0.000000000000000000e+00
3.724210986603201690e+01,0.000000000000000000e+00,0.000000000000000000e+00
3.739341621411465866e+01,0.000000000000000000e+00,0.000000000000000000e+00
3.693112888921297099e+01,0.000000000000000000e+00,0.000000000000000000e+00
4.102782684449449135e+01,0.000000000000000000e+00,0.000000000000000000e+00
4.372475848197088766e+01,0.000000000000000000e+00,0.000000000000000000e+00
4.409886876453413151e+01,0.000000000000000000e+00,0.000000000000000000e+00
4.310870104975573724e+01,0.000000000000000000e+00,0.000000000000000000e+00
4.412076905652293846e+01,0.000000000000000000e+00,0.000000000000000000e+00
4.507128129170052233e+01,0.000000000000000000e+00,0.000000000000000000e+00
4.382605829685565624e+01,0.000000000000000000e+00,0.000000000000000000e+00
4.811045404971108042e+01,0.000000000000000000e+00,0.000000000000000000e+00
4.686646573841105834e+01,0.000000000000000000e+00,0.000000000000000000e+00
4.478761532571807180e+01,0.000000000000000000e+00,0.000000000000000000e+00
4.644269789073054255e+01,0.000000000000000000e+00,0.000000000000000000e+00
4.445554768922206534e+01,0.000000000000000000e+00,0.000000000000000000e+00
4.424156294870621053e+01,0.000000000000000000e+00,0.000000000000000000e+00
4.476963266021761001e+01,0.000000000000000000e+00,0.000000000000000000e+00
4.831934996730588239e+01,0.000000000000000000e+00,0.000000000000000000e+00
4.535031907717932143e+01,0.000000000000000000e+00,0.000000000000000000e+00
5.216899473964330269e+01,0.000000000000000000e+00,0.000000000000000000e+00
5.189083151877649414e+01,0.000000000000000000e+00,0.000000000000000000e+00
4.806067095888897711e+01,0.000000000000000000e+00,0.000000000000000000e+00
5.081221156879630740e+01,0.000000000000000000e+00,0.000000000000000000e+00
5.279479844619721263e+01,0.000000000000000000e+00,0.000000000000000000e+00
5.086690940857343435e+01,0.000000000000000000e+00,0.000000000000000000e+00
5.150975274435026563e+01,0.000000000000000000e+00,0.000000000000000000e+00
5.381640571079356050e+01,0.000000000000000000e+00,0.000000000000000000e+00
5.553702962427675516e+01,0.000000000000000000e+00,0.000000000000000000e+00
5.651590697969187005e+01,0.000000000000000000e+00,0.000000000000000000e+00
5.578402901034768746e+01,0.000000000000000000e+00,0.000000000000000000e+00
5.632490029606837822e+01,0.000000000000000000e+00,0.000000000000000000e+00
5.729252714068385899e+01,0.000000000000000000e+00,0.000000000000000000e+00
5.648068707078437001e+01,0.000000000000000000e+00,0.000000000000000000e+00
5.506997199921891450e+01,0.000000000000000000e+00,0.000000000000000000e+00
6.018209594009112351e+01,0.000000000000000000e+00,0.000000000000000000e+00
6.434555708240138472e+01,0.000000000000000000e+00,0.000000000000000000e+00
5.832559132310615269e+01,0.000000000000000000e+00,0.000000000000000000e+00
6.187384940108245246e+01,0.000000000000000000e+00,0.000000000000000000e+00
6.042366881650025334e+01,0.000000000000000000e+00,0.000000000000000000e+00
6.097163861744078872e+01,0.000000000000000000e+00,0.000000000000000000e+00
6.516631411975492938e+01,0.000000000000000000e+00,0.000000000000000000e+00
6.443106458709344508e+01,0.000000000000000000e+00,0.000000000000000000e+00
6.354938101955941931e+01,0.000000000000000000e+00,0.000000000000000000e+00
6.402639949621560334e+01,0.000000000000000000e+00,0.000000000000000000e+00
6.335304644751793290e+01,0.000000000000000000e+00,0.000000000000000000e+00
6.585614711215323780e+01,0.000000000000000000e+00,0.000000000000000000e+00
6.648585642473587143e+01,0.000000000000000000e+00,0.000000000000000000e+00
6.865631325517740891e+01,0.000000000000000000e+00,0.000000000000000000e+00
6.700337897823500555e+01,0.000000000000000000e+00,0.000000000000000000e+00
6.787112175065514919e+01,0.000000000000000000e+00,0.000000000000000000e+00
6.602557217015882429e+01,0.000000000000000000e+00,0.000000000000000000e+00
6.187240711821246464e+01,1.000000000000000000e+00,-1.100000000000000000e+01
8.119387953164891769e+01,1.000000000000000000e+00,9.000000000000000000e+00
9.812787274427300588e+01,1.000000000000000000e+00,2.700000000000000000e+01
1.108598095041134002e+02,1.000000000000000000e+00,3.900000000000000000e+01
9.924827301509179733e+01,1.000000000000000000e+00,2.900000000000000000e+01
4.860676995268983092e+01,1.000000000000000000e+00,-1.900000000000000000e+01
8.820677062018074821e+01,1.000000000000000000e+00,1.200000000000000000e+01
4.596464686821914825e+01,1.000000000000000000e+00,-2.400000000000000000e+01
4.082484712626755652e+01,1.000000000000000000e+00,-3.600000000000000000e+01
4.755582730130845448e+01,1.000000000000000000e+00,-2.500000000000000000e+01
7.351593083011901797e+01,1.000000000000000000e+00,0.000000000000000000e+00
9.071326302251760865e+01,1.000000000000000000e+00,1.600000000000000000e+01
9.872791067883126459e+01,1.000000000000000000e+00,2.500000000000000000e+01
9.024631668796713768e+01,1.000000000000000000e+00,1.700000000000000000e+01
6.581766608939705065e+01,1.000000000000000000e+00,-1.100000000000000000e+01
8.741562603516089780e+01,1.000000000000000000e+00,1.200000000000000000e+01
3.914004453957345220e+01,1.000000000000000000e+00,-3.700000000000000000e+01
7.174467822688851015e+01,1.000000000000000000e+00,-3.000000000000000000e+00
9.886676681233250008e+01,1.000000000000000000e+00,1.900000000000000000e+01
8.666432127615301795e+01,1.000000000000000000e+00,9.000000000000000000e+00
8.986274813758765845e+01,1.000000000000000000e+00,1.200000000000000000e+01
6.108514278474723369e+01,1.000000000000000000e+00,-1.500000000000000000e+01
7.071148960737266975e+01,1.000000000000000000e+00,-4.000000000000000000e+00
8.180989011759400853e+01,1.000000000000000000e+00,3.000000000000000000e+00
6.308514134229375259e+01,1.000000000000000000e+00,-1.500000000000000000e+01
6.874523970747580393e+01,1.000000000000000000e+00,-1.100000000000000000e+01
8.330938268733652308e+01,1.000000000000000000e+00,3.000000000000000000e+00
5.984380326394476413e+01,1.000000000000000000e+00,-1.800000000000000000e+01
5.529429408053185568e+01,1.000000000000000000e+00,-2.600000000000000000e+01
8.932192812029519757e+01,1.000000000000000000e+00,1.200000000000000000e+01
1.058502537624089683e+02,1.000000000000000000e+00,2.600000000000000000e+01
9.220513041223338746e+01,1.000000000000000000e+00,1.600000000000000000e+01
8.561170603191834516e+01,1.000000000000000000e+00,7.000000000000000000e+00
3.385148796351570866e+01,1.000000000000000000e+00,-4.600000000000000000e+01
7.584035216126302714e+01,1.000000000000000000e+00,-5.000000000000000000e+00
1.330587855784607996e+02,1.000000000000000000e+00,5.100000000000000000e+01
8.613521603057407106e+01,1.000000000000000000e+00,5.000000000000000000e+00
8.536218168794407291e+01,1.000000000000000000e+00,9.000000000000000000e+00
9.560668021127631278e+01,1.000000000000000000e+00,1.700000000000000000e+01
1.146816716460273966e+02,1.000000000000000000e+00,3.600000000000000000e+01
9.524192797799614141e+01,1.000000000000000000e+00,1.400000000000000000e+01
7.008506775605889061e+01,1.000000000000000000e+00,-9.000000000000000000e+00
9.095315604469098503e+01,1.000000000000000000e+00,1.000000000000000000e+01
5.712096423897726538e+01,1.000000000000000000e+00,-2.300000000000000000e+01
8.478481658834650148e+01,1.000000000000000000e+00,4.000000000000000000e+00
1.050403059824415521e+02,1.000000000000000000e+00,2.600000000000000000e+01
8.692097275554601765e+01,1.000000000000000000e+00,8.000000000000000000e+00
4.953413283698054670e+01,1.000000000000000000e+00,-2.800000000000000000e+01
7.742199208932883892e+01,1.000000000000000000e+00,-7.000000000000000000e+00
1.151336983956673663e+02,1.000000000000000000e+00,3.300000000000000000e+01
3.354656595631574589e+01,1.000000000000000000e+00,-4.600000000000000000e+01
7.689774318581469004e+01,1.000000000000000000e+00,-2.000000000000000000e+00
7.752366369374897204e+01,1.000000000000000000e+00,-1.000000000000000000e+00
9.054818226431564199e+01,1.000000000000000000e+00,1.100000000000000000e+01
1.042705162550691966e+02,1.000000000000000000e+00,2.600000000000000000e+01
6.965259187060431145e+01,1.000000000000000000e+00,-1.100000000000000000e+01
5.416185006560247928e+01,1.000000000000000000e+00,-2.400000000000000000e+01
6.843004576977912734e+01,1.000000000000000000e+00,-9.000000000000000000e+00
8.044822889354344397e+01,1.000000000000000000e+00,3.000000000000000000e+00
1.066596844236509867e+02,1.000000000000000000e+00,2.800000000000000000e+01
7.733326363378914436e+01,1.000000000000000000e+00,-2.000000000000000000e+00
6.155211940309487773e+01,1.000000000000000000e+00,-1.900000000000000000e+01
6.205400302630562237e+01,1.000000000000000000e+00,-1.100000000000000000e+01
6.150784859094031276e+01,1.000000000000000000e+00,-1.500000000000000000e+01
8.940904881168424367e+01,1.000000000000000000e+00,9.000000000000000000e+00
1.132518395030833460e+02,1.000000000000000000e+00,3.900000000000000000e+01
7.359899222612484948e+01,1.000000000000000000e+00,0.000000000000000000e+00
7.565734076065609770e+01,1.000000000000000000e+00,-2.000000000000000000e+00
9.441389100540703794e+01,1.000000000000000000e+00,1.700000000000000000e+01
8.099311625602899767e+01,1.000000000000000000e+00,6.000000000000000000e+00
6.839210592422013235e+01,1.000000000000000000e+00,-2.000000000000000000e+00
4.079216848250955252e+01,1.000000000000000000e+00,-3.000000000000000000e+01
6.264062975343138362e+01,1.000000000000000000e+00,-1.100000000000000000e+01
7.393166013482245091e+01,1.000000000000000000e+00,-1.000000000000000000e+00
7.533022222682683378e+01,1.000000000000000000e+00,2.000000000000000000e+00
6.791876215361524771e+01,1.000000000000000000e+00,-8.000000000000000000e+00
5.739515531755932898e+01,1.000000000000000000e+00,-1.200000000000000000e+01
7.304737286049576994e+01,1.000000000000000000e+00,1.000000000000000000e+00
8.795629278423470510e+01,1.000000000000000000e+00,1.500000000000000000e+01
8.325726584343823333e+01,1.000000000000000000e+00,1.400000000000000000e+01
4.128394711109962145e+01,1.000000000000000000e+00,-2.900000000000000000e+01
9.391741817845915818e+01,1.000000000000000000e+00,2.500000000000000000e+01
5.748675116945925367e+01,1.000000000000000000e+00,-1.000000000000000000e+01
7.402268339836122379e+01,1.000000000000000000e+00,6.000000000000000000e+00
8.507574489168466414e+01,1.000000000000000000e+00,1.800000000000000000e+01
7.422442989566475546e+01,1.000000000000000000e+00,8.000000000000000000e+00
9.155807134662160252e+01,1.000000000000000000e+00,2.500000000000000000e+01
1.250870032226236361e+02,1.000000000000000000e+00,5.400000000000000000e+01
4.941160913408886302e+01,1.000000000000000000e+00,-1.500000000000000000e+01
3.332003268011726504e+01,1.000000000000000000e+00,-3.400000000000000000e+01
6.027033312823942879e+01,1.000000000000000000e+00,-5.000000000000000000e+00
7.893971688335454928e+01,1.000000000000000000e+00,1.800000000000000000e+01
3.815505005417517737e+01,1.000000000000000000e+00,-2.500000000000000000e+01
8.513684406414685668e+01,1.000000000000000000e+00,2.400000000000000000e+01
5.179675382903061376e+01,1.000000000000000000e+00,-1.100000000000000000e+01
4.689883568843212913e+01,1.000000000000000000e+00,-1.300000000000000000e+01
6.134685995691066296e+01,1.000000000000000000e+00,0.000000000000000000e+00
1.119097748756476136e+02,1.000000000000000000e+00,4.900000000000000000e+01
3.679695132522481771e+01,1.000000000000000000e+00,-2.400000000000000000e+01
3.427798544216595644e+01,1.000000000000000000e+00,-2.600000000000000000e+01
9.427988170882008490e+01,1.000000000000000000e+00,3.500000000000000000e+01
5.507693470981368478e+01,1.000000000000000000e+00,-1.000000000000000000e+00
2.364164766946004903e+01,1.000000000000000000e+00,-3.600000000000000000e+01
6.139085470146511625e+01,1.000000000000000000e+00,2.000000000000000000e+00
3.268351910502864399e+01,1.000000000000000000e+00,-2.300000000000000000e+01
5.548113057831466932e+01,1.000000000000000000e+00,0.000000000000000000e+00
5.360564575351170902e+01,1.000000000000000000e+00,-2.000000000000000000e+00
5.571208365713125232e+01,1.000000000000000000e+00,2.000000000000000000e+00
9.767971751579409556e+01,1.000000000000000000e+00,4.800000000000000000e+01
3.786918483005171510e+01,1.000000000000000000e+00,-1.500000000000000000e+01
3.755169699484848422e+01,1.000000000000000000e+00,-1.500000000000000000e+01
4.762087319949017683e-01,1.000000000000000000e+00,-5.100000000000000000e+01
5.695425776471826396e+01,1.000000000000000000e+00,6.000000000000000000e+00
1.096222928828004228e+01,1.000000000000000000e+00,-3.900000000000000000e+01
8.257806825834714459e+01,1.000000000000000000e+00,3.600000000000000000e+01
8.478606573581350858e+01,1.000000000000000000e+00,3.500000000000000000e+01
6.681464488361658027e+01,1.000000000000000000e+00,2.200000000000000000e+01
1.057322880041320445e+01,1.000000000000000000e+00,-3.400000000000000000e+01
4.359508769708172338e+01,1.000000000000000000e+00,-2.000000000000000000e+00
3.392161655659663211e+01,1.000000000000000000e+00,-7.000000000000000000e+00
5.508410274223291481e+01,1.000000000000000000e+00,1.100000000000000000e+01
7.569783210978698662e+01,1.000000000000000000e+00,3.200000000000000000e+01
5.521645084720051244e+01,1.000000000000000000e+00,1.200000000000000000e+01
7.232708486833847417e+01,1.000000000000000000e+00,3.000000000000000000e+01
5.290507594710982886e+01,1.000000000000000000e+00,1.200000000000000000e+01
3.168412051848128641e+01,1.000000000000000000e+00,-1.200000000000000000e+01
2.280615568250037484e+01,1.000000000000000000e+00,-2.100000000000000000e+01
5.582565302104976723e+01,1.000000000000000000e+00,1.700000000000000000e+01
8.653877257335223305e+01,1.000000000000000000e+00,4.600000000000000000e+01
2.689433479955468442e+01,1.000000000000000000e+00,-1.300000000000000000e+01
5.864803961537987931e+01,1.000000000000000000e+00,1.900000000000000000e+01
3.279693395461341510e+01,1.000000000000000000e+00,0.000000000000000000e+00
4.141597377657021184e+01,1.000000000000000000e+00,4.000000000000000000e+00
3.447638730046476496e+01,1.000000000000000000e+00,0.000000000000000000e+00
6.958814309881810800e+01,1.000000000000000000e+00,3.500000000000000000e+01
2.432959897079933853e+01,1.000000000000000000e+00,-1.500000000000000000e+01
-8.425556759104573246e+00,1.000000000000000000e+00,-4.200000000000000000e+01
4.231739614861623267e+01,1.000000000000000000e+00,5.000000000000000000e+00
3.925374053912084094e+01,1.000000000000000000e+00,5.000000000000000000e+00
6.906361632260610861e+01,1.000000000000000000e+00,3.400000000000000000e+01
3.557523877090745401e+01,1.000000000000000000e+00,0.000000000000000000e+00
5.112110010501965007e+00,1.000000000000000000e+00,-2.500000000000000000e+01
3.545820269726640106e+01,1.000000000000000000e+00,4.000000000000000000e+00
3.857487410818429652e+01,1.000000000000000000e+00,9.000000000000000000e+00
3.489146741747859437e-01,1.000000000000000000e+00,-3.000000000000000000e+01
2.230469084531615920e+01,1.000000000000000000e+00,-9.000000000000000000e+00
5.431687450803216421e+01,1.000000000000000000e+00,2.500000000000000000e+01
3.728328310657207822e+01,1.000000000000000000e+00,6.000000000000000000e+00
6.840027929010803120e+01,1.000000000000000000e+00,4.000000000000000000e+01
2.637028889179257618e+01,1.000000000000000000e+00,-2.000000000000000000e+00
1.625883664890044145e+01,1.000000000000000000e+00,-1.300000000000000000e+01
1.072859755362888379e+01,1.000000000000000000e+00,-1.700000000000000000e+01
3.093755893749171548e+01,1.000000000000000000e+00,0.000000000000000000e+00
2.815816438447561154e+01,1.000000000000000000e+00,4.000000000000000000e+00
1.738478979898737720e+01,1.000000000000000000e+00,-9.000000000000000000e+00
-1.913547495900222017e+01,1.000000000000000000e+00,-4.200000000000000000e+01
2.583031603830885103e+01,1.000000000000000000e+00,1.000000000000000000e+00
3.471912571958818461e+01,1.000000000000000000e+00,8.000000000000000000e+00
-1.161889551168309609e+01,1.000000000000000000e+00,-3.800000000000000000e+01
2.543350107816483074e+01,1.000000000000000000e+00,2.000000000000000000e+00
2.342615170343227859e+01,1.000000000000000000e+00,0.000000000000000000e+00
2.730394786600214729e+00,1.000000000000000000e+00,-2.200000000000000000e+01
-3.857048755247131311e+00,1.000000000000000000e+00,-2.800000000000000000e+01
1.857769238068526363e+01,1.000000000000000000e+00,-3.000000000000000000e+00
3.999471490869052559e+01,1.000000000000000000e+00,1.500000000000000000e+01
-1.046134459070593081e+01,1.000000000000000000e+00,-3.300000000000000000e+01
1.984731862861627860e+01,1.000000000000000000e+00,-1.000000000000000000e+00
3.733902250497905584e+01,1.000000000000000000e+00,1.400000000000000000e+01
1.765445651326839283e+00,1.000000000000000000e+00,-1.800000000000000000e+01
2.254807912011762383e+01,1.000000000000000000e+00,4.000000000000000000e+00
6.317921478180280559e+01,1.000000000000000000e+00,3.900000000000000000e+01
2.154508402916349041e+01,1.000000000000000000e+00,0.000000000000000000e+00
5.191949314174583208e+01,1.000000000000000000e+00,2.800000000000000000e+01
2.323213726883430397e+01,1.000000000000000000e+00,3.000000000000000000e+00
2.811166893061281868e+01,1.000000000000000000e+00,7.000000000000000000e+00
1.764168939716864770e+01,1.000000000000000000e+00,-1.000000000000000000e+00
-5.289950408729641396e+00,1.000000000000000000e+00,-2.600000000000000000e+01
-1.245120478495925198e+01,1.000000000000000000e+00,-3.500000000000000000e+01
1.068063591232174758e+01,1.000000000000000000e+00,-9.000000000000000000e+00
1.532673716001944797e+01,1.000000000000000000e+00,-4.000000000000000000e+00
2.342780619121775842e+01,1.000000000000000000e+00,5.000000000000000000e+00
4.852930116444528608e+01,1.000000000000000000e+00,2.700000000000000000e+01
3.134520620417526970e+01,1.000000000000000000e+00,1.400000000000000000e+01
2.660924799057510626e+01,1.000000000000000000e+00,5.000000000000000000e+00
2.472568099069573933e+01,1.000000000000000000e+00,8.000000000000000000e+00
4.343223092631093607e+01,1.000000000000000000e+00,2.500000000000000000e+01
2.525212157922543099e+01,1.000000000000000000e+00,6.000000000000000000e+00
1.991355640299947183e+01,1.000000000000000000e+00,0.000000000000000000e+00
1.838934407546104666e+01,1.000000000000000000e+00,1.000000000000000000e+00
9.055217688649072727e+00,1.000000000000000000e+00,-9.000000000000000000e+00
8.044596929061579971e+00,1.000000000000000000e+00,-6.000000000000000000e+00
3.123286877607300838e+01,1.000000000000000000e+00,1.100000000000000000e+01
1.905545072021058317e+01,1.000000000000000000e+00,-8.000000000000000000e+00
4.035571757387873504e+01,1.000000000000000000e+00,2.200000000000000000e+01
1.244915598448355354e+01,1.000000000000000000e+00,-4.000000000000000000e+00
4.254390027910709904e+01,1.000000000000000000e+00,2.500000000000000000e+01
1.216849555107808101e+01,1.000000000000000000e+00,-1.000000000000000000e+01
4.605741781231127874e+01,1.000000000000000000e+00,2.300000000000000000e+01
-9.069758734471413675e+00,1.000000000000000000e+00,-3.100000000000000000e+01
4.623974798960625066e+01,1.000000000000000000e+00,2.300000000000000000e+01
2.556323421892667014e+01,1.000000000000000000e+00,2.000000000000000000e+00
1.957105869523248742e+01,1.000000000000000000e+00,0.000000000000000000e+00
2.206767211578615573e+01,1.000000000000000000e+00,-1.000000000000000000e+00
6.700372190389649063e+01,1.000000000000000000e+00,4.500000000000000000e+01
3.074451966772782896e+01,1.000000000000000000e+00,8.000000000000000000e+00
4.124768315317232492e+01,1.000000000000000000e+00,1.900000000000000000e+01
-1.377650253895925658e+00,1.000000000000000000e+00,-2.300000000000000000e+01
1.254479210995747351e+01,1.000000000000000000e+00,-7.000000000000000000e+00
3.320078358524379070e+01,1.000000000000000000e+00,1.300000000000000000e+01
6.190775486668091787e+01,1.000000000000000000e+00,3.800000000000000000e+01
1.502507742850233186e+01,1.000000000000000000e+00,-1.200000000000000000e+01
1.492823872670388496e+01,1.000000000000000000e+00,-1.100000000000000000e+01
-8.552962619521288445e+00,1.000000000000000000e+00,-3.500000000000000000e+01
3.680298573336033030e+01,1.000000000000000000e+00,1.200000000000000000e+01
2.056677410806118189e+01,1.000000000000000000e+00,-4.000000000000000000e+00
4.744843962517600744e+01,1.000000000000000000e+00,1.800000000000000000e+01
5.981723411183705252e+01,1.000000000000000000e+00,3.100000000000000000e+01
2.357192585937478668e+01,1.000000000000000000e+00,-2.000000000000000000e+00
1.497803239442602319e+01,1.000000000000000000e+00,-1.600000000000000000e+01
4.213661099310721170e+01,1.000000000000000000e+00,1.200000000000000000e+01
6.583008069811695862e+01,1.000000000000000000e+00,4.000000000000000000e+01
3.718195785984453750e+01,1.000000000000000000e+00,7.000000000000000000e+00
3.396223948611667964e+01,1.000000000000000000e+00,5.000000000000000000e+00
4.536537250736650151e+01,1.000000000000000000e+00,1.800000000000000000e+01
1.019960553517493196e+01,1.000000000000000000e+00,-2.300000000000000000e+01
3.752573503890240403e+01,1.000000000000000000e+00,6.000000000000000000e+00
1.976854389121005084e+01,1.000000000000000000e+00,-6.000000000000000000e+00
2.673673279933122160e+01,1.000000000000000000e+00,-4.000000000000000000e+00
3.427770062912162530e+01,1.000000000000000000e+00,-1.000000000000000000e+00
3.237252678255384808e+01,1.000000000000000000e+00,-4.000000000000000000e+00
3.505803412106907047e+01,1.000000000000000000e+00,0.000000000000000000e+00
5.050942403165144157e+01,1.000000000000000000e+00,1.500000000000000000e+01
2.997917154201662271e+01,1.000000000000000000e+00,-4.000000000000000000e+00
8.301948968318637867e+01,1.000000000000000000e+00,4.900000000000000000e+01
3.294199663473217754e+01,1.000000000000000000e+00,-5.000000000000000000e+00
5.758399169298954945e+01,1.000000000000000000e+00,2.300000000000000000e+01
5.474229581643744780e+01,1.000000000000000000e+00,1.800000000000000000e+01
6.272969798548512443e+01,1.000000000000000000e+00,2.700000000000000000e+01
1.711277558381367214e+01,1.000000000000000000e+00,-2.000000000000000000e+01
3.925434939375067955e+01,1.000000000000000000e+00,-1.000000000000000000e+00
4.185172940730398494e+01,1.000000000000000000e+00,2.000000000000000000e+00
5.568547244789463235e+01,1.000000000000000000e+00,1.700000000000000000e+01
3.972961722596584622e+01,1.000000000000000000e+00,0.000000000000000000e+00
6.304130933180454122e+01,1.000000000000000000e+00,2.100000000000000000e+01
3.571927299171299097e+01,1.000000000000000000e+00,-3.000000000000000000e+00
6.265033281804404908e+01,1.000000000000000000e+00,2.000000000000000000e+01
4.757889095448519612e+01,1.000000000000000000e+00,6.000000000000000000e+00
3.637662861399664394e+01,1.000000000000000000e+00,-7.000000000000000000e+00
2.195460647126743936e+00,1.000000000000000000e+00,-4.000000000000000000e+01
4.282460068005477183e+01,1.000000000000000000e+00,-1.000000000000000000e+00
4.055403502144901040e+01,1.000000000000000000e+00,-2.000000000000000000e+00
3.604294757591097209e+01,1.000000000000000000e+00,-6.000000000000000000e+00
6.201590436805405915e+01,1.000000000000000000e+00,1.200000000000000000e+01
5.659397891762868227e+01,1.000000000000000000e+00,5.000000000000000000e+00
6.293414194785556504e+01,1.000000000000000000e+00,1.200000000000000000e+01
2.641922833838734874e+01,1.000000000000000000e+00,-2.200000000000000000e+01
5.293312360576619113e+01,1.000000000000000000e+00,4.000000000000000000e+00
3.859134463060150466e+01,1.000000000000000000e+00,-1.500000000000000000e+01
3.497812159680875510e+01,1.000000000000000000e+00,-1.700000000000000000e+01
5.250108788392505943e+01,1.000000000000000000e+00,0.000000000000000000e+00
7.265526973217238549e+01,1.000000000000000000e+00,1.900000000000000000e+01
4.246772761337842894e+01,1.000000000000000000e+00,-1.300000000000000000e+01
8.513295098409308537e+01,1.000000000000000000e+00,3.000000000000000000e+01
3.253946527566446889e+01,1.000000000000000000e+00,-1.900000000000000000e+01
5.328881972994001615e+01,1.000000000000000000e+00,-2.000000000000000000e+00
3.642621615868297624e+01,1.000000000000000000e+00,-2.200000000000000000e+01
4.818465085387430946e+01,1.000000000000000000e+00,-7.000000000000000000e+00
4.580213150559923463e+01,1.000000000000000000e+00,-1.100000000000000000e+01
5.439866363433797858e+01,1.000000000000000000e+00,-5.000000000000000000e+00
5.737511424087394118e+01,1.000000000000000000e+00,0.000000000000000000e+00
7.591592936207744913e+01,1.000000000000000000e+00,1.600000000000000000e+01
5.565995517758171474e+01,1.000000000000000000e+00,0.000000000000000000e+00
4.262708771584406264e+01,1.000000000000000000e+00,-1.700000000000000000e+01
8.378659938538584129e+01,1.000000000000000000e+00,2.100000000000000000e+01
7.491981274634696319e+01,1.000000000000000000e+00,1.600000000000000000e+01
1.034105663377024769e+02,1.000000000000000000e+00,4.200000000000000000e+01
9.138099237202054326e+01,1.000000000000000000e+00,2.500000000000000000e+01
3.974035131752266636e+01,1.000000000000000000e+00,-2.000000000000000000e+01
6.785709456851098764e+01,1.000000000000000000e+00,5.000000000000000000e+00
5.545833599924618085e+01,1.000000000000000000e+00,-7.000000000000000000e+00
6.527482003073254191e+01,1.000000000000000000e+00,2.000000000000000000e+00
5.938710834645539904e+01,1.000000000000000000e+00,-2.000000000000000000e+00
8.538789652705141009e+01,1.000000000000000000e+00,1.800000000000000000e+01
6.388022674055872585e+01,1.000000000000000000e+00,-2.000000000000000000e+00
4.302916505593023544e+01,1.000000000000000000e+00,-2.300000000000000000e+01
6.762462146229955806e+01,1.000000000000000000e+00,-2.000000000000000000e+00
5.885574533711054812e+01,1.000000000000000000e+00,-1.000000000000000000e+01
4.130129556839928284e+01,1.000000000000000000e+00,-2.700000000000000000e+01
4.703774609369170889e+01,1.000000000000000000e+00,-2.300000000000000000e+01
5.127396853476368221e+01,1.000000000000000000e+00,-1.900000000000000000e+01
8.041479768012681006e+01,1.000000000000000000e+00,1.200000000000000000e+01
4.120228443477445524e+01,1.000000000000000000e+00,-3.000000000000000000e+01
5.560669839786322655e+01,1.000000000000000000e+00,-1.500000000000000000e+01
6.315938696131435393e+01,1.000000000000000000e+00,-1.200000000000000000e+01
7.386556741933667070e+01,1.000000000000000000e+00,3.000000000000000000e+00
5.742780765174272517e+01,1.000000000000000000e+00,-1.200000000000000000e+01
5.770734451451392033e+01,1.000000000000000000e+00,-1.400000000000000000e+01
6.551445607956520689e+01,1.000000000000000000e+00,-8.000000000000000000e+00
8.551964745579221017e+01,1.000000000000000000e+00,1.200000000000000000e+01
4.072425749782740922e+01,1.000000000000000000e+00,-3.400000000000000000e+01
1.015884790945698342e+02,1.000000000000000000e+00,2.600000000000000000e+01
8.454559662971057321e+01,1.000000000000000000e+00,8.000000000000000000e+00
5.949147439618087674e+01,1.000000000000000000e+00,-1.600000000000000000e+01
1.004737785594820139e+02,1.000000000000000000e+00,2.400000000000000000e+01
6.458294548297342885e+01,1.000000000000000000e+00,-1.200000000000000000e+01
6.165821001762499520e+01,1.000000000000000000e+00,-1.700000000000000000e+01
6.925744317108899395e+01,1.000000000000000000e+00,-1.000000000000000000e+01
8.792118169015778051e+01,1.000000000000000000e+00,1.200000000000000000e+01
8.336076489734816164e+01,1.000000000000000000e+00,1.100000000000000000e+01
8.023281252001056885e+01,1.000000000000000000e+00,0.000000000000000000e+00
8.727317107312057942e+01,1.000000000000000000e+00,1.100000000000000000e+01
3.354168287687403449e+01,1.000000000000000000e+00,-4.100000000000000000e+01
8.300495758562423987e+01,1.000000000000000000e+00,6.000000000000000000e+00
1.237984912508187136e+02,1.000000000000000000e+00,4.200000000000000000e+01
7.768584030528904805e+01,1.000000000000000000e+00,-3.000000000000000000e+00
1.009949853621134679e+02,1.000000000000000000e+00,1.900000000000000000e+01
7.121209806200538139e+01,1.000000000000000000e+00,-5.000000000000000000e+00
9.669002512512689407e+01,1.000000000000000000e+00,1.800000000000000000e+01
9.296167154419769929e+01,1.000000000000000000e+00,1.500000000000000000e+01
8.404371981228926813e+01,1.000000000000000000e+00,7.000000000000000000e+00
7.489926412648040355e+01,1.000000000000000000e+00,-2.000000000000000000e+00
9.557523175925297210e+01,1.000000000000000000e+00,1.900000000000000000e+01
9.160606233442308621e+01,1.000000000000000000e+00,1.300000000000000000e+01
5.401088939091653174e+01,1.000000000000000000e+00,-2.800000000000000000e+01
9.615607184490606585e+01,1.000000000000000000e+00,2.100000000000000000e+01
8.776598925041146515e+01,1.000000000000000000e+00,8.000000000000000000e+00
9.662805614733022708e+01,1.000000000000000000e+00,1.800000000000000000e+01
9.769737949765571727e+01,1.000000000000000000e+00,1.700000000000000000e+01
7.707333441743273283e+01,1.000000000000000000e+00,0.000000000000000000e+00
4.544972256442476066e+01,1.000000000000000000e+00,-3.500000000000000000e+01
1.050023048455632022e+02,1.000000000000000000e+00,2.000000000000000000e+01
9.938637451550694379e+01,1.000000000000000000e+00,2.100000000000000000e+01
9.555262024857118774e+01,1.000000000000000000e+00,1.400000000000000000e+01
4.168855769327934979e+01,1.000000000000000000e+00,-3.400000000000000000e+01
4.199624656661170263e+01,1.000000000000000000e+00,-3.700000000000000000e+01
2.912807794756834312e+01,1.000000000000000000e+00,-5.100000000000000000e+01
8.547990519616577387e+01,1.000000000000000000e+00,4.000000000000000000e+00
5.932672976509823570e+01,1.000000000000000000e+00,-2.200000000000000000e+01
4.050232767679298718e+01,1.000000000000000000e+00,-3.800000000000000000e+01
1.259450840686931485e+02,1.000000000000000000e+00,4.500000000000000000e+01
9.017136972636600944e+01,1.000000000000000000e+00,1.200000000000000000e+01
9.038999103323716611e+01,1.000000000000000000e+00,1.000000000000000000e+01
8.896917928148862131e+01,1.000000000000000000e+00,9.000000000000000000e+00
7.870260765077038911e+01,1.000000000000000000e+00,2.000000000000000000e+00
5.484412226782839639e+01,1.000000000000000000e+00,-2.400000000000000000e+01
5.701599169777826148e+01,1.000000000000000000e+00,-2.000000000000000000e+01
8.070775498594522901e+01,1.000000000000000000e+00,2.000000000000000000e+00
7.493602134591252195e+01,1.000000000000000000e+00,-3.000000000000000000e+00
7.702047884038805137e+01,1.000000000000000000e+00,0.000000000000000000e+00
7.882167556598497526e+01,1.000000000000000000e+00,2.000000000000000000e+00
7.315666003954933672e+01,1.000000000000000000e+00,-5.000000000000000000e+00
8.765640517843398527e+01,1.000000000000000000e+00,1.000000000000000000e+01
8.593543919617660265e+01,1.000000000000000000e+00,1.100000000000000000e+01
5.879840243594588856e+01,1.000000000000000000e+00,-1.800000000000000000e+01
7.767895309772005419e+01,1.000000000000000000e+00,0.000000000000000000e+00
9.616612717915332098e+01,1.000000000000000000e+00,2.200000000000000000e+01
4.532746460247808784e+01,1.000000000000000000e+00,-2.900000000000000000e+01
7.846073435425800824e+01,1.000000000000000000e+00,5.000000000000000000e+00
6.542425053916643662e+01,1.000000000000000000e+00,-1.000000000000000000e+01
1.032772980857166942e+02,1.000000000000000000e+00,2.900000000000000000e+01
5.555088700590503947e+01,1.000000000000000000e+00,-1.700000000000000000e+01
6.861342571087918429e+01,1.000000000000000000e+00,-3.000000000000000000e+00
9.090137656904150276e+01,1.000000000000000000e+00,1.700000000000000000e+01
7.347675902450195906e+01,1.000000000000000000e+00,2.000000000000000000e+00
7.098924560990040789e+01,1.000000000000000000e+00,-4.000000000000000000e+00
3.845244874132028201e+01,1.000000000000000000e+00,-2.900000000000000000e+01
8.513847585679845054e+01,1.000000000000000000e+00,1.300000000000000000e+01
6.924380327434687388e+01,1.000000000000000000e+00,0.000000000000000000e+00
6.630398938441156531e+01,1.000000000000000000e+00,-3.000000000000000000e+00
5.832452261417192574e+01,1.000000000000000000e+00,-1.100000000000000000e+01
8.081729362657831928e+01,1.000000000000000000e+00,1.200000000000000000e+01
4.736274116566806924e+01,1.000000000000000000e+00,-2.300000000000000000e+01
6.699996615729043015e+01,1.000000000000000000e+00,1.000000000000000000e+00
8.469208118025760257e+01,1.000000000000000000e+00,1.800000000000000000e+01
7.537000998789957862e+01,1.000000000000000000e+00,7.000000000000000000e+00
8.755859627351840402e+01,1.000000000000000000e+00,2.100000000000000000e+01
6.309360596614249062e+01,1.000000000000000000e+00,-3.000000000000000000e+00
7.834778080725442351e+01,1.000000000000000000e+00,1.200000000000000000e+01
4.943159345893639056e+01,1.000000000000000000e+00,-1.300000000000000000e+01
4.795180623877224235e+01,1.000000000000000000e+00,-1.500000000000000000e+01
5.758138933648795899e+01,1.000000000000000000e+00,-9.000000000000000000e+00
3.838512991578266309e+01,1.000000000000000000e+00,-2.400000000000000000e+01
6.646895907532946524e+01,1.000000000000000000e+00,5.000000000000000000e+00
4.936942644124339807e+01,1.000000000000000000e+00,-1.100000000000000000e+01
5.951324839304858472e+01,1.000000000000000000e+00,2.000000000000000000e+00
3.073521838628357017e+01,1.000000000000000000e+00,-3.100000000000000000e+01
8.093329319307339631e+01,1.000000000000000000e+00,2.100000000000000000e+01
3.473808921202975597e+01,1.000000000000000000e+00,-2.700000000000000000e+01
3.452169871122570299e+01,1.000000000000000000e+00,-2.200000000000000000e+01
7.230517479202100617e+01,1.000000000000000000e+00,1.500000000000000000e+01
2.885892836636950420e+01,1.000000000000000000e+00,-2.600000000000000000e+01
6.176848500008349419e+01,1.000000000000000000e+00,7.000000000000000000e+00
6.991511078361645559e+01,1.000000000000000000e+00,1.200000000000000000e+01
4.434276798544651399e+01,1.000000000000000000e+00,-1.400000000000000000e+01
2.942968355699206739e+01,1.000000000000000000e+00,-2.600000000000000000e+01
3.391694270920739029e+01,1.000000000000000000e+00,-2.000000000000000000e+01
4.589849132537307952e+01,1.000000000000000000e+00,-8.000000000000000000e+00
3.845772164514881553e+01,1.000000000000000000e+00,-1.200000000000000000e+01
6.086868979723089268e+01,1.000000000000000000e+00,1.100000000000000000e+01
3.354528880922952538e+01,1.000000000000000000e+00,-1.700000000000000000e+01
5.358568842440138980e+01,1.000000000000000000e+00,4.000000000000000000e+00
-2.093855600450282850e+00,1.000000000000000000e+00,-4.800000000000000000e+01
6.616165344765767031e+01,1.000000000000000000e+00,2.100000000000000000e+01
5.468031588556658562e+01,1.000000000000000000e+00,8.000000000000000000e+00
4.954119672951166820e+01,1.000000000000000000e+00,2.000000000000000000e+00
6.991877465741339392e+01,1.000000000000000000e+00,2.400000000000000000e+01
3.616267993071769382e+01,1.000000000000000000e+00,-1.100000000000000000e+01
5.366746774860529712e+01,1.000000000000000000e+00,7.000000000000000000e+00
7.786364135258524755e+01,1.000000000000000000e+00,3.200000000000000000e+01
1.822739976291612152e+01,1.000000000000000000e+00,-2.400000000000000000e+01
4.892105794500942295e+01,1.000000000000000000e+00,5.000000000000000000e+00
3.548647276018269991e+01,1.000000000000000000e+00,-6.000000000000000000e+00
4.297600935432058122e+01,1.000000000000000000e+00,0.000000000000000000e+00
3.478398699581409659e+01,1.000000000000000000e+00,-6.000000000000000000e+00
6.564160173494983042e+01,1.000000000000000000e+00,2.500000000000000000e+01
1.889990642927596554e+01,1.000000000000000000e+00,-2.600000000000000000e+01
2.879789317309295171e+01,1.000000000000000000e+00,-8.000000000000000000e+00
3.860106764209870533e+01,1.000000000000000000e+00,-2.000000000000000000e+00
5.844495504088237681e+01,1.000000000000000000e+00,1.700000000000000000e+01
3.613017494884356040e+01,1.000000000000000000e+00,0.000000000000000000e+00
-8.546412304830944606e+00,1.000000000000000000e+00,-4.600000000000000000e+01
6.603198548724073191e+01,1.000000000000000000e+00,3.200000000000000000e+01
2.953185037595134332e+01,1.000000000000000000e+00,-8.000000000000000000e+00
4.698856883391315620e+01,1.000000000000000000e+00,9.000000000000000000e+00
9.000617368291584341e+01,1.000000000000000000e+00,5.100000000000000000e+01
4.334024211139334426e+01,1.000000000000000000e+00,6.000000000000000000e+00
3.571793060501182282e+01,1.000000000000000000e+00,3.000000000000000000e+00
5.240025277949759897e+01,1.000000000000000000e+00,2.000000000000000000e+01
4.861861639833467308e+01,1.000000000000000000e+00,1.300000000000000000e+01
6.444882658391971830e+00,1.000000000000000000e+00,-2.300000000000000000e+01
1.428350549111319623e+01,1.000000000000000000e+00,-2.000000000000000000e+01
3.019411293658233575e+01,1.000000000000000000e+00,0.000000000000000000e+00
5.502516272365905081e+01,1.000000000000000000e+00,2.700000000000000000e+01
2.108397364143070263e+01,1.000000000000000000e+00,-9.000000000000000000e+00
1.239585908854238738e+01,1.000000000000000000e+00,-1.900000000000000000e+01
4.687991259639935038e+01,1.000000000000000000e+00,2.000000000000000000e+01
4.204265947832560357e+01,1.000000000000000000e+00,1.000000000000000000e+01
3.245677266504677050e+01,1.000000000000000000e+00,1.000000000000000000e+00
6.301645091900640949e+01,1.000000000000000000e+00,3.900000000000000000e+01
1.624719949340910574e+01,1.000000000000000000e+00,-1.200000000000000000e+01
2.964315759183618937e+01,1.000000000000000000e+00,3.000000000000000000e+00
6.196043311517424712e+00,1.000000000000000000e+00,-2.300000000000000000e+01
5.871427668456608018e+00,1.000000000000000000e+00,-2.000000000000000000e+01
2.008529987764338287e+01,1.000000000000000000e+00,-8.000000000000000000e+00
4.433923320792438716e+01,1.000000000000000000e+00,1.900000000000000000e+01
1.122508148879694900e+01,1.000000000000000000e+00,-1.200000000000000000e+01
4.762058880736294952e+01,1.000000000000000000e+00,2.000000000000000000e+01
-8.222568092565545328e-01,1.000000000000000000e+00,-2.600000000000000000e+01
2.459086766017308534e+01,1.000000000000000000e+00,0.000000000000000000e+00
1.759127406906500468e+01,1.000000000000000000e+00,-7.000000000000000000e+00
3.232784382092542330e+01,1.000000000000000000e+00,1.200000000000000000e+01
2.740463722000927405e+01,1.000000000000000000e+00,4.000000000000000000e+00
-2.349483095039022018e+01,1.000000000000000000e+00,-4.200000000000000000e+01
1.217428136872326405e+01,1.000000000000000000e+00,-9.000000000000000000e+00
1.033755831480987197e+01,1.000000000000000000e+00,-1.500000000000000000e+01
2.420369484416494998e+01,1.000000000000000000e+00,2.000000000000000000e+00
-4.178467116124217284e+00,1.000000000000000000e+00,-2.700000000000000000e+01
5.857857166703795571e+01,1.000000000000000000e+00,3.600000000000000000e+01
6.312777843558914981e+01,1.000000000000000000e+00,4.100000000000000000e+01
-1.095847629830134551e+01,1.000000000000000000e+00,-3.400000000000000000e+01
3.036573209244966876e+00,1.000000000000000000e+00,-1.700000000000000000e+01
1.760560227170239500e+01,1.000000000000000000e+00,-2.000000000000000000e+00
3.069504464545710931e+01,1.000000000000000000e+00,1.100000000000000000e+01
1.624470659789183458e+01,1.000000000000000000e+00,-3.000000000000000000e+00
4.617971099675759206e+01,1.000000000000000000e+00,2.600000000000000000e+01
1.601538934615744836e+01,1.000000000000000000e+00,-5.000000000000000000e+00
-1.465369419776690307e+01,1.000000000000000000e+00,-3.300000000000000000e+01
3.042327557246489178e+01,1.000000000000000000e+00,1.000000000000000000e+01
2.138001851241676476e+01,1.000000000000000000e+00,1.000000000000000000e+00
2.835769012145362922e+01,1.000000000000000000e+00,1.000000000000000000e+01
2.416661632993531228e+01,1.000000000000000000e+00,5.000000000000000000e+00
4.754477066001517471e+01,1.000000000000000000e+00,2.800000000000000000e+01
5.028704688692589286e+01,1.000000000000000000e+00,3.200000000000000000e+01
7.144998321237700623e+01,1.000000000000000000e+00,5.500000000000000000e+01
-1.391739577488664281e+00,1.000000000000000000e+00,-1.900000000000000000e+01
3.173417140786827417e+01,1.000000000000000000e+00,1.100000000000000000e+01
1.837909991512360008e+01,1.000000000000000000e+00,-3.000000000000000000e+00
7.424643043707247614e+01,1.000000000000000000e+00,5.600000000000000000e+01
3.138088763069408316e+01,1.000000000000000000e+00,1.500000000000000000e+01
5.728780965507852585e+01,1.000000000000000000e+00,3.800000000000000000e+01
4.915469346741613066e+00,1.000000000000000000e+00,-1.400000000000000000e+01
8.842416018193951288e+01,1.000000000000000000e+00,7.000000000000000000e+01
4.414757850883943036e+01,1.000000000000000000e+00,2.400000000000000000e+01
5.235610199828383315e+01,1.000000000000000000e+00,3.100000000000000000e+01
8.708193232286532748e+00,1.000000000000000000e+00,-1.100000000000000000e+01
8.055273474629327524e+00,1.000000000000000000e+00,-1.400000000000000000e+01
4.353253110602086906e+01,1.000000000000000000e+00,1.900000000000000000e+01
1.288454795537252551e+01,1.000000000000000000e+00,-9.000000000000000000e+00
1.540196235172641082e+01,1.000000000000000000e+00,-6.000000000000000000e+00
3.395080107005674819e+01,1.000000000000000000e+00,1.500000000000000000e+01
3.022390398946331658e+00,1.000000000000000000e+00,-2.100000000000000000e+01
9.816930936514012274e+00,1.000000000000000000e+00,-1.300000000000000000e+01
1.327947882132788138e+01,1.000000000000000000e+00,-1.000000000000000000e+01
7.704948140487953623e+00,1.000000000000000000e+00,-1.400000000000000000e+01
4.180293278933006462e+01,1.000000000000000000e+00,1.800000000000000000e+01
1.508475408994539180e+01,1.000000000000000000e+00,-1.200000000000000000e+01
6.813736355209846351e+01,1.000000000000000000e+00,4.700000000000000000e+01
3.329102915664469720e+01,1.000000000000000000e+00,1.100000000000000000e+01
5.597846398352284325e+01,1.000000000000000000e+00,3.300000000000000000e+01
6.817463323214447257e+00,1.000000000000000000e+00,-1.900000000000000000e+01
3.138422687172588965e+01,1.000000000000000000e+00,5.000000000000000000e+00
3.630027210082135980e+01,1.000000000000000000e+00,8.000000000000000000e+00
4.364471777476235559e+01,1.000000000000000000e+00,1.400000000000000000e+01
4.092792487180550154e+01,1.000000000000000000e+00,1.600000000000000000e+01
2.958547361055520852e+01,1.000000000000000000e+00,2.000000000000000000e+00
2.719512922914157826e+01,1.000000000000000000e+00,-2.000000000000000000e+00
1.496314855757629658e+01,1.000000000000000000e+00,-9.000000000000000000e+00
3.298183320323406065e+01,1.000000000000000000e+00,5.000000000000000000e+00
2.024179721633487716e+01,1.000000000000000000e+00,-7.000000000000000000e+00
4.466838948413846566e+01,1.000000000000000000e+00,1.600000000000000000e+01
4.539394529555413271e+01,1.000000000000000000e+00,1.700000000000000000e+01
3.927614354307834788e+01,1.000000000000000000e+00,1.100000000000000000e+01
2.046063244232146161e+01,1.000000000000000000e+00,-1.100000000000000000e+01
4.100862913445456570e+01,1.000000000000000000e+00,1.100000000000000000e+01
2.860384124367397618e+01,1.000000000000000000e+00,0.000000000000000000e+00
7.909775302975793920e+01,1.000000000000000000e+00,4.400000000000000000e+01
1.920628088239120501e+01,1.000000000000000000e+00,-1.300000000000000000e+01
4.557989569223860826e+01,1.000000000000000000e+00,1.400000000000000000e+01
5.336007636256479003e+01,1.000000000000000000e+00,2.100000000000000000e+01
4.928069737874071876e+01,1.000000000000000000e+00,1.700000000000000000e+01
3.076408820650004827e+01,1.000000000000000000e+00,-3.000000000000000000e+00
2.843293325195716648e+01,1.000000000000000000e+00,-9.000000000000000000e+00
1.631802807710327841e+01,1.000000000000000000e+00,-1.700000000000000000e+01
4.225750735441501860e+01,1.000000000000000000e+00,6.000000000000000000e+00
-1.553433690527324984e+01,1.000000000000000000e+00,-5.300000000000000000e+01
3.490565399149009096e+01,1.000000000000000000e+00,-1.000000000000000000e+00
3.881453486392775432e+01,1.000000000000000000e+00,0.000000000000000000e+00
1.047679709987212249e+01,1.000000000000000000e+00,-3.100000000000000000e+01
1.808592158232524127e+01,1.000000000000000000e+00,-2.000000000000000000e+01
1.685236756195804730e+01,1.000000000000000000e+00,-2.300000000000000000e+01
2.665620712017397409e+01,1.000000000000000000e+00,-1.300000000000000000e+01
4.083406727090225274e+01,1.000000000000000000e+00,-2.000000000000000000e+00
5.962689506170982412e+01,1.000000000000000000e+00,1.600000000000000000e+01
3.239758688792410624e+01,1.000000000000000000e+00,-7.000000000000000000e+00
4.283860094056557699e+01,1.000000000000000000e+00,-2.000000000000000000e+00
4.285487049428617468e+00,1.000000000000000000e+00,-3.900000000000000000e+01
4.177331386580168981e+01,1.000000000000000000e+00,-3.000000000000000000e+00
4.079820122649667979e+01,1.000000000000000000e+00,-4.000000000000000000e+00
6.363864153784035693e+01,1.000000000000000000e+00,1.900000000000000000e+01
5.632688695898287534e+01,1.000000000000000000e+00,9.000000000000000000e+00
5.811583208393992805e+01,1.000000000000000000e+00,1.000000000000000000e+01
3.303620093771941413e+01,1.000000000000000000e+00,-1.600000000000000000e+01
5.545698571216028938e+01,1.000000000000000000e+00,8.000000000000000000e+00
3.138730234214842341e+01,1.000000000000000000e+00,-1.800000000000000000e+01
5.097648817090903606e+01,1.000000000000000000e+00,-2.000000000000000000e+00
6.440347849892930299e+01,1.000000000000000000e+00,1.300000000000000000e+01
4.574743646080491999e+01,1.000000000000000000e+00,-3.000000000000000000e+00
1.152859507439512754e+01,1.000000000000000000e+00,-4.400000000000000000e+01
5.588584865370948052e+01,1.000000000000000000e+00,4.000000000000000000e+00
5.876360108189147269e+01,1.000000000000000000e+00,5.000000000000000000e+00
4.458457028924983234e+01,1.000000000000000000e+00,-1.200000000000000000e+01
-2.252800270414375916e+00,1.000000000000000000e+00,-5.700000000000000000e+01
4.907562445390453121e+01,1.000000000000000000e+00,-6.000000000000000000e+00
5.053096266924006130e+01,1.000000000000000000e+00,-8.000000000000000000e+00
5.287330155670984766e+01,1.000000000000000000e+00,-5.000000000000000000e+00
5.152451599190322185e+01,1.000000000000000000e+00,-7.000000000000000000e+00
3.373691388198253094e+01,1.000000000000000000e+00,-2.000000000000000000e+01
4.596393054672861922e+01,1.000000000000000000e+00,-1.100000000000000000e+01
3.848020568317108570e+01,1.000000000000000000e+00,-2.000000000000000000e+01
5.592958967599474818e+01,1.000000000000000000e+00,-1.000000000000000000e+00
7.382452176819279543e+01,1.000000000000000000e+00,1.000000000000000000e+01
4.614231290136395813e+01,1.000000000000000000e+00,-1.700000000000000000e+01
5.097816220168649437e+01,1.000000000000000000e+00,-1.100000000000000000e+01
6.700846495602431219e+01,1.000000000000000000e+00,5.000000000000000000e+00
1.652961301695777507e+01,1.000000000000000000e+00,-4.600000000000000000e+01
7.163802522547503315e+01,1.000000000000000000e+00,9.000000000000000000e+00
2.733006871124554493e+01,1.000000000000000000e+00,-3.800000000000000000e+01
6.100318814991919680e+01,1.000000000000000000e+00,-3.000000000000000000e+00
8.327089121210583755e+01,1.000000000000000000e+00,2.300000000000000000e+01
8.230439882533748630e+01,1.000000000000000000e+00,1.500000000000000000e+01
6.236361171111322221e+01,1.000000000000000000e+00,-4.000000000000000000e+00
6.936981268093103381e+01,1.000000000000000000e+00,6.000000000000000000e+00
8.170170684890956636e+01,1.000000000000000000e+00,1.000000000000000000e+01
9.201662995781249776e+01,1.000000000000000000e+00,2.300000000000000000e+01
8.189566793734668693e+01,1.000000000000000000e+00,1.600000000000000000e+01
9.249654346593530363e+01,1.000000000000000000e+00,2.300000000000000000e+01
4.244467975326016074e+01,1.000000000000000000e+00,-2.600000000000000000e+01
7.964049414633701929e+01,1.000000000000000000e+00,7.000000000000000000e+00
7.330192720153749519e+01,1.000000000000000000e+00,3.000000000000000000e+00
8.296942146890086178e+01,1.000000000000000000e+00,1.200000000000000000e+01
5.748674535903347760e+01,1.000000000000000000e+00,-1.500000000000000000e+01
4.826870708783475550e+01,1.000000000000000000e+00,-2.900000000000000000e+01
9.153192962596655491e+01,1.000000000000000000e+00,1.800000000000000000e+01
9.327911182481702212e+01,1.000000000000000000e+00,2.200000000000000000e+01
3.085943088392147615e+01,1.000000000000000000e+00,-3.900000000000000000e+01
8.247070497221184837e+01,1.000000000000000000e+00,8.000000000000000000e+00
8.652050794539344736e+01,1.000000000000000000e+00,1.100000000000000000e+01
8.244698520599889946e+01,1.000000000000000000e+00,7.000000000000000000e+00
1.046435694290673837e+02,1.000000000000000000e+00,2.900000000000000000e+01
6.615679845926132430e+01,1.000000000000000000e+00,-1.100000000000000000e+01
9.468872239391949108e+01,1.000000000000000000e+00,1.800000000000000000e+01
8.001273869306513120e+01,1.000000000000000000e+00,4.000000000000000000e+00
7.791118283914917697e+01,1.000000000000000000e+00,1.000000000000000000e+00
5.103440581574675150e+01,1.000000000000000000e+00,-2.500000000000000000e+01
7.022462347797420534e+01,1.000000000000000000e+00,-9.000000000000000000e+00
4.895442331675293701e+01,1.000000000000000000e+00,-2.700000000000000000e+01
8.658778500148240198e+01,1.000000000000000000e+00,5.000000000000000000e+00
6.266581652350855336e+01,1.000000000000000000e+00,-1.600000000000000000e+01
7.533176637073233906e+01,1.000000000000000000e+00,-5.000000000000000000e+00
9.228845235003402081e+01,1.000000000000000000e+00,1.300000000000000000e+01
2.960755511697591658e+01,1.000000000000000000e+00,-5.000000000000000000e+01
6.943204728316347030e+01,1.000000000000000000e+00,-1.100000000000000000e+01
8.246987919304358172e+01,1.000000000000000000e+00,5.000000000000000000e+00
9.845123320213980378e+01,1.000000000000000000e+00,2.100000000000000000e+01
9.278615841710923462e+01,1.000000000000000000e+00,1.400000000000000000e+01
1.010013648237767967e+02,1.000000000000000000e+00,2.200000000000000000e+01
1.049004608323743781e+02,1.000000000000000000e+00,2.400000000000000000e+01
5.290702438748971304e+01,1.000000000000000000e+00,-2.600000000000000000e+01
7.398417234973943835e+01,1.000000000000000000e+00,-8.000000000000000000e+00
9.982231981786615904e+01,1.000000000000000000e+00,2.000000000000000000e+01
6.705549755911562215e+01,1.000000000000000000e+00,-1.100000000000000000e+01
1.801420219308930371e+01,1.000000000000000000e+00,-6.300000000000000000e+01
1.005663124252019003e+02,1.000000000000000000e+00,1.800000000000000000e+01
6.876104595808770625e+01,1.000000000000000000e+00,-1.200000000000000000e+01
6.873870680983870329e+01,1.000000000000000000e+00,-1.000000000000000000e+01
7.663213341274850166e+01,1.000000000000000000e+00,-4.000000000000000000e+00
7.808655540016387420e+01,1.000000000000000000e+00,-3.000000000000000000e+00
7.778069055719052471e+01,1.000000000000000000e+00,-1.000000000000000000e+00
6.686812135704940374e+01,1.000000000000000000e+00,-1.100000000000000000e+01
1.085606340307270159e+02,1.000000000000000000e+00,2.900000000000000000e+01
7.826796688366952992e+01,1.000000000000000000e+00,-1.000000000000000000e+00
9.255215655788587981e+01,1.000000000000000000e+00,1.500000000000000000e+01
6.101242384591620294e+01,1.000000000000000000e+00,-2.400000000000000000e+01
9.541760957246798114e+01,1.000000000000000000e+00,1.700000000000000000e+01
1.326758659174951163e+02,1.000000000000000000e+00,5.000000000000000000e+01
9.506254019568000047e+01,1.000000000000000000e+00,1.500000000000000000e+01
9.477747122105925826e+01,1.000000000000000000e+00,1.500000000000000000e+01
7.697228602493970584e+01,1.000000000000000000e+00,0.000000000000000000e+00
8.957043643065908611e+01,1.000000000000000000e+00,1.300000000000000000e+01
5.905349767971637220e+01,1.000000000000000000e+00,-2.200000000000000000e+01
6.604362140487343424e+01,1.000000000000000000e+00,-1.200000000000000000e+01
9.737344953850086426e+01,1.000000000000000000e+00,2.000000000000000000e+01
5.139384064862653645e+01,1.000000000000000000e+00,-2.700000000000000000e+01
3.780175904645125229e+01,1.000000000000000000e+00,-4.100000000000000000e+01
8.999268368396654694e+01,1.000000000000000000e+00,1.100000000000000000e+01
4.893780949538368930e+01,1.000000000000000000e+00,-2.800000000000000000e+01
1.168257575541449143e+02,1.000000000000000000e+00,3.700000000000000000e+01
8.614071566862358509e+01,1.000000000000000000e+00,1.100000000000000000e+01
1.001512489744675918e+02,1.000000000000000000e+00,2.200000000000000000e+01
8.967236953115383358e+01,1.000000000000000000e+00,1.300000000000000000e+01
7.898603695232027633e+01,1.000000000000000000e+00,0.000000000000000000e+00
8.139844828373054497e+01,1.000000000000000000e+00,9.000000000000000000e+00
9.611363739060767841e+01,1.000000000000000000e+00,2.000000000000000000e+01
4.901962739397310997e+01,1.000000000000000000e+00,-2.400000000000000000e+01
6.859370492274159403e+01,1.000000000000000000e+00,-4.000000000000000000e+00
6.148069246823365575e+01,1.000000000000000000e+00,-1.000000000000000000e+01
1.079764375798761193e+02,1.000000000000000000e+00,3.300000000000000000e+01
4.263110460786379008e+01,1.000000000000000000e+00,-3.100000000000000000e+01
1.028370833027846771e+02,1.000000000000000000e+00,2.500000000000000000e+01
7.442850824522044206e+01,1.000000000000000000e+00,0.000000000000000000e+00
8.088826320265087588e+01,1.000000000000000000e+00,9.000000000000000000e+00
3.286089313896285091e+01,1.000000000000000000e+00,-4.100000000000000000e+01
8.094472544081648380e+01,1.000000000000000000e+00,7.000000000000000000e+00
7.100749766606897140e+01,1.000000000000000000e+00,-4.000000000000000000e+00
4.621525049565794063e+01,1.000000000000000000e+00,-2.500000000000000000e+01
7.422813650341915093e+01,1.000000000000000000e+00,3.000000000000000000e+00
2.821190347807058174e+01,1.000000000000000000e+00,-4.200000000000000000e+01
3.312358946372513913e+01,1.000000000000000000e+00,-3.600000000000000000e+01
6.579100245363132160e+01,1.000000000000000000e+00,-5.000000000000000000e+00
7.564495124224626466e+01,1.000000000000000000e+00,6.000000000000000000e+00
3.912613499691097729e+01,1.000000000000000000e+00,-3.000000000000000000e+01
7.815257340922663332e+01,1.000000000000000000e+00,1.100000000000000000e+01
5.199682735076665097e+01,1.000000000000000000e+00,-1.400000000000000000e+01
6.971949995677229595e+01,1.000000000000000000e+00,5.000000000000000000e+00
8.026075224406491770e+01,1.000000000000000000e+00,1.700000000000000000e+01
6.421047268313849088e+01,1.000000000000000000e+00,0.000000000000000000e+00
6.290980161115357561e+01,1.000000000000000000e+00,-1.000000000000000000e+00
2.146405862180388624e+01,1.000000000000000000e+00,-4.200000000000000000e+01
4.432403261808276795e+01,1.000000000000000000e+00,-1.900000000000000000e+01
7.288867258880836175e+01,1.000000000000000000e+00,1.000000000000000000e+01
5.964613837664518314e+01,1.000000000000000000e+00,0.000000000000000000e+00
6.367187091143209443e+01,1.000000000000000000e+00,-1.000000000000000000e+00
7.248306266399478659e+01,1.000000000000000000e+00,8.000000000000000000e+00
3.142942481207049354e+01,1.000000000000000000e+00,-3.100000000000000000e+01
7.586168351398171694e+00,1.000000000000000000e+00,-4.900000000000000000e+01
5.984528209359239526e+01,1.000000000000000000e+00,-1.000000000000000000e+00
7.042123788059545575e+01,1.000000000000000000e+00,8.000000000000000000e+00
8.728043695047314543e+01,1.000000000000000000e+00,3.100000000000000000e+01
6.368306230825908187e+01,1.000000000000000000e+00,8.000000000000000000e+00
2.269756380665698003e+01,1.000000000000000000e+00,-3.800000000000000000e+01
7.027173292193610621e+01,1.000000000000000000e+00,1.500000000000000000e+01
8.058856947043047114e+01,1.000000000000000000e+00,2.200000000000000000e+01
7.171370749641133102e+01,1.000000000000000000e+00,1.600000000000000000e+01
3.477978495466824427e+01,1.000000000000000000e+00,-2.200000000000000000e+01
2.098778808134063212e+01,1.000000000000000000e+00,-2.900000000000000000e+01
5.001243076856849257e+01,1.000000000000000000e+00,0.000000000000000000e+00
4.837542233563005567e+01,1.000000000000000000e+00,-2.000000000000000000e+00
6.736367831259607897e+01,1.000000000000000000e+00,2.200000000000000000e+01
4.905346917205873325e+01,1.000000000000000000e+00,-5.000000000000000000e+00
3.046822600872640407e+01,1.000000000000000000e+00,-2.000000000000000000e+01
9.894438839571921562e+01,1.000000000000000000e+00,4.800000000000000000e+01
2.637177584388457063e+01,1.000000000000000000e+00,-2.000000000000000000e+01
-9.834032252297049581e+00,1.000000000000000000e+00,-5.500000000000000000e+01
2.290157012479084386e+01,1.000000000000000000e+00,-2.400000000000000000e+01
4.787190455211247553e+01,1.000000000000000000e+00,2.000000000000000000e+00
5.133182243602814765e+01,1.000000000000000000e+00,5.000000000000000000e+00
-2.579689210859006465e+01,1.000000000000000000e+00,-7.000000000000000000e+01
5.542616361681825055e+01,1.000000000000000000e+00,1.200000000000000000e+01
5.084507428451283317e+01,1.000000000000000000e+00,6.000000000000000000e+00
4.206486680332969996e+01,1.000000000000000000e+00,-1.000000000000000000e+00
-6.840941234257641668e+00,1.000000000000000000e+00,-4.800000000000000000e+01
4.043759686990333790e+01,1.000000000000000000e+00,-1.000000000000000000e+00
1.527970981162630437e+01,1.000000000000000000e+00,-2.400000000000000000e+01
2.480630174810416122e+01,1.000000000000000000e+00,-1.400000000000000000e+01
5.896698188528278450e+01,1.000000000000000000e+00,1.700000000000000000e+01
6.812098251806361304e+01,1.000000000000000000e+00,2.900000000000000000e+01
5.695453106202428017e+01,1.000000000000000000e+00,2.200000000000000000e+01
3.080970908294469979e+01,1.000000000000000000e+00,-6.000000000000000000e+00
2.625622833697105563e+01,1.000000000000000000e+00,-1.300000000000000000e+01
3.611627435523669760e+01,1.000000000000000000e+00,0.000000000000000000e+00
4.159540743029270260e+01,1.000000000000000000e+00,7.000000000000000000e+00
9.764071592307949743e+00,1.000000000000000000e+00,-2.500000000000000000e+01
4.772988066283177488e+01,1.000000000000000000e+00,1.200000000000000000e+01
4.352455021470836982e+01,1.000000000000000000e+00,6.000000000000000000e+00
4.714098910522162811e+01,1.000000000000000000e+00,1.300000000000000000e+01
2.330160574973824694e+01,1.000000000000000000e+00,-8.000000000000000000e+00
2.275710066551616251e+01,1.000000000000000000e+00,-1.000000000000000000e+01
5.480324125985757888e+01,1.000000000000000000e+00,2.500000000000000000e+01
1.010912299862671659e+01,1.000000000000000000e+00,-2.300000000000000000e+01
3.282258139653984585e+01,1.000000000000000000e+00,6.000000000000000000e+00
9.767905327975100249e+00,1.000000000000000000e+00,-1.500000000000000000e+01
3.556486756534276594e+01,1.000000000000000000e+00,6.000000000000000000e+00
5.101817419830045708e+01,1.000000000000000000e+00,2.100000000000000000e+01
5.575385384500856389e+01,1.000000000000000000e+00,2.600000000000000000e+01
2.777380229910791343e+01,1.000000000000000000e+00,1.000000000000000000e+00
5.848294971478937043e+01,1.000000000000000000e+00,2.900000000000000000e+01
4.545665741768470269e+01,1.000000000000000000e+00,1.700000000000000000e+01
1.534079970317970876e+01,1.000000000000000000e+00,-1.300000000000000000e+01
3.139423839806732985e+01,1.000000000000000000e+00,5.000000000000000000e+00
6.591148242318388384e+01,1.000000000000000000e+00,3.900000000000000000e+01
3.816623304449823451e+01,1.000000000000000000e+00,1.300000000000000000e+01
2.538630473110346486e+01,1.000000000000000000e+00,-3.000000000000000000e+00
1.113668914657960585e+01,1.000000000000000000e+00,-1.400000000000000000e+01
2.821707056419403870e+01,1.000000000000000000e+00,4.000000000000000000e+00
1.769063842875468495e+01,1.000000000000000000e+00,-6.000000000000000000e+00
1.432729960562483384e+01,1.000000000000000000e+00,-1.100000000000000000e+01
3.916859334321262054e+01,1.000000000000000000e+00,1.500000000000000000e+01
1.715298456282758721e+01,1.000000000000000000e+00,-9.000000000000000000e+00
-2.378202267923499491e+01,1.000000000000000000e+00,-4.500000000000000000e+01
1.093689834127036775e+01,1.000000000000000000e+00,-1.300000000000000000e+01
4.211088997335382089e+01,1.000000000000000000e+00,2.000000000000000000e+01
2.737291499946504203e+01,1.000000000000000000e+00,7.000000000000000000e+00
7.894597728180531959e+00,1.000000000000000000e+00,-1.400000000000000000e+01
4.012282726276185940e+01,1.000000000000000000e+00,2.000000000000000000e+01
9.390814777198244201e+00,1.000000000000000000e+00,-1.200000000000000000e+01
2.640215035948574851e+01,1.000000000000000000e+00,2.000000000000000000e+00
2.577094251774836664e+01,1.000000000000000000e+00,3.000000000000000000e+00
1.158254798623173443e+01,1.000000000000000000e+00,-8.000000000000000000e+00
4.392237936389533104e+01,1.000000000000000000e+00,2.200000000000000000e+01
1.473874046703442886e+01,1.000000000000000000e+00,-5.000000000000000000e+00
1.512984844672321216e+01,1.000000000000000000e+00,-4.000000000000000000e+00
5.038319313874559668e+01,1.000000000000000000e+00,3.000000000000000000e+01
5.466768956817119118e+01,1.000000000000000000e+00,3.600000000000000000e+01
3.869423546421361237e+01,1.000000000000000000e+00,1.600000000000000000e+01
1.280691611473282165e+01,1.000000000000000000e+00,-1.100000000000000000e+01
-4.976725291046818711e+00,1.000000000000000000e+00,-2.600000000000000000e+01
9.240970205830084439e+00,1.000000000000000000e+00,-1.200000000000000000e+01
3.508789683015105965e+01,1.000000000000000000e+00,1.900000000000000000e+01
3.165681456582468201e+01,1.000000000000000000e+00,1.200000000000000000e+01
2.038950907764317932e+01,1.000000000000000000e+00,1.000000000000000000e+00
1.055664197380064095e+01,1.000000000000000000e+00,-1.000000000000000000e+01
2.378133830131375959e+01,1.000000000000000000e+00,3.000000000000000000e+00
2.006621535801809131e+01,1.000000000000000000e+00,-1.000000000000000000e+00
6.428629372339341330e+01,1.000000000000000000e+00,4.400000000000000000e+01
3.794628449564808648e+01,1.000000000000000000e+00,1.800000000000000000e+01
5.258088519946245754e+01,1.000000000000000000e+00,3.000000000000000000e+01
1.118874934741631222e+01,1.000000000000000000e+00,-6.000000000000000000e+00
-5.069495093911875472e+00,1.000000000000000000e+00,-2.700000000000000000e+01
2.742276715935745557e+01,1.000000000000000000e+00,6.000000000000000000e+00
4.286928355860311513e+01,1.000000000000000000e+00,2.000000000000000000e+01
6.506496233653297878e+00,1.000000000000000000e+00,-1.300000000000000000e+01
-2.223446368737472767e+01,1.000000000000000000e+00,-4.200000000000000000e+01
1.480178942421154886e+00,1.000000000000000000e+00,-2.300000000000000000e+01
3.745729594220536285e+01,1.000000000000000000e+00,1.600000000000000000e+01
1.146175195041472961e+01,1.000000000000000000e+00,-6.000000000000000000e+00
4.634155719137300622e+00,1.000000000000000000e+00,-1.500000000000000000e+01
5.350377313589646633e+00,1.000000000000000000e+00,-1.300000000000000000e+01
-1.017865881416090446e+01,1.000000000000000000e+00,-3.200000000000000000e+01
4.130131681925917775e+01,1.000000000000000000e+00,2.000000000000000000e+01
-7.835724222736150324e+00,1.000000000000000000e+00,-3.100000000000000000e+01
4.832485858089881248e+01,1.000000000000000000e+00,2.500000000000000000e+01
-3.904868453115170723e+00,1.000000000000000000e+00,-2.700000000000000000e+01
2.807957975471875756e+01,1.000000000000000000e+00,4.000000000000000000e+00
1.733571363690346345e+01,1.000000000000000000e+00,-6.000000000000000000e+00
4.134498739316772031e+01,1.000000000000000000e+00,1.700000000000000000e+01
-2.065367836131162349e+01,1.000000000000000000e+00,-4.400000000000000000e+01
3.351674563721403644e+01,1.000000000000000000e+00,7.000000000000000000e+00
6.065963884978248188e+01,1.000000000000000000e+00,3.600000000000000000e+01
3.227217361292515818e+01,1.000000000000000000e+00,1.100000000000000000e+01
6.318491607141056932e+01,1.000000000000000000e+00,3.900000000000000000e+01
5.475665300335236907e+01,1.000000000000000000e+00,2.600000000000000000e+01
2.844219254547235565e+01,1.000000000000000000e+00,2.000000000000000000e+00
3.477715546625815790e+01,1.000000000000000000e+00,9.000000000000000000e+00
3.667455596711577925e+01,1.000000000000000000e+00,1.000000000000000000e+01
2.074771954860381129e+00,1.000000000000000000e+00,-2.800000000000000000e+01
-4.531197081128720328e+00,1.000000000000000000e+00,-3.200000000000000000e+01
2.382013697050519951e+01,1.000000000000000000e+00,-4.000000000000000000e+00
2.662529588897911381e+01,1.000000000000000000e+00,0.000000000000000000e+00
2.232367404430357993e+01,1.000000000000000000e+00,-9.000000000000000000e+00
4.040784440249237264e+01,1.000000000000000000e+00,1.100000000000000000e+01
2.369019038947342892e+00,1.000000000000000000e+00,-3.000000000000000000e+01
5.184341933734663854e+01,1.000000000000000000e+00,2.100000000000000000e+01
1.393012638981328877e+00,1.000000000000000000e+00,-3.000000000000000000e+01
3.753850325357027629e+01,1.000000000000000000e+00,3.000000000000000000e+00
4.490473745518093551e+01,1.000000000000000000e+00,9.000000000000000000e+00
4.714675981865108412e+01,1.000000000000000000e+00,1.400000000000000000e+01
4.394651343424997947e+01,1.000000000000000000e+00,1.000000000000000000e+01
2.929714220616529730e+01,1.000000000000000000e+00,-8.000000000000000000e+00
7.609718211210584116e+00,1.000000000000000000e+00,-2.700000000000000000e+01
2.077826922211387739e+01,1.000000000000000000e+00,-1.500000000000000000e+01
2.562592195683880192e+01,1.000000000000000000e+00,-1.000000000000000000e+01
3.934745225878723573e+01,1.000000000000000000e+00,5.000000000000000000e+00
1.441610223243778677e+01,1.000000000000000000e+00,-2.000000000000000000e+01
2.318618567901242500e+01,1.000000000000000000e+00,-1.300000000000000000e+01
3.886439014937898406e+01,1.000000000000000000e+00,3.000000000000000000e+00
3.757854945470396046e+01,1.000000000000000000e+00,0.000000000000000000e+00
3.907362656332282569e+01,1.000000000000000000e+00,1.000000000000000000e+00
3.903166829400946369e+01,1.000000000000000000e+00,-1.000000000000000000e+00
4.688774180809832615e+01,1.000000000000000000e+00,8.000000000000000000e+00
1.155548144027195434e+01,1.000000000000000000e+00,-3.200000000000000000e+01
4.328708848581665336e+01,1.000000000000000000e+00,-4.000000000000000000e+00
2.201278865253330252e+01,1.000000000000000000e+00,-1.700000000000000000e+01
4.335108232840324405e+01,1.000000000000000000e+00,-1.000000000000000000e+00
3.188600759862317346e+01,1.000000000000000000e+00,-1.600000000000000000e+01
3.771897344498628968e+01,1.000000000000000000e+00,-1.100000000000000000e+01
6.596404285734368500e+01,1.000000000000000000e+00,1.800000000000000000e+01
4.075512662074795855e+01,1.000000000000000000e+00,-5.000000000000000000e+00
6.279637707603753682e+01,1.000000000000000000e+00,1.500000000000000000e+01
5.209388572453330823e+01,1.000000000000000000e+00,8.000000000000000000e+00
8.031894742160602618e+01,1.000000000000000000e+00,3.300000000000000000e+01
1.625857606554924217e+01,1.000000000000000000e+00,-3.200000000000000000e+01
5.489898124759088915e+01,1.000000000000000000e+00,7.000000000000000000e+00
7.089322702905062101e+01,1.000000000000000000e+00,2.000000000000000000e+01
9.003511398510485719e+01,1.000000000000000000e+00,3.800000000000000000e+01
6.808423378015724836e+01,1.000000000000000000e+00,1.500000000000000000e+01
6.680259283897214573e+01,1.000000000000000000e+00,1.900000000000000000e+01
4.166095928009957561e+01,1.000000000000000000e+00,-1.100000000000000000e+01
3.506075299157903657e+01,1.000000000000000000e+00,-2.100000000000000000e+01
4.378745646316768614e+01,1.000000000000000000e+00,-6.000000000000000000e+00
5.507267378778445277e+01,1.000000000000000000e+00,2.000000000000000000e+00
2.850857906591833313e+01,1.000000000000000000e+00,-2.600000000000000000e+01
6.420076327254108151e+01,1.000000000000000000e+00,6.000000000000000000e+00
8.210978113620507202e+01,1.000000000000000000e+00,2.400000000000000000e+01
5.627767748104207612e+01,1.000000000000000000e+00,-1.000000000000000000e+00
3.555508306614726877e+01,1.000000000000000000e+00,-2.600000000000000000e+01
8.254882021945600457e+01,1.000000000000000000e+00,2.100000000000000000e+01
2.317781721280620388e+01,1.000000000000000000e+00,-3.300000000000000000e+01
5.807996242843143619e+01,1.000000000000000000e+00,0.000000000000000000e+00
4.443042824818292758e+01,1.000000000000000000e+00,-1.500000000000000000e+01
6.705742837631746056e+01,1.000000000000000000e+00,5.000000000000000000e+00
7.314274562364886378e+01,1.000000000000000000e+00,1.100000000000000000e+01
5.527980917739411382e+01,1.000000000000000000e+00,-7.000000000000000000e+00
8.291680077575516350e+01,1.000000000000000000e+00,1.700000000000000000e+01
8.204589753072440317e+01,1.000000000000000000e+00,1.800000000000000000e+01
8.310222405958701586e+01,1.000000000000000000e+00,1.800000000000000000e+01
5.990846864587570053e+01,1.000000000000000000e+00,-6.000000000000000000e+00
5.875963152582320959e+01,1.000000000000000000e+00,-1.100000000000000000e+01
8.938710281108900801e+01,1.000000000000000000e+00,2.700000000000000000e+01
8.101161616923164388e+01,1.000000000000000000e+00,1.300000000000000000e+01
5.532714874699003360e+01,1.000000000000000000e+00,-9.000000000000000000e+00
7.168154886708674667e+01,1.000000000000000000e+00,6.000000000000000000e+00
1.725745115591143986e+01,1.000000000000000000e+00,-5.000000000000000000e+01
4.018194342372440531e+01,1.000000000000000000e+00,-2.700000000000000000e+01
5.887951008567206657e+01,1.000000000000000000e+00,-9.000000000000000000e+00
8.913837430618251290e+01,1.000000000000000000e+00,2.000000000000000000e+01
1.013550110194903766e+02,1.000000000000000000e+00,3.000000000000000000e+01
6.536243221405261750e+01,1.000000000000000000e+00,-9.000000000000000000e+00
3.504439862508037606e+01,1.000000000000000000e+00,-3.500000000000000000e+01
7.871166660343415344e+01,1.000000000000000000e+00,7.000000000000000000e+00
1.029081294969982991e+02,1.000000000000000000e+00,2.900000000000000000e+01
9.288116899611725330e+01,1.000000000000000000e+00,2.000000000000000000e+01
7.736461372130513325e+01,1.000000000000000000e+00,4.000000000000000000e+00
1.017210984453283373e+02,1.000000000000000000e+00,2.900000000000000000e+01
1.027369772591332833e+02,1.000000000000000000e+00,2.900000000000000000e+01
7.475382859353045717e+01,1.000000000000000000e+00,1.000000000000000000e+00
7.326144936485293613e+01,1.000000000000000000e+00,-6.000000000000000000e+00
7.355129831832354625e+01,1.000000000000000000e+00,-1.000000000000000000e+00
7.654670066875416978e+01,1.000000000000000000e+00,0.000000000000000000e+00
3.569660105328780730e+01,1.000000000000000000e+00,-3.800000000000000000e+01
7.374489528607453792e+01,1.000000000000000000e+00,0.000000000000000000e+00
9.086195683264287482e+01,1.000000000000000000e+00,1.500000000000000000e+01
1.115151282382643529e+02,1.000000000000000000e+00,3.300000000000000000e+01
1.179706114127463934e+02,1.000000000000000000e+00,4.300000000000000000e+01
1.315557040755236926e+02,1.000000000000000000e+00,5.400000000000000000e+01
7.261477158086307782e+01,1.000000000000000000e+00,0.000000000000000000e+00
6.583224882436626046e+01,1.000000000000000000e+00,-1.300000000000000000e+01
6.547305014674930135e+01,1.000000000000000000e+00,-1.000000000000000000e+01
6.181437918406410859e+01,1.000000000000000000e+00,-1.800000000000000000e+01
4.348814247668710209e+01,1.000000000000000000e+00,-3.300000000000000000e+01
7.058689879010648838e+01,1.000000000000000000e+00,-9.000000000000000000e+00
7.397292800935197477e+01,1.000000000000000000e+00,-3.000000000000000000e+00
8.957777167238397453e+01,1.000000000000000000e+00,1.100000000000000000e+01
4.738816213514013498e+01,1.000000000000000000e+00,-2.900000000000000000e+01
6.963865096360554219e+01,1.000000000000000000e+00,-8.000000000000000000e+00
1.049107534939071513e+02,1.000000000000000000e+00,2.500000000000000000e+01
1.076836140228870136e+02,1.000000000000000000e+00,2.900000000000000000e+01
8.710262323987063837e+01,1.000000000000000000e+00,9.000000000000000000e+00
9.012621048554917991e+01,1.000000000000000000e+00,1.000000000000000000e+01
9.627041296045607055e+01,1.000000000000000000e+00,1.600000000000000000e+01
6.730309042450954848e+01,1.000000000000000000e+00,-1.100000000000000000e+01
8.060271110590264243e+01,0.000000000000000000e+00,0.000000000000000000e+00
7.859547637992314151e+01,0.000000000000000000e+00,0.000000000000000000e+00
7.868470599439353919e+01,0.000000000000000000e+00,0.000000000000000000e+00
8.327404457338445809e+01,0.000000000000000000e+00,0.000000000000000000e+00
7.911021311351289853e+01,0.000000000000000000e+00,0.000000000000000000e+00
8.201876710819801986e+01,0.000000000000000000e+00,0.000000000000000000e+00
7.914822119611106643e+01,0.000000000000000000e+00,0.000000000000000000e+00
7.739028808651629276e+01,0.000000000000000000e+00,0.000000000000000000e+00
8.151931052796548727e+01,0.000000000000000000e+00,0.000000000000000000e+00
8.048881900102811926e+01,0.000000000000000000e+00,0.000000000000000000e+00
7.758094812115882632e+01,0.000000000000000000e+00,0.000000000000000000e+00
8.361627945979243748e+01,0.000000000000000000e+00,0.000000000000000000e+00
7.755831958712684582e+01,0.000000000000000000e+00,0.000000000000000000e+00
8.070339617896594575e+01,0.000000000000000000e+00,0.000000000000000000e+00
7.884717819850877163e+01,0.000000000000000000e+00,0.000000000000000000e+00
8.110910618321327092e+01,0.000000000000000000e+00,0.000000000000000000e+00
7.794254709905821699e+01,0.000000000000000000e+00,0.000000000000000000e+00
7.776276908411320221e+01,0.000000000000000000e+00,0.000000000000000000e+00
7.737062029992456758e+01,0.000000000000000000e+00,0.000000000000000000e+00
7.741317597455653754e+01,0.000000000000000000e+00,0.000000000000000000e+00
8.275077003019575272e+01,0.000000000000000000e+00,0.000000000000000000e+00
7.950817178282098041e+01,0.000000000000000000e+00,0.000000000000000000e+00
7.975069981601930635e+01,0.000000000000000000e+00,0.000000000000000000e+00
7.618042551548055030e+01,0.000000000000000000e+00,0.000000000000000000e+00
7.849577711384463896e+01,0.000000000000000000e+00,0.000000000000000000e+00
7.751510153913159229e+01,0.000000000000000000e+00,0.000000000000000000e+00
7.460681640824945760e+01,0.000000000000000000e+00,0.000000000000000000e+00
7.783413237579688371e+01,0.000000000000000000e+00,0.000000000000000000e+00
7.360621917948681414e+01,0.000000000000000000e+00,0.000000000000000000e+00
7.866803792787827376e+01,0.000000000000000000e+00,0.000000000000000000e+00
7.470742511573403988e+01,0.000000000000000000e+00,0.000000000000000000e+00
7.519139601232696180e+01,0.000000000000000000e+00,0.000000000000000000e+00
7.178670520894674212e+01,0.000000000000000000e+00,0.000000000000000000e+00
7.486101338950111028e+01,0.000000000000000000e+00,0.000000000000000000e+00
7.479424623060663180e+01,0.000000000000000000e+00,0.000000000000000000e+00
7.577603732603718356e+01,0.000000000000000000e+00,0.000000000000000000e+00
7.175288268163708949e+01,0.000000000000000000e+00,0.000000000000000000e+00
7.548307563935253484e+01,0.000000000000000000e+00,0.000000000000000000e+00
7.347095161793325246e+01,0.000000000000000000e+00,0.000000000000000000e+00
7.034717685100403628e+01,0.000000000000000000e+00,0.000000000000000000e+00
7.475479011294106613e+01,0.000000000000000000e+00,0.000000000000000000e+00
7.152491156982378584e+01,0.000000000000000000e+00,0.000000000000000000e+00
7.060502590646257204e+01,0.000000000000000000e+00,0.000000000000000000e+00
7.045638788351566006e+01,0.000000000000000000e+00,0.000000000000000000e+00
6.986310994595285706e+01,0.000000000000000000e+00,0.000000000000000000e+00
7.142285538202121131e+01,0.000000000000000000e+00,0.000000000000000000e+00
6.894006906907935672e+01,0.000000000000000000e+00,0.000000000000000000e+00
6.779294695725283759e+01,0.000000000000000000e+00,0.000000000000000000e+00
6.941865285652067996e+01,0.000000000000000000e+00,0.000000000000000000e+00
6.640020453871316874e+01,0.000000000000000000e+00,0.000000000000000000e+00
6.957988644506828280e+01,0.000000000000000000e+00,0.000000000000000000e+00
6.615586216706201128e+01,0.000000000000000000e+00,0.000000000000000000e+00
6.506339524637755289e+01,0.000000000000000000e+00,0.000000000000000000e+00
6.493818875055299600e+01,0.000000000000000000e+00,0.000000000000000000e+00
6.297240763165399358e+01,0.000000000000000000e+00,0.000000000000000000e+00
6.386742702999325161e+01,0.000000000000000000e+00,0.000000000000000000e+00
6.314023533698628654e+01,0.000000000000000000e+00,0.000000000000000000e+00
6.081218788824648414e+01,0.000000000000000000e+00,0.000000000000000000e+00
6.065336035420822469e+01,0.000000000000000000e+00,0.000000000000000000e+00
6.190548886823469132e+01,0.000000000000000000e+00,0.000000000000000000e+00
6.020477004949495381e+01,0.000000000000000000e+00,0.000000000000000000e+00
5.659096195253457751e+01,0.000000000000000000e+00,0.000000000000000000e+00
6.038176661917412247e+01,0.000000000000000000e+00,0.000000000000000000e+00
5.618666773847611751e+01,0.000000000000000000e+00,0.000000000000000000e+00
5.779776786918142761e+01,0.000000000000000000e+00,0.000000000000000000e+00
5.600456750430729613e+01,0.000000000000000000e+00,0.000000000000000000e+00
5.388066060719394557e+01,0.000000000000000000e+00,0.000000000000000000e+00
5.620816604409806416e+01,0.000000000000000000e+00,0.000000000000000000e+00
5.674395864798987787e+01,0.000000000000000000e+00,0.000000000000000000e+00
5.427911757187156638e+01,0.000000000000000000e+00,0.000000000000000000e+00
5.218780964799184829e+01,0.000000000000000000e+00,0.000000000000000000e+00
5.353339260553924817e+01,0.000000000000000000e+00,0.000000000000000000e+00
5.315984007644718901e+01,0.000000000000000000e+00,0.000000000000000000e+00
5.124648157847406793e+01,0.000000000000000000e+00,0.000000000000000000e+00
5.267539525614701290e+01,0.000000000000000000e+00,0.000000000000000000e+00
5.354218388578392762e+01,0.000000000000000000e+00,0.000000000000000000e+00
4.674252340141664774e+01,0.000000000000000000e+00,0.000000000000000000e+00
5.006725195796502703e+01,0.000000000000000000e+00,0.000000000000000000e+00
4.843781209929888831e+01,0.000000000000000000e+00,0.000000000000000000e+00
4.884369300120372515e+01,0.000000000000000000e+00,0.000000000000000000e+00
4.661489619872167367e+01,0.000000000000000000e+00,0.000000000000000000e+00
4.692731063555165605e+01,0.000000000000000000e+00,0.000000000000000000e+00
4.530556539812722150e+01,0.000000000000000000e+00,0.000000000000000000e+00
4.439157065987942730e+01,0.000000000000000000e+00,0.000000000000000000e+00
4.583285269880110491e+01,0.000000000000000000e+00,0.000000000000000000e+00
4.351440157795754260e+01,0.000000000000000000e+00,0.000000000000000000e+00
4.301703015605208691e+01,0.000000000000000000e+00,0.000000000000000000e+00
4.299223301477704950e+01,0.000000000000000000e+00,0.000000000000000000e+00
3.993304876146398641e+01,0.000000000000000000e+00,0.000000000000000000e+00
4.084937485263073853e+01,0.000000000000000000e+00,0.000000000000000000e+00
4.348923192426497764e+01,0.000000000000000000e+00,0.000000000000000000e+00
3.859054182881931894e+01,0.000000000000000000e+00,0.000000000000000000e+00
3.842719475574015320e+01,0.000000000000000000e+00,0.000000000000000000e+00
3.634834989155820040e+01,0.000000000000000000e+00,0.000000000000000000e+00
3.441181785620961620e+01,0.000000000000000000e+00,0.000000000000000000e+00
3.816743389106635931e+01,0.000000000000000000e+00,0.000000000000000000e+00
3.801375636798632485e+01,0.000000000000000000e+00,0.000000000000000000e+00
3.456807555059253190e+01,0.000000000000000000e+00,0.000000000000000000e+00
3.678039147919488272e+01,0.000000000000000000e+00,0.000000000000000000e+00
3.449913662595102437e+01,0.000000000000000000e+00,0.000000000000000000e+00
3.537687888742422615e+01,0.000000000000000000e+00,0.000000000000000000e+00
3.469578685865662493e+01,0.000000000000000000e+00,0.000000000000000000e+00
3.612062573423011713e+01,0.000000000000000000e+00,0.000000000000000000e+00
3.174652085058558981e+01,0.000000000000000000e+00,0.000000000000000000e+00
3.273116593076727554e+01,0.000000000000000000e+00,0.000000000000000000e+00
3.474574660422930350e+01,0.000000000000000000e+00,0.000000000000000000e+00
3.275183562885865740e+01,0.000000000000000000e+00,0.000000000000000000e+00
2.947520222898373987e+01,0.000000000000000000e+00,0.000000000000000000e+00
3.020854567176402483e+01,0.000000000000000000e+00,0.000000000000000000e+00
2.970949442404051410e+01,0.000000000000000000e+00,0.000000000000000000e+00
2.919615624045087188e+01,0.000000000000000000e+00,0.000000000000000000e+00
2.906286278977220050e+01,0.000000000000000000e+00,0.000000000000000000e+00
2.740562299923962541e+01,0.000000000000000000e+00,0.000000000000000000e+00
2.865168032138845078e+01,0.000000000000000000e+00,0.000000000000000000e+00
2.385466688689125192e+01,0.000000000000000000e+00,0.000000000000000000e+00
2.931080171178977167e+01,0.000000000000000000e+00,0.000000000000000000e+00
2.758293344809599290e+01,0.000000000000000000e+00,0.000000000000000000e+00
2.726829906235372647e+01,0.000000000000000000e+00,0.000000000000000000e+00
3.107477060106743139e+01,0.000000000000000000e+00,0.000000000000000000e+00
2.804280411478130119e+01,0.000000000000000000e+00,0.000000000000000000e+00
2.359341909303419627e+01,0.000000000000000000e+00,0.000000000000000000e+00
2.638672348910544230e+01,0.000000000000000000e+00,0.000000000000000000e+00
2.307344049349567072e+01,0.000000000000000000e+00,0.000000000000000000e+00
2.576392870899028509e+01,0.000000000000000000e+00,0.000000000000000000e+00
2.216212900957480159e+01,0.000000000000000000e+00,0.000000000000000000e+00
2.501290617783711667e+01,0.000000000000000000e+00,0.000000000000000000e+00
2.448205708356308463e+01,0.000000000000000000e+00,0.000000000000000000e+00
2.519476682707528070e+01,0.000000000000000000e+00,0.000000000000000000e+00
2.288889479526115167e+01,0.000000000000000000e+00,0.000000000000000000e+00
2.444488330383252972e+01,0.000000000000000000e+00,0.000000000000000000e+00
2.041086960083726254e+01,0.000000000000000000e+00,0.000000000000000000e+00
2.123478892582375366e+01,0.000000000000000000e+00,0.000000000000000000e+00
2.255889305761717267e+01,0.000000000000000000e+00,0.000000000000000000e+00
2.188529508937798340e+01,0.000000000000000000e+00,0.000000000000000000e+00
2.036081280882105915e+01,0.000000000000000000e+00,0.000000000000000000e+00
1.845609148402675004e+01,0.000000000000000000e+00,0.000000000000000000e+00
2.252136431054737642e+01,0.000000000000000000e+00,0.000000000000000000e+00
2.252928058387359300e+01,0.000000000000000000e+00,0.000000000000000000e+00
2.184127388347430099e+01,0.000000000000000000e+00,0.000000000000000000e+00
2.176388301689305749e+01,0.000000000000000000e+00,0.000000000000000000e+00
2.238108450049389830e+01,0.000000000000000000e+00,0.000000000000000000e+00
2.039896726049809672e+01,0.000000000000000000e+00,0.000000000000000000e+00
1.939638377828292093e+01,0.000000000000000000e+00,0.000000000000000000e+00
1.935104971196934898e+01,0.000000000000000000e+00,0.000000000000000000e+00
1.966291654875194794e+01,0.000000000000000000e+00,0.000000000000000000e+00
2.105584382249145392e+01,0.000000000000000000e+00,0.000000000000000000e+00
2.333070033563030421e+01,0.000000000000000000e+00,0.000000000000000000e+00
2.247963621287514968e+01,0.000000000000000000e+00,0.000000000000000000e+00
1.641548183213603096e+01,0.000000000000000000e+00,0.000000000000000000e+00
2.101110453054191396e+01,0.000000000000000000e+00,0.000000000000000000e+00
2.054704251287244432e+01,0.000000000000000000e+00,0.000000000000000000e+00
2.195104815037205270e+01,0.000000000000000000e+00,0.000000000000000000e+00
2.323122002352835480e+01,0.000000000000000000e+00,0.000000000000000000e+00
1.967195050099208586e+01,0.000000000000000000e+00,0.000000000000000000e+00
1.878391599605089368e+01,0.000000000000000000e+00,0.000000000000000000e+00
2.301926582372866292e+01,0.000000000000000000e+00,0.000000000000000000e+00
2.345831384549297027e+01,0.000000000000000000e+00,0.000000000000000000e+00
1.980332586753727853e+01,0.000000000000000000e+00,0.000000000000000000e+00
2.119340960818217923e+01,0.000000000000000000e+00,0.000000000000000000e+00
2.377325664340851930e+01,0.000000000000000000e+00,0.000000000000000000e+00
1.817763266876951178e+01,0.000000000000000000e+00,0.000000000000000000e+00
2.201448623650905034e+01,0.000000000000000000e+00,0.000000000000000000e+00
1.737042591804810598e+01,0.000000000000000000e+00,0.000000000000000000e+00
1.920096547161949019e+01,0.000000000000000000e+00,0.000000000000000000e+00
1.815401389256500053e+01,0.000000000000000000e+00,0.000000000000000000e+00
1.785339885804513216e+01,0.000000000000000000e+00,0.000000000000000000e+00
2.081377523113661709e+01,0.000000000000000000e+00,0.000000000000000000e+00
2.529915740486995190e+01,0.000000000000000000e+00,0.000000000000000000e+00
2.307744351099577074e+01,0.000000000000000000e+00,0.000000000000000000e+00
2.399064872857276143e+01,0.000000000000000000e+00,0.000000000000000000e+00
2.237912742859804638e+01,0.000000000000000000e+00,0.000000000000000000e+00
2.249779519843406916e+01,0.000000000000000000e+00,0.000000000000000000e+00
2.724033884787934667e+01,0.000000000000000000e+00,0.000000000000000000e+00
2.600520865476478249e+01,0.000000000000000000e+00,0.000000000000000000e+00
2.062485836232413661e+01,0.000000000000000000e+00,0.000000000000000000e+00
2.256757421485335158e+01,0.000000000000000000e+00,0.000000000000000000e+00
2.393802138905849120e+01,0.000000000000000000e+00,0.000000000000000000e+00
2.161881101704017283e+01,0.000000000000000000e+00,0.000000000000000000e+00
2.709739837278588936e+01,0.000000000000000000e+00,0.000000000000000000e+00
2.420806419155132971e+01,0.000000000000000000e+00,0.000000000000000000e+00
2.535857045415573907e+01,0.000000000000000000e+00,0.000000000000000000e+00
2.855117676021355066e+01,0.000000000000000000e+00,0.000000000000000000e+00
2.506741447584070670e+01,0.000000000000000000e+00,0.000000000000000000e+00
2.345217557862268265e+01,0.000000000000000000e+00,0.000000000000000000e+00
2.681330051181809893e+01,0.000000000000000000e+00,0.000000000000000000e+00
2.850039048114987850e+01,0.000000000000000000e+00,0.000000000000000000e+00
3.005155328744296384e+01,0.000000000000000000e+00,0.000000000000000000e+00
2.629633647546365438e+01,0.000000000000000000e+00,0.000000000000000000e+00
2.962427477395545594e+01,0.000000000000000000e+00,0.000000000000000000e+00
3.305669106756341336e+01,0.000000000000000000e+00,0.000000000000000000e+00
3.103142772411627348e+01,0.000000000000000000e+00,0.000000000000000000e+00
3.187818290164897306e+01,0.000000000000000000e+00,0.000000000000000000e+00
3.301866907248962946e+01,0.000000000000000000e+00,0.000000000000000000e+00
3.409062953453803146e+01,0.000000000000000000e+00,0.000000000000000000e+00
3.426153611350405725e+01,0.000000000000000000e+00,0.000000000000000000e+00
3.395789165604761450e+01,0.000000000000000000e+00,0.000000000000000000e+00
3.081468170814552821e+01,0.000000000000000000e+00,0.000000000000000000e+00
3.631048244037298645e+01,0.000000000000000000e+00,0.000000000000000000e+00
3.467004385323718907e+01,0.000000000000000000e+00,0.000000000000000000e+00
3.352140676545165832e+01,0.000000000000000000e+00,0.000000000000000000e+00
3.723487514636730822e+01,0.000000000000000000e+00,0.000000000000000000e+00
3.572990047973132732e+01,0.000000000000000000e+00,0.000000000000000000e+00
3.801053863869355354e+01,0.000000000000000000e+00,0.000000000000000000e+00
3.824479800122342965e+01,0.000000000000000000e+00,0.000000000000000000e+00
3.895821737722498312e+01,0.000000000000000000e+00,0.000000000000000000e+00
4.207714593474558029e+01,0.000000000000000000e+00,0.000000000000000000e+00
4.015360437552494943e+01,0.000000000000000000e+00,0.000000000000000000e+00
4.158374481142744372e+01,0.000000000000000000e+00,0.000000000000000000e+00
4.085006835823361371e+01,0.000000000000000000e+00,0.000000000000000000e+00
4.304535855773391262e+01,0.000000000000000000e+00,0.000000000000000000e+00
4.410992936807306819e+01,0.000000000000000000e+00,0.000000000000000000e+00
4.395291286167175571e+01,0.000000000000000000e+00,0.000000000000000000e+00
4.476136978654897547e+01,0.000000000000000000e+00,0.000000000000000000e+00
4.590641548315857534e+01,0.000000000000000000e+00,0.000000000000000000e+00
4.387431532415387636e+01,0.000000000000000000e+00,0.000000000000000000e+00
4.470589204369117198e+01,0.000000000000000000e+00,0.000000000000000000e+00
4.594938063829878416e+01,0.000000000000000000e+00,0.000000000000000000e+00
4.771609774981018148e+01,0.000000000000000000e+00,0.000000000000000000e+00
4.765998909000535377e+01,0.000000000000000000e+00,0.000000000000000000e+00
5.154983024170062578e+01,0.000000000000000000e+00,0.000000000000000000e+00
5.010879157781189264e+01,0.000000000000000000e+00,0.000000000000000000e+00
4.885768349600208893e+01,0.000000000000000000e+00,0.000000000000000000e+00
5.078759401900816783e+01,0.000000000000000000e+00,0.000000000000000000e+00
5.228217458982917520e+01,0.000000000000000000e+00,0.000000000000000000e+00
5.360152801799584665e+01,0.000000000000000000e+00,0.000000000000000000e+00
5.412070774248412164e+01,0.000000000000000000e+00,0.000000000000000000e+00
4.973575145993170565e+01,0.000000000000000000e+00,0.000000000000000000e+00
5.557332454140579614e+01,0.000000000000000000e+00,0.000000000000000000e+00
5.390108937308782089e+01,0.000000000000000000e+00,0.000000000000000000e+00
5.739809167580661153e+01,0.000000000000000000e+00,0.000000000000000000e+00
5.414480220925331366e+01,0.000000000000000000e+00,0.000000000000000000e+00
5.334437266282398582e+01,0.000000000000000000e+00,0.000000000000000000e+00
5.782259955284854414e+01,0.000000000000000000e+00,0.000000000000000000e+00
5.688680399521796005e+01,0.000000000000000000e+00,0.000000000000000000e+00
5.392076609135812504e+01,0.000000000000000000e+00,0.000000000000000000e+00
5.721740893586013499e+01,0.000000000000000000e+00,0.000000000000000000e+00
5.866968473096356007e+01,0.000000000000000000e+00,0.000000000000000000e+00
6.056065788454201737e+01,0.000000000000000000e+00,0.000000000000000000e+00
6.068569005869723298e+01,0.000000000000000000e+00,0.000000000000000000e+00
6.229433179451503833e+01,0.000000000000000000e+00,0.000000000000000000e+00
5.779127478217387903e+01,0.000000000000000000e+00,0.000000000000000000e+00
6.272791601941906237e+01,0.000000000000000000e+00,0.000000000000000000e+00
6.263910650608331565e+01,0.000000000000000000e+00,0.000000000000000000e+00
6.480046950502585901e+01,0.000000000000000000e+00,0.000000000000000000e+00
6.311018010976972192e+01,0.000000000000000000e+00,0.000000000000000000e+00
6.535061143108106307e+01,0.000000000000000000e+00,0.000000000000000000e+00
6.577285614689611748e+01,0.000000000000000000e+00,0.000000000000000000e+00
6.314768201414674564e+01,0.000000000000000000e+00,0.000000000000000000e+00
6.470464654460904796e+01,0.000000000000000000e+00,0.000000000000000000e+00
6.724048352057677391e+01,0.000000000000000000e+00,0.000000000000000000e+00
6.714593566975155170e+01,0.000000000000000000e+00,0.000000000000000000e+00
6.919215006161502401e+01,0.000000000000000000e+00,0.000000000000000000e+00
6.916335877889113704e+01,0.000000000000000000e+00,0.000000000000000000e+00
7.185359187853157437e+01,0.000000000000000000e+00,0.000000000000000000e+00
6.447965342790604382e+01,0.000000000000000000e+00,0.000000000000000000e+00
7.295399664757150049e+01,0.000000000000000000e+00,0.000000000000000000e+00
6.904770796387137466e+01,0.000000000000000000e+00,0.000000000000000000e+00
7.220373984241338405e+01,0.000000000000000000e+00,0.000000000000000000e+00
6.704210570441098582e+01,0.000000000000000000e+00,0.000000000000000000e+00
7.060559119286203611e+01,0.000000000000000000e+00,0.000000000000000000e+00
6.960018029219146740e+01,0.000000000000000000e+00,0.000000000000000000e+00
7.147864678507575320e+01,0.000000000000000000e+00,0.000000000000000000e+00
7.282834869694043789e+01,0.000000000000000000e+00,0.000000000000000000e+00
7.149568873568618699e+01,0.000000000000000000e+00,0.000000000000000000e+00
7.365510588954272464e+01,0.000000000000000000e+00,0.000000000000000000e+00
7.558431188094357367e+01,0.000000000000000000e+00,0.000000000000000000e+00
7.479951073616598478e+01,0.000000000000000000e+00,0.000000000000000000e+00
7.320653719924040104e+01,0.000000000000000000e+00,0.000000000000000000e+00
7.727715565718980884e+01,0.000000000000000000e+00,0.000000000000000000e+00
7.770236907111713265e+01,0.000000000000000000e+00,0.000000000000000000e+00
7.019485298012240548e+01,0.000000000000000000e+00,0.000000000000000000e+00
7.161796193042054881e+01,0.000000000000000000e+00,0.000000000000000000e+00
7.670135996442392923e+01,0.000000000000000000e+00,0.000000000000000000e+00
7.474456289880332349e+01,0.000000000000000000e+00,0.000000000000000000e+00
7.636115047332961581e+01,0.000000000000000000e+00,0.000000000000000000e+00
7.755713483993693558e+01,0.000000000000000000e+00,0.000000000000000000e+00
7.794884476193200840e+01,0.000000000000000000e+00,0.000000000000000000e+00
7.866883292131609551e+01,0.000000000000000000e+00,0.000000000000000000e+00
7.630435935270610059e+01,0.000000000000000000e+00,0.000000000000000000e+00
7.762239818208934139e+01,0.000000000000000000e+00,0.000000000000000000e+00
8.077456604171696597e+01,0.000000000000000000e+00,0.000000000000000000e+00
8.038120015504658511e+01,0.000000000000000000e+00,0.000000000000000000e+00
7.827884488378975902e+01,0.000000000000000000e+00,0.000000000000000000e+00
8.331352153541519101e+01,0.000000000000000000e+00,0.000000000000000000e+00
8.142103169754395253e+01,0.000000000000000000e+00,0.000000000000000000e+00
7.721358824213237426e+01,0.000000000000000000e+00,0.000000000000000000e+00
8.098432939103869899e+01,0.000000000000000000e+00,0.000000000000000000e+00
7.794218643589827877e+01,0.000000000000000000e+00,0.000000000000000000e+00
7.869784364955974354e+01,0.000000000000000000e+00,0.000000000000000000e+00
8.133073560441724226e+01,0.000000000000000000e+00,0.000000000000000000e+00
8.215878225299348969e+01,0.000000000000000000e+00,0.000000000000000000e+00
7.939067850966412720e+01,0.000000000000000000e+00,0.000000000000000000e+00
8.108660833819256197e+01,0.000000000000000000e+00,0.000000000000000000e+00
8.161834454504850100e+01,0.000000000000000000e+00,0.000000000000000000e+00
8.160652575779614892e+01,0.000000000000000000e+00,0.000000000000000000e+00
8.208781846016981376e+01,0.000000000000000000e+00,0.000000000000000000e+00
7.942310081446110814e+01,0.000000000000000000e+00,0.000000000000000000e+00
7.929227938941737364e+01,0.000000000000000000e+00,0.000000000000000000e+00
7.828967363056774786e+01,0.000000000000000000e+00,0.000000000000000000e+00
7.946799707077212815e+01,0.000000000000000000e+00,0.000000000000000000e+00
7.988023712089263029e+01,0.000000000000000000e+00,0.000000000000000000e+00
7.992706995303598205e+01,0.000000000000000000e+00,0.000000000000000000e+00
7.767254420687831384e+01,0.000000000000000000e+00,0.000000000000000000e+00
7.922491466501448087e+01,0.000000000000000000e+00,0.000000000000000000e+00
7.787151748486945735e+01,0.000000000000000000e+00,0.000000000000000000e+00
7.916090841429559077e+01,0.000000000000000000e+00,0.000000000000000000e+00
7.521649272704286204e+01,0.000000000000000000e+00,0.000000000000000000e+00
8.057556709939014183e+01,0.000000000000000000e+00,0.000000000000000000e+00
7.892976838581749632e+01,0.000000000000000000e+00,0.000000000000000000e+00
7.637286715995162467e+01,0.000000000000000000e+00,0.000000000000000000e+00
7.791255877731461510e+01,0.000000000000000000e+00,0.000000000000000000e+00
7.817093684086242433e+01,0.000000000000000000e+00,0.000000000000000000e+00
7.602707478440503053e+01,0.000000000000000000e+00,0.000000000000000000e+00
7.600583902285094950e+01,0.000000000000000000e+00,0.000000000000000000e+00
7.497074290730850521e+01,0.000000000000000000e+00,0.000000000000000000e+00
7.254194706580645402e+01,0.000000000000000000e+00,0.000000000000000000e+00
7.547438223650453892e+01,0.000000000000000000e+00,0.000000000000000000e+00
7.412587714900608660e+01,0.000000000000000000e+00,0.000000000000000000e+00
7.637446177713026430e+01,0.000000000000000000e+00,0.000000000000000000e+00
7.688633040537861518e+01,0.000000000000000000e+00,0.000000000000000000e+00
7.554100763507918259e+01,0.000000000000000000e+00,0.000000000000000000e+00
7.760928039731588512e+01,0.000000000000000000e+00,0.000000000000000000e+00
7.667733103400600214e+01,0.000000000000000000e+00,0.000000000000000000e+00
7.672611220724833458e+01,0.000000000000000000e+00,0.000000000000000000e+00
7.455212722700400718e+01,0.000000000000000000e+00,0.000000000000000000e+00
7.344653564969688375e+01,0.000000000000000000e+00,0.000000000000000000e+00
7.145901130615898467e+01,0.000000000000000000e+00,0.000000000000000000e+00
7.052182586737879433e+01,0.000000000000000000e+00,0.000000000000000000e+00
7.075450326138816592e+01,0.000000000000000000e+00,0.000000000000000000e+00
7.431543316981672831e+01,0.000000000000000000e+00,0.000000000000000000e+00
7.226142851834622149e+01,0.000000000000000000e+00,0.000000000000000000e+00
7.127188667462701233e+01,0.000000000000000000e+00,0.000000000000000000e+00
7.056604510628629612e+01,0.000000000000000000e+00,0.000000000000000000e+00
6.853968364164487070e+01,0.000000000000000000e+00,0.000000000000000000e+00
6.662856496920974791e+01,0.000000000000000000e+00,0.000000000000000000e+00
6.789758567826493163e+01,0.000000000000000000e+00,0.000000000000000000e+00
6.554305595084971969e+01,0.000000000000000000e+00,0.000000000000000000e+00
6.458612314470913418e+01,0.000000000000000000e+00,0.000000000000000000e+00
7.075160029247352611e+01,0.000000000000000000e+00,0.000000000000000000e+00
6.211764920810114887e+01,0.000000000000000000e+00,0.000000000000000000e+00
6.521304909147937678e+01,0.000000000000000000e+00,0.000000000000000000e+00
6.632482347978384496e+01,0.000000000000000000e+00,0.000000000000000000e+00
6.328922310828936304e+01,0.000000000000000000e+00,0.000000000000000000e+00
6.631480994879152036e+01,0.000000000000000000e+00,0.000000000000000000e+00
6.219046775725566789e+01,0.000000000000000000e+00,0.000000000000000000e+00
5.834522687753928949e+01,0.000000000000000000e+00,0.000000000000000000e+00
6.097947725344358361e+01,0.000000000000000000e+00,0.000000000000000000e+00
6.388867550535678674e+01,0.000000000000000000e+00,0.000000000000000000e+00
5.922549658847906073e+01,0.000000000000000000e+00,0.000000000000000000e+00
6.351840467937686441e+01,0.000000000000000000e+00,0.000000000000000000e+00
5.916043648055262594e+01,0.000000000000000000e+00,0.000000000000000000e+00
5.354902432808852808e+01,0.000000000000000000e+00,0.000000000000000000e+00
5.638508545973608221e+01,0.000000000000000000e+00,0.000000000000000000e+00
5.653444277859706801e+01,0.000000000000000000e+00,0.000000000000000000e+00
5.684023218566311897e+01,0.000000000000000000e+00,0.000000000000000000e+00
5.717688549973568257e+01,0.000000000000000000e+00,0.000000000000000000e+00
5.579853060863067782e+01,0.000000000000000000e+00,0.000000000000000000e+00
4.990764287847211023e+01,0.000000000000000000e+00,0.000000000000000000e+00
5.341571538244178896e+01,0.000000000000000000e+00,0.000000000000000000e+00
5.567488893031350727e+01,0.000000000000000000e+00,0.000000000000000000e+00
5.227064068604522618e+01,0.000000000000000000e+00,0.000000000000000000e+00
5.271503382368584312e+01,0.000000000000000000e+00,0.000000000000000000e+00
5.110809939675251456e+01,0.000000000000000000e+00,0.000000000000000000e+00
4.682941932225617165e+01,0.000000000000000000e+00,0.000000000000000000e+00
4.912750823259899136e+01,0.000000000000000000e+00,0.000000000000000000e+00
5.047169415576946960e+01,0.000000000000000000e+00,0.000000000000000000e+00
4.896548152982022373e+01,0.000000000000000000e+00,0.000000000000000000e+00
4.557622707930239869e+01,0.000000000000000000e+00,0.000000000000000000e+00
4.785364315500375909e+01,0.000000000000000000e+00,0.000000000000000000e+00
5.023819033846397986e+01,0.000000000000000000e+00,0.000000000000000000e+00
4.685665409899912959e+01,0.000000000000000000e+00,0.000000000000000000e+00
4.786447166200058945e+01,0.000000000000000000e+00,0.000000000000000000e+00
4.437481461059477539e+01,0.000000000000000000e+00,0.000000000000000000e+00
4.499828660645320610e+01,0.000000000000000000e+00,0.000000000000000000e+00
4.350557291780966551e+01,0.000000000000000000e+00,0.000000000000000000e+00
4.350662323982388102e+01,0.000000000000000000e+00,0.000000000000000000e+00
4.252534045924727479e+01,0.000000000000000000e+00,0.000000000000000000e+00
4.360469987876926012e+01,0.000000000000000000e+00,0.000000000000000000e+00
4.105766753858225115e+01,0.000000000000000000e+00,0.000000000000000000e+00
4.346743101129041520e+01,0.000000000000000000e+00,0.000000000000000000e+00
3.910862937779975113e+01,0.000000000000000000e+00,0.000000000000000000e+00
3.920287901312462964e+01,0.000000000000000000e+00,0.000000000000000000e+00
3.910225036796593656e+01,0.000000000000000000e+00,0.000000000000000000e+00
4.037199826638335765e+01,0.000000000000000000e+00,0.000000000000000000e+00
3.994713965381069443e+01,0.000000000000000000e+00,0.000000000000000000e+00
3.721564437070649234e+01,0.000000000000000000e+00,0.000000000000000000e+00
3.929094231840332441e+01,0.000000000000000000e+00,0.000000000000000000e+00
3.230300863676308154e+01,0.000000000000000000e+00,0.000000000000000000e+00
3.413827574331968862e+01,0.000000000000000000e+00,0.000000000000000000e+00
3.395729074756108190e+01,0.000000000000000000e+00,0.000000000000000000e+00
3.652635371824175792e+01,0.000000000000000000e+00,0.000000000000000000e+00
3.472767549106081475e+01,0.000000000000000000e+00,0.000000000000000000e+00
3.266764716005504710e+01,0.000000000000000000e+00,0.000000000000000000e+00
3.784359215731152659e+01,0.000000000000000000e+00,0.000000000000000000e+00
3.549268986944112925e+01,0.000000000000000000e+00,0.000000000000000000e+00
2.977161142103768299e+01,0.000000000000000000e+00,0.000000000000000000e+00
2.975589954070171217e+01,0.000000000000000000e+00,0.000000000000000000e+00
3.275856745341927478e+01,0.000000000000000000e+00,0.000000000000000000e+00
3.026046217077065137e+01,0.000000000000000000e+00,0.000000000000000000e+00
2.706965811013970935e+01,0.000000000000000000e+00,0.000000000000000000e+00
2.681886102523805704e+01,0.000000000000000000e+00,0.000000000000000000e+00
2.730370294939100972e+01,0.000000000000000000e+00,0.000000000000000000e+00
2.599571945554186669e+01,0.000000000000000000e+00,0.000000000000000000e+00
2.895326243565537894e+01,0.000000000000000000e+00,0.000000000000000000e+00
2.906968417448330655e+01,0.000000000000000000e+00,0.000000000000000000e+00
2.542723127021260865e+01,0.000000000000000000e+00,0.000000000000000000e+00
2.655575873206283788e+01,0.000000000000000000e+00,0.000000000000000000e+00
2.448455614605799724e+01,0.000000000000000000e+00,0.000000000000000000e+00
2.846363503002967832e+01,0.000000000000000000e+00,0.000000000000000000e+00
2.482614833153619927e+01,0.000000000000000000e+00,0.000000000000000000e+00
2.344587978505254355e+01,0.000000000000000000e+00,0.000000000000000000e+00
2.320300695102016419e+01,0.000000000000000000e+00,0.000000000000000000e+00
2.297344603130635221e+01,0.000000000000000000e+00,0.000000000000000000e+00
2.794098893178325937e+01,0.000000000000000000e+00,0.000000000000000000e+00
2.425155574397820502e+01,0.000000000000000000e+00,0.000000000000000000e+00
2.347134291850197130e+01,0.000000000000000000e+00,0.000000000000000000e+00
2.337566475867286186e+01,0.000000000000000000e+00,0.000000000000000000e+00
2.267072152863669388e+01,0.000000000000000000e+00,0.000000000000000000e+00
2.357881386234755183e+01,0.000000000000000000e+00,0.000000000000000000e+00
2.202832594163379554e+01,0.000000000000000000e+00,0.000000000000000000e+00
2.189025278900717097e+01,0.000000000000000000e+00,0.000000000000000000e+00
2.360122854000248793e+01,0.000000000000000000e+00,0.000000000000000000e+00
2.109527718443310818e+01,0.000000000000000000e+00,0.000000000000000000e+00
1.898809346641627727e+01,0.000000000000000000e+00,0.000000000000000000e+00
1.828089117215186477e+01,0.000000000000000000e+00,0.000000000000000000e+00
2.226682677391545795e+01,0.000000000000000000e+00,0.000000000000000000e+00
1.929875428872123777e+01,0.000000000000000000e+00,0.000000000000000000e+00
2.129074660386401519e+01,0.000000000000000000e+00,0.000000000000000000e+00
2.167810455802255021e+01,0.000000000000000000e+00,0.000000000000000000e+00
2.184103289326620967e+01,0.000000000000000000e+00,0.000000000000000000e+00
2.344874522696226649e+01,0.000000000000000000e+00,0.000000000000000000e+00
2.034120433963827068e+01,0.000000000000000000e+00,0.000000000000000000e+00
2.005206484770042863e+01,0.000000000000000000e+00,0.000000000000000000e+00
1.940613884610049311e+01,0.000000000000000000e+00,0.000000000000000000e+00
2.072091347457494237e+01,0.000000000000000000e+00,0.000000000000000000e+00
2.305377280649797456e+01,0.000000000000000000e+00,0.000000000000000000e+00
2.200670522153381725e+01,0.000000000000000000e+00,0.000000000000000000e+00
2.102965372540099764e+01,0.000000000000000000e+00,0.000000000000000000e+00
1.886762506732820555e+01,0.000000000000000000e+00,0.000000000000000000e+00
2.041399714380789021e+01,0.000000000000000000e+00,0.000000000000000000e+00
1.927385180752933280e+01,0.000000000000000000e+00,0.000000000000000000e+00
2.120139211021118442e+01,0.000000000000000000e+00,0.000000000000000000e+00
2.066973350200658288e+01,0.000000000000000000e+00,0.000000000000000000e+00
2.097418212830882567e+01,0.000000000000000000e+00,0.000000000000000000e+00
1.966662999816278301e+01,0.000000000000000000e+00,0.000000000000000000e+00
1.984520217076453008e+01,0.000000000000000000e+00,0.000000000000000000e+00
2.328991017131107455e+01,0.000000000000000000e+00,0.000000000000000000e+00
1.952149791691989478e+01,0.000000000000000000e+00,0.000000000000000000e+00
2.138645001632286480e+01,0.000000000000000000e+00,0.000000000000000000e+00
2.098222032382813396e+01,0.000000000000000000e+00,0.000000000000000000e+00
2.255910377406392087e+01,0.000000000000000000e+00,0.000000000000000000e+00
2.105629346304883853e+01,0.000000000000000000e+00,0.000000000000000000e+00
2.051323856560854253e+01,0.000000000000000000e+00,0.000000000000000000e+00
2.000374474411760772e+01,0.000000000000000000e+00,0.000000000000000000e+00
2.287393337199539900e+01,0.000000000000000000e+00,0.000000000000000000e+00
2.052223539119336593e+01,0.000000000000000000e+00,0.000000000000000000e+00
2.236215720960484887e+01,0.000000000000000000e+00,0.000000000000000000e+00
2.397651592603723714e+01,0.000000000000000000e+00,0.000000000000000000e+00
2.140029847316363387e+01,0.000000000000000000e+00,0.000000000000000000e+00
2.296457711817460634e+01,0.000000000000000000e+00,0.000000000000000000e+00
2.703907812836043334e+01,0.000000000000000000e+00,0.000000000000000000e+00
2.540028574540866657e+01,0.000000000000000000e+00,0.000000000000000000e+00
2.445553256258027019e+01,0.000000000000000000e+00,0.000000000000000000e+00
2.337723719866809446e+01,0.000000000000000000e+00,0.000000000000000000e+00
2.050699472535698220e+01,0.000000000000000000e+00,0.000000000000000000e+00
2.769974337603469650e+01,0.000000000000000000e+00,0.000000000000000000e+00
2.772071478665399979e+01,0.000000000000000000e+00,0.000000000000000000e+00
2.483397295593541543e+01,0.000000000000000000e+00,0.000000000000000000e+00
2.346954348787415157e+01,0.000000000000000000e+00,0.000000000000000000e+00
2.837303417343660783e+01,0.000000000000000000e+00,0.000000000000000000e+00
2.791807306114585430e+01,0.000000000000000000e+00,0.000000000000000000e+00
2.865611050529180304e+01,0.000000000000000000e+00,0.000000000000000000e+00
3.018363191785794442e+01,0.000000000000000000e+00,0.000000000000000000e+00
2.913405556106064864e+01,0.000000000000000000e+00,0.000000000000000000e+00
3.020713850676061796e+01,0.000000000000000000e+00,0.000000000000000000e+00
3.211467247671888003e+01,0.000000000000000000e+00,0.000000000000000000e+00
3.053250498068258523e+01,0.000000000000000000e+00,0.000000000000000000e+00
3.005289381967879692e+01,0.000000000000000000e+00,0.000000000000000000e+00
3.157990140008491053e+01,0.000000000000000000e+00,0.000000000000000000e+00
3.196541620914096882e+01,0.000000000000000000e+00,0.000000000000000000e+00
3.311877863644835429e+01,0.000000000000000000e+00,0.000000000000000000e+00
3.185992922587227838e+01,0.000000000000000000e+00,0.000000000000000000e+00
3.212934039862761892e+01,0.000000000000000000e+00,0.000000000000000000e+00
3.587806504989197265e+01,0.000000000000000000e+00,0.000000000000000000e+00
3.661404585300111592e+01,0.000000000000000000e+00,0.000000000000000000e+00
3.284921416761817170e+01,0.000000000000000000e+00,0.000000000000000000e+00
3.159258143998305357e+01,0.000000000000000000e+00,0.000000000000000000e+00
3.423567438528748852e+01,0.000000000000000000e+00,0.000000000000000000e+00
3.762969138664065127e+01,0.000000000000000000e+00,0.000000000000000000e+00
3.930121648852440330e+01,0.000000000000000000e+00,0.000000000000000000e+00
3.456792300440761068e+01,0.000000000000000000e+00,0.000000000000000000e+00
3.829976279145085982e+01,0.000000000000000000e+00,0.000000000000000000e+00
3.940103380492259078e+01,0.000000000000000000e+00,0.000000000000000000e+00
4.164799999185224522e+01,0.000000000000000000e+00,0.000000000000000000e+00
4.066109969473389185e+01,0.000000000000000000e+00,0.000000000000000000e+00
4.605024881871757714e+01,0.000000000000000000e+00,0.000000000000000000e+00
3.940222270811946714e+01,0.000000000000000000e+00,0.000000000000000000e+00
4.274853372045998157e+01,0.000000000000000000e+00,0.000000000000000000e+00
4.368310453903466595e+01,0.000000000000000000e+00,0.000000000000000000e+00
4.202377486861896472e+01,0.000000000000000000e+00,0.000000000000000000e+00
4.279100009372774593e+01,0.000000000000000000e+00,0.000000000000000000e+00
4.411163987262163033e+01,0.000000000000000000e+00,0.000000000000000000e+00
4.809124354119966682e+01,0.000000000000000000e+00,0.000000000000000000e+00
4.568557435607031181e+01,0.000000000000000000e+00,0.000000000000000000e+00
4.698137972709118060e+01,0.000000000000000000e+00,0.000000000000000000e+00
4.947041078676463144e+01,0.000000000000000000e+00,0.000000000000000000e+00
4.914960204874473959e+01,0.000000000000000000e+00,0.000000000000000000e+00
4.911468193461237064e+01,0.000000000000000000e+00,0.000000000000000000e+00
4.838814922630790960e+01,0.000000000000000000e+00,0.000000000000000000e+00
4.830306296258086718e+01,0.000000000000000000e+00,0.000000000000000000e+00
5.081188888651978175e+01,0.000000000000000000e+00,0.000000000000000000e+00
5.065261064956634129e+01,0.000000000000000000e+00,0.000000000000000000e+00
5.184788879098087477e+01,0.000000000000000000e+00,0.000000000000000000e+00
5.222588245394791073e+01,0.000000000000000000e+00,0.000000000000000000e+00
5.210440670362081050e+01,0.000000000000000000e+00,0.000000000000000000e+00
5.370505505365021293e+01,0.000000000000000000e+00,0.000000000000000000e+00
5.503445445858084639e+01,0.000000000000000000e+00,0.000000000000000000e+00
5.625322840255704193e+01,0.000000000000000000e+00,0.000000000000000000e+00
5.475827121919144957e+01,0.000000000000000000e+00,0.000000000000000000e+00
5.531081276005062364e+01,0.000000000000000000e+00,0.000000000000000000e+00
5.741243774035950764e+01,0.000000000000000000e+00,0.000000000000000000e+00
5.879434654943067784e+01,0.000000000000000000e+00,0.000000000000000000e+00
5.588948875461072419e+01,0.000000000000000000e+00,0.000000000000000000e+00
6.214676817184167135e+01,0.000000000000000000e+00,0.000000000000000000e+00
5.617228203292784627e+01,0.000000000000000000e+00,0.000000000000000000e+00
6.111684503605945196e+01,0.000000000000000000e+00,0.000000000000000000e+00
6.489513382988538126e+01,0.000000000000000000e+00,0.000000000000000000e+00
6.218798052791135689e+01,0.000000000000000000e+00,0.000000000000000000e+00
6.081213180933918494e+01,0.000000000000000000e+00,0.000000000000000000e+00
6.235245454108653007e+01,0.000000000000000000e+00,0.000000000000000000e+00
6.358894540376463311e+01,0.000000000000000000e+00,0.000000000000000000e+00
6.274569708835763038e+01,0.000000000000000000e+00,0.000000000000000000e+00
6.616826012316678884e+01,0.000000000000000000e+00,0.000000000000000000e+00
6.781489708262417082e+01,0.000000000000000000e+00,0.000000000000000000e+00
6.669145030772573080e+01,0.000000000000000000e+00,0.000000000000000000e+00
6.723212583539337572e+01,0.000000000000000000e+00,0.000000000000000000e+00
6.193837454274598997e+01,0.000000000000000000e+00,0.000000000000000000e+00
6.834353328564267827e+01,0.000000000000000000e+00,0.000000000000000000e+00
6.788685533094144375e+01,0.000000000000000000e+00,0.000000000000000000e+00
7.013236662807102562e+01,0.000000000000000000e+00,0.000000000000000000e+00
6.859888746540711679e+01,0.000000000000000000e+00,0.000000000000000000e+00
7.296744349763773130e+01,0.000000000000000000e+00,0.000000000000000000e+00
6.972217275766911371e+01,0.000000000000000000e+00,0.000000000000000000e+00
6.962120748056443631e+01,0.000000000000000000e+00,0.000000000000000000e+00
7.280478692887737679e+01,0.000000000000000000e+00,0.000000000000000000e+00
7.429317161877365550e+01,0.000000000000000000e+00,0.000000000000000000e+00
7.465217120674566331e+01,0.000000000000000000e+00,0.000000000000000000e+00
7.134917836800295277e+01,0.000000000000000000e+00,0.000000000000000000e+00
7.615325397141387498e+01,0.000000000000000000e+00,0.000000000000000000e+00
7.608529537501762263e+01,0.000000000000000000e+00,0.000000000000000000e+00
8.114684184687547486e+01,0.000000000000000000e+00,0.000000000000000000e+00
7.481872011648380294e+01,0.000000000000000000e+00,0.000000000000000000e+00
7.383850893854247488e+01,0.000000000000000000e+00,0.000000000000000000e+00
7.381177476759668821e+01,0.000000000000000000e+00,0.000000000000000000e+00
7.258068034432015736e+01,0.000000000000000000e+00,0.000000000000000000e+00
7.823611545678838297e+01,0.000000000000000000e+00,0.000000000000000000e+00
7.103343210814387021e+01,0.000000000000000000e+00,0.000000000000000000e+00
7.464747781616001987e+01,0.000000000000000000e+00,0.000000000000000000e+00
7.803745073310206237e+01,0.000000000000000000e+00,0.000000000000000000e+00
7.726588219921519851e+01,0.000000000000000000e+00,0.000000000000000000e+00
7.506074745771607581e+01,0.000000000000000000e+00,0.000000000000000000e+00
7.755904256525241180e+01,0.000000000000000000e+00,0.000000000000000000e+00
7.506967216880509852e+01,0.000000000000000000e+00,0.000000000000000000e+00
7.401153865282375932e+01,0.000000000000000000e+00,0.000000000000000000e+00
8.016880083892613129e+01,0.000000000000000000e+00,0.000000000000000000e+00
8.009970504465042040e+01,0.000000000000000000e+00,0.000000000000000000e+00
7.649306774694593969e+01,0.000000000000000000e+00,0.000000000000000000e+00
8.058399362836517810e+01,0.000000000000000000e+00,0.000000000000000000e+00
7.909667356832203211e+01,0.000000000000000000e+00,0.000000000000000000e+00
7.940664506827079094e+01,0.000000000000000000e+00,0.000000000000000000e+00
7.943519132196452404e+01,0.000000000000000000e+00,0.000000000000000000e+00
7.770348992203490468e+01,0.000000000000000000e+00,0.000000000000000000e+00
8.141261994919203460e+01,0.000000000000000000e+00,0.000000000000000000e+00
8.242498177054200426e+01,0.000000000000000000e+00,0.000000000000000000e+00
7.966096674998090066e+01,0.000000000000000000e+00,0.000000000000000000e+00
8.191960095936121888e+01,0.000000000000000000e+00,0.000000000000000000e+00
8.169069462578403318e+01,0.000000000000000000e+00,0.000000000000000000e+00
8.153363072183952909e+01,0.000000000000000000e+00,0.000000000000000000e+00
8.065437305795543921e+01,0.000000000000000000e+00,0.000000000000000000e+00
8.487850223785801518e+01,0.000000000000000000e+00,0.000000000000000000e+00
7.943846372013599932e+01,0.000000000000000000e+00,0.000000000000000000e+00
7.890850871334630767e+01,0.000000000000000000e+00,0.000000000000000000e+00
7.764875870409312597e+01,0.000000000000000000e+00,0.000000000000000000e+00
8.339322134921066265e+01,0.000000000000000000e+00,0.000000000000000000e+00
8.184989614142305925e+01,0.000000000000000000e+00,0.000000000000000000e+00
7.974540632029633969e+01,0.000000000000000000e+00,0.000000000000000000e+00
7.915907552562322280e+01,0.000000000000000000e+00,0.000000000000000000e+00
7.814713749028940981e+01,0.000000000000000000e+00,0.000000000000000000e+00
7.755963938868123364e+01,0.000000000000000000e+00,0.000000000000000000e+00
7.874388521550545761e+01,0.000000000000000000e+00,0.000000000000000000e+00
8.114108773684100129e+01,0.000000000000000000e+00,0.000000000000000000e+00
8.170750027307272489e+01,0.000000000000000000e+00,0.000000000000000000e+00
8.132396480458967858e+01,0.000000000000000000e+00,0.000000000000000000e+00
7.806995456993129778e+01,0.000000000000000000e+00,0.000000000000000000e+00
7.481149925467369144e+01,0.000000000000000000e+00,0.000000000000000000e+00
7.805155320940451702e+01,0.000000000000000000e+00,0.000000000000000000e+00
8.381459104726062037e+01,0.000000000000000000e+00,0.000000000000000000e+00
8.023268993606879462e+01,0.000000000000000000e+00,0.000000000000000000e+00
7.813963181449848605e+01,0.000000000000000000e+00,0.000000000000000000e+00
7.398168491352753051e+01,0.000000000000000000e+00,0.000000000000000000e+00
7.689057062243263374e+01,0.000000000000000000e+00,0.000000000000000000e+00
7.833330980530895715e+01,0.000000000000000000e+00,0.000000000000000000e+00
7.241972322300610188e+01,0.000000000000000000e+00,0.000000000000000000e+00
7.699680018443362428e+01,0.000000000000000000e+00,0.000000000000000000e+00
7.606583209160650938e+01,0.000000000000000000e+00,0.000000000000000000e+00
7.400620491812411217e+01,0.000000000000000000e+00,0.000000000000000000e+00
7.600184155148225784e+01,0.000000000000000000e+00,0.000000000000000000e+00
7.655838777221559610e+01,0.000000000000000000e+00,0.000000000000000000e+00
7.464039885926368356e+01,0.000000000000000000e+00,0.000000000000000000e+00
7.152730959451987758e+01,0.000000000000000000e+00,0.000000000000000000e+00
7.345120381511011942e+01,0.000000000000000000e+00,0.000000000000000000e+00
7.286435976982724583e+01,0.000000000000000000e+00,0.000000000000000000e+00
7.482353002948322285e+01,0.000000000000000000e+00,0.000000000000000000e+00
7.269076647103098310e+01,0.000000000000000000e+00,0.000000000000000000e+00
7.436857305683722075e+01,0.000000000000000000e+00,0.000000000000000000e+00
7.046538686694105991e+01,0.000000000000000000e+00,0.000000000000000000e+00
6.907309692385368294e+01,0.000000000000000000e+00,0.000000000000000000e+00
7.426997831783432957e+01,0.000000000000000000e+00,0.000000000000000000e+00
7.388824496445815271e+01,0.000000000000000000e+00,0.000000000000000000e+00
7.544132058757976722e+01,0.000000000000000000e+00,0.000000000000000000e+00
7.033760198937613950e+01,0.000000000000000000e+00,0.000000000000000000e+00
7.020764138744895888e+01,0.000000000000000000e+00,0.000000000000000000e+00
6.990637346736941993e+01,0.000000000000000000e+00,0.000000000000000000e+00
7.097565569225199056e+01,0.000000000000000000e+00,0.000000000000000000e+00
6.690544845367287508e+01,0.000000000000000000e+00,0.000000000000000000e+00
6.910794284010157185e+01,0.000000000000000000e+00,0.000000000000000000e+00
6.332301392090162295e+01,0.000000000000000000e+00,0.000000000000000000e+00
6.380937142375672977e+01,0.000000000000000000e+00,0.000000000000000000e+00
6.967744659810136909e+01,0.000000000000000000e+00,0.000000000000000000e+00
6.749428949582622295e+01,0.000000000000000000e+00,0.000000000000000000e+00
6.363013793097583459e+01,0.000000000000000000e+00,0.000000000000000000e+00
6.282323158117521444e+01,0.000000000000000000e+00,0.000000000000000000e+00
6.167100846595469932e+01,0.000000000000000000e+00,0.000000000000000000e+00
6.596486478202567127e+01,0.000000000000000000e+00,0.000000000000000000e+00
6.158326004241741458e+01,0.000000000000000000e+00,0.000000000000000000e+00
6.118177764736273616e+01,0.000000000000000000e+00,0.000000000000000000e+00
6.118707075095937853e+01,0.000000000000000000e+00,0.000000000000000000e+00
5.730697054647372113e+01,0.000000000000000000e+00,0.000000000000000000e+00
5.697132220384791168e+01,0.000000000000000000e+00,0.000000000000000000e+00
5.596340287338581732e+01,0.000000000000000000e+00,0.000000000000000000e+00
5.684848553207679345e+01,0.000000000000000000e+00,0.000000000000000000e+00
5.679361240634970187e+01,0.000000000000000000e+00,0.000000000000000000e+00
5.528915487424541908e+01,0.000000000000000000e+00,0.000000000000000000e+00
5.503966179861148333e+01,0.000000000000000000e+00,0.000000000000000000e+00
5.713351043856752653e+01,0.000000000000000000e+00,0.000000000000000000e+00
5.450987510182984863e+01,0.000000000000000000e+00,0.000000000000000000e+00
4.981636938171452300e+01,0.000000000000000000e+00,0.000000000000000000e+00
5.292525484508809086e+01,0.000000000000000000e+00,0.000000000000000000e+00
5.486810952136907105e+01,0.000000000000000000e+00,0.000000000000000000e+00
5.253613230202758189e+01,0.000000000000000000e+00,0.000000000000000000e+00
4.906180913075534988e+01,0.000000000000000000e+00,0.000000000000000000e+00
4.945985525247705539e+01,0.000000000000000000e+00,0.000000000000000000e+00
4.915328590883282800e+01,0.000000000000000000e+00,0.000000000000000000e+00
4.874190612449125837e+01,0.000000000000000000e+00,0.000000000000000000e+00
4.316159269161945389e+01,0.000000000000000000e+00,0.000000000000000000e+00
4.341661339452499391e+01,0.000000000000000000e+00,0.000000000000000000e+00
5.004457000961231472e+01,0.000000000000000000e+00,0.000000000000000000e+00
4.530305968211101941e+01,0.000000000000000000e+00,0.000000000000000000e+00
4.454133036688644154e+01,0.000000000000000000e+00,0.000000000000000000e+00
4.751735523659413474e+01,0.000000000000000000e+00,0.000000000000000000e+00
4.400292871879034351e+01,0.000000000000000000e+00,0.000000000000000000e+00
4.328306162012715674e+01,0.000000000000000000e+00,0.000000000000000000e+00
4.576226266119115849e+01,0.000000000000000000e+00,0.000000000000000000e+00
3.991130142877767639e+01,0.000000000000000000e+00,0.000000000000000000e+00
4.160798403699114090e+01,0.000000000000000000e+00,0.000000000000000000e+00
4.257120236636357191e+01,0.000000000000000000e+00,0.000000000000000000e+00
4.102681698843469604e+01,0.000000000000000000e+00,0.000000000000000000e+00
3.968182371376230577e+01,0.000000000000000000e+00,0.000000000000000000e+00
3.866466431902897938e+01,0.000000000000000000e+00,0.000000000000000000e+00
3.876874286867965935e+01,0.000000000000000000e+00,0.000000000000000000e+00
4.140062327008216414e+01,0.000000000000000000e+00,0.000000000000000000e+00
3.598491488142212802e+01,0.000000000000000000e+00,0.000000000000000000e+00
3.795895406725986732e+01,0.000000000000000000e+00,0.000000000000000000e+00
3.995582991674018558e+01,0.000000000000000000e+00,0.000000000000000000e+00
3.878527183212157325e+01,0.000000000000000000e+00,0.000000000000000000e+00
3.548001459071408448e+01,0.000000000000000000e+00,0.000000000000000000e+00
3.678496320639829520e+01,0.000000000000000000e+00,0.000000000000000000e+00
3.493691247642399844e+01,0.000000000000000000e+00,0.000000000000000000e+00
3.539554429145823633e+01,0.000000000000000000e+00,0.000000000000000000e+00
3.279702656314721310e+01,0.000000000000000000e+00,0.000000000000000000e+00
3.059813529130040877e+01,0.000000000000000000e+00,0.000000000000000000e+00
3.218508473178890483e+01,0.000000000000000000e+00,0.000000000000000000e+00
3.014518930320337020e+01,0.000000000000000000e+00,0.000000000000000000e+00
3.090489703427058643e+01,0.000000000000000000e+00,0.000000000000000000e+00
2.939274516271173354e+01,0.000000000000000000e+00,0.000000000000000000e+00
2.521164542637367134e+01,0.000000000000000000e+00,0.000000000000000000e+00
2.874435063083364383e+01,0.000000000000000000e+00,0.000000000000000000e+00
3.051617072083928406e+01,0.000000000000000000e+00,0.000000000000000000e+00
2.799610366153680374e+01,0.000000000000000000e+00,0.000000000000000000e+00
2.721031446005765986e+01,0.000000000000000000e+00,0.000000000000000000e+00
3.144894954394816011e+01,0.000000000000000000e+00,0.000000000000000000e+00
2.785403561450286958e+01,0.000000000000000000e+00,0.000000000000000000e+00
2.549813394379783915e+01,0.000000000000000000e+00,0.000000000000000000e+00
2.761289951695336242e+01,0.000000000000000000e+00,0.000000000000000000e+00
2.533033159301735182e+01,0.000000000000000000e+00,0.000000000000000000e+00
2.650132608526319800e+01,0.000000000000000000e+00,0.000000000000000000e+00
2.738734694321167140e+01,0.000000000000000000e+00,0.000000000000000000e+00
2.669150963676705857e+01,0.000000000000000000e+00,0.000000000000000000e+00
2.436367226787906759e+01,0.000000000000000000e+00,0.000000000000000000e+00
2.472472672036332852e+01,0.000000000000000000e+00,0.000000000000000000e+00
2.375728605228361801e+01,0.000000000000000000e+00,0.000000000000000000e+00
2.090251380323906716e+01,0.000000000000000000e+00,0.000000000000000000e+00
2.496694717546127507e+01,0.000000000000000000e+00,0.000000000000000000e+00
2.333292903508863247e+01,0.000000000000000000e+00,0.000000000000000000e+00
2.400726816908233019e+01,0.000000000000000000e+00,0.000000000000000000e+00
2.244228660254376706e+01,0.000000000000000000e+00,0.000000000000000000e+00
2.087698372214780917e+01,0.000000000000000000e+00,0.000000000000000000e+00
2.478572264273587678e+01,0.000000000000000000e+00,0.000000000000000000e+00
2.417820297336267288e+01,0.000000000000000000e+00,0.000000000000000000e+00
1.796097766390368733e+01,0.000000000000000000e+00,0.000000000000000000e+00
2.156564517592589780e+01,0.000000000000000000e+00,0.000000000000000000e+00
2.313460123343545050e+01,0.000000000000000000e+00,0.000000000000000000e+00
2.052554430362684812e+01,0.000000000000000000e+00,0.000000000000000000e+00
2.100527552384810193e+01,0.000000000000000000e+00,0.000000000000000000e+00
1.667908830148160604e+01,0.000000000000000000e+00,0.000000000000000000e+00
2.044035768712267043e+01,0.000000000000000000e+00,0.000000000000000000e+00
2.246538071027579875e+01,0.000000000000000000e+00,0.000000000000000000e+00
2.194613393630447717e+01,0.000000000000000000e+00,0.000000000000000000e+00
2.027812118723774759e+01,0.000000000000000000e+00,0.000000000000000000e+00
2.165642802081699259e+01,0.000000000000000000e+00,0.000000000000000000e+00
1.568471975432728271e+01,0.000000000000000000e+00,0.000000000000000000e+00
1.952348973389312548e+01,0.000000000000000000e+00,0.000000000000000000e+00
2.011234925756665959e+01,0.000000000000000000e+00,0.000000000000000000e+00
2.120705873793297158e+01,0.000000000000000000e+00,0.000000000000000000e+00
1.962633238370312228e+01,0.000000000000000000e+00,0.000000000000000000e+00
2.432274247621827712e+01,0.000000000000000000e+00,0.000000000000000000e+00
1.943290090687066751e+01,0.000000000000000000e+00,0.000000000000000000e+00
1.620199591896132674e+01,0.000000000000000000e+00,0.000000000000000000e+00
2.239873480746807743e+01,0.000000000000000000e+00,0.000000000000000000e+00
1.754819135768274307e+01,0.000000000000000000e+00,0.000000000000000000e+00
2.006736233850880780e+01,0.000000000000000000e+00,0.000000000000000000e+00
1.791561283466230847e+01,0.000000000000000000e+00,0.000000000000000000e+00
2.124094320492786636e+01,0.000000000000000000e+00,0.000000000000000000e+00
2.108966463309915085e+01,0.000000000000000000e+00,0.000000000000000000e+00
1.978818178544803175e+01,0.000000000000000000e+00,0.000000000000000000e+00
1.908260875130981304e+01,0.000000000000000000e+00,0.000000000000000000e+00
2.083604686867460742e+01,0.000000000000000000e+00,0.000000000000000000e+00
2.091094233063501662e+01,0.000000000000000000e+00,0.000000000000000000e+00
1.861440213751873074e+01,0.000000000000000000e+00,0.000000000000000000e+00
2.041201273299655483e+01,0.000000000000000000e+00,0.000000000000000000e+00
2.051220863803617434e+01,0.000000000000000000e+00,0.000000000000000000e+00
1.991342741994395382e+01,0.000000000000000000e+00,0.000000000000000000e+00
2.440296672815286527e+01,0.000000000000000000e+00,0.000000000000000000e+00
2.193371014271327724e+01,0.000000000000000000e+00,0.000000000000000000e+00
2.462394876772226482e+01,0.000000000000000000e+00,0.000000000000000000e+00
1.844200707272363360e+01,0.000000000000000000e+00,0.000000000000000000e+00
2.486107883734059953e+01,0.000000000000000000e+00,0.000000000000000000e+00
2.321001459128786593e+01,0.000000000000000000e+00,0.000000000000000000e+00
2.364706939994774970e+01,0.000000000000000000e+00,0.000000000000000000e+00
2.199811194340863807e+01,0.000000000000000000e+00,0.000000000000000000e+00
2.351714386703886817e+01,0.000000000000000000e+00,0.000000000000000000e+00
2.346899016394229065e+01,0.000000000000000000e+00,0.000000000000000000e+00
2.713260617485552473e+01,0.000000000000000000e+00,0.000000000000000000e+00
2.677772418424661183e+01,0.000000000000000000e+00,0.000000000000000000e+00
2.669310172311426399e+01,0.000000000000000000e+00,0.000000000000000000e+00
2.678561287940556923e+01,0.000000000000000000e+00,0.000000000000000000e+00
2.879194662457380716e+01,0.000000000000000000e+00,0.000000000000000000e+00
2.803098841131337693e+01,0.000000000000000000e+00,0.000000000000000000e+00
2.724751037733433634e+01,0.000000000000000000e+00,0.000000000000000000e+00
2.772030961798405002e+01,0.000000000000000000e+00,0.000000000000000000e+00
2.741688052983236901e+01,0.000000000000000000e+00,0.000000000000000000e+00
3.015139468089669350e+01,0.000000000000000000e+00,0.000000000000000000e+00
2.759620545811806380e+01,0.000000000000000000e+00,0.000000000000000000e+00
2.733616329354441987e+01,0.000000000000000000e+00,0.000000000000000000e+00
2.923970597854611242e+01,0.000000000000000000e+00,0.000000000000000000e+00
3.510975358568462923e+01,0.000000000000000000e+00,0.000000000000000000e+00
3.196347365882468594e+01,0.000000000000000000e+00,0.000000000000000000e+00
2.881791835103338784e+01,0.000000000000000000e+00,0.000000000000000000e+00
3.459179177250311454e+01,0.000000000000000000e+00,0.000000000000000000e+00
3.413667824803940221e+01,0.000000000000000000e+00,0.000000000000000000e+00
3.418935400750743980e+01,0.000000000000000000e+00,0.000000000000000000e+00
3.644660262349910340e+01,0.000000000000000000e+00,0.000000000000000000e+00
3.829914154276301019e+01,0.000000000000000000e+00,0.000000000000000000e+00
3.473305490458999856e+01,0.000000000000000000e+00,0.000000000000000000e+00
3.752290178023486789e+01,0.000000000000000000e+00,0.000000000000000000e+00
3.496030346054759264e+01,0.000000000000000000e+00,0.000000000000000000e+00
3.471019147867810517e+01,0.000000000000000000e+00,0.000000000000000000e+00
3.901010014295840733e+01,0.000000000000000000e+00,0.000000000000000000e+00
3.818005837665810276e+01,0.000000000000000000e+00,0.000000000000000000e+00
3.918872890117804531e+01,0.000000000000000000e+00,0.000000000000000000e+00
4.121175812353880730e+01,0.000000000000000000e+00,0.000000000000000000e+00
3.682440384713329706e+01,0.000000000000000000e+00,0.000000000000000000e+00
4.132181360859344466e+01,0.000000000000000000e+00,0.000000000000000000e+00
4.380344958018070400e+01,0.000000000000000000e+00,0.000000000000000000e+00
4.045683814929363109e+01,0.000000000000000000e+00,0.000000000000000000e+00
4.298824872669435138e+01,0.000000000000000000e+00,0.000000000000000000e+00
3.990981222842075482e+01,0.000000000000000000e+00,0.000000000000000000e+00
4.185623898763340378e+01,0.000000000000000000e+00,0.000000000000000000e+00
4.594045094882978475e+01,0.000000000000000000e+00,0.000000000000000000e+00
4.303976879745760442e+01,0.000000000000000000e+00,0.000000000000000000e+00
4.597290916879794054e+01,0.000000000000000000e+00,0.000000000000000000e+00
4.726043864941876649e+01,0.000000000000000000e+00,0.000000000000000000e+00
4.725218840140017562e+01,0.000000000000000000e+00,0.000000000000000000e+00
5.155115453883744436e+01,0.000000000000000000e+00,0.000000000000000000e+00
4.668838842682335155e+01,0.000000000000000000e+00,0.000000000000000000e+00
4.553246513488643643e+01,0.000000000000000000e+00,0.000000000000000000e+00
4.526624030202954430e+01,0.000000000000000000e+00,0.000000000000000000e+00
4.974772992042919384e+01,0.000000000000000000e+00,0.000000000000000000e+00
4.831963450536734683e+01,0.000000000000000000e+00,0.000000000000000000e+00
5.270386845802666187e+01,0.000000000000000000e+00,0.000000000000000000e+00
5.380669765666491600e+01,0.000000000000000000e+00,0.000000000000000000e+00
5.500524410087338367e+01,0.000000000000000000e+00,0.000000000000000000e+00
5.523686750551605940e+01,0.000000000000000000e+00,0.000000000000000000e+00
5.118343252534939580e+01,0.000000000000000000e+00,0.000000000000000000e+00
5.348205789800763910e+01,0.000000000000000000e+00,0.000000000000000000e+00
5.579962210939923750e+01,0.000000000000000000e+00,0.000000000000000000e+00
5.843529390030134607e+01,0.000000000000000000e+00,0.000000000000000000e+00
5.429507920623808559e+01,0.000000000000000000e+00,0.000000000000000000e+00
5.850754112965315556e+01,0.000000000000000000e+00,0.000000000000000000e+00
5.986933139535360482e+01,0.000000000000000000e+00,0.000000000000000000e+00
5.685084065287268373e+01,0.000000000000000000e+00,0.000000000000000000e+00
6.052150776601065729e+01,0.000000000000000000e+00,0.000000000000000000e+00
6.169768112740536736e+01,0.000000000000000000e+00,0.000000000000000000e+00
6.240109813907920255e+01,0.000000000000000000e+00,0.000000000000000000e+00
5.897005582058739037e+01,0.000000000000000000e+00,0.000000000000000000e+00
5.935086787685778376e+01,0.000000000000000000e+00,0.000000000000000000e+00
6.613627467098889667e+01,0.000000000000000000e+00,0.000000000000000000e+00
6.236560683621417667e+01,0.000000000000000000e+00,0.000000000000000000e+00
6.072493061236922074e+01,0.000000000000000000e+00,0.000000000000000000e+00
6.299090160420713147e+01,0.000000000000000000e+00,0.000000000000000000e+00
6.576920865937655947e+01,0.000000000000000000e+00,0.000000000000000000e+00
6.530653815684954111e+01,0.000000000000000000e+00,0.000000000000000000e+00
6.398721743005287976e+01,0.000000000000000000e+00,0.000000000000000000e+00
6.347883104187746284e+01,0.000000000000000000e+00,0.000000000000000000e+00
6.486779591678876500e+01,0.000000000000000000e+00,0.000000000000000000e+00
6.728416467711222992e+01,0.000000000000000000e+00,0.000000000000000000e+00
7.410393923835310659e+01,0.000000000000000000e+00,0.000000000000000000e+00
6.540632398111836210e+01,0.000000000000000000e+00,0.000000000000000000e+00
7.264169314879582373e+01,0.000000000000000000e+00,0.000000000000000000e+00
7.022951199199400207e+01,0.000000000000000000e+00,0.000000000000000000e+00
7.105133657382120305e+01,0.000000000000000000e+00,0.000000000000000000e+00
6.736049798997777316e+01,0.000000000000000000e+00,0.000000000000000000e+00
6.669838857198983817e+01,0.000000000000000000e+00,0.000000000000000000e+00
6.546816380651885936e+01,0.000000000000000000e+00,0.000000000000000000e+00
7.125529130908677189e+01,0.000000000000000000e+00,0.000000000000000000e+00
7.062002928624150400e+01,0.000000000000000000e+00,0.000000000000000000e+00
7.208068466284397857e+01,0.000000000000000000e+00,0.000000000000000000e+00
7.607674787477851908e+01,0.000000000000000000e+00,0.000000000000000000e+00
7.089235114739712174e+01,0.000000000000000000e+00,0.000000000000000000e+00
7.610684644964509005e+01,0.000000000000000000e+00,0.000000000000000000e+00
7.205267530111524366e+01,0.000000000000000000e+00,0.000000000000000000e+00
7.703049125542450781e+01,0.000000000000000000e+00,0.000000000000000000e+00
7.562234261038523186e+01,0.000000000000000000e+00,0.000000000000000000e+00
7.611961846254430952e+01,0.000000000000000000e+00,0.000000000000000000e+00
8.328747701281263005e+01,0.000000000000000000e+00,0.000000000000000000e+00
7.696185512226347214e+01,0.000000000000000000e+00,0.000000000000000000e+00
7.668079389153027137e+01,0.000000000000000000e+00,0.000000000000000000e+00
7.632234152426126172e+01,0.000000000000000000e+00,0.000000000000000000e+00
8.000936265589348295e+01,0.000000000000000000e+00,0.000000000000000000e+00
7.766388610748074939e+01,0.000000000000000000e+00,0.000000000000000000e+00
8.156699745110022093e+01,0.000000000000000000e+00,0.000000000000000000e+00
7.990746307555083661e+01,0.000000000000000000e+00,0.000000000000000000e+00
7.924564201684566456e+01,0.000000000000000000e+00,0.000000000000000000e+00
8.147417074511481871e+01,0.000000000000000000e+00,0.000000000000000000e+00
7.918999668800803704e+01,0.000000000000000000e+00,0.000000000000000000e+00
7.885096096682271138e+01,0.000000000000000000e+00,0.000000000000000000e+00
7.701781725716385552e+01,0.000000000000000000e+00,0.000000000000000000e+00
7.992838368815016281e+01,0.000000000000000000e+00,0.000000000000000000e+00
7.912888195627613186e+01,0.000000000000000000e+00,0.000000000000000000e+00
7.982103569493858686e+01,0.000000000000000000e+00,0.000000000000000000e+00
8.175467046594185661e+01,0.000000000000000000e+00,0.000000000000000000e+00
8.045209962868382547e+01,0.000000000000000000e+00,0.000000000000000000e+00
7.807101337251033613e+01,0.000000000000000000e+00,0.000000000000000000e+00
8.162983418409470460e+01,0.000000000000000000e+00,0.000000000000000000e+00
8.260685264461650945e+01,0.000000000000000000e+00,0.000000000000000000e+00
8.077674632853673131e+01,0.000000000000000000e+00,0.000000000000000000e+00
8.163061585902251238e+01,0.000000000000000000e+00,0.000000000000000000e+00
7.874894164271952945e+01,0.000000000000000000e+00,0.000000000000000000e+00
8.458089208913111179e+01,0.000000000000000000e+00,0.000000000000000000e+00
8.104260014265054224e+01,0.000000000000000000e+00,0.000000000000000000e+00
7.943233318971867618e+01,0.000000000000000000e+00,0.000000000000000000e+00
7.687009251823509715e+01,0.000000000000000000e+00,0.000000000000000000e+00
7.821626325216929843e+01,0.000000000000000000e+00,0.000000000000000000e+00
7.695221716957136948e+01,0.000000000000000000e+00,0.000000000000000000e+00
8.080926725024103519e+01,0.000000000000000000e+00,0.000000000000000000e+00
7.970368098632989984e+01,0.000000000000000000e+00,0.000000000000000000e+00
7.444484439488540772e+01,0.000000000000000000e+00,0.000000000000000000e+00
7.789463194114655664e+01,0.000000000000000000e+00,0.000000000000000000e+00
7.735597436341272726e+01,0.000000000000000000e+00,0.000000000000000000e+00
8.039203828477637614e+01,0.000000000000000000e+00,0.000000000000000000e+00
7.596267151068695966e+01,0.000000000000000000e+00,0.000000000000000000e+00
7.906682041185642618e+01,0.000000000000000000e+00,0.000000000000000000e+00
8.000235671079937561e+01,0.000000000000000000e+00,0.000000000000000000e+00
8.114138549486932561e+01,0.000000000000000000e+00,0.000000000000000000e+00
7.843095399142431745e+01,0.000000000000000000e+00,0.000000000000000000e+00
7.681777845601833121e+01,0.000000000000000000e+00,0.000000000000000000e+00
7.712198255435821181e+01,0.000000000000000000e+00,0.000000000000000000e+00
7.478890657664645403e+01,0.000000000000000000e+00,0.000000000000000000e+00
7.494420337658799269e+01,0.000000000000000000e+00,0.000000000000000000e+00
7.829989679687470527e+01,0.000000000000000000e+00,0.000000000000000000e+00
7.706120156111208530e+01,0.000000000000000000e+00,0.000000000000000000e+00
7.600324736935172609e+01,0.000000000000000000e+00,0.000000000000000000e+00
7.426119164468390466e+01,0.000000000000000000e+00,0.000000000000000000e+00
7.668112370700039548e+01,0.000000000000000000e+00,0.000000000000000000e+00
6.837526516768113538e+01,0.000000000000000000e+00,0.000000000000000000e+00
7.655901645261336341e+01,0.000000000000000000e+00,0.000000000000000000e+00
7.412114670659835269e+01,0.000000000000000000e+00,0.000000000000000000e+00
7.490333588100791928e+01,0.000000000000000000e+00,0.000000000000000000e+00
7.298851076174902630e+01,0.000000000000000000e+00,0.000000000000000000e+00
6.920031242227250345e+01,0.000000000000000000e+00,0.000000000000000000e+00
7.380568513474322856e+01,0.000000000000000000e+00,0.000000000000000000e+00
7.208014548013930778e+01,0.000000000000000000e+00,0.000000000000000000e+00
7.004925546882739695e+01,0.000000000000000000e+00,0.000000000000000000e+00
7.414073569698901167e+01,0.000000000000000000e+00,0.000000000000000000e+00
7.036788946116129750e+01,0.000000000000000000e+00,0.000000000000000000e+00
6.969191268023736541e+01,0.000000000000000000e+00,0.000000000000000000e+00
7.015899112892275014e+01,0.000000000000000000e+00,0.000000000000000000e+00
7.008977739668267759e+01,0.000000000000000000e+00,0.000000000000000000e+00
6.681530941916341249e+01,0.000000000000000000e+00,0.000000000000000000e+00
6.961989276726836806e+01,0.000000000000000000e+00,0.000000000000000000e+00
6.894832471661341344e+01,0.000000000000000000e+00,0.000000000000000000e+00
6.767015385826486806e+01,0.000000000000000000e+00,0.000000000000000000e+00
6.760233648561262498e+01,0.000000000000000000e+00,0.000000000000000000e+00
6.830635026755953731e+01,0.000000000000000000e+00,0.000000000000000000e+00
6.408511498320171995e+01,0.000000000000000000e+00,0.000000000000000000e+00
6.499422542229400790e+01,0.000000000000000000e+00,0.000000000000000000e+00
6.644043453870696680e+01,0.000000000000000000e+00,0.000000000000000000e+00
6.494341004535773720e+01,0.000000000000000000e+00,0.000000000000000000e+00
6.418651773593728649e+01,0.000000000000000000e+00,0.000000000000000000e+00
6.400983418918531243e+01,0.000000000000000000e+00,0.000000000000000000e+00
6.067520515366621936e+01,0.000000000000000000e+00,0.000000000000000000e+00
5.853641126820873097e+01,0.000000000000000000e+00,0.000000000000000000e+00
6.390289103560462536e+01,0.000000000000000000e+00,0.000000000000000000e+00
6.251494882261121688e+01,0.000000000000000000e+00,0.000000000000000000e+00
6.130731312365320207e+01,0.000000000000000000e+00,0.000000000000000000e+00
5.641932509734945711e+01,0.000000000000000000e+00,0.000000000000000000e+00
5.749679254770775572e+01,0.000000000000000000e+00,0.000000000000000000e+00
6.176799866531918326e+01,0.000000000000000000e+00,0.000000000000000000e+00
5.343495018930639873e+01,0.000000000000000000e+00,0.000000000000000000e+00
6.051475856814140997e+01,0.000000000000000000e+00,0.000000000000000000e+00
5.600321737644756581e+01,0.000000000000000000e+00,0.000000000000000000e+00
5.245209189224925694e+01,0.000000000000000000e+00,0.000000000000000000e+00
5.500379390689955983e+01,0.000000000000000000e+00,0.000000000000000000e+00
5.864528715616043542e+01,0.000000000000000000e+00,0.000000000000000000e+00
5.203759392484337809e+01,0.000000000000000000e+00,0.000000000000000000e+00
5.530387907943705272e+01,0.000000000000000000e+00,0.000000000000000000e+00
5.191939180373487517e+01,0.000000000000000000e+00,0.000000000000000000e+00
5.820126986532918067e+01,0.000000000000000000e+00,0.000000000000000000e+00
5.000147410602482978e+01,0.000000000000000000e+00,0.000000000000000000e+00
4.955810975576868316e+01,0.000000000000000000e+00,0.000000000000000000e+00
5.216854831985154561e+01,0.000000000000000000e+00,0.000000000000000000e+00
4.699770696405359161e+01,0.000000000000000000e+00,0.000000000000000000e+00
4.828126193349250883e+01,0.000000000000000000e+00,0.000000000000000000e+00
4.687008085816847824e+01,0.000000000000000000e+00,0.000000000000000000e+00
4.865322586398755789e+01,0.000000000000000000e+00,0.000000000000000000e+00
4.714730340522064722e+01,0.000000000000000000e+00,0.000000000000000000e+00
4.158044934212766464e+01,0.000000000000000000e+00,0.000000000000000000e+00
4.600158374666021643e+01,0.000000000000000000e+00,0.000000000000000000e+00
4.346227724859804198e+01,0.000000000000000000e+00,0.000000000000000000e+00
4.262848554620263997e+01,0.000000000000000000e+00,0.000000000000000000e+00
4.263929601979947392e+01,0.000000000000000000e+00,0.000000000000000000e+00
4.259309442250621203e+01,0.000000000000000000e+00,0.000000000000000000e+00
4.258381146381559290e+01,0.000000000000000000e+00,0.000000000000000000e+00
4.078801072995638322e+01,0.000000000000000000e+00,0.000000000000000000e+00
3.999462379074248020e+01,0.000000000000000000e+00,0.000000000000000000e+00
4.272044007739469862e+01,0.000000000000000000e+00,0.000000000000000000e+00
3.955043377555677608e+01,0.000000000000000000e+00,0.000000000000000000e+00
3.958041469813894508e+01,0.000000000000000000e+00,0.000000000000000000e+00
3.695607496159760785e+01,0.000000000000000000e+00,0.000000000000000000e+00
3.529715515106750701e+01,0.000000000000000000e+00,0.000000000000000000e+00
3.933700521235310532e+01,0.000000000000000000e+00,0.000000000000000000e+00
3.731646165946698090e+01,0.000000000000000000e+00,0.000000000000000000e+00
3.325474983159028142e+01,0.000000000000000000e+00,0.000000000000000000e+00
3.728729857493856059e+01,0.000000000000000000e+00,0.000000000000000000e+00
3.355400492021295378e+01,0.000000000000000000e+00,0.000000000000000000e+00
3.404584235197141595e+01,0.000000000000000000e+00,0.000000000000000000e+00
2.900866559201762485e+01,0.000000000000000000e+00,0.000000000000000000e+00
3.425102349189034356e+01,0.000000000000000000e+00,0.000000000000000000e+00
3.009858051872734919e+01,0.000000000000000000e+00,0.000000000000000000e+00
2.996462111554560437e+01,0.000000000000000000e+00,0.000000000000000000e+00
3.347976991477086983e+01,0.000000000000000000e+00,0.000000000000000000e+00
3.306737626858132018e+01,0.000000000000000000e+00,0.000000000000000000e+00
3.198584438168669664e+01,0.000000000000000000e+00,0.000000000000000000e+00
3.029949905814191169e+01,0.000000000000000000e+00,0.000000000000000000e+00
2.906541805034938619e+01,0.000000000000000000e+00,0.000000000000000000e+00
2.805378976535847713e+01,0.000000000000000000e+00,0.000000000000000000e+00
2.859502815124443131e+01,0.000000000000000000e+00,0.000000000000000000e+00
2.899935119031039576e+01,0.000000000000000000e+00,0.000000000000000000e+00
2.803820973393325389e+01,0.000000000000000000e+00,0.000000000000000000e+00
2.458043977787231427e+01,0.000000000000000000e+00,0.000000000000000000e+00
2.738701888987589328e+01,0.000000000000000000e+00,0.000000000000000000e+00
2.579364659701931473e+01,0.000000000000000000e+00,0.000000000000000000e+00
2.843267090215726967e+01,0.000000000000000000e+00,0.000000000000000000e+00
2.404067396731695894e+01,0.000000000000000000e+00,0.000000000000000000e+00
2.361628034319521774e+01,0.000000000000000000e+00,0.000000000000000000e+00
2.398256479192495760e+01,0.000000000000000000e+00,0.000000000000000000e+00
2.418767095304754022e+01,0.000000000000000000e+00,0.000000000000000000e+00
2.830959413894080967e+01,0.000000000000000000e+00,0.000000000000000000e+00
2.477683201613614727e+01,0.000000000000000000e+00,0.000000000000000000e+00
2.425388191838660035e+01,0.000000000000000000e+00,0.000000000000000000e+00
2.039149315692560904e+01,0.000000000000000000e+00,0.000000000000000000e+00
2.221870777284851783e+01,0.000000000000000000e+00,0.000000000000000000e+00
2.348335826526116676e+01,0.000000000000000000e+00,0.000000000000000000e+00
2.282600887011265200e+01,0.000000000000000000e+00,0.000000000000000000e+00
2.032472123142659015e+01,0.000000000000000000e+00,0.000000000000000000e+00
2.533917426213558954e+01,0.000000000000000000e+00,0.000000000000000000e+00
2.258103967476900920e+01,0.000000000000000000e+00,0.000000000000000000e+00
1.792664097900306430e+01,0.000000000000000000e+00,0.000000000000000000e+00
2.268355233156511019e+01,0.000000000000000000e+00,0.000000000000000000e+00
1.753065386328275466e+01,0.000000000000000000e+00,0.000000000000000000e+00
2.024867935259361573e+01,0.000000000000000000e+00,0.000000000000000000e+00
1.518291607242192143e+01,0.000000000000000000e+00,0.000000000000000000e+00
2.077685362469634356e+01,0.000000000000000000e+00,0.000000000000000000e+00
2.175201571122908462e+01,0.000000000000000000e+00,0.000000000000000000e+00
1.600976831556107527e+01,0.000000000000000000e+00,0.000000000000000000e+00
2.023687793160544146e+01,0.000000000000000000e+00,0.000000000000000000e+00
1.948141866749462636e+01,0.000000000000000000e+00,0.000000000000000000e+00
2.282486035632446075e+01,0.000000000000000000e+00,0.000000000000000000e+00
1.805751576097424049e+01,0.000000000000000000e+00,0.000000000000000000e+00
1.968929594433366503e+01,0.000000000000000000e+00,0.000000000000000000e+00
1.985964093972744493e+01,0.000000000000000000e+00,0.000000000000000000e+00
2.002185498013880149e+01,0.000000000000000000e+00,0.000000000000000000e+00
1.865361715237983020e+01,0.000000000000000000e+00,0.000000000000000000e+00
1.832679689288232083e+01,0.000000000000000000e+00,0.000000000000000000e+00
1.700063320676701650e+01,0.000000000000000000e+00,0.000000000000000000e+00
1.965469007599014262e+01,0.000000000000000000e+00,0.000000000000000000e+00
1.814508277051449880e+01,0.000000000000000000e+00,0.000000000000000000e+00
2.175153321434749643e+01,0.000000000000000000e+00,0.000000000000000000e+00
2.014024258572760928e+01,0.000000000000000000e+00,0.000000000000000000e+00
2.199859898406078429e+01,0.000000000000000000e+00,0.000000000000000000e+00
2.181943715001632711e+01,0.000000000000000000e+00,0.000000000000000000e+00
2.189935228379276566e+01,0.000000000000000000e+00,0.000000000000000000e+00
2.205654564056277778e+01,0.000000000000000000e+00,0.000000000000000000e+00
1.885566703228229812e+01,0.000000000000000000e+00,0.000000000000000000e+00
2.556292449230563335e+01,0.000000000000000000e+00,0.000000000000000000e+00
2.396598181126006821e+01,0.000000000000000000e+00,0.000000000000000000e+00
2.113169666827772630e+01,0.000000000000000000e+00,0.000000000000000000e+00
1.887515220147148653e+01,0.000000000000000000e+00,0.000000000000000000e+00
2.039251759869459235e+01,0.000000000000000000e+00,0.000000000000000000e+00
1.960543913198754495e+01,0.000000000000000000e+00,0.000000000000000000e+00
1.790701581878445126e+01,0.000000000000000000e+00,0.000000000000000000e+00
2.113869987421910679e+01,0.000000000000000000e+00,0.000000000000000000e+00
2.241789350712928197e+01,0.000000000000000000e+00,0.000000000000000000e+00
2.338639005717505626e+01,0.000000000000000000e+00,0.000000000000000000e+00
2.504529844112837367e+01,0.000000000000000000e+00,0.000000000000000000e+00
2.360145436197169744e+01,0.000000000000000000e+00,0.000000000000000000e+00
2.440371826614562423e+01,0.000000000000000000e+00,0.000000000000000000e+00
2.176308481412260676e+01,0.000000000000000000e+00,0.000000000000000000e+00
2.337120943346367952e+01,0.000000000000000000e+00,0.000000000000000000e+00
2.720661839625658374e+01,0.000000000000000000e+00,0.000000000000000000e+00
2.359891619649003758e+01,0.000000000000000000e+00,0.000000000000000000e+00
2.379541331899380552e+01,0.000000000000000000e+00,0.000000000000000000e+00
2.491434848671621793e+01,0.000000000000000000e+00,0.000000000000000000e+00
2.687042602302980399e+01,0.000000000000000000e+00,0.000000000000000000e+00
2.893954941759253785e+01,0.000000000000000000e+00,0.000000000000000000e+00
2.713354822824784307e+01,0.000000000000000000e+00,0.000000000000000000e+00
3.124359480276071821e+01,0.000000000000000000e+00,0.000000000000000000e+00
3.046054773458007503e+01,0.000000000000000000e+00,0.000000000000000000e+00
3.091867638061087220e+01,0.000000000000000000e+00,0.000000000000000000e+00
2.552221578276552449e+01,0.000000000000000000e+00,0.000000000000000000e+00
2.768967107113714121e+01,0.000000000000000000e+00,0.000000000000000000e+00
2.974907540681498475e+01,0.000000000000000000e+00,0.000000000000000000e+00
3.070869919459114072e+01,0.000000000000000000e+00,0.000000000000000000e+00
3.058815937079512892e+01,0.000000000000000000e+00,0.000000000000000000e+00
3.182594423789975124e+01,0.000000000000000000e+00,0.000000000000000000e+00
3.342499548860505598e+01,0.000000000000000000e+00,0.000000000000000000e+00
3.030180928917359395e+01,0.000000000000000000e+00,0.000000000000000000e+00
3.083639496663530366e+01,0.000000000000000000e+00,0.000000000000000000e+00
3.282906527346806769e+01,0.000000000000000000e+00,0.000000000000000000e+00
3.454983914125901379e+01,0.000000000000000000e+00,0.000000000000000000e+00
3.556024484259614127e+01,0.000000000000000000e+00,0.000000000000000000e+00
3.870982261156737536e+01,0.000000000000000000e+00,0.000000000000000000e+00
3.862937154546082752e+01,0.000000000000000000e+00,0.000000000000000000e+00
3.516251719554983168e+01,0.000000000000000000e+00,0.000000000000000000e+00
3.553759159536434709e+01,0.000000000000000000e+00,0.000000000000000000e+00
3.702586008800192729e+01,0.000000000000000000e+00,0.000000000000000000e+00
4.059449496556641890e+01,0.000000000000000000e+00,0.000000000000000000e+00
4.028749621048768859e+01,0.000000000000000000e+00,0.000000000000000000e+00
4.499110978647350834e+01,0.000000000000000000e+00,0.000000000000000000e+00
3.918048915691482392e+01,0.000000000000000000e+00,0.000000000000000000e+00
3.994007480870273241e+01,0.000000000000000000e+00,0.000000000000000000e+00
3.990665823981554894e+01,0.000000000000000000e+00,0.000000000000000000e+00
4.305148613497988919e+01,0.000000000000000000e+00,0.000000000000000000e+00
4.124072936616964569e+01,0.000000000000000000e+00,0.000000000000000000e+00
4.539869841631704617e+01,0.000000000000000000e+00,0.000000000000000000e+00
4.660596347857855903e+01,0.000000000000000000e+00,0.000000000000000000e+00
4.330319937670076769e+01,0.000000000000000000e+00,0.000000000000000000e+00
4.329148751502581405e+01,0.000000000000000000e+00,0.000000000000000000e+00
4.378741485076629658e+01,0.000000000000000000e+00,0.000000000000000000e+00
4.813125606794832834e+01,0.000000000000000000e+00,0.000000000000000000e+00
4.734873478901129573e+01,0.000000000000000000e+00,0.000000000000000000e+00
5.135717621141055389e+01,0.000000000000000000e+00,0.000000000000000000e+00
4.563393080880309327e+01,0.000000000000000000e+00,0.000000000000000000e+00
4.977026354162774879e+01,0.000000000000000000e+00,0.000000000000000000e+00
4.657425731074172148e+01,0.000000000000000000e+00,0.000000000000000000e+00
