value,error,error_size
1.798182543194605643e+01,0.000000000000000000e+00,0.000000000000000000e+00
2.131588779445441162e+01,0.000000000000000000e+00,0.000000000000000000e+00
1.856620917479005684e+01,0.000000000000000000e+00,0.000000000000000000e+00
2.035016973193067003e+01,0.000000000000000000e+00,0.000000000000000000e+00
1.973378778946097967e+01,0.000000000000000000e+00,0.000000000000000000e+00
1.889439982735810375e+01,0.000000000000000000e+00,0.000000000000000000e+00
2.049610261079399365e+01,0.000000000000000000e+00,0.000000000000000000e+00
2.139553500369166272e+01,0.000000000000000000e+00,0.000000000000000000e+00
2.238680892217636398e+01,0.000000000000000000e+00,0.000000000000000000e+00
1.854684865751255884e+01,0.000000000000000000e+00,0.000000000000000000e+00
1.927578703318749831e+01,0.000000000000000000e+00,0.000000000000000000e+00
2.083563029455138604e+01,0.000000000000000000e+00,0.000000000000000000e+00
2.427366060687917582e+01,0.000000000000000000e+00,0.000000000000000000e+00
2.075518548287162801e+01,0.000000000000000000e+00,0.000000000000000000e+00
1.983047424499788391e+01,0.000000000000000000e+00,0.000000000000000000e+00
2.134897855797874300e+01,0.000000000000000000e+00,0.000000000000000000e+00
2.356902424677433316e+01,0.000000000000000000e+00,0.000000000000000000e+00
1.747652585964728900e+01,0.000000000000000000e+00,0.000000000000000000e+00
2.106945797023318434e+01,0.000000000000000000e+00,0.000000000000000000e+00
1.818825954521385668e+01,0.000000000000000000e+00,0.000000000000000000e+00
2.141393887828282416e+01,0.000000000000000000e+00,0.000000000000000000e+00
2.342121953047103133e+01,0.000000000000000000e+00,0.000000000000000000e+00
1.664525326763217805e+01,0.000000000000000000e+00,0.000000000000000000e+00
1.790831265369083525e+01,0.000000000000000000e+00,0.000000000000000000e+00
2.171205895681572429e+01,0.000000000000000000e+00,0.000000000000000000e+00
2.079888365274478090e+01,0.000000000000000000e+00,0.000000000000000000e+00
2.168337681943367201e+01,0.000000000000000000e+00,0.000000000000000000e+00
1.930453972626464676e+01,0.000000000000000000e+00,0.000000000000000000e+00
1.629480338243281068e+01,0.000000000000000000e+00,0.000000000000000000e+00
2.089269913831124370e+01,0.000000000000000000e+00,0.000000000000000000e+00
1.939690247884847452e+01,0.000000000000000000e+00,0.000000000000000000e+00
2.107321740254181108e+01,0.000000000000000000e+00,0.000000000000000000e+00
1.973812704217488800e+01,0.000000000000000000e+00,0.000000000000000000e+00
1.933661356061345060e+01,0.000000000000000000e+00,0.000000000000000000e+00
1.656763030269470960e+01,0.000000000000000000e+00,0.000000000000000000e+00
2.281532605305017114e+01,0.000000000000000000e+00,0.000000000000000000e+00
2.152822464889730369e+01,0.000000000000000000e+00,0.000000000000000000e+00
2.378709180649356369e+01,0.000000000000000000e+00,0.000000000000000000e+00
2.146597286218412037e+01,0.000000000000000000e+00,0.000000000000000000e+00
2.173121595664500916e+01,0.000000000000000000e+00,0.000000000000000000e+00
1.856024718931403328e+01,0.000000000000000000e+00,0.000000000000000000e+00
1.425167527727418815e+01,0.000000000000000000e+00,0.000000000000000000e+00
1.912559375197207601e+01,0.000000000000000000e+00,0.000000000000000000e+00
1.844876779671722389e+01,0.000000000000000000e+00,0.000000000000000000e+00
2.371947085448890391e+01,0.000000000000000000e+00,0.000000000000000000e+00
1.946485905675937289e+01,0.000000000000000000e+00,0.000000000000000000e+00
2.342985479773516744e+01,0.000000000000000000e+00,0.000000000000000000e+00
2.088970975511266914e+01,0.000000000000000000e+00,0.000000000000000000e+00
1.986980248513827974e+01,0.000000000000000000e+00,0.000000000000000000e+00
2.043884409407009883e+01,0.000000000000000000e+00,0.000000000000000000e+00
1.987445681696156896e+01,0.000000000000000000e+00,0.000000000000000000e+00
1.806008878019795816e+01,0.000000000000000000e+00,0.000000000000000000e+00
1.884464765217386528e+01,0.000000000000000000e+00,0.000000000000000000e+00
2.203283307501112631e+01,0.000000000000000000e+00,0.000000000000000000e+00
2.128261997407701500e+01,0.000000000000000000e+00,0.000000000000000000e+00
1.891408106697113567e+01,0.000000000000000000e+00,0.000000000000000000e+00
2.174873879570582247e+01,0.000000000000000000e+00,0.000000000000000000e+00
2.284534358551916711e+01,0.000000000000000000e+00,0.000000000000000000e+00
1.746099433256172162e+01,0.000000000000000000e+00,0.000000000000000000e+00
1.787602676547997049e+01,0.000000000000000000e+00,0.000000000000000000e+00
1.669489425899133650e+01,0.000000000000000000e+00,0.000000000000000000e+00
1.872185650950442337e+01,0.000000000000000000e+00,0.000000000000000000e+00
2.130469760658503731e+01,0.000000000000000000e+00,0.000000000000000000e+00
2.080445303049856776e+01,0.000000000000000000e+00,0.000000000000000000e+00
1.905428423856320563e+01,0.000000000000000000e+00,0.000000000000000000e+00
2.235785178706026954e+01,0.000000000000000000e+00,0.000000000000000000e+00
1.802284072859868758e+01,0.000000000000000000e+00,0.000000000000000000e+00
2.098284027419624564e+01,0.000000000000000000e+00,0.000000000000000000e+00
1.376226183376770962e+01,0.000000000000000000e+00,0.000000000000000000e+00
1.967279230578880700e+01,0.000000000000000000e+00,0.000000000000000000e+00
2.142264332198549681e+01,0.000000000000000000e+00,0.000000000000000000e+00
1.539180946870803091e+01,0.000000000000000000e+00,0.000000000000000000e+00
2.008629964154853909e+01,0.000000000000000000e+00,0.000000000000000000e+00
2.121006717914343653e+01,0.000000000000000000e+00,0.000000000000000000e+00
2.276393552529879827e+01,0.000000000000000000e+00,0.000000000000000000e+00
1.930561992745337108e+01,0.000000000000000000e+00,0.000000000000000000e+00
2.164539918655156470e+01,0.000000000000000000e+00,0.000000000000000000e+00
1.864874433115122798e+01,0.000000000000000000e+00,0.000000000000000000e+00
2.083904214827683177e+01,0.000000000000000000e+00,0.000000000000000000e+00
1.669857398239286539e+01,0.000000000000000000e+00,0.000000000000000000e+00
2.177389627278114759e+01,0.000000000000000000e+00,0.000000000000000000e+00
1.872639260861889454e+01,0.000000000000000000e+00,0.000000000000000000e+00
1.810340049064641832e+01,0.000000000000000000e+00,0.000000000000000000e+00
1.809174593161761635e+01,0.000000000000000000e+00,0.000000000000000000e+00
1.594457102912079804e+01,0.000000000000000000e+00,0.000000000000000000e+00
2.269240187155225641e+01,0.000000000000000000e+00,0.000000000000000000e+00
2.388267335149447845e+01,0.000000000000000000e+00,0.000000000000000000e+00
2.013105921327161241e+01,0.000000000000000000e+00,0.000000000000000000e+00
1.867648153278246426e+01,0.000000000000000000e+00,0.000000000000000000e+00
2.598292512682451871e+01,0.000000000000000000e+00,0.000000000000000000e+00
2.208373993449173156e+01,0.000000000000000000e+00,0.000000000000000000e+00
2.049277182664446428e+01,0.000000000000000000e+00,0.000000000000000000e+00
1.968072229439959031e+01,0.000000000000000000e+00,0.000000000000000000e+00
2.057718673073769011e+01,0.000000000000000000e+00,0.000000000000000000e+00
2.128856620680994283e+01,0.000000000000000000e+00,0.000000000000000000e+00
2.071068166065237648e+01,0.000000000000000000e+00,0.000000000000000000e+00
2.126409033040610908e+01,0.000000000000000000e+00,0.000000000000000000e+00
2.071043000646128363e+01,0.000000000000000000e+00,0.000000000000000000e+00
2.068382618370941373e+01,0.000000000000000000e+00,0.000000000000000000e+00
2.214211764142820371e+01,0.000000000000000000e+00,0.000000000000000000e+00
1.763144726282298791e+01,0.000000000000000000e+00,0.000000000000000000e+00
1.943912317109786159e+01,0.000000000000000000e+00,0.000000000000000000e+00
2.078377794063764483e+01,0.000000000000000000e+00,0.000000000000000000e+00
2.215564063220853086e+01,0.000000000000000000e+00,0.000000000000000000e+00
2.539333538823102288e+01,0.000000000000000000e+00,0.000000000000000000e+00
1.880198572229578957e+01,0.000000000000000000e+00,0.000000000000000000e+00
2.036452720011384443e+01,0.000000000000000000e+00,0.000000000000000000e+00
2.325241321877379619e+01,0.000000000000000000e+00,0.000000000000000000e+00
6.964857138780119783e+01,0.000000000000000000e+00,0.000000000000000000e+00
6.671916380300856986e+01,0.000000000000000000e+00,0.000000000000000000e+00
6.589614530364447376e+01,0.000000000000000000e+00,0.000000000000000000e+00
6.940111971430353321e+01,0.000000000000000000e+00,0.000000000000000000e+00
6.796153768837035614e+01,0.000000000000000000e+00,0.000000000000000000e+00
7.014342759858148213e+01,0.000000000000000000e+00,0.000000000000000000e+00
6.758827602483005137e+01,0.000000000000000000e+00,0.000000000000000000e+00
6.945501228386902426e+01,0.000000000000000000e+00,0.000000000000000000e+00
6.826735375665735717e+01,0.000000000000000000e+00,0.000000000000000000e+00
6.981766339623202100e+01,0.000000000000000000e+00,0.000000000000000000e+00
6.941478118240547701e+01,0.000000000000000000e+00,0.000000000000000000e+00
6.684749175003632615e+01,0.000000000000000000e+00,0.000000000000000000e+00
7.646247069236791560e+01,0.000000000000000000e+00,0.000000000000000000e+00
8.262826545849802073e+01,0.000000000000000000e+00,0.000000000000000000e+00
7.950724860865364008e+01,0.000000000000000000e+00,0.000000000000000000e+00
7.835203406754831690e+01,0.000000000000000000e+00,0.000000000000000000e+00
7.864132925837381549e+01,0.000000000000000000e+00,0.000000000000000000e+00
7.941148137647219585e+01,0.000000000000000000e+00,0.000000000000000000e+00
7.702433210900265692e+01,0.000000000000000000e+00,0.000000000000000000e+00
7.735160693807344501e+01,0.000000000000000000e+00,0.000000000000000000e+00
7.470102515016330358e+01,0.000000000000000000e+00,0.000000000000000000e+00
7.687745359371032805e+01,0.000000000000000000e+00,0.000000000000000000e+00
7.718572494677177076e+01,0.000000000000000000e+00,0.000000000000000000e+00
8.016824492872825658e+01,0.000000000000000000e+00,0.000000000000000000e+00
7.807246466274146712e+01,0.000000000000000000e+00,0.000000000000000000e+00
7.985891234587803922e+01,0.000000000000000000e+00,0.000000000000000000e+00
8.114461430557426525e+01,0.000000000000000000e+00,0.000000000000000000e+00
8.122969438784760143e+01,0.000000000000000000e+00,0.000000000000000000e+00
7.763855829979651446e+01,0.000000000000000000e+00,0.000000000000000000e+00
8.328853179270953433e+01,0.000000000000000000e+00,0.000000000000000000e+00
7.757161377913462275e+01,0.000000000000000000e+00,0.000000000000000000e+00
8.083033141996803295e+01,0.000000000000000000e+00,0.000000000000000000e+00
7.980397930000380313e+01,0.000000000000000000e+00,0.000000000000000000e+00
7.925110998270460527e+01,0.000000000000000000e+00,0.000000000000000000e+00
7.662561669775826090e+01,0.000000000000000000e+00,0.000000000000000000e+00
8.185129502589957440e+01,0.000000000000000000e+00,0.000000000000000000e+00
8.106750898478624379e+01,0.000000000000000000e+00,0.000000000000000000e+00
7.934282972956395952e+01,0.000000000000000000e+00,0.000000000000000000e+00
7.914661673585096935e+01,0.000000000000000000e+00,0.000000000000000000e+00
7.996128605299378478e+01,0.000000000000000000e+00,0.000000000000000000e+00
8.089067423865498085e+01,0.000000000000000000e+00,0.000000000000000000e+00
7.920062438759202905e+01,0.000000000000000000e+00,0.000000000000000000e+00
8.168752237580071096e+01,0.000000000000000000e+00,0.000000000000000000e+00
7.817831168207138148e+01,0.000000000000000000e+00,0.000000000000000000e+00
7.873442303518889673e+01,0.000000000000000000e+00,0.000000000000000000e+00
7.715085846553036220e+01,0.000000000000000000e+00,0.000000000000000000e+00
7.940715987682010280e+01,0.000000000000000000e+00,0.000000000000000000e+00
7.972192637025145245e+01,0.000000000000000000e+00,0.000000000000000000e+00
7.937109320366641896e+01,0.000000000000000000e+00,0.000000000000000000e+00
7.739282696764779246e+01,0.000000000000000000e+00,0.000000000000000000e+00
8.002596065827505356e+01,0.000000000000000000e+00,0.000000000000000000e+00
8.089938132281596950e+01,0.000000000000000000e+00,0.000000000000000000e+00
7.478678220852972913e+01,0.000000000000000000e+00,0.000000000000000000e+00
7.885509540701347930e+01,0.000000000000000000e+00,0.000000000000000000e+00
8.017535040263744861e+01,0.000000000000000000e+00,0.000000000000000000e+00
7.877497208642148507e+01,0.000000000000000000e+00,0.000000000000000000e+00
8.242283645988075591e+01,0.000000000000000000e+00,0.000000000000000000e+00
7.974706411832802644e+01,0.000000000000000000e+00,0.000000000000000000e+00
8.203879070867340317e+01,0.000000000000000000e+00,0.000000000000000000e+00
8.084155444286305681e+01,0.000000000000000000e+00,0.000000000000000000e+00
7.672853835669604905e+01,0.000000000000000000e+00,0.000000000000000000e+00
8.096152054874562509e+01,0.000000000000000000e+00,0.000000000000000000e+00
8.090713952801959863e+01,0.000000000000000000e+00,0.000000000000000000e+00
8.186444209419522622e+01,0.000000000000000000e+00,0.000000000000000000e+00
8.021364268639334227e+01,0.000000000000000000e+00,0.000000000000000000e+00
8.179313909863267895e+01,0.000000000000000000e+00,0.000000000000000000e+00
8.054551256445127194e+01,0.000000000000000000e+00,0.000000000000000000e+00
8.183582960211454349e+01,0.000000000000000000e+00,0.000000000000000000e+00
8.009097963092278860e+01,0.000000000000000000e+00,0.000000000000000000e+00
7.584603159206426426e+01,0.000000000000000000e+00,0.000000000000000000e+00
8.207540742773350928e+01,0.000000000000000000e+00,0.000000000000000000e+00
8.204231798100147444e+01,0.000000000000000000e+00,0.000000000000000000e+00
7.337220488429248633e+01,0.000000000000000000e+00,0.000000000000000000e+00
7.806062605971095536e+01,0.000000000000000000e+00,0.000000000000000000e+00
8.270220683259991290e+01,0.000000000000000000e+00,0.000000000000000000e+00
7.839068613061157009e+01,0.000000000000000000e+00,0.000000000000000000e+00
7.782937788594443873e+01,0.000000000000000000e+00,0.000000000000000000e+00
8.186108215453562309e+01,0.000000000000000000e+00,0.000000000000000000e+00
7.746379681034912323e+01,0.000000000000000000e+00,0.000000000000000000e+00
8.259304557114400325e+01,0.000000000000000000e+00,0.000000000000000000e+00
7.758266959013681685e+01,0.000000000000000000e+00,0.000000000000000000e+00
7.502880324043087512e+01,0.000000000000000000e+00,0.000000000000000000e+00
7.935198168857517942e+01,0.000000000000000000e+00,0.000000000000000000e+00
8.050553244495517902e+01,0.000000000000000000e+00,0.000000000000000000e+00
8.070069069726332600e+01,0.000000000000000000e+00,0.000000000000000000e+00
7.856212815031086905e+01,0.000000000000000000e+00,0.000000000000000000e+00
8.108702019504058001e+01,0.000000000000000000e+00,0.000000000000000000e+00
7.755681894395628717e+01,0.000000000000000000e+00,0.000000000000000000e+00
8.482141195374579468e+01,0.000000000000000000e+00,0.000000000000000000e+00
8.094927658400864345e+01,0.000000000000000000e+00,0.000000000000000000e+00
8.252547392127208070e+01,0.000000000000000000e+00,0.000000000000000000e+00
7.987894460894669635e+01,0.000000000000000000e+00,0.000000000000000000e+00
7.630947893699713802e+01,0.000000000000000000e+00,0.000000000000000000e+00
8.001388953979939345e+01,0.000000000000000000e+00,0.000000000000000000e+00
7.988419306956498644e+01,0.000000000000000000e+00,0.000000000000000000e+00
7.989250836818003165e+01,0.000000000000000000e+00,0.000000000000000000e+00
7.735679274584310861e+01,0.000000000000000000e+00,0.000000000000000000e+00
8.142560049060982408e+01,0.000000000000000000e+00,0.000000000000000000e+00
8.141323087597118047e+01,0.000000000000000000e+00,0.000000000000000000e+00
8.284237841140105729e+01,0.000000000000000000e+00,0.000000000000000000e+00
7.827485772909325590e+01,0.000000000000000000e+00,0.000000000000000000e+00
7.962145873732833934e+01,0.000000000000000000e+00,0.000000000000000000e+00
8.080038647648053995e+01,0.000000000000000000e+00,0.000000000000000000e+00
8.431654340858733576e+01,0.000000000000000000e+00,0.000000000000000000e+00
8.012417999930848111e+01,0.000000000000000000e+00,0.000000000000000000e+00
8.154001736173221104e+01,0.000000000000000000e+00,0.000000000000000000e+00
7.928860435071391066e+01,0.000000000000000000e+00,0.000000000000000000e+00
8.121033624821963315e+01,0.000000000000000000e+00,0.000000000000000000e+00
3.230174307722710836e+01,0.000000000000000000e+00,0.000000000000000000e+00
3.205294694747384909e+01,0.000000000000000000e+00,0.000000000000000000e+00
3.181970853684561362e+01,0.000000000000000000e+00,0.000000000000000000e+00
3.100252820606173287e+01,0.000000000000000000e+00,0.000000000000000000e+00
3.019313905288649735e+01,0.000000000000000000e+00,0.000000000000000000e+00
3.139369451353213591e+01,0.000000000000000000e+00,0.000000000000000000e+00
2.954957594782636932e+01,0.000000000000000000e+00,0.000000000000000000e+00
2.988514395149466196e+01,0.000000000000000000e+00,0.000000000000000000e+00
2.880695925912547395e+01,0.000000000000000000e+00,0.000000000000000000e+00
3.259276634559703467e+01,0.000000000000000000e+00,0.000000000000000000e+00
3.171706721702194542e+01,0.000000000000000000e+00,0.000000000000000000e+00
3.075222904604683194e+01,0.000000000000000000e+00,0.000000000000000000e+00
2.643895965952900440e+01,0.000000000000000000e+00,0.000000000000000000e+00
1.812187408912772568e+01,0.000000000000000000e+00,0.000000000000000000e+00
2.048725456828340086e+01,0.000000000000000000e+00,0.000000000000000000e+00
2.159716705618113863e+01,0.000000000000000000e+00,0.000000000000000000e+00
2.391469705577995697e+01,0.000000000000000000e+00,0.000000000000000000e+00
2.393634385868271153e+01,0.000000000000000000e+00,0.000000000000000000e+00
1.998138443480341309e+01,0.000000000000000000e+00,0.000000000000000000e+00
2.361075102516074153e+01,0.000000000000000000e+00,0.000000000000000000e+00
1.803565687123994721e+01,0.000000000000000000e+00,0.000000000000000000e+00
2.347917458889153153e+01,0.000000000000000000e+00,0.000000000000000000e+00
2.195807613417102999e+01,0.000000000000000000e+00,0.000000000000000000e+00
2.365522077024040470e+01,0.000000000000000000e+00,0.000000000000000000e+00
1.931314714470423866e+01,0.000000000000000000e+00,0.000000000000000000e+00
2.232752124030323060e+01,0.000000000000000000e+00,0.000000000000000000e+00
2.046382245628695529e+01,0.000000000000000000e+00,0.000000000000000000e+00
2.094588964057129843e+01,0.000000000000000000e+00,0.000000000000000000e+00
2.008503898856833203e+01,0.000000000000000000e+00,0.000000000000000000e+00
2.315829267002366620e+01,0.000000000000000000e+00,0.000000000000000000e+00
2.085006292863236865e+01,0.000000000000000000e+00,0.000000000000000000e+00
2.209359089133215548e+01,0.000000000000000000e+00,0.000000000000000000e+00
2.031406942313936170e+01,0.000000000000000000e+00,0.000000000000000000e+00
1.803037741579796460e+01,0.000000000000000000e+00,0.000000000000000000e+00
2.294469643828880479e+01,0.000000000000000000e+00,0.000000000000000000e+00
1.929668793032720231e+01,0.000000000000000000e+00,0.000000000000000000e+00
1.753221578240911782e+01,0.000000000000000000e+00,0.000000000000000000e+00
1.873327709782056516e+01,0.000000000000000000e+00,0.000000000000000000e+00
1.555133999664155553e+01,0.000000000000000000e+00,0.000000000000000000e+00
2.215963120642908279e+01,0.000000000000000000e+00,0.000000000000000000e+00
2.179295213481778148e+01,0.000000000000000000e+00,0.000000000000000000e+00
1.803878185430034264e+01,0.000000000000000000e+00,0.000000000000000000e+00
2.009582125677754050e+01,0.000000000000000000e+00,0.000000000000000000e+00
2.116120786101896201e+01,0.000000000000000000e+00,0.000000000000000000e+00
1.924779226835774537e+01,0.000000000000000000e+00,0.000000000000000000e+00
2.087138648624709703e+01,0.000000000000000000e+00,0.000000000000000000e+00
2.443806626049410724e+01,0.000000000000000000e+00,0.000000000000000000e+00
2.289794283601118963e+01,0.000000000000000000e+00,0.000000000000000000e+00
1.380901844787125654e+01,0.000000000000000000e+00,0.000000000000000000e+00
2.022335104467369860e+01,0.000000000000000000e+00,0.000000000000000000e+00
2.077316766674303139e+01,0.000000000000000000e+00,0.000000000000000000e+00
2.051641692181042842e+01,0.000000000000000000e+00,0.000000000000000000e+00
1.858784696822704774e+01,0.000000000000000000e+00,0.000000000000000000e+00
2.367362362009845000e+01,0.000000000000000000e+00,0.000000000000000000e+00
1.827453422490991386e+01,0.000000000000000000e+00,0.000000000000000000e+00
1.880332712661280681e+01,0.000000000000000000e+00,0.000000000000000000e+00
2.082890339142865344e+01,0.000000000000000000e+00,0.000000000000000000e+00
1.818920473644759284e+01,0.000000000000000000e+00,0.000000000000000000e+00
2.075420703783234799e+01,0.000000000000000000e+00,0.000000000000000000e+00
1.746053521417384502e+01,0.000000000000000000e+00,0.000000000000000000e+00
2.022682611682133214e+01,0.000000000000000000e+00,0.000000000000000000e+00
1.958995656773999983e+01,0.000000000000000000e+00,0.000000000000000000e+00
1.759494081912642827e+01,0.000000000000000000e+00,0.000000000000000000e+00
1.723746521989338731e+01,0.000000000000000000e+00,0.000000000000000000e+00
1.796459703686457843e+01,0.000000000000000000e+00,0.000000000000000000e+00
1.623784001322509596e+01,0.000000000000000000e+00,0.000000000000000000e+00
2.012140445112656906e+01,0.000000000000000000e+00,0.000000000000000000e+00
1.918754436309084710e+01,0.000000000000000000e+00,0.000000000000000000e+00
1.931373574583896158e+01,0.000000000000000000e+00,0.000000000000000000e+00
1.909947724971504712e+01,0.000000000000000000e+00,0.000000000000000000e+00
2.171111956094955531e+01,0.000000000000000000e+00,0.000000000000000000e+00
2.023778675163516994e+01,0.000000000000000000e+00,0.000000000000000000e+00
1.940789942771992216e+01,0.000000000000000000e+00,0.000000000000000000e+00
1.731749223335594934e+01,0.000000000000000000e+00,0.000000000000000000e+00
1.792936189534757574e+01,0.000000000000000000e+00,0.000000000000000000e+00
2.175826490291617787e+01,0.000000000000000000e+00,0.000000000000000000e+00
2.130290193313447134e+01,0.000000000000000000e+00,0.000000000000000000e+00
2.028466293609338678e+01,0.000000000000000000e+00,0.000000000000000000e+00
1.900927695206377166e+01,0.000000000000000000e+00,0.000000000000000000e+00
1.826554516700908337e+01,0.000000000000000000e+00,0.000000000000000000e+00
1.793114217231761032e+01,0.000000000000000000e+00,0.000000000000000000e+00
2.353571497739119778e+01,0.000000000000000000e+00,0.000000000000000000e+00
2.009476459985753038e+01,0.000000000000000000e+00,0.000000000000000000e+00
2.112034382004581445e+01,0.000000000000000000e+00,0.000000000000000000e+00
2.224627654138863875e+01,0.000000000000000000e+00,0.000000000000000000e+00
1.999647456273874369e+01,0.000000000000000000e+00,0.000000000000000000e+00
1.987016506434795104e+01,0.000000000000000000e+00,0.000000000000000000e+00
2.545645053079028486e+01,0.000000000000000000e+00,0.000000000000000000e+00
2.183422798505710105e+01,0.000000000000000000e+00,0.000000000000000000e+00
2.125186703720529380e+01,0.000000000000000000e+00,0.000000000000000000e+00
2.213295584456134080e+01,0.000000000000000000e+00,0.000000000000000000e+00
1.874910807643871280e+01,0.000000000000000000e+00,0.000000000000000000e+00
2.052486353841360156e+01,0.000000000000000000e+00,0.000000000000000000e+00
2.162274930444340981e+01,0.000000000000000000e+00,0.000000000000000000e+00
2.258828833629018717e+01,0.000000000000000000e+00,0.000000000000000000e+00
2.273557298974243679e+01,0.000000000000000000e+00,0.000000000000000000e+00
1.621779457659796009e+01,0.000000000000000000e+00,0.000000000000000000e+00
1.732258820857167336e+01,0.000000000000000000e+00,0.000000000000000000e+00
1.868348577989304360e+01,0.000000000000000000e+00,0.000000000000000000e+00
2.174998457985155298e+01,0.000000000000000000e+00,0.000000000000000000e+00
1.844543493588187033e+01,0.000000000000000000e+00,0.000000000000000000e+00
2.005762318837129854e+01,0.000000000000000000e+00,0.000000000000000000e+00
2.028412051860540899e+01,0.000000000000000000e+00,0.000000000000000000e+00
1.928114231598485517e+01,0.000000000000000000e+00,0.000000000000000000e+00
2.300792891401303564e+01,0.000000000000000000e+00,0.000000000000000000e+00
2.241886691952539223e+01,0.000000000000000000e+00,0.000000000000000000e+00
2.028664251621586345e+01,0.000000000000000000e+00,0.000000000000000000e+00
1.591276153267899574e+01,0.000000000000000000e+00,0.000000000000000000e+00
1.957794482211886233e+01,0.000000000000000000e+00,0.000000000000000000e+00
2.056395396070062276e+01,0.000000000000000000e+00,0.000000000000000000e+00
1.563802451310334440e+01,0.000000000000000000e+00,0.000000000000000000e+00
1.949481589718829255e+01,0.000000000000000000e+00,0.000000000000000000e+00
1.977508094014389428e+01,0.000000000000000000e+00,0.000000000000000000e+00
1.904941102820941623e+01,0.000000000000000000e+00,0.000000000000000000e+00
1.762918110589582099e+01,0.000000000000000000e+00,0.000000000000000000e+00
2.293089907309950704e+01,0.000000000000000000e+00,0.000000000000000000e+00
1.976489535712672563e+01,0.000000000000000000e+00,0.000000000000000000e+00
2.099824005807586147e+01,0.000000000000000000e+00,0.000000000000000000e+00
2.038396219317251479e+01,0.000000000000000000e+00,0.000000000000000000e+00
2.027081303765776710e+01,0.000000000000000000e+00,0.000000000000000000e+00
2.160102880447440654e+01,0.000000000000000000e+00,0.000000000000000000e+00
2.102892345423930465e+01,0.000000000000000000e+00,0.000000000000000000e+00
2.098961456412250470e+01,0.000000000000000000e+00,0.000000000000000000e+00
1.931618469991946085e+01,0.000000000000000000e+00,0.000000000000000000e+00
1.651925231606708877e+01,0.000000000000000000e+00,0.000000000000000000e+00
2.117566581314556018e+01,0.000000000000000000e+00,0.000000000000000000e+00
1.959998657212580753e+01,0.000000000000000000e+00,0.000000000000000000e+00
1.876705161249658005e+01,0.000000000000000000e+00,0.000000000000000000e+00
1.514579480599790884e+01,0.000000000000000000e+00,0.000000000000000000e+00
2.536916712589568590e+01,0.000000000000000000e+00,0.000000000000000000e+00
2.095315717017713908e+01,0.000000000000000000e+00,0.000000000000000000e+00
2.372469334719378509e+01,0.000000000000000000e+00,0.000000000000000000e+00
2.085143928953638692e+01,0.000000000000000000e+00,0.000000000000000000e+00
2.006314989803853521e+01,0.000000000000000000e+00,0.000000000000000000e+00
2.126862574606778011e+01,0.000000000000000000e+00,0.000000000000000000e+00
2.064062191402717872e+01,0.000000000000000000e+00,0.000000000000000000e+00
2.185708363972894475e+01,0.000000000000000000e+00,0.000000000000000000e+00
2.102475450391280276e+01,0.000000000000000000e+00,0.000000000000000000e+00
2.021535817846460503e+01,0.000000000000000000e+00,0.000000000000000000e+00
2.358620812956220192e+01,0.000000000000000000e+00,0.000000000000000000e+00
2.037320470764825942e+01,0.000000000000000000e+00,0.000000000000000000e+00
2.189841910869825270e+01,0.000000000000000000e+00,0.000000000000000000e+00
1.831955745787553624e+01,0.000000000000000000e+00,0.000000000000000000e+00
2.142777798389927213e+01,0.000000000000000000e+00,0.000000000000000000e+00
2.255392808160676310e+01,0.000000000000000000e+00,0.000000000000000000e+00
1.964761917383537337e+01,0.000000000000000000e+00,0.000000000000000000e+00
1.770046307166369459e+01,0.000000000000000000e+00,0.000000000000000000e+00
2.281418844161420623e+01,0.000000000000000000e+00,0.000000000000000000e+00
2.324309902928583682e+01,0.000000000000000000e+00,0.000000000000000000e+00
1.987622871683856118e+01,0.000000000000000000e+00,0.000000000000000000e+00
2.207543300354748794e+01,0.000000000000000000e+00,0.000000000000000000e+00
2.033610779987723305e+01,0.000000000000000000e+00,0.000000000000000000e+00
1.970752973374268535e+01,0.000000000000000000e+00,0.000000000000000000e+00
2.065276942118379466e+01,0.000000000000000000e+00,0.000000000000000000e+00
1.842464763063078692e+01,0.000000000000000000e+00,0.000000000000000000e+00
1.611804305435906315e+01,0.000000000000000000e+00,0.000000000000000000e+00
2.026449201036585279e+01,0.000000000000000000e+00,0.000000000000000000e+00
2.167253356669371556e+01,0.000000000000000000e+00,0.000000000000000000e+00
2.108370313644081406e+01,0.000000000000000000e+00,0.000000000000000000e+00
2.133669055697602346e+01,0.000000000000000000e+00,0.000000000000000000e+00
1.869622013580612574e+01,0.000000000000000000e+00,0.000000000000000000e+00
1.866664975881548472e+01,0.000000000000000000e+00,0.000000000000000000e+00
2.012545611483658448e+01,0.000000000000000000e+00,0.000000000000000000e+00
1.862358672709098073e+01,0.000000000000000000e+00,0.000000000000000000e+00
1.858772105547836162e+01,0.000000000000000000e+00,0.000000000000000000e+00
1.794498948057114873e+01,0.000000000000000000e+00,0.000000000000000000e+00
1.741146613389204845e+01,0.000000000000000000e+00,0.000000000000000000e+00
1.997547860937469011e+01,0.000000000000000000e+00,0.000000000000000000e+00
2.166926341447197046e+01,0.000000000000000000e+00,0.000000000000000000e+00
1.939581987482104708e+01,0.000000000000000000e+00,0.000000000000000000e+00
1.918775926401711018e+01,0.000000000000000000e+00,0.000000000000000000e+00
2.123661112331672030e+01,0.000000000000000000e+00,0.000000000000000000e+00
1.664786738540580657e+01,0.000000000000000000e+00,0.000000000000000000e+00
1.829018673014126506e+01,0.000000000000000000e+00,0.000000000000000000e+00
2.082956824785519245e+01,0.000000000000000000e+00,0.000000000000000000e+00
2.023469331513342695e+01,0.000000000000000000e+00,0.000000000000000000e+00
1.784589190230125766e+01,0.000000000000000000e+00,0.000000000000000000e+00
1.510148193638360681e+01,0.000000000000000000e+00,0.000000000000000000e+00
1.757142600400688437e+01,0.000000000000000000e+00,0.000000000000000000e+00
2.047431715665105756e+01,0.000000000000000000e+00,0.000000000000000000e+00
6.892220434885231839e+01,0.000000000000000000e+00,0.000000000000000000e+00
6.399036128866991646e+01,0.000000000000000000e+00,0.000000000000000000e+00
6.698338820996046650e+01,0.000000000000000000e+00,0.000000000000000000e+00
6.874935126461689094e+01,0.000000000000000000e+00,0.000000000000000000e+00
6.605495733952390935e+01,0.000000000000000000e+00,0.000000000000000000e+00
6.811620345039519009e+01,0.000000000000000000e+00,0.000000000000000000e+00
6.734144591477220843e+01,0.000000000000000000e+00,0.000000000000000000e+00
6.553830109906735402e+01,0.000000000000000000e+00,0.000000000000000000e+00
6.572147578955011227e+01,0.000000000000000000e+00,0.000000000000000000e+00
6.987214033307927252e+01,0.000000000000000000e+00,0.000000000000000000e+00
7.007690384996566024e+01,0.000000000000000000e+00,0.000000000000000000e+00
6.870660024579930791e+01,0.000000000000000000e+00,0.000000000000000000e+00
7.795587633167359343e+01,0.000000000000000000e+00,0.000000000000000000e+00
7.945846029718941850e+01,0.000000000000000000e+00,0.000000000000000000e+00
8.022565203241305198e+01,0.000000000000000000e+00,0.000000000000000000e+00
7.376498474778753689e+01,0.000000000000000000e+00,0.000000000000000000e+00
7.599296896960622405e+01,0.000000000000000000e+00,0.000000000000000000e+00
7.878797897169597775e+01,0.000000000000000000e+00,0.000000000000000000e+00
7.778532270991752284e+01,0.000000000000000000e+00,0.000000000000000000e+00
7.862784219903988969e+01,0.000000000000000000e+00,0.000000000000000000e+00
8.007891203185833717e+01,0.000000000000000000e+00,0.000000000000000000e+00
7.652082674328843837e+01,0.000000000000000000e+00,0.000000000000000000e+00
7.477269173929452961e+01,0.000000000000000000e+00,0.000000000000000000e+00
7.978590299197985303e+01,0.000000000000000000e+00,0.000000000000000000e+00
8.031858024790027173e+01,0.000000000000000000e+00,0.000000000000000000e+00
8.291759020276795411e+01,0.000000000000000000e+00,0.000000000000000000e+00
8.038692212397067749e+01,0.000000000000000000e+00,0.000000000000000000e+00
8.547878651811473105e+01,0.000000000000000000e+00,0.000000000000000000e+00
8.013815741854260466e+01,0.000000000000000000e+00,0.000000000000000000e+00
8.078791878360287626e+01,0.000000000000000000e+00,0.000000000000000000e+00
8.262788027111741940e+01,0.000000000000000000e+00,0.000000000000000000e+00
8.068233989149076990e+01,0.000000000000000000e+00,0.000000000000000000e+00
7.968307789309490374e+01,0.000000000000000000e+00,0.000000000000000000e+00
8.349862671962925731e+01,0.000000000000000000e+00,0.000000000000000000e+00
7.806927788156971815e+01,0.000000000000000000e+00,0.000000000000000000e+00
7.866275122153986388e+01,0.000000000000000000e+00,0.000000000000000000e+00
7.936888930324920466e+01,0.000000000000000000e+00,0.000000000000000000e+00
8.112920035588490464e+01,0.000000000000000000e+00,0.000000000000000000e+00
8.127016941901439395e+01,0.000000000000000000e+00,0.000000000000000000e+00
7.745177503993603807e+01,0.000000000000000000e+00,0.000000000000000000e+00
8.119846130938734063e+01,0.000000000000000000e+00,0.000000000000000000e+00
7.831792080368209952e+01,0.000000000000000000e+00,0.000000000000000000e+00
7.856592843101810786e+01,0.000000000000000000e+00,0.000000000000000000e+00
8.049937922365454313e+01,0.000000000000000000e+00,0.000000000000000000e+00
7.958178489093668873e+01,0.000000000000000000e+00,0.000000000000000000e+00
8.096222090079722022e+01,0.000000000000000000e+00,0.000000000000000000e+00
7.779643779751178556e+01,0.000000000000000000e+00,0.000000000000000000e+00
8.154064602773007664e+01,0.000000000000000000e+00,0.000000000000000000e+00
7.835976776220742579e+01,0.000000000000000000e+00,0.000000000000000000e+00
7.891396702981981548e+01,0.000000000000000000e+00,0.000000000000000000e+00
7.587744157743671281e+01,0.000000000000000000e+00,0.000000000000000000e+00
8.035989684735073979e+01,0.000000000000000000e+00,0.000000000000000000e+00
8.351227539696057534e+01,0.000000000000000000e+00,0.000000000000000000e+00
8.189063310359149739e+01,0.000000000000000000e+00,0.000000000000000000e+00
7.733540361806667818e+01,0.000000000000000000e+00,0.000000000000000000e+00
7.880474655111896709e+01,0.000000000000000000e+00,0.000000000000000000e+00
7.719298868115053835e+01,0.000000000000000000e+00,0.000000000000000000e+00
7.890080004932096358e+01,0.000000000000000000e+00,0.000000000000000000e+00
8.142484027437166105e+01,0.000000000000000000e+00,0.000000000000000000e+00
7.929707214761808132e+01,0.000000000000000000e+00,0.000000000000000000e+00
8.238647551763752119e+01,0.000000000000000000e+00,0.000000000000000000e+00
8.170525090635256049e+01,0.000000000000000000e+00,0.000000000000000000e+00
7.886170943730014926e+01,0.000000000000000000e+00,0.000000000000000000e+00
8.049993327803203158e+01,0.000000000000000000e+00,0.000000000000000000e+00
7.989607019972193314e+01,0.000000000000000000e+00,0.000000000000000000e+00
8.394318386938476806e+01,0.000000000000000000e+00,0.000000000000000000e+00
8.056151713708788975e+01,0.000000000000000000e+00,0.000000000000000000e+00
7.930207654679070117e+01,0.000000000000000000e+00,0.000000000000000000e+00
7.898095066445272039e+01,0.000000000000000000e+00,0.000000000000000000e+00
7.932175565749375323e+01,0.000000000000000000e+00,0.000000000000000000e+00
8.179696912073089266e+01,0.000000000000000000e+00,0.000000000000000000e+00
7.410056833141020149e+01,0.000000000000000000e+00,0.000000000000000000e+00
8.058120594709161821e+01,0.000000000000000000e+00,0.000000000000000000e+00
7.941686412456648725e+01,0.000000000000000000e+00,0.000000000000000000e+00
8.371029986180336380e+01,0.000000000000000000e+00,0.000000000000000000e+00
7.865261388240068641e+01,0.000000000000000000e+00,0.000000000000000000e+00
8.112529174133457843e+01,0.000000000000000000e+00,0.000000000000000000e+00
7.961180364001393173e+01,0.000000000000000000e+00,0.000000000000000000e+00
7.850025453345585902e+01,0.000000000000000000e+00,0.000000000000000000e+00
7.900965750180358782e+01,0.000000000000000000e+00,0.000000000000000000e+00
8.071673120237561250e+01,0.000000000000000000e+00,0.000000000000000000e+00
8.030586377398799414e+01,0.000000000000000000e+00,0.000000000000000000e+00
8.056072246212048071e+01,0.000000000000000000e+00,0.000000000000000000e+00
7.363822962914854031e+01,0.000000000000000000e+00,0.000000000000000000e+00
8.064505636006492750e+01,0.000000000000000000e+00,0.000000000000000000e+00
7.798526973077701996e+01,0.000000000000000000e+00,0.000000000000000000e+00
8.049901336250862016e+01,0.000000000000000000e+00,0.000000000000000000e+00
7.941911594604033553e+01,0.000000000000000000e+00,0.000000000000000000e+00
7.822925408464976726e+01,0.000000000000000000e+00,0.000000000000000000e+00
8.100636229723752990e+01,0.000000000000000000e+00,0.000000000000000000e+00
8.067418678441904945e+01,0.000000000000000000e+00,0.000000000000000000e+00
7.552927503621954486e+01,0.000000000000000000e+00,0.000000000000000000e+00
7.880688118028926681e+01,0.000000000000000000e+00,0.000000000000000000e+00
7.952902992174712438e+01,0.000000000000000000e+00,0.000000000000000000e+00
7.970100585428718887e+01,0.000000000000000000e+00,0.000000000000000000e+00
8.151236503121089072e+01,0.000000000000000000e+00,0.000000000000000000e+00
7.882770387994530381e+01,0.000000000000000000e+00,0.000000000000000000e+00
7.740957081992334565e+01,0.000000000000000000e+00,0.000000000000000000e+00
8.133478883742482424e+01,0.000000000000000000e+00,0.000000000000000000e+00
7.970549256047843301e+01,0.000000000000000000e+00,0.000000000000000000e+00
8.297975777990149027e+01,0.000000000000000000e+00,0.000000000000000000e+00
8.313810719213674361e+01,0.000000000000000000e+00,0.000000000000000000e+00
8.163301812066980290e+01,0.000000000000000000e+00,0.000000000000000000e+00
7.715761718854584217e+01,0.000000000000000000e+00,0.000000000000000000e+00
8.063989214637139469e+01,0.000000000000000000e+00,0.000000000000000000e+00
7.909884842673898220e+01,0.000000000000000000e+00,0.000000000000000000e+00
8.021806410775357676e+01,0.000000000000000000e+00,0.000000000000000000e+00
8.305313156545875586e+01,0.000000000000000000e+00,0.000000000000000000e+00
2.943450597047578299e+01,0.000000000000000000e+00,0.000000000000000000e+00
3.152610520885844281e+01,0.000000000000000000e+00,0.000000000000000000e+00
3.285554882298129797e+01,0.000000000000000000e+00,0.000000000000000000e+00
3.215861434185903533e+01,0.000000000000000000e+00,0.000000000000000000e+00
3.220290478374799648e+01,0.000000000000000000e+00,0.000000000000000000e+00
3.029232039019474243e+01,0.000000000000000000e+00,0.000000000000000000e+00
3.143279721354409872e+01,0.000000000000000000e+00,0.000000000000000000e+00
3.281263662952622440e+01,0.000000000000000000e+00,0.000000000000000000e+00
3.160549947854461195e+01,0.000000000000000000e+00,0.000000000000000000e+00
2.977054562093882240e+01,0.000000000000000000e+00,0.000000000000000000e+00
3.670136011826921418e+01,0.000000000000000000e+00,0.000000000000000000e+00
3.068417210340357570e+01,0.000000000000000000e+00,0.000000000000000000e+00
2.197201012607574100e+01,0.000000000000000000e+00,0.000000000000000000e+00
1.911644447791643842e+01,0.000000000000000000e+00,0.000000000000000000e+00
2.473814388371868134e+01,0.000000000000000000e+00,0.000000000000000000e+00
2.398705501272437246e+01,0.000000000000000000e+00,0.000000000000000000e+00
2.354405576619769391e+01,0.000000000000000000e+00,0.000000000000000000e+00
2.295440673430257306e+01,0.000000000000000000e+00,0.000000000000000000e+00
2.536832903920742766e+01,0.000000000000000000e+00,0.000000000000000000e+00
2.172045398027543683e+01,0.000000000000000000e+00,0.000000000000000000e+00
2.193600651307298222e+01,0.000000000000000000e+00,0.000000000000000000e+00
2.208879492262506261e+01,0.000000000000000000e+00,0.000000000000000000e+00
1.862790878372131331e+01,0.000000000000000000e+00,0.000000000000000000e+00
2.138831551742233117e+01,0.000000000000000000e+00,0.000000000000000000e+00
2.296214749518707876e+01,0.000000000000000000e+00,0.000000000000000000e+00
1.970332255686772172e+01,0.000000000000000000e+00,0.000000000000000000e+00
2.253136828380351275e+01,0.000000000000000000e+00,0.000000000000000000e+00
1.866464468414694267e+01,0.000000000000000000e+00,0.000000000000000000e+00
2.021955555846197683e+01,0.000000000000000000e+00,0.000000000000000000e+00
2.257637655966347623e+01,0.000000000000000000e+00,0.000000000000000000e+00
2.461127560385910584e+01,0.000000000000000000e+00,0.000000000000000000e+00
2.037147451596619163e+01,0.000000000000000000e+00,0.000000000000000000e+00
1.962695869416899441e+01,0.000000000000000000e+00,0.000000000000000000e+00
1.926193453054556670e+01,0.000000000000000000e+00,0.000000000000000000e+00
2.047758858938634319e+01,0.000000000000000000e+00,0.000000000000000000e+00
1.843287713399455541e+01,0.000000000000000000e+00,0.000000000000000000e+00
2.295761368188954066e+01,0.000000000000000000e+00,0.000000000000000000e+00
2.064035499828135301e+01,0.000000000000000000e+00,0.000000000000000000e+00
2.072872523560413072e+01,0.000000000000000000e+00,0.000000000000000000e+00
1.776718307406126840e+01,0.000000000000000000e+00,0.000000000000000000e+00
1.757025832593504688e+01,0.000000000000000000e+00,0.000000000000000000e+00
1.848348289823220725e+01,0.000000000000000000e+00,0.000000000000000000e+00
1.994363627064776168e+01,0.000000000000000000e+00,0.000000000000000000e+00
2.356546789480863424e+01,0.000000000000000000e+00,0.000000000000000000e+00
1.631948061849401199e+01,0.000000000000000000e+00,0.000000000000000000e+00
2.109722214184802880e+01,0.000000000000000000e+00,0.000000000000000000e+00
2.092732942343498692e+01,0.000000000000000000e+00,0.000000000000000000e+00
2.164083979359286758e+01,0.000000000000000000e+00,0.000000000000000000e+00
1.888880634281763804e+01,0.000000000000000000e+00,0.000000000000000000e+00
1.874432047811599489e+01,0.000000000000000000e+00,0.000000000000000000e+00
2.153210945455355940e+01,0.000000000000000000e+00,0.000000000000000000e+00
2.183062454226331894e+01,0.000000000000000000e+00,0.000000000000000000e+00
2.252764380139076295e+01,0.000000000000000000e+00,0.000000000000000000e+00
1.807615387795601336e+01,0.000000000000000000e+00,0.000000000000000000e+00
2.136151833508919040e+01,0.000000000000000000e+00,0.000000000000000000e+00
1.651975817381591938e+01,0.000000000000000000e+00,0.000000000000000000e+00
2.091559555773525858e+01,0.000000000000000000e+00,0.000000000000000000e+00
1.939908254224699746e+01,0.000000000000000000e+00,0.000000000000000000e+00
2.183841963425765442e+01,0.000000000000000000e+00,0.000000000000000000e+00
1.828104576651680446e+01,0.000000000000000000e+00,0.000000000000000000e+00
1.996494365039209384e+01,0.000000000000000000e+00,0.000000000000000000e+00
2.274110415962892162e+01,0.000000000000000000e+00,0.000000000000000000e+00
1.751357573010890789e+01,0.000000000000000000e+00,0.000000000000000000e+00
1.829406337436368801e+01,0.000000000000000000e+00,0.000000000000000000e+00
1.819760497598641891e+01,0.000000000000000000e+00,0.000000000000000000e+00
2.171039814071814789e+01,0.000000000000000000e+00,0.000000000000000000e+00
2.016058933079462889e+01,0.000000000000000000e+00,0.000000000000000000e+00
2.186441761939571649e+01,0.000000000000000000e+00,0.000000000000000000e+00
2.349076058254497212e+01,0.000000000000000000e+00,0.000000000000000000e+00
1.795530366706334036e+01,0.000000000000000000e+00,0.000000000000000000e+00
1.837773146430228621e+01,0.000000000000000000e+00,0.000000000000000000e+00
2.212982433739007959e+01,0.000000000000000000e+00,0.000000000000000000e+00
1.992854517748338594e+01,0.000000000000000000e+00,0.000000000000000000e+00
2.130656644957372237e+01,0.000000000000000000e+00,0.000000000000000000e+00
2.385596061057371742e+01,0.000000000000000000e+00,0.000000000000000000e+00
2.088687799129823830e+01,0.000000000000000000e+00,0.000000000000000000e+00
1.529591515820987979e+01,0.000000000000000000e+00,0.000000000000000000e+00
1.835350165408688383e+01,0.000000000000000000e+00,0.000000000000000000e+00
2.001200417957013045e+01,0.000000000000000000e+00,0.000000000000000000e+00
1.813653917286799810e+01,0.000000000000000000e+00,0.000000000000000000e+00
2.423807875995485972e+01,0.000000000000000000e+00,0.000000000000000000e+00
1.745412861451723430e+01,0.000000000000000000e+00,0.000000000000000000e+00
1.915341717395242327e+01,0.000000000000000000e+00,0.000000000000000000e+00
1.936967599750408198e+01,0.000000000000000000e+00,0.000000000000000000e+00
1.845811200079167591e+01,0.000000000000000000e+00,0.000000000000000000e+00
2.082596408842163882e+01,0.000000000000000000e+00,0.000000000000000000e+00
1.960093423725735562e+01,0.000000000000000000e+00,0.000000000000000000e+00
1.869875970288444833e+01,0.000000000000000000e+00,0.000000000000000000e+00
1.906227384341509890e+01,0.000000000000000000e+00,0.000000000000000000e+00
1.994652193681645969e+01,0.000000000000000000e+00,0.000000000000000000e+00
2.031408652311146312e+01,0.000000000000000000e+00,0.000000000000000000e+00
1.974050836714173940e+01,0.000000000000000000e+00,0.000000000000000000e+00
1.983112007335224547e+01,0.000000000000000000e+00,0.000000000000000000e+00
1.816623304909574443e+01,0.000000000000000000e+00,0.000000000000000000e+00
2.133973456069031371e+01,0.000000000000000000e+00,0.000000000000000000e+00
2.073724453602585172e+01,0.000000000000000000e+00,0.000000000000000000e+00
2.214466532115770292e+01,0.000000000000000000e+00,0.000000000000000000e+00
2.143053346215901556e+01,0.000000000000000000e+00,0.000000000000000000e+00
2.081422502116453899e+01,0.000000000000000000e+00,0.000000000000000000e+00
1.913018744437663443e+01,0.000000000000000000e+00,0.000000000000000000e+00
2.262237693946127592e+01,0.000000000000000000e+00,0.000000000000000000e+00
1.967660980489944933e+01,0.000000000000000000e+00,0.000000000000000000e+00
1.838297715796507603e+01,0.000000000000000000e+00,0.000000000000000000e+00
2.168717016298011302e+01,0.000000000000000000e+00,0.000000000000000000e+00
2.286391164681488064e+01,0.000000000000000000e+00,0.000000000000000000e+00
2.508957093344786315e+01,0.000000000000000000e+00,0.000000000000000000e+00
1.739541821317648029e+01,0.000000000000000000e+00,0.000000000000000000e+00
1.827245454393461443e+01,0.000000000000000000e+00,0.000000000000000000e+00
1.783764689127130865e+01,0.000000000000000000e+00,0.000000000000000000e+00
1.934650758668278314e+01,0.000000000000000000e+00,0.000000000000000000e+00
2.133572340004103651e+01,0.000000000000000000e+00,0.000000000000000000e+00
2.244967499412954126e+01,0.000000000000000000e+00,0.000000000000000000e+00
2.040839958812323474e+01,0.000000000000000000e+00,0.000000000000000000e+00
1.831831852814999451e+01,0.000000000000000000e+00,0.000000000000000000e+00
1.884457322076537267e+01,0.000000000000000000e+00,0.000000000000000000e+00
2.036895623786716669e+01,0.000000000000000000e+00,0.000000000000000000e+00
1.885700121665637141e+01,0.000000000000000000e+00,0.000000000000000000e+00
2.016870958545144177e+01,0.000000000000000000e+00,0.000000000000000000e+00
1.712211123749977304e+01,0.000000000000000000e+00,0.000000000000000000e+00
1.864791543132916019e+01,0.000000000000000000e+00,0.000000000000000000e+00
2.156965700763395688e+01,0.000000000000000000e+00,0.000000000000000000e+00
2.150635258889914780e+01,0.000000000000000000e+00,0.000000000000000000e+00
2.106354890500572807e+01,0.000000000000000000e+00,0.000000000000000000e+00
1.844379357648006490e+01,0.000000000000000000e+00,0.000000000000000000e+00
1.979290017155895498e+01,0.000000000000000000e+00,0.000000000000000000e+00
1.961669037428293194e+01,0.000000000000000000e+00,0.000000000000000000e+00
1.941888791380495505e+01,0.000000000000000000e+00,0.000000000000000000e+00
2.043764104037190776e+01,0.000000000000000000e+00,0.000000000000000000e+00
1.851196393545206931e+01,0.000000000000000000e+00,0.000000000000000000e+00
1.755664154959204737e+01,0.000000000000000000e+00,0.000000000000000000e+00
2.204577632703509593e+01,0.000000000000000000e+00,0.000000000000000000e+00
1.829784931840721995e+01,0.000000000000000000e+00,0.000000000000000000e+00
1.899330325404155317e+01,0.000000000000000000e+00,0.000000000000000000e+00
2.175939353714647240e+01,0.000000000000000000e+00,0.000000000000000000e+00
2.182437356229078773e+01,0.000000000000000000e+00,0.000000000000000000e+00
2.366750247559809139e+01,0.000000000000000000e+00,0.000000000000000000e+00
2.342477311389385974e+01,0.000000000000000000e+00,0.000000000000000000e+00
2.261493188198515369e+01,0.000000000000000000e+00,0.000000000000000000e+00
2.083130759996803150e+01,0.000000000000000000e+00,0.000000000000000000e+00
1.891974547538475449e+01,0.000000000000000000e+00,0.000000000000000000e+00
2.075047534481377909e+01,0.000000000000000000e+00,0.000000000000000000e+00
2.323048863853218649e+01,0.000000000000000000e+00,0.000000000000000000e+00
1.705029687720428200e+01,0.000000000000000000e+00,0.000000000000000000e+00
2.095236814951468318e+01,0.000000000000000000e+00,0.000000000000000000e+00
1.915018352930798073e+01,0.000000000000000000e+00,0.000000000000000000e+00
1.870856580290326932e+01,0.000000000000000000e+00,0.000000000000000000e+00
2.125476621252052922e+01,0.000000000000000000e+00,0.000000000000000000e+00
2.187969072250918146e+01,0.000000000000000000e+00,0.000000000000000000e+00
2.274024875241969568e+01,0.000000000000000000e+00,0.000000000000000000e+00
1.899305635936183023e+01,0.000000000000000000e+00,0.000000000000000000e+00
2.233379119254609790e+01,0.000000000000000000e+00,0.000000000000000000e+00
1.895534973527248823e+01,0.000000000000000000e+00,0.000000000000000000e+00
2.302409531979203550e+01,0.000000000000000000e+00,0.000000000000000000e+00
1.964489064299946008e+01,0.000000000000000000e+00,0.000000000000000000e+00
1.797092615542027261e+01,0.000000000000000000e+00,0.000000000000000000e+00
1.894910937925251915e+01,0.000000000000000000e+00,0.000000000000000000e+00
2.099611436213224636e+01,0.000000000000000000e+00,0.000000000000000000e+00
1.771986656983350628e+01,0.000000000000000000e+00,0.000000000000000000e+00
1.938218398311355273e+01,0.000000000000000000e+00,0.000000000000000000e+00
1.773883724156986830e+01,0.000000000000000000e+00,0.000000000000000000e+00
2.290914277803172183e+01,0.000000000000000000e+00,0.000000000000000000e+00
2.078071761250758698e+01,0.000000000000000000e+00,0.000000000000000000e+00
1.859376836641580155e+01,0.000000000000000000e+00,0.000000000000000000e+00
2.322316421553490784e+01,0.000000000000000000e+00,0.000000000000000000e+00
1.940623543551980745e+01,0.000000000000000000e+00,0.000000000000000000e+00
2.045551164520388099e+01,0.000000000000000000e+00,0.000000000000000000e+00
2.062020959820941357e+01,0.000000000000000000e+00,0.000000000000000000e+00
1.898694965689004377e+01,0.000000000000000000e+00,0.000000000000000000e+00
2.314289729001037799e+01,0.000000000000000000e+00,0.000000000000000000e+00
2.287674356073567239e+01,0.000000000000000000e+00,0.000000000000000000e+00
2.219151920148390289e+01,0.000000000000000000e+00,0.000000000000000000e+00
2.072968597039632499e+01,0.000000000000000000e+00,0.000000000000000000e+00
1.920484098711523302e+01,0.000000000000000000e+00,0.000000000000000000e+00
1.932652330513514372e+01,0.000000000000000000e+00,0.000000000000000000e+00
2.044921195145767356e+01,0.000000000000000000e+00,0.000000000000000000e+00
2.261463625312529402e+01,0.000000000000000000e+00,0.000000000000000000e+00
2.006146826597037602e+01,0.000000000000000000e+00,0.000000000000000000e+00
1.957013470955697088e+01,0.000000000000000000e+00,0.000000000000000000e+00
2.589403857467831216e+01,0.000000000000000000e+00,0.000000000000000000e+00
1.994992139983556356e+01,0.000000000000000000e+00,0.000000000000000000e+00
6.569436341191088502e+01,0.000000000000000000e+00,0.000000000000000000e+00
7.151550503733258779e+01,0.000000000000000000e+00,0.000000000000000000e+00
6.435257785538975384e+01,0.000000000000000000e+00,0.000000000000000000e+00
6.504785439376271938e+01,0.000000000000000000e+00,0.000000000000000000e+00
6.692696197302780092e+01,0.000000000000000000e+00,0.000000000000000000e+00
6.981185363152223999e+01,0.000000000000000000e+00,0.000000000000000000e+00
6.835052675492890728e+01,0.000000000000000000e+00,0.000000000000000000e+00
6.724365513632798752e+01,0.000000000000000000e+00,0.000000000000000000e+00
6.633816724089165007e+01,0.000000000000000000e+00,0.000000000000000000e+00
6.446383713179683639e+01,0.000000000000000000e+00,0.000000000000000000e+00
6.780309471015296197e+01,0.000000000000000000e+00,0.000000000000000000e+00
6.706277660249732264e+01,0.000000000000000000e+00,0.000000000000000000e+00
7.877349721645937564e+01,0.000000000000000000e+00,0.000000000000000000e+00
7.913380674443536122e+01,0.000000000000000000e+00,0.000000000000000000e+00
7.355252750109330862e+01,0.000000000000000000e+00,0.000000000000000000e+00
7.623502639695988137e+01,0.000000000000000000e+00,0.000000000000000000e+00
7.662348576482769147e+01,0.000000000000000000e+00,0.000000000000000000e+00
7.804300681412432539e+01,0.000000000000000000e+00,0.000000000000000000e+00
7.520410728515841470e+01,0.000000000000000000e+00,0.000000000000000000e+00
7.932109560276968807e+01,0.000000000000000000e+00,0.000000000000000000e+00
7.903603236241232821e+01,0.000000000000000000e+00,0.000000000000000000e+00
8.034511600800078668e+01,0.000000000000000000e+00,0.000000000000000000e+00
8.011840486561584385e+01,0.000000000000000000e+00,0.000000000000000000e+00
7.691721867264695334e+01,0.000000000000000000e+00,0.000000000000000000e+00
7.862750803639494279e+01,0.000000000000000000e+00,0.000000000000000000e+00
8.288672526807665975e+01,0.000000000000000000e+00,0.000000000000000000e+00
7.630230226661257120e+01,0.000000000000000000e+00,0.000000000000000000e+00
7.814682127376423182e+01,0.000000000000000000e+00,0.000000000000000000e+00
8.018930524779564450e+01,0.000000000000000000e+00,0.000000000000000000e+00
7.842660882327898264e+01,0.000000000000000000e+00,0.000000000000000000e+00
8.120750733449152392e+01,0.000000000000000000e+00,0.000000000000000000e+00
7.693558684102652023e+01,0.000000000000000000e+00,0.000000000000000000e+00
7.671446066220642024e+01,0.000000000000000000e+00,0.000000000000000000e+00
7.832704450694350840e+01,0.000000000000000000e+00,0.000000000000000000e+00
7.992759909332677637e+01,0.000000000000000000e+00,0.000000000000000000e+00
7.823381161364389413e+01,0.000000000000000000e+00,0.000000000000000000e+00
8.033056702824808326e+01,0.000000000000000000e+00,0.000000000000000000e+00
8.242643060723185044e+01,0.000000000000000000e+00,0.000000000000000000e+00
8.071073749098711403e+01,0.000000000000000000e+00,0.000000000000000000e+00
7.967509905732752884e+01,0.000000000000000000e+00,0.000000000000000000e+00
8.218285449456162439e+01,0.000000000000000000e+00,0.000000000000000000e+00
8.016090092919104393e+01,0.000000000000000000e+00,0.000000000000000000e+00
8.235338479027252845e+01,0.000000000000000000e+00,0.000000000000000000e+00
7.775138093887179025e+01,0.000000000000000000e+00,0.000000000000000000e+00
7.845027182371165964e+01,0.000000000000000000e+00,0.000000000000000000e+00
7.858839986882746587e+01,0.000000000000000000e+00,0.000000000000000000e+00
7.849824832072545178e+01,0.000000000000000000e+00,0.000000000000000000e+00
7.729356036278191766e+01,0.000000000000000000e+00,0.000000000000000000e+00
7.969099509536664527e+01,0.000000000000000000e+00,0.000000000000000000e+00
7.986873362010292965e+01,0.000000000000000000e+00,0.000000000000000000e+00
8.188394809132381624e+01,0.000000000000000000e+00,0.000000000000000000e+00
8.076730211528916925e+01,0.000000000000000000e+00,0.000000000000000000e+00
8.233613586302935516e+01,0.000000000000000000e+00,0.000000000000000000e+00
8.329099912581517628e+01,0.000000000000000000e+00,0.000000000000000000e+00
7.929550841469732347e+01,0.000000000000000000e+00,0.000000000000000000e+00
7.984320422352638502e+01,0.000000000000000000e+00,0.000000000000000000e+00
8.190022491997690679e+01,0.000000000000000000e+00,0.000000000000000000e+00
8.173693070777528646e+01,0.000000000000000000e+00,0.000000000000000000e+00
8.065720224774436531e+01,0.000000000000000000e+00,0.000000000000000000e+00
8.034161777111658864e+01,0.000000000000000000e+00,0.000000000000000000e+00
8.196504050227471794e+01,0.000000000000000000e+00,0.000000000000000000e+00
8.002150308636475984e+01,0.000000000000000000e+00,0.000000000000000000e+00
8.034323441136086785e+01,0.000000000000000000e+00,0.000000000000000000e+00
7.967353987923679881e+01,0.000000000000000000e+00,0.000000000000000000e+00
7.946042696888243029e+01,0.000000000000000000e+00,0.000000000000000000e+00
8.018018616340467020e+01,0.000000000000000000e+00,0.000000000000000000e+00
8.273722414380819146e+01,0.000000000000000000e+00,0.000000000000000000e+00
7.723928477236637491e+01,0.000000000000000000e+00,0.000000000000000000e+00
7.874817103621035130e+01,0.000000000000000000e+00,0.000000000000000000e+00
7.749965144412554707e+01,0.000000000000000000e+00,0.000000000000000000e+00
8.165348901519485025e+01,0.000000000000000000e+00,0.000000000000000000e+00
8.080014718770699744e+01,0.000000000000000000e+00,0.000000000000000000e+00
7.919577071513504052e+01,0.000000000000000000e+00,0.000000000000000000e+00
7.838800833466078188e+01,0.000000000000000000e+00,0.000000000000000000e+00
7.758061065863250860e+01,0.000000000000000000e+00,0.000000000000000000e+00
7.876439371281787771e+01,0.000000000000000000e+00,0.000000000000000000e+00
8.112230045766784770e+01,0.000000000000000000e+00,0.000000000000000000e+00
8.057830973528842833e+01,0.000000000000000000e+00,0.000000000000000000e+00
7.781614643665058395e+01,0.000000000000000000e+00,0.000000000000000000e+00
8.166106693520684701e+01,0.000000000000000000e+00,0.000000000000000000e+00
8.099835045171163017e+01,0.000000000000000000e+00,0.000000000000000000e+00
8.187810160754212063e+01,0.000000000000000000e+00,0.000000000000000000e+00
7.783271166903008975e+01,0.000000000000000000e+00,0.000000000000000000e+00
8.023727574029774701e+01,0.000000000000000000e+00,0.000000000000000000e+00
8.106690280182002084e+01,0.000000000000000000e+00,0.000000000000000000e+00
7.847542921531184845e+01,0.000000000000000000e+00,0.000000000000000000e+00
7.987874367955951982e+01,0.000000000000000000e+00,0.000000000000000000e+00
7.946830867825420341e+01,0.000000000000000000e+00,0.000000000000000000e+00
7.927970251522422984e+01,0.000000000000000000e+00,0.000000000000000000e+00
8.143003396942596339e+01,0.000000000000000000e+00,0.000000000000000000e+00
8.023367961488578715e+01,0.000000000000000000e+00,0.000000000000000000e+00
8.155592177653952035e+01,0.000000000000000000e+00,0.000000000000000000e+00
7.918991074895110671e+01,0.000000000000000000e+00,0.000000000000000000e+00
7.824919198669678622e+01,0.000000000000000000e+00,0.000000000000000000e+00
8.034519713722050938e+01,0.000000000000000000e+00,0.000000000000000000e+00
7.704723960863383070e+01,0.000000000000000000e+00,0.000000000000000000e+00
8.119169385142522799e+01,0.000000000000000000e+00,0.000000000000000000e+00
8.215247433511187580e+01,0.000000000000000000e+00,0.000000000000000000e+00
7.883995865662099334e+01,0.000000000000000000e+00,0.000000000000000000e+00
7.708579012667235020e+01,0.000000000000000000e+00,0.000000000000000000e+00
8.169024844585096901e+01,0.000000000000000000e+00,0.000000000000000000e+00
7.672001110448374561e+01,0.000000000000000000e+00,0.000000000000000000e+00
8.401342720696858635e+01,0.000000000000000000e+00,0.000000000000000000e+00
7.911583057367133165e+01,0.000000000000000000e+00,0.000000000000000000e+00
8.163973436385995797e+01,0.000000000000000000e+00,0.000000000000000000e+00
7.984267708240462014e+01,0.000000000000000000e+00,0.000000000000000000e+00
7.917813808642428341e+01,0.000000000000000000e+00,0.000000000000000000e+00
7.989975748226896712e+01,0.000000000000000000e+00,0.000000000000000000e+00
3.053167703546321832e+01,0.000000000000000000e+00,0.000000000000000000e+00
3.340021695658082024e+01,0.000000000000000000e+00,0.000000000000000000e+00
3.422601225482545573e+01,0.000000000000000000e+00,0.000000000000000000e+00
2.997688621420220301e+01,0.000000000000000000e+00,0.000000000000000000e+00
2.868475094773706147e+01,0.000000000000000000e+00,0.000000000000000000e+00
3.472472585903545195e+01,0.000000000000000000e+00,0.000000000000000000e+00
2.954690369147469653e+01,0.000000000000000000e+00,0.000000000000000000e+00
3.299369915242181861e+01,0.000000000000000000e+00,0.000000000000000000e+00
3.122557269109165645e+01,0.000000000000000000e+00,0.000000000000000000e+00
3.361052449665849196e+01,0.000000000000000000e+00,0.000000000000000000e+00
3.280286382037424175e+01,0.000000000000000000e+00,0.000000000000000000e+00
3.429489358285238154e+01,0.000000000000000000e+00,0.000000000000000000e+00
2.048000360903326822e+01,0.000000000000000000e+00,0.000000000000000000e+00
2.023280868672444299e+01,0.000000000000000000e+00,0.000000000000000000e+00
2.456672330730326337e+01,0.000000000000000000e+00,0.000000000000000000e+00
2.425804809034074339e+01,0.000000000000000000e+00,0.000000000000000000e+00
1.947530050992150308e+01,0.000000000000000000e+00,0.000000000000000000e+00
2.256248636753286263e+01,0.000000000000000000e+00,0.000000000000000000e+00
2.208885249449968669e+01,0.000000000000000000e+00,0.000000000000000000e+00
2.114139292430432349e+01,0.000000000000000000e+00,0.000000000000000000e+00
2.352384451322757997e+01,0.000000000000000000e+00,0.000000000000000000e+00
2.383934252462050196e+01,0.000000000000000000e+00,0.000000000000000000e+00
2.271767213935512686e+01,0.000000000000000000e+00,0.000000000000000000e+00
2.313197959835794748e+01,0.000000000000000000e+00,0.000000000000000000e+00
2.121609740864171556e+01,0.000000000000000000e+00,0.000000000000000000e+00
2.212099631439757985e+01,0.000000000000000000e+00,0.000000000000000000e+00
2.538715921397579223e+01,0.000000000000000000e+00,0.000000000000000000e+00
1.978060237839718383e+01,0.000000000000000000e+00,0.000000000000000000e+00
1.767911391201415228e+01,0.000000000000000000e+00,0.000000000000000000e+00
2.114525374099537913e+01,0.000000000000000000e+00,0.000000000000000000e+00
1.400466024877711746e+01,0.000000000000000000e+00,0.000000000000000000e+00
1.939397996041509131e+01,0.000000000000000000e+00,0.000000000000000000e+00
2.170598859308607942e+01,0.000000000000000000e+00,0.000000000000000000e+00
1.996722054601462659e+01,0.000000000000000000e+00,0.000000000000000000e+00
1.838280809758558831e+01,0.000000000000000000e+00,0.000000000000000000e+00
1.946862754996775635e+01,0.000000000000000000e+00,0.000000000000000000e+00
2.271924529416774519e+01,0.000000000000000000e+00,0.000000000000000000e+00
2.218517531789568054e+01,0.000000000000000000e+00,0.000000000000000000e+00
2.221616023319681688e+01,0.000000000000000000e+00,0.000000000000000000e+00
1.910087055669070821e+01,0.000000000000000000e+00,0.000000000000000000e+00
2.231712580208780849e+01,0.000000000000000000e+00,0.000000000000000000e+00
1.996770264857506660e+01,0.000000000000000000e+00,0.000000000000000000e+00
2.223125743968259727e+01,0.000000000000000000e+00,0.000000000000000000e+00
1.848804893725905885e+01,0.000000000000000000e+00,0.000000000000000000e+00
2.336841898372950510e+01,0.000000000000000000e+00,0.000000000000000000e+00
1.650630709262807727e+01,0.000000000000000000e+00,0.000000000000000000e+00
1.683846052516850733e+01,0.000000000000000000e+00,0.000000000000000000e+00
2.469060218108221605e+01,0.000000000000000000e+00,0.000000000000000000e+00
1.991911505387026793e+01,0.000000000000000000e+00,0.000000000000000000e+00
2.054629335286779579e+01,0.000000000000000000e+00,0.000000000000000000e+00
1.804750219900882158e+01,0.000000000000000000e+00,0.000000000000000000e+00
1.483674333688919944e+01,0.000000000000000000e+00,0.000000000000000000e+00
2.023857093483110248e+01,0.000000000000000000e+00,0.000000000000000000e+00
2.047411238176551151e+01,0.000000000000000000e+00,0.000000000000000000e+00
1.879393140786805461e+01,0.000000000000000000e+00,0.000000000000000000e+00
1.719494419278952080e+01,0.000000000000000000e+00,0.000000000000000000e+00
2.222539595379802080e+01,0.000000000000000000e+00,0.000000000000000000e+00
1.926028832835358884e+01,0.000000000000000000e+00,0.000000000000000000e+00
1.915183199955410487e+01,0.000000000000000000e+00,0.000000000000000000e+00
2.300778092261215946e+01,0.000000000000000000e+00,0.000000000000000000e+00
1.980683951275250365e+01,0.000000000000000000e+00,0.000000000000000000e+00
1.873003782482087942e+01,0.000000000000000000e+00,0.000000000000000000e+00
2.062059478142125357e+01,0.000000000000000000e+00,0.000000000000000000e+00
1.851767869486364049e+01,0.000000000000000000e+00,0.000000000000000000e+00
1.932732492073518671e+01,0.000000000000000000e+00,0.000000000000000000e+00
2.177815764078475169e+01,0.000000000000000000e+00,0.000000000000000000e+00
1.767947654515447198e+01,0.000000000000000000e+00,0.000000000000000000e+00
1.659832942975214110e+01,0.000000000000000000e+00,0.000000000000000000e+00
1.616369075752077222e+01,0.000000000000000000e+00,0.000000000000000000e+00
1.521456451919144470e+01,0.000000000000000000e+00,0.000000000000000000e+00
1.976943511985095370e+01,0.000000000000000000e+00,0.000000000000000000e+00
2.204802097022281515e+01,0.000000000000000000e+00,0.000000000000000000e+00
1.752885913198221601e+01,0.000000000000000000e+00,0.000000000000000000e+00
1.870527435430902941e+01,0.000000000000000000e+00,0.000000000000000000e+00
2.286018385095462691e+01,0.000000000000000000e+00,0.000000000000000000e+00
2.200404605594220797e+01,0.000000000000000000e+00,0.000000000000000000e+00
2.091736846453712317e+01,0.000000000000000000e+00,0.000000000000000000e+00
1.933521907173799903e+01,0.000000000000000000e+00,0.000000000000000000e+00
1.894590170824896092e+01,0.000000000000000000e+00,0.000000000000000000e+00
1.676747542736687890e+01,0.000000000000000000e+00,0.000000000000000000e+00
2.373846396480857024e+01,0.000000000000000000e+00,0.000000000000000000e+00
2.157316044868010252e+01,0.000000000000000000e+00,0.000000000000000000e+00
2.239748299408682541e+01,0.000000000000000000e+00,0.000000000000000000e+00
1.964736330536052833e+01,0.000000000000000000e+00,0.000000000000000000e+00
1.728459337919407446e+01,0.000000000000000000e+00,0.000000000000000000e+00
2.004395858646509154e+01,0.000000000000000000e+00,0.000000000000000000e+00
2.085100286215757492e+01,0.000000000000000000e+00,0.000000000000000000e+00
1.911733384044439532e+01,0.000000000000000000e+00,0.000000000000000000e+00
2.218137370575013989e+01,0.000000000000000000e+00,0.000000000000000000e+00
2.269270867325187169e+01,0.000000000000000000e+00,0.000000000000000000e+00
1.808916183645682807e+01,0.000000000000000000e+00,0.000000000000000000e+00
1.861282543548653479e+01,0.000000000000000000e+00,0.000000000000000000e+00
1.889048406900661448e+01,0.000000000000000000e+00,0.000000000000000000e+00
1.980838520875965258e+01,0.000000000000000000e+00,0.000000000000000000e+00
1.738683901281252631e+01,0.000000000000000000e+00,0.000000000000000000e+00
2.041569732904717327e+01,0.000000000000000000e+00,0.000000000000000000e+00
1.633635614771200650e+01,0.000000000000000000e+00,0.000000000000000000e+00
2.219747184808496954e+01,0.000000000000000000e+00,0.000000000000000000e+00
1.808989039669723553e+01,0.000000000000000000e+00,0.000000000000000000e+00
2.378007755151303115e+01,0.000000000000000000e+00,0.000000000000000000e+00
1.705143211022488359e+01,0.000000000000000000e+00,0.000000000000000000e+00
1.640897477719878594e+01,0.000000000000000000e+00,0.000000000000000000e+00
2.281002389451507284e+01,0.000000000000000000e+00,0.000000000000000000e+00
1.961703864837874534e+01,0.000000000000000000e+00,0.000000000000000000e+00
1.776654680939754982e+01,0.000000000000000000e+00,0.000000000000000000e+00
1.964663878486857485e+01,0.000000000000000000e+00,0.000000000000000000e+00
1.945023181997888528e+01,0.000000000000000000e+00,0.000000000000000000e+00
1.669395919844169995e+01,0.000000000000000000e+00,0.000000000000000000e+00
1.746342239144085440e+01,0.000000000000000000e+00,0.000000000000000000e+00
2.243016164795571754e+01,0.000000000000000000e+00,0.000000000000000000e+00
1.881160075236753926e+01,0.000000000000000000e+00,0.000000000000000000e+00
2.114967265123057771e+01,0.000000000000000000e+00,0.000000000000000000e+00
2.031940548473336605e+01,0.000000000000000000e+00,0.000000000000000000e+00
2.254099060718600711e+01,0.000000000000000000e+00,0.000000000000000000e+00
2.127964107572051233e+01,0.000000000000000000e+00,0.000000000000000000e+00
2.059588879673319184e+01,0.000000000000000000e+00,0.000000000000000000e+00
1.941413858976710216e+01,0.000000000000000000e+00,0.000000000000000000e+00
2.024120013668195028e+01,0.000000000000000000e+00,0.000000000000000000e+00
1.661061182897917021e+01,0.000000000000000000e+00,0.000000000000000000e+00
1.984203122743469905e+01,0.000000000000000000e+00,0.000000000000000000e+00
1.747861195790649447e+01,0.000000000000000000e+00,0.000000000000000000e+00
2.138810941068116733e+01,0.000000000000000000e+00,0.000000000000000000e+00
1.820942827371162309e+01,0.000000000000000000e+00,0.000000000000000000e+00
1.852223265666590990e+01,0.000000000000000000e+00,0.000000000000000000e+00
1.935679621697213904e+01,0.000000000000000000e+00,0.000000000000000000e+00
1.768507409908483652e+01,0.000000000000000000e+00,0.000000000000000000e+00
2.257189320030198587e+01,0.000000000000000000e+00,0.000000000000000000e+00
2.481284255730314925e+01,0.000000000000000000e+00,0.000000000000000000e+00
2.500331792864002622e+01,0.000000000000000000e+00,0.000000000000000000e+00
2.132390932711150100e+01,0.000000000000000000e+00,0.000000000000000000e+00
1.797673342993464729e+01,0.000000000000000000e+00,0.000000000000000000e+00
1.620957636726178919e+01,0.000000000000000000e+00,0.000000000000000000e+00
2.200271433805822241e+01,0.000000000000000000e+00,0.000000000000000000e+00
1.527419158471830585e+01,0.000000000000000000e+00,0.000000000000000000e+00
1.954382353788651372e+01,0.000000000000000000e+00,0.000000000000000000e+00
1.809358850819548792e+01,0.000000000000000000e+00,0.000000000000000000e+00
1.959328718982873241e+01,0.000000000000000000e+00,0.000000000000000000e+00
1.491466875048708118e+01,0.000000000000000000e+00,0.000000000000000000e+00
2.316204753312710096e+01,0.000000000000000000e+00,0.000000000000000000e+00
1.993486139476363661e+01,0.000000000000000000e+00,0.000000000000000000e+00
1.799783903385648287e+01,0.000000000000000000e+00,0.000000000000000000e+00
1.786351433536115607e+01,0.000000000000000000e+00,0.000000000000000000e+00
2.294161133764256988e+01,0.000000000000000000e+00,0.000000000000000000e+00
2.070539958363916710e+01,0.000000000000000000e+00,0.000000000000000000e+00
1.928128894518508929e+01,0.000000000000000000e+00,0.000000000000000000e+00
1.828162600055385312e+01,0.000000000000000000e+00,0.000000000000000000e+00
2.637555685208777234e+01,0.000000000000000000e+00,0.000000000000000000e+00
2.276990137684958171e+01,0.000000000000000000e+00,0.000000000000000000e+00
1.846300550752308922e+01,0.000000000000000000e+00,0.000000000000000000e+00
1.957865248612928610e+01,0.000000000000000000e+00,0.000000000000000000e+00
2.148989596972598193e+01,0.000000000000000000e+00,0.000000000000000000e+00
1.858637448736628883e+01,0.000000000000000000e+00,0.000000000000000000e+00
1.916549423070048874e+01,0.000000000000000000e+00,0.000000000000000000e+00
2.185959297648293642e+01,0.000000000000000000e+00,0.000000000000000000e+00
1.898766209098296542e+01,0.000000000000000000e+00,0.000000000000000000e+00
2.073843251986030722e+01,0.000000000000000000e+00,0.000000000000000000e+00
1.972143050071111858e+01,0.000000000000000000e+00,0.000000000000000000e+00
1.890244892995825765e+01,0.000000000000000000e+00,0.000000000000000000e+00
2.027366432203378466e+01,0.000000000000000000e+00,0.000000000000000000e+00
1.972093229993035735e+01,0.000000000000000000e+00,0.000000000000000000e+00
1.823928891420809961e+01,0.000000000000000000e+00,0.000000000000000000e+00
1.831672165190077806e+01,0.000000000000000000e+00,0.000000000000000000e+00
1.690633370817614889e+01,0.000000000000000000e+00,0.000000000000000000e+00
2.160257735193621187e+01,0.000000000000000000e+00,0.000000000000000000e+00
1.887073476374045455e+01,0.000000000000000000e+00,0.000000000000000000e+00
2.152439216022202828e+01,0.000000000000000000e+00,0.000000000000000000e+00
2.243953054939292002e+01,0.000000000000000000e+00,0.000000000000000000e+00
2.216647990715468453e+01,0.000000000000000000e+00,0.000000000000000000e+00
1.980194973139919767e+01,0.000000000000000000e+00,0.000000000000000000e+00
1.741893528357440246e+01,0.000000000000000000e+00,0.000000000000000000e+00
2.132254926743150492e+01,0.000000000000000000e+00,0.000000000000000000e+00
2.147095692743862472e+01,0.000000000000000000e+00,0.000000000000000000e+00
2.031010047497090554e+01,0.000000000000000000e+00,0.000000000000000000e+00
2.080204631731456644e+01,0.000000000000000000e+00,0.000000000000000000e+00
2.097942643607610691e+01,0.000000000000000000e+00,0.000000000000000000e+00
2.029864584185816767e+01,0.000000000000000000e+00,0.000000000000000000e+00
2.233817312045094283e+01,0.000000000000000000e+00,0.000000000000000000e+00
2.005602884132075303e+01,0.000000000000000000e+00,0.000000000000000000e+00
1.823754698365029725e+01,0.000000000000000000e+00,0.000000000000000000e+00
1.595544059890075772e+01,0.000000000000000000e+00,0.000000000000000000e+00
6.893254785812193575e+01,0.000000000000000000e+00,0.000000000000000000e+00
6.673943396811512230e+01,0.000000000000000000e+00,0.000000000000000000e+00
7.217031741178618631e+01,0.000000000000000000e+00,0.000000000000000000e+00
6.534677686903413019e+01,0.000000000000000000e+00,0.000000000000000000e+00
6.629314053926241002e+01,0.000000000000000000e+00,0.000000000000000000e+00
6.670946438569995962e+01,0.000000000000000000e+00,0.000000000000000000e+00
6.927853631368377307e+01,0.000000000000000000e+00,0.000000000000000000e+00
7.167755710073434727e+01,0.000000000000000000e+00,0.000000000000000000e+00
6.935473877154740308e+01,0.000000000000000000e+00,0.000000000000000000e+00
6.579748032812298675e+01,0.000000000000000000e+00,0.000000000000000000e+00
6.651610314849237682e+01,0.000000000000000000e+00,0.000000000000000000e+00
6.709418544215212421e+01,0.000000000000000000e+00,0.000000000000000000e+00
7.690194966212949623e+01,0.000000000000000000e+00,0.000000000000000000e+00
8.381450335252448269e+01,0.000000000000000000e+00,0.000000000000000000e+00
7.717911463630397861e+01,0.000000000000000000e+00,0.000000000000000000e+00
7.509805325325190495e+01,0.000000000000000000e+00,0.000000000000000000e+00
7.758739495274321030e+01,0.000000000000000000e+00,0.000000000000000000e+00
7.357201081408824450e+01,0.000000000000000000e+00,0.000000000000000000e+00
7.807633636261499532e+01,0.000000000000000000e+00,0.000000000000000000e+00
7.919781598463609384e+01,0.000000000000000000e+00,0.000000000000000000e+00
7.911849046289114540e+01,0.000000000000000000e+00,0.000000000000000000e+00
7.508354522053933522e+01,0.000000000000000000e+00,0.000000000000000000e+00
7.848829423916318149e+01,0.000000000000000000e+00,0.000000000000000000e+00
7.963021775867242980e+01,0.000000000000000000e+00,0.000000000000000000e+00
7.918634617513519913e+01,0.000000000000000000e+00,0.000000000000000000e+00
7.698574852150686354e+01,0.000000000000000000e+00,0.000000000000000000e+00
8.084891963753729272e+01,0.000000000000000000e+00,0.000000000000000000e+00
7.872357865877052063e+01,0.000000000000000000e+00,0.000000000000000000e+00
7.744858466445101897e+01,0.000000000000000000e+00,0.000000000000000000e+00
7.582048759412120376e+01,0.000000000000000000e+00,0.000000000000000000e+00
8.302261533738710853e+01,0.000000000000000000e+00,0.000000000000000000e+00
8.374659751337624414e+01,0.000000000000000000e+00,0.000000000000000000e+00
7.770754291965818084e+01,0.000000000000000000e+00,0.000000000000000000e+00
8.107036605101060900e+01,0.000000000000000000e+00,0.000000000000000000e+00
8.059654654423248132e+01,0.000000000000000000e+00,0.000000000000000000e+00
7.830981477534477619e+01,0.000000000000000000e+00,0.000000000000000000e+00
8.217391102137661107e+01,0.000000000000000000e+00,0.000000000000000000e+00
7.647544704327964382e+01,0.000000000000000000e+00,0.000000000000000000e+00
7.976688887903397074e+01,0.000000000000000000e+00,0.000000000000000000e+00
7.873726739908872219e+01,0.000000000000000000e+00,0.000000000000000000e+00
7.756251524512043716e+01,0.000000000000000000e+00,0.000000000000000000e+00
7.541516960963639349e+01,0.000000000000000000e+00,0.000000000000000000e+00
7.546131911491582400e+01,0.000000000000000000e+00,0.000000000000000000e+00
8.048564695149221393e+01,0.000000000000000000e+00,0.000000000000000000e+00
8.140096865444735386e+01,0.000000000000000000e+00,0.000000000000000000e+00
7.912276599493476681e+01,0.000000000000000000e+00,0.000000000000000000e+00
8.406592812452757357e+01,0.000000000000000000e+00,0.000000000000000000e+00
8.151965239032116983e+01,0.000000000000000000e+00,0.000000000000000000e+00
7.886341854905408866e+01,1.000000000000000000e+00,0.000000000000000000e+00
8.077426320805471960e+01,1.000000000000000000e+00,0.000000000000000000e+00
7.883847500089851223e+01,1.000000000000000000e+00,0.000000000000000000e+00
7.808234283173305812e+01,1.000000000000000000e+00,0.000000000000000000e+00
7.937348809713623154e+01,1.000000000000000000e+00,0.000000000000000000e+00
8.336357692897811944e+01,1.000000000000000000e+00,0.000000000000000000e+00
8.097203533102401707e+01,1.000000000000000000e+00,0.000000000000000000e+00
7.880926378108753738e+01,1.000000000000000000e+00,0.000000000000000000e+00
8.093895293050225348e+01,1.000000000000000000e+00,1.000000000000000000e+00
7.950821706859436233e+01,1.000000000000000000e+00,1.000000000000000000e+00
8.094763195110327558e+01,1.000000000000000000e+00,1.000000000000000000e+00
8.315521020746773218e+01,1.000000000000000000e+00,1.000000000000000000e+00
8.492519326667276403e+01,1.000000000000000000e+00,1.000000000000000000e+00
8.259042963256233350e+01,1.000000000000000000e+00,1.000000000000000000e+00
8.011388188859039872e+01,1.000000000000000000e+00,1.000000000000000000e+00
8.438342750367755229e+01,1.000000000000000000e+00,1.000000000000000000e+00
8.044904647274974252e+01,1.000000000000000000e+00,2.000000000000000000e+00
8.058511518593753920e+01,1.000000000000000000e+00,2.000000000000000000e+00
8.285653132919128439e+01,1.000000000000000000e+00,2.000000000000000000e+00
8.225306848278950156e+01,1.000000000000000000e+00,2.000000000000000000e+00
8.355887513613549800e+01,1.000000000000000000e+00,2.000000000000000000e+00
8.055932518255664831e+01,1.000000000000000000e+00,2.000000000000000000e+00
8.428089785428878145e+01,1.000000000000000000e+00,2.000000000000000000e+00
7.942403541897367347e+01,1.000000000000000000e+00,2.000000000000000000e+00
8.510075676901148256e+01,1.000000000000000000e+00,3.000000000000000000e+00
8.352407593865395086e+01,1.000000000000000000e+00,3.000000000000000000e+00
8.114022826539242317e+01,1.000000000000000000e+00,3.000000000000000000e+00
8.170163758407917953e+01,1.000000000000000000e+00,3.000000000000000000e+00
8.451726266996348613e+01,1.000000000000000000e+00,3.000000000000000000e+00
8.426435242597484887e+01,1.000000000000000000e+00,3.000000000000000000e+00
8.309758902619742571e+01,1.000000000000000000e+00,3.000000000000000000e+00
8.206223194833350476e+01,1.000000000000000000e+00,4.000000000000000000e+00
8.442318870812289333e+01,1.000000000000000000e+00,4.000000000000000000e+00
8.645743718570147962e+01,1.000000000000000000e+00,4.000000000000000000e+00
8.655456208303932897e+01,1.000000000000000000e+00,4.000000000000000000e+00
8.075019947437398571e+01,1.000000000000000000e+00,4.000000000000000000e+00
8.397546533101585453e+01,1.000000000000000000e+00,4.000000000000000000e+00
8.404522866123738822e+01,1.000000000000000000e+00,4.000000000000000000e+00
8.472613982538980792e+01,1.000000000000000000e+00,4.000000000000000000e+00
8.314878085492757975e+01,1.000000000000000000e+00,5.000000000000000000e+00
8.386648193705306653e+01,1.000000000000000000e+00,5.000000000000000000e+00
8.617214480412246758e+01,1.000000000000000000e+00,5.000000000000000000e+00
8.520039333211489918e+01,1.000000000000000000e+00,5.000000000000000000e+00
8.268431061552878703e+01,1.000000000000000000e+00,5.000000000000000000e+00
8.333375944331915264e+01,1.000000000000000000e+00,5.000000000000000000e+00
8.531065689671898156e+01,1.000000000000000000e+00,5.000000000000000000e+00
8.540698652141777814e+01,1.000000000000000000e+00,5.000000000000000000e+00
8.588294954541956372e+01,1.000000000000000000e+00,6.000000000000000000e+00
8.654080088023819428e+01,1.000000000000000000e+00,6.000000000000000000e+00
8.337124994216220841e+01,1.000000000000000000e+00,6.000000000000000000e+00
8.632997982006547488e+01,1.000000000000000000e+00,6.000000000000000000e+00
8.388787674352136037e+01,1.000000000000000000e+00,6.000000000000000000e+00
8.438484562631077779e+01,1.000000000000000000e+00,6.000000000000000000e+00
8.405252493253901491e+01,1.000000000000000000e+00,6.000000000000000000e+00
8.576262652689067068e+01,1.000000000000000000e+00,7.000000000000000000e+00
8.659940142604051516e+01,1.000000000000000000e+00,7.000000000000000000e+00
8.550631071498017377e+01,1.000000000000000000e+00,7.000000000000000000e+00
8.731938802262617116e+01,1.000000000000000000e+00,7.000000000000000000e+00
8.460255171245442796e+01,1.000000000000000000e+00,7.000000000000000000e+00
8.793379474286653874e+01,1.000000000000000000e+00,7.000000000000000000e+00
4.202350560356066467e+01,1.000000000000000000e+00,7.000000000000000000e+00
3.750594033873097999e+01,1.000000000000000000e+00,7.000000000000000000e+00
3.882569182962478749e+01,1.000000000000000000e+00,8.000000000000000000e+00
3.789023160137421087e+01,1.000000000000000000e+00,8.000000000000000000e+00
4.215594512460187104e+01,1.000000000000000000e+00,8.000000000000000000e+00
3.903299280379096103e+01,1.000000000000000000e+00,8.000000000000000000e+00
3.897233788302838065e+01,1.000000000000000000e+00,8.000000000000000000e+00
3.835336853705116056e+01,1.000000000000000000e+00,8.000000000000000000e+00
4.172695625702442612e+01,1.000000000000000000e+00,8.000000000000000000e+00
4.279199973682238323e+01,1.000000000000000000e+00,8.000000000000000000e+00
4.211570116730343472e+01,1.000000000000000000e+00,9.000000000000000000e+00
3.998212084556742951e+01,1.000000000000000000e+00,9.000000000000000000e+00
3.211583368848587838e+01,1.000000000000000000e+00,9.000000000000000000e+00
3.084901195977800015e+01,1.000000000000000000e+00,9.000000000000000000e+00
3.148501205864293340e+01,1.000000000000000000e+00,9.000000000000000000e+00
2.986431851811462934e+01,1.000000000000000000e+00,9.000000000000000000e+00
3.028980016847959433e+01,1.000000000000000000e+00,9.000000000000000000e+00
2.781332232130657189e+01,1.000000000000000000e+00,1.000000000000000000e+01
3.225188029938757239e+01,1.000000000000000000e+00,1.000000000000000000e+01
3.221963873008844814e+01,1.000000000000000000e+00,1.000000000000000000e+01
3.225534518358937675e+01,1.000000000000000000e+00,1.000000000000000000e+01
3.497110331920232085e+01,1.000000000000000000e+00,1.000000000000000000e+01
3.349292354055151577e+01,1.000000000000000000e+00,1.000000000000000000e+01
3.184480053074067030e+01,1.000000000000000000e+00,1.000000000000000000e+01
2.918114133293357071e+01,1.000000000000000000e+00,1.000000000000000000e+01
3.107407518851586303e+01,1.000000000000000000e+00,1.100000000000000000e+01
3.333246610441437952e+01,1.000000000000000000e+00,1.100000000000000000e+01
3.201396863575812546e+01,1.000000000000000000e+00,1.100000000000000000e+01
2.966279663028459623e+01,1.000000000000000000e+00,1.100000000000000000e+01
3.030088036003611052e+01,1.000000000000000000e+00,1.100000000000000000e+01
2.961988649646970373e+01,1.000000000000000000e+00,1.100000000000000000e+01
2.664621318320771337e+01,1.000000000000000000e+00,1.100000000000000000e+01
3.312250255520230269e+01,1.000000000000000000e+00,1.100000000000000000e+01
3.167279210495652819e+01,1.000000000000000000e+00,1.200000000000000000e+01
3.198603011262355622e+01,1.000000000000000000e+00,1.200000000000000000e+01
3.237707928346610231e+01,1.000000000000000000e+00,1.200000000000000000e+01
3.347333382036451610e+01,1.000000000000000000e+00,1.200000000000000000e+01
3.383426689790111652e+01,1.000000000000000000e+00,1.200000000000000000e+01
3.105942848982935089e+01,1.000000000000000000e+00,1.200000000000000000e+01
3.150563428276442224e+01,1.000000000000000000e+00,1.200000000000000000e+01
3.569133421649380722e+01,1.000000000000000000e+00,1.300000000000000000e+01
3.570643933854015017e+01,1.000000000000000000e+00,1.300000000000000000e+01
3.523065522355027213e+01,1.000000000000000000e+00,1.300000000000000000e+01
3.454416468548628671e+01,1.000000000000000000e+00,1.300000000000000000e+01
3.268995222011309210e+01,1.000000000000000000e+00,1.300000000000000000e+01
3.397296177664591710e+01,1.000000000000000000e+00,1.300000000000000000e+01
3.176484401791934786e+01,1.000000000000000000e+00,1.300000000000000000e+01
3.187949308348117938e+01,1.000000000000000000e+00,1.300000000000000000e+01
3.221538709607227702e+01,1.000000000000000000e+00,1.400000000000000000e+01
3.545054348490526053e+01,1.000000000000000000e+00,1.400000000000000000e+01
3.688042095183989488e+01,1.000000000000000000e+00,1.400000000000000000e+01
3.690378832368865858e+01,1.000000000000000000e+00,1.400000000000000000e+01
3.368466094259540000e+01,1.000000000000000000e+00,1.400000000000000000e+01
3.408150742261712196e+01,1.000000000000000000e+00,1.400000000000000000e+01
3.307693931788710984e+01,1.000000000000000000e+00,1.400000000000000000e+01
3.479886958112951589e+01,1.000000000000000000e+00,1.400000000000000000e+01
3.560214318050213222e+01,1.000000000000000000e+00,1.500000000000000000e+01
3.589339935680332871e+01,1.000000000000000000e+00,1.500000000000000000e+01
3.674899550835603890e+01,1.000000000000000000e+00,1.500000000000000000e+01
3.373597082943434344e+01,1.000000000000000000e+00,1.500000000000000000e+01
3.624819706481493142e+01,1.000000000000000000e+00,1.500000000000000000e+01
3.606394931361255374e+01,1.000000000000000000e+00,1.500000000000000000e+01
3.605863641679779619e+01,1.000000000000000000e+00,1.500000000000000000e+01
3.362078558091357650e+01,1.000000000000000000e+00,1.500000000000000000e+01
3.417045910548460341e+01,1.000000000000000000e+00,1.600000000000000000e+01
3.534963307487647910e+01,1.000000000000000000e+00,1.600000000000000000e+01
3.528147021194801880e+01,1.000000000000000000e+00,1.600000000000000000e+01
3.890880776884736036e+01,1.000000000000000000e+00,1.600000000000000000e+01
3.327437805465008580e+01,1.000000000000000000e+00,1.600000000000000000e+01
3.812616558029900204e+01,1.000000000000000000e+00,1.600000000000000000e+01
3.586144157520507036e+01,1.000000000000000000e+00,1.600000000000000000e+01
3.786629382113201103e+01,1.000000000000000000e+00,1.700000000000000000e+01
4.088255225459946729e+01,1.000000000000000000e+00,1.700000000000000000e+01
3.690981028357841609e+01,1.000000000000000000e+00,1.700000000000000000e+01
3.586606663634637471e+01,1.000000000000000000e+00,1.700000000000000000e+01
3.834717003641620181e+01,1.000000000000000000e+00,1.700000000000000000e+01
3.570906084121713775e+01,1.000000000000000000e+00,1.700000000000000000e+01
3.513328336120942197e+01,1.000000000000000000e+00,1.700000000000000000e+01
3.338062616925251547e+01,1.000000000000000000e+00,1.700000000000000000e+01
3.618245452625811254e+01,1.000000000000000000e+00,1.800000000000000000e+01
3.760148597963508621e+01,1.000000000000000000e+00,1.800000000000000000e+01
3.478059052937587126e+01,1.000000000000000000e+00,1.800000000000000000e+01
3.672872102399863081e+01,1.000000000000000000e+00,1.800000000000000000e+01
3.964308505998080534e+01,1.000000000000000000e+00,1.800000000000000000e+01
3.702992204753019223e+01,1.000000000000000000e+00,1.800000000000000000e+01
3.909090327154721933e+01,1.000000000000000000e+00,1.800000000000000000e+01
3.409621379719049372e+01,1.000000000000000000e+00,1.800000000000000000e+01
3.815084224351659259e+01,1.000000000000000000e+00,1.900000000000000000e+01
3.727421687908119452e+01,1.000000000000000000e+00,1.900000000000000000e+01
3.994330588017894712e+01,1.000000000000000000e+00,1.900000000000000000e+01
3.799952536424719796e+01,1.000000000000000000e+00,1.900000000000000000e+01
4.166137340352003804e+01,1.000000000000000000e+00,1.900000000000000000e+01
3.837015803451383533e+01,1.000000000000000000e+00,1.900000000000000000e+01
3.835628903997271522e+01,1.000000000000000000e+00,1.900000000000000000e+01
3.914681241338486473e+01,1.000000000000000000e+00,2.000000000000000000e+01
4.051364171835529504e+01,1.000000000000000000e+00,2.000000000000000000e+01
4.120094927814097474e+01,1.000000000000000000e+00,2.000000000000000000e+01
4.112336331998834282e+01,1.000000000000000000e+00,2.000000000000000000e+01
3.954421446610615476e+01,1.000000000000000000e+00,2.000000000000000000e+01
4.097705860065617145e+01,1.000000000000000000e+00,2.000000000000000000e+01
4.105427765604093793e+01,1.000000000000000000e+00,2.000000000000000000e+01
3.889172232060469980e+01,1.000000000000000000e+00,2.000000000000000000e+01
4.175488717735386501e+01,1.000000000000000000e+00,2.100000000000000000e+01
3.934092754675674541e+01,1.000000000000000000e+00,2.100000000000000000e+01
4.097332292186428049e+01,1.000000000000000000e+00,2.100000000000000000e+01
4.005601607101934292e+01,1.000000000000000000e+00,2.100000000000000000e+01
4.003370106523802008e+01,1.000000000000000000e+00,2.100000000000000000e+01
3.688433324161513838e+01,1.000000000000000000e+00,2.100000000000000000e+01
4.073207894775855209e+01,1.000000000000000000e+00,2.100000000000000000e+01
3.570728374110591119e+01,1.000000000000000000e+00,2.100000000000000000e+01
4.333087919985685232e+01,1.000000000000000000e+00,2.200000000000000000e+01
4.278171280155113720e+01,1.000000000000000000e+00,2.200000000000000000e+01
4.496214361209568722e+01,1.000000000000000000e+00,2.200000000000000000e+01
4.430756915815292984e+01,1.000000000000000000e+00,2.200000000000000000e+01
3.880390376822936105e+01,1.000000000000000000e+00,2.200000000000000000e+01
4.023678599411381640e+01,1.000000000000000000e+00,2.200000000000000000e+01
4.159995363600472729e+01,1.000000000000000000e+00,2.200000000000000000e+01
3.934688214151579189e+01,1.000000000000000000e+00,2.300000000000000000e+01
4.049864412612336650e+01,1.000000000000000000e+00,2.300000000000000000e+01
3.989699119403034189e+01,1.000000000000000000e+00,2.300000000000000000e+01
4.245943752807752247e+01,1.000000000000000000e+00,2.300000000000000000e+01
4.231575814369021771e+01,1.000000000000000000e+00,2.300000000000000000e+01
4.397248543813067556e+01,1.000000000000000000e+00,2.300000000000000000e+01
4.373231752837745034e+01,1.000000000000000000e+00,2.300000000000000000e+01
4.211785260336323233e+01,1.000000000000000000e+00,2.300000000000000000e+01
4.669636207391828009e+01,1.000000000000000000e+00,2.400000000000000000e+01
4.083997738970558089e+01,1.000000000000000000e+00,2.400000000000000000e+01
4.688228806477209787e+01,1.000000000000000000e+00,2.400000000000000000e+01
4.313043151540038878e+01,1.000000000000000000e+00,2.400000000000000000e+01
4.101064976625007574e+01,1.000000000000000000e+00,2.400000000000000000e+01
4.652249112247196194e+01,1.000000000000000000e+00,2.400000000000000000e+01
4.403136216779029155e+01,1.000000000000000000e+00,2.400000000000000000e+01
4.031659244917854323e+01,1.000000000000000000e+00,2.400000000000000000e+01
4.334457822281523676e+01,1.000000000000000000e+00,2.500000000000000000e+01
4.640048460738231029e+01,1.000000000000000000e+00,2.500000000000000000e+01
4.362238657118165719e+01,1.000000000000000000e+00,2.500000000000000000e+01
4.201790300829821945e+01,1.000000000000000000e+00,2.500000000000000000e+01
4.571270153177897555e+01,1.000000000000000000e+00,2.500000000000000000e+01
4.054619439002005521e+01,1.000000000000000000e+00,2.500000000000000000e+01
4.367001024218087935e+01,1.000000000000000000e+00,2.500000000000000000e+01
4.969303934723509286e+01,1.000000000000000000e+00,2.600000000000000000e+01
4.536210096083361520e+01,1.000000000000000000e+00,2.600000000000000000e+01
4.780715152363187315e+01,1.000000000000000000e+00,2.600000000000000000e+01
4.711979557864051316e+01,1.000000000000000000e+00,2.600000000000000000e+01
4.119209437495526771e+01,1.000000000000000000e+00,2.600000000000000000e+01
4.522714405083735301e+01,1.000000000000000000e+00,2.600000000000000000e+01
4.556708007310449204e+01,1.000000000000000000e+00,2.600000000000000000e+01
4.707903951753754512e+01,1.000000000000000000e+00,2.600000000000000000e+01
4.681173332044637192e+01,1.000000000000000000e+00,2.700000000000000000e+01
4.732528766072689308e+01,1.000000000000000000e+00,2.700000000000000000e+01
4.554465094544654846e+01,1.000000000000000000e+00,2.700000000000000000e+01
5.105847247673672484e+01,1.000000000000000000e+00,2.700000000000000000e+01
4.437891875239759543e+01,1.000000000000000000e+00,2.700000000000000000e+01
4.751062700504250813e+01,1.000000000000000000e+00,2.700000000000000000e+01
4.677330176018254804e+01,1.000000000000000000e+00,2.700000000000000000e+01
5.025486839824387175e+01,1.000000000000000000e+00,2.700000000000000000e+01
4.865810509455450017e+01,1.000000000000000000e+00,2.800000000000000000e+01
4.719301490043329039e+01,1.000000000000000000e+00,2.800000000000000000e+01
4.753482768980222062e+01,1.000000000000000000e+00,2.800000000000000000e+01
4.834223894907670172e+01,1.000000000000000000e+00,2.800000000000000000e+01
4.709272993793710782e+01,1.000000000000000000e+00,2.800000000000000000e+01
4.852237440411072100e+01,1.000000000000000000e+00,2.800000000000000000e+01
4.626228279305218649e+01,1.000000000000000000e+00,2.800000000000000000e+01
4.876083573579616370e+01,1.000000000000000000e+00,2.800000000000000000e+01
4.762980348921017537e+01,1.000000000000000000e+00,2.900000000000000000e+01
5.072243158200237190e+01,1.000000000000000000e+00,2.900000000000000000e+01
4.924571433952978339e+01,1.000000000000000000e+00,2.900000000000000000e+01
4.670460867367710023e+01,1.000000000000000000e+00,2.900000000000000000e+01
4.885075398516764267e+01,1.000000000000000000e+00,2.900000000000000000e+01
4.774260869668634655e+01,1.000000000000000000e+00,2.900000000000000000e+01
5.022494263393569014e+01,1.000000000000000000e+00,2.900000000000000000e+01
4.799611468263566394e+01,1.000000000000000000e+00,3.000000000000000000e+01
5.176501084194433844e+01,1.000000000000000000e+00,3.000000000000000000e+01
5.156313606786991954e+01,1.000000000000000000e+00,3.000000000000000000e+01
5.053107085843620894e+01,1.000000000000000000e+00,3.000000000000000000e+01
5.025906618195763542e+01,1.000000000000000000e+00,3.000000000000000000e+01
5.144785012934441681e+01,1.000000000000000000e+00,3.000000000000000000e+01
5.019061720515259140e+01,1.000000000000000000e+00,3.000000000000000000e+01
5.127395540620891268e+01,1.000000000000000000e+00,3.000000000000000000e+01
5.079277577456514337e+01,1.000000000000000000e+00,3.100000000000000000e+01
9.903435907832199803e+01,1.000000000000000000e+00,3.100000000000000000e+01
9.582579013237614163e+01,1.000000000000000000e+00,3.100000000000000000e+01
1.029436168723308356e+02,1.000000000000000000e+00,3.100000000000000000e+01
9.623665435338622842e+01,1.000000000000000000e+00,3.100000000000000000e+01
9.871847790068656536e+01,1.000000000000000000e+00,3.100000000000000000e+01
1.002713394561217797e+02,1.000000000000000000e+00,3.100000000000000000e+01
1.002773476042104619e+02,1.000000000000000000e+00,3.100000000000000000e+01
9.965751895874215904e+01,1.000000000000000000e+00,3.200000000000000000e+01
9.642698168237645007e+01,1.000000000000000000e+00,3.200000000000000000e+01
1.038610689216465062e+02,1.000000000000000000e+00,3.200000000000000000e+01
1.016949668371908899e+02,1.000000000000000000e+00,3.200000000000000000e+01
9.802898620923039630e+01,1.000000000000000000e+00,3.200000000000000000e+01
1.052272866026690537e+02,1.000000000000000000e+00,3.200000000000000000e+01
1.088234186031806274e+02,1.000000000000000000e+00,3.200000000000000000e+01
1.117430715659007205e+02,1.000000000000000000e+00,3.300000000000000000e+01
1.097698708213552266e+02,1.000000000000000000e+00,3.300000000000000000e+01
1.090506531968937338e+02,1.000000000000000000e+00,3.300000000000000000e+01
1.133779512382918568e+02,1.000000000000000000e+00,3.300000000000000000e+01
1.140586022898279452e+02,1.000000000000000000e+00,3.300000000000000000e+01
1.116545932020831771e+02,1.000000000000000000e+00,3.300000000000000000e+01
1.103801513006090858e+02,1.000000000000000000e+00,3.300000000000000000e+01
1.113619483627299331e+02,1.000000000000000000e+00,3.300000000000000000e+01
1.134169658259499016e+02,1.000000000000000000e+00,3.400000000000000000e+01
1.112937576397668522e+02,1.000000000000000000e+00,3.400000000000000000e+01
1.149803245224722161e+02,1.000000000000000000e+00,3.400000000000000000e+01
1.119181573862648662e+02,1.000000000000000000e+00,3.400000000000000000e+01
1.097450254971346340e+02,1.000000000000000000e+00,3.400000000000000000e+01
1.126190720350174814e+02,1.000000000000000000e+00,3.400000000000000000e+01
1.123265022674229385e+02,1.000000000000000000e+00,3.400000000000000000e+01
1.144326808513879001e+02,1.000000000000000000e+00,3.400000000000000000e+01
1.154431869642212121e+02,1.000000000000000000e+00,3.500000000000000000e+01
1.152855549968616060e+02,1.000000000000000000e+00,3.500000000000000000e+01
1.163348444824993209e+02,1.000000000000000000e+00,3.500000000000000000e+01
1.130330977668960344e+02,1.000000000000000000e+00,3.500000000000000000e+01
1.151333804133676324e+02,1.000000000000000000e+00,3.500000000000000000e+01
1.128573404085527443e+02,1.000000000000000000e+00,3.500000000000000000e+01
1.129533839574631315e+02,1.000000000000000000e+00,3.500000000000000000e+01
1.129889414753094314e+02,1.000000000000000000e+00,3.600000000000000000e+01
1.149001530823297372e+02,1.000000000000000000e+00,3.600000000000000000e+01
1.177032353282579891e+02,1.000000000000000000e+00,3.600000000000000000e+01
1.174969781345772049e+02,1.000000000000000000e+00,3.600000000000000000e+01
1.185076752053027462e+02,1.000000000000000000e+00,3.600000000000000000e+01
1.194223113386667450e+02,1.000000000000000000e+00,3.600000000000000000e+01
1.145977015207322154e+02,1.000000000000000000e+00,3.600000000000000000e+01
1.097981331423352032e+02,1.000000000000000000e+00,3.600000000000000000e+01
1.169125266078026755e+02,1.000000000000000000e+00,3.700000000000000000e+01
1.157062007639275691e+02,1.000000000000000000e+00,3.700000000000000000e+01
1.195583150326295936e+02,1.000000000000000000e+00,3.700000000000000000e+01
1.191793323716343451e+02,1.000000000000000000e+00,3.700000000000000000e+01
1.162873777962012412e+02,1.000000000000000000e+00,3.700000000000000000e+01
1.136739828348001140e+02,1.000000000000000000e+00,3.700000000000000000e+01
1.206820620993197082e+02,1.000000000000000000e+00,3.700000000000000000e+01
1.155750746557136210e+02,1.000000000000000000e+00,3.700000000000000000e+01
1.183579888941399219e+02,1.000000000000000000e+00,3.800000000000000000e+01
1.147266570885374080e+02,1.000000000000000000e+00,3.800000000000000000e+01
1.193428401034428816e+02,1.000000000000000000e+00,3.800000000000000000e+01
1.166775514645577090e+02,1.000000000000000000e+00,3.800000000000000000e+01
1.180870974445892614e+02,1.000000000000000000e+00,3.800000000000000000e+01
1.204983524115731086e+02,1.000000000000000000e+00,3.800000000000000000e+01
1.148131063131261698e+02,1.000000000000000000e+00,3.800000000000000000e+01
1.209710950831333776e+02,1.000000000000000000e+00,3.900000000000000000e+01
1.215074559551093500e+02,1.000000000000000000e+00,3.900000000000000000e+01
1.208840612366089573e+02,1.000000000000000000e+00,3.900000000000000000e+01
1.200309882329541153e+02,1.000000000000000000e+00,3.900000000000000000e+01
1.199125468831356898e+02,1.000000000000000000e+00,3.900000000000000000e+01
1.226335543943218482e+02,1.000000000000000000e+00,3.900000000000000000e+01
1.146902723030638640e+02,1.000000000000000000e+00,3.900000000000000000e+01
1.164007659728567035e+02,1.000000000000000000e+00,3.900000000000000000e+01
1.206863082620689340e+02,1.000000000000000000e+00,4.000000000000000000e+01
1.197073466752062529e+02,1.000000000000000000e+00,4.000000000000000000e+01
1.226159155559278133e+02,1.000000000000000000e+00,4.000000000000000000e+01
1.178893624732631054e+02,1.000000000000000000e+00,4.000000000000000000e+01
1.206196205003184332e+02,1.000000000000000000e+00,4.000000000000000000e+01
1.176441744953064870e+02,1.000000000000000000e+00,4.000000000000000000e+01
1.210030786162274978e+02,1.000000000000000000e+00,4.000000000000000000e+01
1.208055520929453479e+02,1.000000000000000000e+00,4.000000000000000000e+01
1.207947308632273575e+02,1.000000000000000000e+00,4.100000000000000000e+01
1.216573393936223226e+02,1.000000000000000000e+00,4.100000000000000000e+01
1.194058308886492341e+02,1.000000000000000000e+00,4.100000000000000000e+01
1.220417023566545538e+02,1.000000000000000000e+00,4.100000000000000000e+01
1.174471501215722924e+02,1.000000000000000000e+00,4.100000000000000000e+01
1.209172068862171443e+02,1.000000000000000000e+00,4.100000000000000000e+01
1.213143248658217033e+02,1.000000000000000000e+00,4.100000000000000000e+01
1.203745499586189709e+02,1.000000000000000000e+00,4.100000000000000000e+01
1.190970841007059136e+02,1.000000000000000000e+00,4.200000000000000000e+01
1.225449814725209876e+02,1.000000000000000000e+00,4.200000000000000000e+01
1.215500044553225365e+02,1.000000000000000000e+00,4.200000000000000000e+01
1.197988309449724369e+02,1.000000000000000000e+00,4.200000000000000000e+01
1.215760257072101638e+02,1.000000000000000000e+00,4.200000000000000000e+01
1.198152139870813357e+02,1.000000000000000000e+00,4.200000000000000000e+01
1.207064598203431700e+02,1.000000000000000000e+00,4.200000000000000000e+01
1.231039599829361748e+02,1.000000000000000000e+00,4.300000000000000000e+01
1.228588678125280609e+02,1.000000000000000000e+00,4.300000000000000000e+01
1.265903626321196214e+02,1.000000000000000000e+00,4.300000000000000000e+01
1.250532634838781831e+02,1.000000000000000000e+00,4.300000000000000000e+01
1.221735241311370146e+02,1.000000000000000000e+00,4.300000000000000000e+01
1.234007188299305682e+02,1.000000000000000000e+00,4.300000000000000000e+01
1.254711847901131136e+02,1.000000000000000000e+00,4.300000000000000000e+01
1.210193456320286742e+02,1.000000000000000000e+00,4.300000000000000000e+01
1.263106884561139367e+02,1.000000000000000000e+00,4.400000000000000000e+01
1.273087894628553300e+02,1.000000000000000000e+00,4.400000000000000000e+01
1.225000284419445364e+02,1.000000000000000000e+00,4.400000000000000000e+01
1.226594510011974251e+02,1.000000000000000000e+00,4.400000000000000000e+01
1.212783680347648385e+02,1.000000000000000000e+00,4.400000000000000000e+01
1.267895290535840331e+02,1.000000000000000000e+00,4.400000000000000000e+01
1.201022251183561451e+02,1.000000000000000000e+00,4.400000000000000000e+01
1.237950708486032028e+02,1.000000000000000000e+00,4.400000000000000000e+01
1.258640995450949589e+02,1.000000000000000000e+00,4.500000000000000000e+01
7.534860624805494922e+01,1.000000000000000000e+00,4.500000000000000000e+01
8.119018937648745293e+01,1.000000000000000000e+00,4.500000000000000000e+01
7.681757593712634957e+01,1.000000000000000000e+00,4.500000000000000000e+01
7.833325365803132456e+01,1.000000000000000000e+00,4.500000000000000000e+01
7.590223850499162950e+01,1.000000000000000000e+00,4.500000000000000000e+01
7.687627524880754493e+01,1.000000000000000000e+00,4.500000000000000000e+01
7.758767954633907493e+01,1.000000000000000000e+00,4.600000000000000000e+01
8.005125200536846819e+01,1.000000000000000000e+00,4.600000000000000000e+01
7.738111506121141758e+01,1.000000000000000000e+00,4.600000000000000000e+01
8.151156537546692959e+01,1.000000000000000000e+00,4.600000000000000000e+01
7.800212278938488453e+01,1.000000000000000000e+00,4.600000000000000000e+01
7.678466413206547259e+01,1.000000000000000000e+00,4.600000000000000000e+01
6.914198619715790528e+01,1.000000000000000000e+00,4.600000000000000000e+01
6.879094653792633096e+01,1.000000000000000000e+00,4.600000000000000000e+01
6.815469904073745511e+01,1.000000000000000000e+00,4.700000000000000000e+01
6.784929923618165049e+01,1.000000000000000000e+00,4.700000000000000000e+01
7.271019342500653693e+01,1.000000000000000000e+00,4.700000000000000000e+01
6.970135768857058167e+01,1.000000000000000000e+00,4.700000000000000000e+01
6.855814202855738415e+01,1.000000000000000000e+00,4.700000000000000000e+01
7.000657943489350998e+01,1.000000000000000000e+00,4.700000000000000000e+01
7.119004952678461962e+01,1.000000000000000000e+00,4.700000000000000000e+01
6.819301668205466171e+01,1.000000000000000000e+00,4.700000000000000000e+01
6.896974865126600207e+01,1.000000000000000000e+00,4.800000000000000000e+01
6.803957501892591608e+01,1.000000000000000000e+00,4.800000000000000000e+01
6.882360781196027233e+01,1.000000000000000000e+00,4.800000000000000000e+01
6.800416731514744129e+01,1.000000000000000000e+00,4.800000000000000000e+01
6.682187216842930866e+01,1.000000000000000000e+00,4.800000000000000000e+01
6.945985949729393383e+01,1.000000000000000000e+00,4.800000000000000000e+01
6.702361543477945816e+01,1.000000000000000000e+00,4.800000000000000000e+01
6.891547940096276648e+01,1.000000000000000000e+00,4.900000000000000000e+01
6.898115404361632841e+01,1.000000000000000000e+00,4.900000000000000000e+01
6.971092013938141463e+01,1.000000000000000000e+00,4.900000000000000000e+01
6.845030170314873885e+01,1.000000000000000000e+00,4.900000000000000000e+01
7.044078563374247892e+01,1.000000000000000000e+00,4.900000000000000000e+01
6.917860116397105230e+01,1.000000000000000000e+00,4.900000000000000000e+01
6.839175528049690911e+01,1.000000000000000000e+00,4.900000000000000000e+01
6.972128895415987415e+01,1.000000000000000000e+00,4.900000000000000000e+01
6.958488367013757170e+01,1.000000000000000000e+00,5.000000000000000000e+01
6.693002661178812218e+01,1.000000000000000000e+00,5.000000000000000000e+01
7.431908528517948298e+01,1.000000000000000000e+00,5.000000000000000000e+01
6.907988050682278924e+01,1.000000000000000000e+00,5.000000000000000000e+01
6.892280889674267996e+01,1.000000000000000000e+00,5.000000000000000000e+01
6.958917964951753277e+01,1.000000000000000000e+00,5.000000000000000000e+01
6.990751570814391869e+01,1.000000000000000000e+00,5.000000000000000000e+01
6.732375235545899272e+01,1.000000000000000000e+00,5.000000000000000000e+01
6.793472874802692729e+01,1.000000000000000000e+00,5.100000000000000000e+01
7.241068036765989291e+01,1.000000000000000000e+00,5.100000000000000000e+01
7.348824080136925829e+01,1.000000000000000000e+00,5.100000000000000000e+01
7.152345594551788110e+01,1.000000000000000000e+00,5.100000000000000000e+01
6.717772160550259741e+01,1.000000000000000000e+00,5.100000000000000000e+01
7.035681773750509649e+01,1.000000000000000000e+00,5.100000000000000000e+01
7.009972527708731604e+01,1.000000000000000000e+00,5.100000000000000000e+01
7.632149211357938157e+01,1.000000000000000000e+00,5.200000000000000000e+01
7.325478338883097251e+01,1.000000000000000000e+00,5.200000000000000000e+01
6.966408802307546466e+01,1.000000000000000000e+00,5.200000000000000000e+01
7.470458009262787868e+01,1.000000000000000000e+00,5.200000000000000000e+01
7.097400332927601596e+01,1.000000000000000000e+00,5.200000000000000000e+01
6.986671969061133325e+01,1.000000000000000000e+00,5.200000000000000000e+01
6.931439526880311064e+01,1.000000000000000000e+00,5.200000000000000000e+01
7.298211277978700195e+01,1.000000000000000000e+00,5.200000000000000000e+01
7.399329208201430674e+01,1.000000000000000000e+00,5.300000000000000000e+01
6.887874049999224724e+01,1.000000000000000000e+00,5.300000000000000000e+01
7.052366540922341187e+01,1.000000000000000000e+00,5.300000000000000000e+01
7.519030907419096366e+01,1.000000000000000000e+00,5.300000000000000000e+01
7.633325567157055502e+01,1.000000000000000000e+00,5.300000000000000000e+01
7.260823283709915188e+01,1.000000000000000000e+00,5.300000000000000000e+01
6.909645948471612087e+01,1.000000000000000000e+00,5.300000000000000000e+01
7.077204676473046163e+01,1.000000000000000000e+00,5.300000000000000000e+01
7.647012095973649082e+01,1.000000000000000000e+00,5.400000000000000000e+01
7.556498417959875269e+01,1.000000000000000000e+00,5.400000000000000000e+01
7.633298173012217092e+01,1.000000000000000000e+00,5.400000000000000000e+01
7.573047485998858974e+01,1.000000000000000000e+00,5.400000000000000000e+01
7.429851801966236735e+01,1.000000000000000000e+00,5.400000000000000000e+01
7.465554177286648496e+01,1.000000000000000000e+00,5.400000000000000000e+01
7.247607748671944705e+01,1.000000000000000000e+00,5.400000000000000000e+01
7.339086959902257945e+01,1.000000000000000000e+00,5.400000000000000000e+01
7.470645582787520311e+01,1.000000000000000000e+00,5.500000000000000000e+01
7.494815745091945303e+01,1.000000000000000000e+00,5.500000000000000000e+01
7.557388723839528666e+01,1.000000000000000000e+00,5.500000000000000000e+01
7.419749260053283990e+01,1.000000000000000000e+00,5.500000000000000000e+01
7.287041043331727508e+01,1.000000000000000000e+00,5.500000000000000000e+01
7.367884255390451642e+01,1.000000000000000000e+00,5.500000000000000000e+01
7.408093315790728184e+01,1.000000000000000000e+00,5.500000000000000000e+01
7.547282298647192533e+01,1.000000000000000000e+00,5.600000000000000000e+01
7.559323377993095505e+01,1.000000000000000000e+00,5.600000000000000000e+01
7.631038332551553083e+01,1.000000000000000000e+00,5.600000000000000000e+01
7.628691450905472493e+01,1.000000000000000000e+00,5.600000000000000000e+01
7.715812747811143879e+01,1.000000000000000000e+00,5.600000000000000000e+01
7.419678462459755508e+01,1.000000000000000000e+00,5.600000000000000000e+01
7.488687145025397740e+01,1.000000000000000000e+00,5.600000000000000000e+01
7.851131197389574368e+01,1.000000000000000000e+00,5.600000000000000000e+01
8.056266680490520571e+01,1.000000000000000000e+00,5.700000000000000000e+01
7.954023609056724808e+01,1.000000000000000000e+00,5.700000000000000000e+01
7.388377865610237905e+01,1.000000000000000000e+00,5.700000000000000000e+01
7.721098493951598130e+01,1.000000000000000000e+00,5.700000000000000000e+01
7.609462789689570172e+01,1.000000000000000000e+00,5.700000000000000000e+01
7.165243205936886284e+01,1.000000000000000000e+00,5.700000000000000000e+01
7.661289216565327820e+01,1.000000000000000000e+00,5.700000000000000000e+01
7.600204263437970553e+01,1.000000000000000000e+00,5.700000000000000000e+01
8.161035687947099859e+01,1.000000000000000000e+00,5.800000000000000000e+01
7.938121942461739877e+01,1.000000000000000000e+00,5.800000000000000000e+01
7.733980269260825935e+01,1.000000000000000000e+00,5.800000000000000000e+01
7.625610451390225819e+01,1.000000000000000000e+00,5.800000000000000000e+01
7.665568122478320845e+01,1.000000000000000000e+00,5.800000000000000000e+01
7.833021269880161697e+01,1.000000000000000000e+00,5.800000000000000000e+01
7.625506785195858583e+01,1.000000000000000000e+00,5.800000000000000000e+01
8.069758547840612550e+01,1.000000000000000000e+00,5.900000000000000000e+01
7.924221330435926802e+01,1.000000000000000000e+00,5.900000000000000000e+01
7.751843683103643912e+01,1.000000000000000000e+00,5.900000000000000000e+01
8.137276946354745633e+01,1.000000000000000000e+00,5.900000000000000000e+01
7.904257677096433099e+01,1.000000000000000000e+00,5.900000000000000000e+01
7.965317459153922641e+01,1.000000000000000000e+00,5.900000000000000000e+01
8.059062041695968048e+01,1.000000000000000000e+00,5.900000000000000000e+01
7.496907019941095029e+01,1.000000000000000000e+00,5.900000000000000000e+01
7.897943751681621904e+01,1.000000000000000000e+00,6.000000000000000000e+01
8.118029122257563301e+01,1.000000000000000000e+00,6.000000000000000000e+01
8.018874433896920095e+01,1.000000000000000000e+00,6.000000000000000000e+01
7.828716151905524612e+01,1.000000000000000000e+00,6.000000000000000000e+01
8.145945226576348830e+01,1.000000000000000000e+00,6.000000000000000000e+01
7.819718474520956875e+01,1.000000000000000000e+00,6.000000000000000000e+01
8.043819336500472161e+01,1.000000000000000000e+00,6.000000000000000000e+01
8.141733851678660017e+01,1.000000000000000000e+00,6.000000000000000000e+01
8.041745835962250055e+01,1.000000000000000000e+00,6.100000000000000000e+01
7.982275615390068424e+01,1.000000000000000000e+00,6.100000000000000000e+01
7.983717712002007261e+01,1.000000000000000000e+00,6.100000000000000000e+01
8.226330123105277892e+01,1.000000000000000000e+00,6.100000000000000000e+01
8.147597668307794549e+01,1.000000000000000000e+00,6.100000000000000000e+01
8.105067309097675832e+01,1.000000000000000000e+00,6.100000000000000000e+01
8.494957185409998601e+01,1.000000000000000000e+00,6.100000000000000000e+01
7.999919423725172862e+01,1.000000000000000000e+00,6.200000000000000000e+01
8.232560977977541938e+01,1.000000000000000000e+00,6.200000000000000000e+01
8.314588953283049477e+01,1.000000000000000000e+00,6.200000000000000000e+01
8.093415890846100069e+01,1.000000000000000000e+00,6.200000000000000000e+01
8.108366917556547548e+01,1.000000000000000000e+00,6.200000000000000000e+01
8.320081101426308123e+01,1.000000000000000000e+00,6.200000000000000000e+01
7.981915298533256475e+01,1.000000000000000000e+00,6.200000000000000000e+01
8.486154624285762793e+01,1.000000000000000000e+00,6.200000000000000000e+01
8.423255610126440729e+01,1.000000000000000000e+00,6.300000000000000000e+01
8.003890517159912577e+01,1.000000000000000000e+00,6.300000000000000000e+01
8.280470158695376881e+01,1.000000000000000000e+00,6.300000000000000000e+01
8.400762962988871152e+01,1.000000000000000000e+00,6.300000000000000000e+01
8.535952067095801965e+01,1.000000000000000000e+00,6.300000000000000000e+01
8.158280356384719312e+01,1.000000000000000000e+00,6.300000000000000000e+01
8.377051538891639382e+01,1.000000000000000000e+00,6.300000000000000000e+01
8.331131053195289837e+01,1.000000000000000000e+00,6.300000000000000000e+01
8.732512345691894495e+01,1.000000000000000000e+00,6.400000000000000000e+01
8.287106284570479886e+01,1.000000000000000000e+00,6.400000000000000000e+01
8.263898091667526558e+01,1.000000000000000000e+00,6.400000000000000000e+01
8.406188197457024103e+01,1.000000000000000000e+00,6.400000000000000000e+01
8.556492849792120126e+01,1.000000000000000000e+00,6.400000000000000000e+01
8.210891157920416106e+01,1.000000000000000000e+00,6.400000000000000000e+01
8.586071823633893985e+01,1.000000000000000000e+00,6.400000000000000000e+01
8.583528245099270748e+01,1.000000000000000000e+00,6.500000000000000000e+01
8.501929126101043721e+01,1.000000000000000000e+00,6.500000000000000000e+01
8.647954917737207836e+01,1.000000000000000000e+00,6.500000000000000000e+01
8.522163300381144779e+01,1.000000000000000000e+00,6.500000000000000000e+01
8.719652674457501007e+01,1.000000000000000000e+00,6.500000000000000000e+01
8.416382725887572747e+01,1.000000000000000000e+00,6.500000000000000000e+01
8.655812368331103812e+01,1.000000000000000000e+00,6.500000000000000000e+01
8.585793355649154535e+01,1.000000000000000000e+00,6.500000000000000000e+01
8.647844401231029110e+01,1.000000000000000000e+00,6.600000000000000000e+01
8.581296990861655161e+01,1.000000000000000000e+00,6.600000000000000000e+01
8.439934077122939016e+01,1.000000000000000000e+00,6.600000000000000000e+01
8.944412442494923710e+01,1.000000000000000000e+00,6.600000000000000000e+01
8.900951211875285196e+01,1.000000000000000000e+00,6.600000000000000000e+01
8.789554009263522971e+01,1.000000000000000000e+00,6.600000000000000000e+01
8.608692380137887312e+01,1.000000000000000000e+00,6.600000000000000000e+01
8.934387225251957432e+01,1.000000000000000000e+00,6.600000000000000000e+01
9.224576664534430392e+01,1.000000000000000000e+00,6.700000000000000000e+01
8.220037738000780791e+01,1.000000000000000000e+00,6.700000000000000000e+01
9.054862038795948820e+01,1.000000000000000000e+00,6.700000000000000000e+01
8.174773655693539354e+01,1.000000000000000000e+00,6.700000000000000000e+01
8.849900324995523704e+01,1.000000000000000000e+00,6.700000000000000000e+01
8.447949230091356299e+01,1.000000000000000000e+00,6.700000000000000000e+01
8.598198092015168470e+01,1.000000000000000000e+00,6.700000000000000000e+01
8.553296136889949253e+01,1.000000000000000000e+00,6.700000000000000000e+01
8.247135852614141527e+01,1.000000000000000000e+00,6.800000000000000000e+01
8.515265653874301677e+01,1.000000000000000000e+00,6.800000000000000000e+01
8.764491286956362615e+01,1.000000000000000000e+00,6.800000000000000000e+01
8.899169074493192966e+01,1.000000000000000000e+00,6.800000000000000000e+01
1.384795377023800143e+02,1.000000000000000000e+00,6.800000000000000000e+01
1.351236174838670081e+02,1.000000000000000000e+00,6.800000000000000000e+01
1.394487997766153171e+02,1.000000000000000000e+00,6.800000000000000000e+01
1.371821812173745911e+02,1.000000000000000000e+00,6.900000000000000000e+01
1.359674036226629710e+02,1.000000000000000000e+00,6.900000000000000000e+01
1.346725484826363584e+02,1.000000000000000000e+00,6.900000000000000000e+01
1.359977113392091610e+02,1.000000000000000000e+00,6.900000000000000000e+01
1.356230132140612454e+02,1.000000000000000000e+00,6.900000000000000000e+01
1.358237809573161599e+02,1.000000000000000000e+00,6.900000000000000000e+01
1.355768147277929074e+02,1.000000000000000000e+00,6.900000000000000000e+01
1.350054922539526956e+02,1.000000000000000000e+00,6.900000000000000000e+01
1.396522955766663472e+02,1.000000000000000000e+00,7.000000000000000000e+01
1.482723856148358266e+02,1.000000000000000000e+00,7.000000000000000000e+01
1.493537567307126892e+02,1.000000000000000000e+00,7.000000000000000000e+01
1.467204926926764301e+02,1.000000000000000000e+00,7.000000000000000000e+01
1.472054806329866778e+02,1.000000000000000000e+00,7.000000000000000000e+01
1.475879502766567555e+02,1.000000000000000000e+00,7.000000000000000000e+01
1.506013393486411758e+02,1.000000000000000000e+00,7.000000000000000000e+01
1.472719953070976828e+02,1.000000000000000000e+00,7.000000000000000000e+01
1.470930963369595474e+02,1.000000000000000000e+00,7.100000000000000000e+01
1.467402038936427289e+02,1.000000000000000000e+00,7.100000000000000000e+01
1.471664732555726403e+02,1.000000000000000000e+00,7.100000000000000000e+01
1.483347544941953515e+02,1.000000000000000000e+00,7.100000000000000000e+01
1.494378464737407057e+02,1.000000000000000000e+00,7.100000000000000000e+01
1.520822248499107445e+02,1.000000000000000000e+00,7.100000000000000000e+01
1.539711675499320620e+02,1.000000000000000000e+00,7.100000000000000000e+01
1.565927513868597885e+02,1.000000000000000000e+00,7.200000000000000000e+01
1.533422221645455465e+02,1.000000000000000000e+00,7.200000000000000000e+01
1.492926747810896586e+02,1.000000000000000000e+00,7.200000000000000000e+01
1.518898946889387958e+02,1.000000000000000000e+00,7.200000000000000000e+01
1.521396011216116619e+02,1.000000000000000000e+00,7.200000000000000000e+01
1.527101664645214782e+02,1.000000000000000000e+00,7.200000000000000000e+01
1.512432324871128344e+02,1.000000000000000000e+00,7.200000000000000000e+01
1.521897730314534840e+02,1.000000000000000000e+00,7.200000000000000000e+01
1.511929736699736395e+02,1.000000000000000000e+00,7.300000000000000000e+01
1.555194671868461000e+02,1.000000000000000000e+00,7.300000000000000000e+01
1.564265601399998786e+02,1.000000000000000000e+00,7.300000000000000000e+01
1.545056914469246294e+02,1.000000000000000000e+00,7.300000000000000000e+01
1.548577227075770963e+02,1.000000000000000000e+00,7.300000000000000000e+01
1.521071229958911317e+02,1.000000000000000000e+00,7.300000000000000000e+01
1.537530705568507869e+02,1.000000000000000000e+00,7.300000000000000000e+01
1.546563929710371212e+02,1.000000000000000000e+00,7.300000000000000000e+01
1.521957958532051407e+02,1.000000000000000000e+00,7.400000000000000000e+01
1.525829125157928274e+02,1.000000000000000000e+00,7.400000000000000000e+01
1.510832082818646995e+02,1.000000000000000000e+00,7.400000000000000000e+01
1.560636594121400549e+02,1.000000000000000000e+00,7.400000000000000000e+01
1.538330763623242206e+02,1.000000000000000000e+00,7.400000000000000000e+01
1.517757545687980496e+02,1.000000000000000000e+00,7.400000000000000000e+01
1.538767406667154773e+02,1.000000000000000000e+00,7.400000000000000000e+01
1.541737571759808247e+02,1.000000000000000000e+00,7.500000000000000000e+01
1.576558151722901187e+02,1.000000000000000000e+00,7.500000000000000000e+01
1.549252529756321906e+02,1.000000000000000000e+00,7.500000000000000000e+01
1.582046282615507664e+02,1.000000000000000000e+00,7.500000000000000000e+01
1.578806055232328163e+02,1.000000000000000000e+00,7.500000000000000000e+01
1.519759976826370576e+02,1.000000000000000000e+00,7.500000000000000000e+01
1.546915485626844600e+02,1.000000000000000000e+00,7.500000000000000000e+01
1.524457095346659230e+02,1.000000000000000000e+00,7.500000000000000000e+01
1.581503561101747835e+02,1.000000000000000000e+00,7.600000000000000000e+01
1.552801814885199292e+02,1.000000000000000000e+00,7.600000000000000000e+01
1.556727959358802309e+02,1.000000000000000000e+00,7.600000000000000000e+01
1.533376490235995675e+02,1.000000000000000000e+00,7.600000000000000000e+01
1.552582057980659727e+02,1.000000000000000000e+00,7.600000000000000000e+01
1.560877979114079039e+02,1.000000000000000000e+00,7.600000000000000000e+01
1.549095300293118953e+02,1.000000000000000000e+00,7.600000000000000000e+01
1.537867986442676624e+02,1.000000000000000000e+00,7.600000000000000000e+01
1.589127979923932230e+02,1.000000000000000000e+00,7.700000000000000000e+01
1.600328596484296781e+02,1.000000000000000000e+00,7.700000000000000000e+01
1.567084292960399807e+02,1.000000000000000000e+00,7.700000000000000000e+01
1.593847400542819628e+02,1.000000000000000000e+00,7.700000000000000000e+01
1.551041385641177044e+02,1.000000000000000000e+00,7.700000000000000000e+01
1.560300666336266886e+02,1.000000000000000000e+00,7.700000000000000000e+01
1.587682520707909930e+02,1.000000000000000000e+00,7.700000000000000000e+01
7.597079071502498948e+01,0.000000000000000000e+00,0.000000000000000000e+00
8.133686953842557443e+01,0.000000000000000000e+00,0.000000000000000000e+00
8.138727062688431602e+01,0.000000000000000000e+00,0.000000000000000000e+00
7.942140981163721847e+01,0.000000000000000000e+00,0.000000000000000000e+00
7.616798731483793006e+01,0.000000000000000000e+00,0.000000000000000000e+00
8.119591257823068986e+01,0.000000000000000000e+00,0.000000000000000000e+00
7.874614682012364142e+01,0.000000000000000000e+00,0.000000000000000000e+00
8.294498494460668780e+01,0.000000000000000000e+00,0.000000000000000000e+00
7.836637939920844076e+01,0.000000000000000000e+00,0.000000000000000000e+00
7.990975397919908119e+01,0.000000000000000000e+00,0.000000000000000000e+00
7.971448553430855100e+01,0.000000000000000000e+00,0.000000000000000000e+00
8.301998496785196835e+01,0.000000000000000000e+00,0.000000000000000000e+00
7.980146917683669017e+01,0.000000000000000000e+00,0.000000000000000000e+00
8.110662203435346385e+01,0.000000000000000000e+00,0.000000000000000000e+00
7.843257116353298386e+01,0.000000000000000000e+00,0.000000000000000000e+00
7.953252460126027756e+01,0.000000000000000000e+00,0.000000000000000000e+00
7.800720850407631701e+01,0.000000000000000000e+00,0.000000000000000000e+00
8.045902747829364898e+01,0.000000000000000000e+00,0.000000000000000000e+00
8.096905580634354749e+01,0.000000000000000000e+00,0.000000000000000000e+00
7.908696289648769095e+01,0.000000000000000000e+00,0.000000000000000000e+00
8.310825245944468520e+01,0.000000000000000000e+00,0.000000000000000000e+00
7.632649260856676676e+01,0.000000000000000000e+00,0.000000000000000000e+00
8.062784637683519406e+01,0.000000000000000000e+00,0.000000000000000000e+00
7.621104889434018048e+01,0.000000000000000000e+00,0.000000000000000000e+00
8.274706589019172043e+01,0.000000000000000000e+00,0.000000000000000000e+00
8.049933201886766199e+01,0.000000000000000000e+00,0.000000000000000000e+00
8.020058497996244284e+01,0.000000000000000000e+00,0.000000000000000000e+00
8.084046654215653405e+01,0.000000000000000000e+00,0.000000000000000000e+00
7.571084618987798365e+01,0.000000000000000000e+00,0.000000000000000000e+00
8.188642562032796945e+01,0.000000000000000000e+00,0.000000000000000000e+00
7.619674335273609245e+01,0.000000000000000000e+00,0.000000000000000000e+00
8.028443970789386697e+01,0.000000000000000000e+00,0.000000000000000000e+00
7.879328860388841349e+01,0.000000000000000000e+00,0.000000000000000000e+00
7.717568300590129127e+01,0.000000000000000000e+00,0.000000000000000000e+00
7.819523005439079100e+01,0.000000000000000000e+00,0.000000000000000000e+00
7.810864982238334164e+01,0.000000000000000000e+00,0.000000000000000000e+00
3.187710017688123543e+01,0.000000000000000000e+00,0.000000000000000000e+00
3.396875649161808752e+01,0.000000000000000000e+00,0.000000000000000000e+00
3.431186863944201804e+01,0.000000000000000000e+00,0.000000000000000000e+00
2.991789581081352978e+01,0.000000000000000000e+00,0.000000000000000000e+00
3.177634999655638026e+01,0.000000000000000000e+00,0.000000000000000000e+00
2.936531497927412815e+01,0.000000000000000000e+00,0.000000000000000000e+00
2.951208936694119700e+01,0.000000000000000000e+00,0.000000000000000000e+00
3.187150263232230785e+01,0.000000000000000000e+00,0.000000000000000000e+00
3.134673111522331013e+01,0.000000000000000000e+00,0.000000000000000000e+00
2.806281221503287071e+01,0.000000000000000000e+00,0.000000000000000000e+00
3.335778813593987735e+01,0.000000000000000000e+00,0.000000000000000000e+00
3.199205027236662602e+01,0.000000000000000000e+00,0.000000000000000000e+00
2.584008406398189095e+01,0.000000000000000000e+00,0.000000000000000000e+00
1.812434495798678213e+01,0.000000000000000000e+00,0.000000000000000000e+00
1.894083575860989654e+01,0.000000000000000000e+00,0.000000000000000000e+00
2.321933909228976489e+01,0.000000000000000000e+00,0.000000000000000000e+00
2.246766601009604969e+01,0.000000000000000000e+00,0.000000000000000000e+00
2.078658388945664370e+01,0.000000000000000000e+00,0.000000000000000000e+00
2.111629115695982506e+01,0.000000000000000000e+00,0.000000000000000000e+00
2.122532460255187203e+01,0.000000000000000000e+00,0.000000000000000000e+00
2.103410991544618369e+01,0.000000000000000000e+00,0.000000000000000000e+00
2.181792749501605755e+01,0.000000000000000000e+00,0.000000000000000000e+00
1.910575067817142170e+01,0.000000000000000000e+00,0.000000000000000000e+00
2.245925264858234627e+01,0.000000000000000000e+00,0.000000000000000000e+00
1.727907487153126809e+01,0.000000000000000000e+00,0.000000000000000000e+00
2.140999451864155745e+01,0.000000000000000000e+00,0.000000000000000000e+00
2.010125970199898404e+01,0.000000000000000000e+00,0.000000000000000000e+00
2.124147325955011567e+01,0.000000000000000000e+00,0.000000000000000000e+00
1.940476457706900248e+01,0.000000000000000000e+00,0.000000000000000000e+00
2.192192510038070452e+01,0.000000000000000000e+00,0.000000000000000000e+00
2.053031623473928136e+01,0.000000000000000000e+00,0.000000000000000000e+00
2.506571158537036581e+01,0.000000000000000000e+00,0.000000000000000000e+00
2.247693849629732910e+01,0.000000000000000000e+00,0.000000000000000000e+00
2.236545856135364829e+01,0.000000000000000000e+00,0.000000000000000000e+00
1.786852183420995388e+01,0.000000000000000000e+00,0.000000000000000000e+00
2.327193414032015539e+01,0.000000000000000000e+00,0.000000000000000000e+00
1.962573385658535230e+01,0.000000000000000000e+00,0.000000000000000000e+00
1.964932780797132139e+01,0.000000000000000000e+00,0.000000000000000000e+00
1.744712790773981936e+01,0.000000000000000000e+00,0.000000000000000000e+00
2.055815664868554293e+01,0.000000000000000000e+00,0.000000000000000000e+00
1.937737586020603331e+01,0.000000000000000000e+00,0.000000000000000000e+00
1.667878368718474391e+01,0.000000000000000000e+00,0.000000000000000000e+00
1.814016003067561655e+01,0.000000000000000000e+00,0.000000000000000000e+00
1.912681590441169988e+01,0.000000000000000000e+00,0.000000000000000000e+00
2.031766706683911394e+01,0.000000000000000000e+00,0.000000000000000000e+00
1.691123063376457836e+01,0.000000000000000000e+00,0.000000000000000000e+00
1.799831079420140156e+01,0.000000000000000000e+00,0.000000000000000000e+00
2.001936707308328778e+01,0.000000000000000000e+00,0.000000000000000000e+00
2.205335048992711577e+01,0.000000000000000000e+00,0.000000000000000000e+00
2.049784939478794499e+01,0.000000000000000000e+00,0.000000000000000000e+00
2.341724386572785477e+01,0.000000000000000000e+00,0.000000000000000000e+00
1.845386207640615339e+01,0.000000000000000000e+00,0.000000000000000000e+00
2.293639418706383992e+01,0.000000000000000000e+00,0.000000000000000000e+00
2.089005718930665978e+01,0.000000000000000000e+00,0.000000000000000000e+00
1.904744567637905206e+01,0.000000000000000000e+00,0.000000000000000000e+00
2.203979110255048823e+01,0.000000000000000000e+00,0.000000000000000000e+00
2.007748106990598913e+01,0.000000000000000000e+00,0.000000000000000000e+00
2.022260627064158101e+01,0.000000000000000000e+00,0.000000000000000000e+00
2.038493484049213222e+01,0.000000000000000000e+00,0.000000000000000000e+00
1.817095795382570955e+01,0.000000000000000000e+00,0.000000000000000000e+00
2.026825174310059907e+01,0.000000000000000000e+00,0.000000000000000000e+00
2.075910156316881583e+01,0.000000000000000000e+00,0.000000000000000000e+00
1.700037375530102679e+01,0.000000000000000000e+00,0.000000000000000000e+00
2.083572159768636212e+01,0.000000000000000000e+00,0.000000000000000000e+00
1.966734573165460276e+01,0.000000000000000000e+00,0.000000000000000000e+00
2.264599940329745564e+01,0.000000000000000000e+00,0.000000000000000000e+00
2.158106656103554499e+01,0.000000000000000000e+00,0.000000000000000000e+00
1.849841808445401981e+01,0.000000000000000000e+00,0.000000000000000000e+00
2.115249535363548006e+01,0.000000000000000000e+00,0.000000000000000000e+00
1.865234724606479588e+01,0.000000000000000000e+00,0.000000000000000000e+00
2.033300156415184645e+01,0.000000000000000000e+00,0.000000000000000000e+00
2.234423825886399229e+01,0.000000000000000000e+00,0.000000000000000000e+00
2.528096901357739057e+01,0.000000000000000000e+00,0.000000000000000000e+00
2.023295645592697767e+01,0.000000000000000000e+00,0.000000000000000000e+00
2.004138871591257853e+01,0.000000000000000000e+00,0.000000000000000000e+00
2.043099216548000996e+01,0.000000000000000000e+00,0.000000000000000000e+00
1.674368795483924544e+01,0.000000000000000000e+00,0.000000000000000000e+00
2.044403938094585982e+01,0.000000000000000000e+00,0.000000000000000000e+00
1.696435907961399536e+01,0.000000000000000000e+00,0.000000000000000000e+00
2.086366357845431452e+01,0.000000000000000000e+00,0.000000000000000000e+00
1.854809942758130248e+01,0.000000000000000000e+00,0.000000000000000000e+00
2.000030525250556579e+01,0.000000000000000000e+00,0.000000000000000000e+00
1.734623811187939069e+01,0.000000000000000000e+00,0.000000000000000000e+00
1.814119320888642761e+01,0.000000000000000000e+00,0.000000000000000000e+00
1.868741166872804627e+01,0.000000000000000000e+00,0.000000000000000000e+00
1.988530719965988780e+01,0.000000000000000000e+00,0.000000000000000000e+00
2.132357826267923784e+01,0.000000000000000000e+00,0.000000000000000000e+00
2.195749159375557724e+01,0.000000000000000000e+00,0.000000000000000000e+00
2.132098228516077398e+01,0.000000000000000000e+00,0.000000000000000000e+00
2.269678821562521520e+01,0.000000000000000000e+00,0.000000000000000000e+00
2.027124284571028312e+01,0.000000000000000000e+00,0.000000000000000000e+00
2.058247186800241479e+01,0.000000000000000000e+00,0.000000000000000000e+00
2.201472003873941574e+01,0.000000000000000000e+00,0.000000000000000000e+00
1.687472279116339990e+01,0.000000000000000000e+00,0.000000000000000000e+00
1.865035130874237979e+01,0.000000000000000000e+00,0.000000000000000000e+00
2.125718826985847443e+01,0.000000000000000000e+00,0.000000000000000000e+00
2.019881950019287231e+01,0.000000000000000000e+00,0.000000000000000000e+00
1.947053343099183920e+01,0.000000000000000000e+00,0.000000000000000000e+00
2.109669458142242959e+01,0.000000000000000000e+00,0.000000000000000000e+00
1.739569243455473924e+01,0.000000000000000000e+00,0.000000000000000000e+00
1.919470965267388607e+01,0.000000000000000000e+00,0.000000000000000000e+00
2.061010852083066069e+01,0.000000000000000000e+00,0.000000000000000000e+00
1.824657540373858566e+01,0.000000000000000000e+00,0.000000000000000000e+00
1.727590454265630626e+01,0.000000000000000000e+00,0.000000000000000000e+00
2.027294472884585019e+01,0.000000000000000000e+00,0.000000000000000000e+00
1.968942713285797552e+01,0.000000000000000000e+00,0.000000000000000000e+00
1.671667843754812210e+01,0.000000000000000000e+00,0.000000000000000000e+00
2.368751838847714453e+01,0.000000000000000000e+00,0.000000000000000000e+00
2.076466346163420340e+01,0.000000000000000000e+00,0.000000000000000000e+00
1.813391567188784492e+01,0.000000000000000000e+00,0.000000000000000000e+00
1.735344769753843508e+01,0.000000000000000000e+00,0.000000000000000000e+00
2.081322881856249296e+01,0.000000000000000000e+00,0.000000000000000000e+00
2.312193997030002635e+01,0.000000000000000000e+00,0.000000000000000000e+00
1.952394206272410671e+01,0.000000000000000000e+00,0.000000000000000000e+00
2.376704482747840785e+01,0.000000000000000000e+00,0.000000000000000000e+00
1.863917106841380189e+01,0.000000000000000000e+00,0.000000000000000000e+00
1.971784167250614317e+01,0.000000000000000000e+00,0.000000000000000000e+00
1.949533376835879750e+01,0.000000000000000000e+00,0.000000000000000000e+00
2.209965566662111058e+01,0.000000000000000000e+00,0.000000000000000000e+00
1.848135107640666064e+01,0.000000000000000000e+00,0.000000000000000000e+00
1.843400383289626987e+01,0.000000000000000000e+00,0.000000000000000000e+00
1.887363113936601167e+01,0.000000000000000000e+00,0.000000000000000000e+00
2.402210438118875047e+01,0.000000000000000000e+00,0.000000000000000000e+00
2.042376966504313529e+01,0.000000000000000000e+00,0.000000000000000000e+00
1.927249282617960802e+01,0.000000000000000000e+00,0.000000000000000000e+00
1.885101954285330095e+01,0.000000000000000000e+00,0.000000000000000000e+00
2.248714594948362944e+01,0.000000000000000000e+00,0.000000000000000000e+00
1.872983504434095892e+01,0.000000000000000000e+00,0.000000000000000000e+00
1.973747086277746732e+01,0.000000000000000000e+00,0.000000000000000000e+00
1.878580821034924497e+01,0.000000000000000000e+00,0.000000000000000000e+00
1.527581466234146745e+01,0.000000000000000000e+00,0.000000000000000000e+00
2.451632534043500655e+01,0.000000000000000000e+00,0.000000000000000000e+00
2.179917413665167913e+01,0.000000000000000000e+00,0.000000000000000000e+00
2.341044716375179036e+01,0.000000000000000000e+00,0.000000000000000000e+00
2.028214888661272397e+01,0.000000000000000000e+00,0.000000000000000000e+00
2.175670531735709901e+01,0.000000000000000000e+00,0.000000000000000000e+00
2.186189953490921667e+01,0.000000000000000000e+00,0.000000000000000000e+00
2.119228883966811239e+01,0.000000000000000000e+00,0.000000000000000000e+00
2.081323892964834243e+01,0.000000000000000000e+00,0.000000000000000000e+00
2.019129925555325400e+01,0.000000000000000000e+00,0.000000000000000000e+00
1.710148245620284158e+01,0.000000000000000000e+00,0.000000000000000000e+00
2.030844083174596548e+01,0.000000000000000000e+00,0.000000000000000000e+00
2.005773758601183232e+01,0.000000000000000000e+00,0.000000000000000000e+00
1.926874901665994599e+01,0.000000000000000000e+00,0.000000000000000000e+00
1.867649016654108962e+01,0.000000000000000000e+00,0.000000000000000000e+00
1.874854482814061285e+01,0.000000000000000000e+00,0.000000000000000000e+00
1.956807044497988812e+01,0.000000000000000000e+00,0.000000000000000000e+00
1.634612939000146170e+01,0.000000000000000000e+00,0.000000000000000000e+00
1.922651813377111907e+01,0.000000000000000000e+00,0.000000000000000000e+00
1.809111940393106366e+01,0.000000000000000000e+00,0.000000000000000000e+00
2.080895863754917485e+01,0.000000000000000000e+00,0.000000000000000000e+00
2.232051012531926304e+01,0.000000000000000000e+00,0.000000000000000000e+00
1.856059295966422340e+01,0.000000000000000000e+00,0.000000000000000000e+00
1.897138988121538716e+01,0.000000000000000000e+00,0.000000000000000000e+00
1.814814229675928914e+01,0.000000000000000000e+00,0.000000000000000000e+00
2.074805991248841508e+01,0.000000000000000000e+00,0.000000000000000000e+00
2.085696755370056010e+01,0.000000000000000000e+00,0.000000000000000000e+00
1.949231244359197746e+01,0.000000000000000000e+00,0.000000000000000000e+00
1.703421516524089796e+01,0.000000000000000000e+00,0.000000000000000000e+00
2.078876291643801721e+01,0.000000000000000000e+00,0.000000000000000000e+00
1.764561247194956906e+01,0.000000000000000000e+00,0.000000000000000000e+00
1.758661948449479340e+01,0.000000000000000000e+00,0.000000000000000000e+00
2.046351445735046326e+01,0.000000000000000000e+00,0.000000000000000000e+00
2.046821229198789638e+01,0.000000000000000000e+00,0.000000000000000000e+00
1.827731206761307448e+01,0.000000000000000000e+00,0.000000000000000000e+00
2.191852009432012593e+01,0.000000000000000000e+00,0.000000000000000000e+00
1.958210112301415862e+01,0.000000000000000000e+00,0.000000000000000000e+00
2.126350356339582248e+01,0.000000000000000000e+00,0.000000000000000000e+00
1.795209251554812724e+01,0.000000000000000000e+00,0.000000000000000000e+00
2.102623805355614195e+01,0.000000000000000000e+00,0.000000000000000000e+00
1.744554922688823950e+01,0.000000000000000000e+00,0.000000000000000000e+00
2.046399983379711074e+01,0.000000000000000000e+00,0.000000000000000000e+00
1.984625027135865238e+01,0.000000000000000000e+00,0.000000000000000000e+00
1.979781772649426230e+01,0.000000000000000000e+00,0.000000000000000000e+00
1.722232038940414967e+01,0.000000000000000000e+00,0.000000000000000000e+00
2.044399522621502641e+01,0.000000000000000000e+00,0.000000000000000000e+00
1.519916471530884294e+01,0.000000000000000000e+00,0.000000000000000000e+00
2.158780330788223978e+01,0.000000000000000000e+00,0.000000000000000000e+00
2.162318537540897623e+01,0.000000000000000000e+00,0.000000000000000000e+00
2.215170819981110029e+01,0.000000000000000000e+00,0.000000000000000000e+00
6.907420438198974466e+01,0.000000000000000000e+00,0.000000000000000000e+00
6.981137922330746903e+01,0.000000000000000000e+00,0.000000000000000000e+00
7.198771700188510181e+01,0.000000000000000000e+00,0.000000000000000000e+00
6.963675545567207337e+01,0.000000000000000000e+00,0.000000000000000000e+00
6.954557012858845155e+01,0.000000000000000000e+00,0.000000000000000000e+00
6.816833822955490518e+01,0.000000000000000000e+00,0.000000000000000000e+00
7.105138048567324915e+01,0.000000000000000000e+00,0.000000000000000000e+00
7.011576680700511588e+01,0.000000000000000000e+00,0.000000000000000000e+00
7.030841790437114014e+01,0.000000000000000000e+00,0.000000000000000000e+00
6.732337564264871332e+01,0.000000000000000000e+00,0.000000000000000000e+00
6.717878728194270366e+01,0.000000000000000000e+00,0.000000000000000000e+00
6.706944493503343097e+01,0.000000000000000000e+00,0.000000000000000000e+00
7.743858588759590589e+01,0.000000000000000000e+00,0.000000000000000000e+00
8.087588097999142178e+01,0.000000000000000000e+00,0.000000000000000000e+00
7.745855946588510221e+01,0.000000000000000000e+00,0.000000000000000000e+00
7.465215353467840487e+01,0.000000000000000000e+00,0.000000000000000000e+00
7.678618402941992827e+01,0.000000000000000000e+00,0.000000000000000000e+00
7.928974951537819038e+01,0.000000000000000000e+00,0.000000000000000000e+00
7.941493327957854831e+01,0.000000000000000000e+00,0.000000000000000000e+00
7.826411608477039294e+01,0.000000000000000000e+00,0.000000000000000000e+00
7.666319930351453138e+01,0.000000000000000000e+00,0.000000000000000000e+00
7.743803058989146848e+01,0.000000000000000000e+00,0.000000000000000000e+00
7.767312530234127621e+01,0.000000000000000000e+00,0.000000000000000000e+00
8.290681840242253031e+01,0.000000000000000000e+00,0.000000000000000000e+00
7.725477343193965396e+01,0.000000000000000000e+00,0.000000000000000000e+00
7.812203173597072237e+01,0.000000000000000000e+00,0.000000000000000000e+00
8.257641770061863440e+01,0.000000000000000000e+00,0.000000000000000000e+00
8.486414515207215459e+01,0.000000000000000000e+00,0.000000000000000000e+00
7.985540026917547607e+01,0.000000000000000000e+00,0.000000000000000000e+00
8.120724464943658916e+01,0.000000000000000000e+00,0.000000000000000000e+00
7.742408294208722452e+01,0.000000000000000000e+00,0.000000000000000000e+00
7.773258717318327626e+01,0.000000000000000000e+00,0.000000000000000000e+00
8.360214107249422000e+01,0.000000000000000000e+00,0.000000000000000000e+00
7.624821552860828433e+01,0.000000000000000000e+00,0.000000000000000000e+00
7.726883841173962253e+01,0.000000000000000000e+00,0.000000000000000000e+00
8.083573374413117563e+01,0.000000000000000000e+00,0.000000000000000000e+00
7.677736672553848507e+01,0.000000000000000000e+00,0.000000000000000000e+00
8.245277116920729554e+01,0.000000000000000000e+00,0.000000000000000000e+00
8.183827549738663265e+01,0.000000000000000000e+00,0.000000000000000000e+00
7.633103537833538610e+01,0.000000000000000000e+00,0.000000000000000000e+00
8.076361842490724996e+01,0.000000000000000000e+00,0.000000000000000000e+00
7.676561438480884192e+01,0.000000000000000000e+00,0.000000000000000000e+00
7.853016945130117676e+01,0.000000000000000000e+00,0.000000000000000000e+00
7.961730010352219722e+01,0.000000000000000000e+00,0.000000000000000000e+00
7.814674652639227759e+01,0.000000000000000000e+00,0.000000000000000000e+00
8.195694893459128139e+01,0.000000000000000000e+00,0.000000000000000000e+00
7.899821208137151984e+01,0.000000000000000000e+00,0.000000000000000000e+00
7.722277519299416326e+01,0.000000000000000000e+00,0.000000000000000000e+00
7.936848043178716239e+01,0.000000000000000000e+00,0.000000000000000000e+00
7.907699521603083781e+01,0.000000000000000000e+00,0.000000000000000000e+00
8.156469655549157949e+01,0.000000000000000000e+00,0.000000000000000000e+00
8.105861523935992352e+01,0.000000000000000000e+00,0.000000000000000000e+00
7.812656342075347027e+01,0.000000000000000000e+00,0.000000000000000000e+00
7.915646595204475489e+01,0.000000000000000000e+00,0.000000000000000000e+00
8.066998702816391642e+01,0.000000000000000000e+00,0.000000000000000000e+00
8.212839510521257580e+01,0.000000000000000000e+00,0.000000000000000000e+00
8.099884317438528569e+01,0.000000000000000000e+00,0.000000000000000000e+00
7.849355322182455552e+01,0.000000000000000000e+00,0.000000000000000000e+00
7.674281723031614888e+01,0.000000000000000000e+00,0.000000000000000000e+00
7.740630253531662675e+01,0.000000000000000000e+00,0.000000000000000000e+00
7.711247594022071894e+01,0.000000000000000000e+00,0.000000000000000000e+00
7.836635492740691689e+01,0.000000000000000000e+00,0.000000000000000000e+00
7.835835172995501807e+01,0.000000000000000000e+00,0.000000000000000000e+00
8.022203537898353432e+01,0.000000000000000000e+00,0.000000000000000000e+00
8.009685883369938608e+01,0.000000000000000000e+00,0.000000000000000000e+00
8.146008774314489642e+01,0.000000000000000000e+00,0.000000000000000000e+00
7.708436879710198752e+01,0.000000000000000000e+00,0.000000000000000000e+00
8.085176954269000760e+01,0.000000000000000000e+00,0.000000000000000000e+00
7.870428712286305029e+01,0.000000000000000000e+00,0.000000000000000000e+00
8.129718343517816947e+01,0.000000000000000000e+00,0.000000000000000000e+00
7.936421989125662435e+01,0.000000000000000000e+00,0.000000000000000000e+00
8.028688486121345136e+01,0.000000000000000000e+00,0.000000000000000000e+00
7.932941772766027100e+01,0.000000000000000000e+00,0.000000000000000000e+00
7.938516889010666944e+01,0.000000000000000000e+00,0.000000000000000000e+00
8.117019794870918759e+01,0.000000000000000000e+00,0.000000000000000000e+00
8.381291782199436113e+01,0.000000000000000000e+00,0.000000000000000000e+00
7.904991085646302906e+01,0.000000000000000000e+00,0.000000000000000000e+00
8.212865878438707057e+01,0.000000000000000000e+00,0.000000000000000000e+00
8.127524146792096360e+01,0.000000000000000000e+00,0.000000000000000000e+00
8.229354217684586104e+01,0.000000000000000000e+00,0.000000000000000000e+00
7.879825584898414093e+01,0.000000000000000000e+00,0.000000000000000000e+00
7.540259709168356039e+01,0.000000000000000000e+00,0.000000000000000000e+00
8.178895268177204514e+01,0.000000000000000000e+00,0.000000000000000000e+00
8.259123406425936764e+01,0.000000000000000000e+00,0.000000000000000000e+00
8.187508431373616702e+01,0.000000000000000000e+00,0.000000000000000000e+00
8.326928475426763043e+01,0.000000000000000000e+00,0.000000000000000000e+00
7.819291062209074994e+01,0.000000000000000000e+00,0.000000000000000000e+00
7.842808741117002569e+01,0.000000000000000000e+00,0.000000000000000000e+00
8.256045721304674601e+01,0.000000000000000000e+00,0.000000000000000000e+00
8.281380679644873055e+01,0.000000000000000000e+00,0.000000000000000000e+00
7.721467070490710682e+01,0.000000000000000000e+00,0.000000000000000000e+00
7.996007719860142515e+01,0.000000000000000000e+00,0.000000000000000000e+00
8.072120693366045430e+01,0.000000000000000000e+00,0.000000000000000000e+00
8.050001049560529509e+01,0.000000000000000000e+00,0.000000000000000000e+00
8.244032459829962534e+01,0.000000000000000000e+00,0.000000000000000000e+00
8.289831903220560605e+01,0.000000000000000000e+00,0.000000000000000000e+00
7.989262701526564570e+01,0.000000000000000000e+00,0.000000000000000000e+00
8.218582093839843594e+01,0.000000000000000000e+00,0.000000000000000000e+00
7.722976122886345252e+01,0.000000000000000000e+00,0.000000000000000000e+00
7.916685503192414330e+01,0.000000000000000000e+00,0.000000000000000000e+00
8.011372121071624974e+01,0.000000000000000000e+00,0.000000000000000000e+00
8.252296608993484028e+01,0.000000000000000000e+00,0.000000000000000000e+00
7.826166127997849742e+01,0.000000000000000000e+00,0.000000000000000000e+00
8.144574662525495512e+01,0.000000000000000000e+00,0.000000000000000000e+00
8.074236560432804310e+01,0.000000000000000000e+00,0.000000000000000000e+00
7.633504033029731772e+01,0.000000000000000000e+00,0.000000000000000000e+00
7.792023587644614224e+01,0.000000000000000000e+00,0.000000000000000000e+00
7.853987920715763948e+01,0.000000000000000000e+00,0.000000000000000000e+00
3.398540260070026875e+01,0.000000000000000000e+00,0.000000000000000000e+00
3.272068432541216509e+01,0.000000000000000000e+00,0.000000000000000000e+00
3.429438204884637287e+01,0.000000000000000000e+00,0.000000000000000000e+00
3.216640864064148531e+01,0.000000000000000000e+00,0.000000000000000000e+00
3.262159058104244735e+01,0.000000000000000000e+00,0.000000000000000000e+00
3.139230672723801163e+01,0.000000000000000000e+00,0.000000000000000000e+00
3.369610671306297434e+01,0.000000000000000000e+00,0.000000000000000000e+00
3.241725349448698523e+01,0.000000000000000000e+00,0.000000000000000000e+00
2.904520328493758541e+01,0.000000000000000000e+00,0.000000000000000000e+00
3.484259125386481770e+01,0.000000000000000000e+00,0.000000000000000000e+00
3.103756477072512965e+01,0.000000000000000000e+00,0.000000000000000000e+00
3.170532043790725041e+01,0.000000000000000000e+00,0.000000000000000000e+00
2.358135519143948144e+01,0.000000000000000000e+00,0.000000000000000000e+00
2.216012074523314368e+01,0.000000000000000000e+00,0.000000000000000000e+00
2.260837509605856255e+01,0.000000000000000000e+00,0.000000000000000000e+00
1.958252752258055551e+01,0.000000000000000000e+00,0.000000000000000000e+00
1.900565017518377786e+01,0.000000000000000000e+00,0.000000000000000000e+00
2.303655810377614443e+01,0.000000000000000000e+00,0.000000000000000000e+00
2.449349605384411532e+01,0.000000000000000000e+00,0.000000000000000000e+00
2.308605354448875602e+01,0.000000000000000000e+00,0.000000000000000000e+00
2.592908218549106181e+01,0.000000000000000000e+00,0.000000000000000000e+00
2.322637977055373426e+01,0.000000000000000000e+00,0.000000000000000000e+00
2.488604425409697640e+01,0.000000000000000000e+00,0.000000000000000000e+00
2.315603932464986059e+01,0.000000000000000000e+00,0.000000000000000000e+00
1.774421898508733264e+01,0.000000000000000000e+00,0.000000000000000000e+00
2.368954122384065641e+01,0.000000000000000000e+00,0.000000000000000000e+00
1.689489967441682339e+01,0.000000000000000000e+00,0.000000000000000000e+00
1.975828404856034837e+01,0.000000000000000000e+00,0.000000000000000000e+00
1.988349480381615564e+01,0.000000000000000000e+00,0.000000000000000000e+00
1.576433272082194215e+01,0.000000000000000000e+00,0.000000000000000000e+00
1.931920407426504127e+01,0.000000000000000000e+00,0.000000000000000000e+00
2.102857389336825733e+01,0.000000000000000000e+00,0.000000000000000000e+00
1.927020600638116576e+01,0.000000000000000000e+00,0.000000000000000000e+00
2.264785351895391585e+01,0.000000000000000000e+00,0.000000000000000000e+00
1.807615432334350558e+01,0.000000000000000000e+00,0.000000000000000000e+00
2.206291293165795508e+01,0.000000000000000000e+00,0.000000000000000000e+00
2.201801357768029277e+01,0.000000000000000000e+00,0.000000000000000000e+00
1.948678238331875434e+01,0.000000000000000000e+00,0.000000000000000000e+00
2.222091174569426286e+01,0.000000000000000000e+00,0.000000000000000000e+00
2.100054974252411455e+01,0.000000000000000000e+00,0.000000000000000000e+00
2.143395148771479697e+01,0.000000000000000000e+00,0.000000000000000000e+00
1.745208417113141053e+01,0.000000000000000000e+00,0.000000000000000000e+00
1.968978283926829675e+01,0.000000000000000000e+00,0.000000000000000000e+00
1.823225230321096646e+01,0.000000000000000000e+00,0.000000000000000000e+00
2.421279098859021417e+01,0.000000000000000000e+00,0.000000000000000000e+00
2.033273953125658906e+01,0.000000000000000000e+00,0.000000000000000000e+00
1.618897954223199065e+01,0.000000000000000000e+00,0.000000000000000000e+00
1.954771274771589873e+01,0.000000000000000000e+00,0.000000000000000000e+00
1.962695715882058423e+01,0.000000000000000000e+00,0.000000000000000000e+00
2.368038164427581549e+01,0.000000000000000000e+00,0.000000000000000000e+00
2.038301785618040540e+01,0.000000000000000000e+00,0.000000000000000000e+00
1.971918595478188507e+01,0.000000000000000000e+00,0.000000000000000000e+00
2.242054487417609820e+01,0.000000000000000000e+00,0.000000000000000000e+00
1.990122052446689338e+01,0.000000000000000000e+00,0.000000000000000000e+00
1.506362587363539340e+01,0.000000000000000000e+00,0.000000000000000000e+00
2.069593069517674877e+01,0.000000000000000000e+00,0.000000000000000000e+00
1.921838524977954776e+01,0.000000000000000000e+00,0.000000000000000000e+00
1.864186587389119154e+01,0.000000000000000000e+00,0.000000000000000000e+00
2.236781172355743053e+01,0.000000000000000000e+00,0.000000000000000000e+00
1.842947291978135382e+01,0.000000000000000000e+00,0.000000000000000000e+00
1.803588836973797882e+01,0.000000000000000000e+00,0.000000000000000000e+00
1.928862053517126540e+01,0.000000000000000000e+00,0.000000000000000000e+00
1.913034485593592748e+01,0.000000000000000000e+00,0.000000000000000000e+00
1.782812307387655082e+01,0.000000000000000000e+00,0.000000000000000000e+00
1.846888452689631421e+01,0.000000000000000000e+00,0.000000000000000000e+00
2.131134827444806135e+01,0.000000000000000000e+00,0.000000000000000000e+00
2.152729245986111195e+01,0.000000000000000000e+00,0.000000000000000000e+00
1.900743916820692903e+01,0.000000000000000000e+00,0.000000000000000000e+00
2.059101154520296006e+01,0.000000000000000000e+00,0.000000000000000000e+00
2.122380279667690672e+01,0.000000000000000000e+00,0.000000000000000000e+00
2.089718083405851701e+01,0.000000000000000000e+00,0.000000000000000000e+00
2.343266110618461440e+01,0.000000000000000000e+00,0.000000000000000000e+00
2.006268506006647101e+01,0.000000000000000000e+00,0.000000000000000000e+00
1.849738466653549906e+01,0.000000000000000000e+00,0.000000000000000000e+00
1.926076830580095844e+01,0.000000000000000000e+00,0.000000000000000000e+00
2.065279490330429368e+01,0.000000000000000000e+00,0.000000000000000000e+00
1.635586700084493472e+01,0.000000000000000000e+00,0.000000000000000000e+00
2.104257624057510156e+01,0.000000000000000000e+00,0.000000000000000000e+00
2.309267733127790478e+01,0.000000000000000000e+00,0.000000000000000000e+00
2.425923060190782365e+01,0.000000000000000000e+00,0.000000000000000000e+00
1.806315765565116749e+01,0.000000000000000000e+00,0.000000000000000000e+00
1.933402848215326486e+01,0.000000000000000000e+00,0.000000000000000000e+00
2.031547606265417372e+01,0.000000000000000000e+00,0.000000000000000000e+00
2.174568197077192266e+01,0.000000000000000000e+00,0.000000000000000000e+00
1.901912219573486951e+01,0.000000000000000000e+00,0.000000000000000000e+00
2.190629922623598702e+01,0.000000000000000000e+00,0.000000000000000000e+00
1.822755553353011138e+01,0.000000000000000000e+00,0.000000000000000000e+00
1.979879415713334367e+01,0.000000000000000000e+00,0.000000000000000000e+00
1.806544466211251532e+01,0.000000000000000000e+00,0.000000000000000000e+00
2.063432978071300639e+01,0.000000000000000000e+00,0.000000000000000000e+00
2.191476252762569743e+01,0.000000000000000000e+00,0.000000000000000000e+00
1.998472249899736752e+01,0.000000000000000000e+00,0.000000000000000000e+00
1.937626433960858918e+01,0.000000000000000000e+00,0.000000000000000000e+00
2.068427838961618548e+01,0.000000000000000000e+00,0.000000000000000000e+00
2.386379715059089790e+01,0.000000000000000000e+00,0.000000000000000000e+00
2.219418497663810896e+01,0.000000000000000000e+00,0.000000000000000000e+00
1.852652802254733189e+01,0.000000000000000000e+00,0.000000000000000000e+00
1.927510730356654989e+01,0.000000000000000000e+00,0.000000000000000000e+00
1.649651370174816378e+01,0.000000000000000000e+00,0.000000000000000000e+00
1.863509808896197129e+01,0.000000000000000000e+00,0.000000000000000000e+00
2.098890996697331701e+01,0.000000000000000000e+00,0.000000000000000000e+00
2.284640430151513613e+01,0.000000000000000000e+00,0.000000000000000000e+00
1.800180948477514420e+01,0.000000000000000000e+00,0.000000000000000000e+00
1.636682527520686747e+01,0.000000000000000000e+00,0.000000000000000000e+00
1.986584552501521372e+01,0.000000000000000000e+00,0.000000000000000000e+00
2.049657396509482865e+01,0.000000000000000000e+00,0.000000000000000000e+00
1.788676691720256784e+01,0.000000000000000000e+00,0.000000000000000000e+00
1.946330565598420037e+01,0.000000000000000000e+00,0.000000000000000000e+00
2.107820533632632376e+01,0.000000000000000000e+00,0.000000000000000000e+00
1.900712845552767050e+01,0.000000000000000000e+00,0.000000000000000000e+00
2.210691383715387559e+01,0.000000000000000000e+00,0.000000000000000000e+00
2.159490961574227441e+01,0.000000000000000000e+00,0.000000000000000000e+00
2.101215906991596327e+01,0.000000000000000000e+00,0.000000000000000000e+00
2.117872757205261536e+01,0.000000000000000000e+00,0.000000000000000000e+00
1.975649728553699802e+01,0.000000000000000000e+00,0.000000000000000000e+00
2.365637533892311239e+01,0.000000000000000000e+00,0.000000000000000000e+00
1.832445875034713367e+01,0.000000000000000000e+00,0.000000000000000000e+00
1.899072468921362855e+01,0.000000000000000000e+00,0.000000000000000000e+00
1.792345144516950484e+01,0.000000000000000000e+00,0.000000000000000000e+00
1.691412916228404839e+01,0.000000000000000000e+00,0.000000000000000000e+00
1.941262998290445552e+01,0.000000000000000000e+00,0.000000000000000000e+00
1.992972534812661678e+01,0.000000000000000000e+00,0.000000000000000000e+00
2.453716307542271835e+01,0.000000000000000000e+00,0.000000000000000000e+00
1.938396695988968332e+01,0.000000000000000000e+00,0.000000000000000000e+00
2.106908093012200922e+01,0.000000000000000000e+00,0.000000000000000000e+00
1.803179312872956785e+01,0.000000000000000000e+00,0.000000000000000000e+00
2.548366531631385357e+01,0.000000000000000000e+00,0.000000000000000000e+00
1.887766639230355281e+01,0.000000000000000000e+00,0.000000000000000000e+00
2.271228268320543719e+01,0.000000000000000000e+00,0.000000000000000000e+00
2.104659404131135858e+01,0.000000000000000000e+00,0.000000000000000000e+00
2.075426082182455545e+01,0.000000000000000000e+00,0.000000000000000000e+00
1.897765502302512175e+01,0.000000000000000000e+00,0.000000000000000000e+00
1.429308232032881776e+01,0.000000000000000000e+00,0.000000000000000000e+00
1.896520416998040659e+01,0.000000000000000000e+00,0.000000000000000000e+00
2.015237137711420345e+01,0.000000000000000000e+00,0.000000000000000000e+00
2.358215639129349839e+01,0.000000000000000000e+00,0.000000000000000000e+00
2.310484234040310625e+01,0.000000000000000000e+00,0.000000000000000000e+00
1.916029150300018102e+01,0.000000000000000000e+00,0.000000000000000000e+00
2.025044057607808412e+01,0.000000000000000000e+00,0.000000000000000000e+00
2.001592783700487033e+01,0.000000000000000000e+00,0.000000000000000000e+00
2.407607900738941353e+01,0.000000000000000000e+00,0.000000000000000000e+00
2.097128308456661827e+01,0.000000000000000000e+00,0.000000000000000000e+00
1.977849663874082253e+01,0.000000000000000000e+00,0.000000000000000000e+00
1.902742295496478064e+01,0.000000000000000000e+00,0.000000000000000000e+00
1.930868150405903805e+01,0.000000000000000000e+00,0.000000000000000000e+00
1.979418664365572766e+01,0.000000000000000000e+00,0.000000000000000000e+00
2.024555632817169126e+01,0.000000000000000000e+00,0.000000000000000000e+00
2.245383119808693806e+01,0.000000000000000000e+00,0.000000000000000000e+00
1.944048374720465233e+01,0.000000000000000000e+00,0.000000000000000000e+00
2.443992020044105473e+01,0.000000000000000000e+00,0.000000000000000000e+00
2.110822958755091960e+01,0.000000000000000000e+00,0.000000000000000000e+00
1.834782838198427513e+01,0.000000000000000000e+00,0.000000000000000000e+00
2.051176994302279866e+01,0.000000000000000000e+00,0.000000000000000000e+00
1.899360971413918975e+01,0.000000000000000000e+00,0.000000000000000000e+00
1.795775600596297394e+01,0.000000000000000000e+00,0.000000000000000000e+00
1.595148384248672713e+01,0.000000000000000000e+00,0.000000000000000000e+00
2.151932434337231115e+01,0.000000000000000000e+00,0.000000000000000000e+00
1.884489798532499094e+01,0.000000000000000000e+00,0.000000000000000000e+00
2.207254694862097466e+01,0.000000000000000000e+00,0.000000000000000000e+00
1.829134860788163408e+01,0.000000000000000000e+00,0.000000000000000000e+00
2.060851332156576987e+01,0.000000000000000000e+00,0.000000000000000000e+00
2.171587199476310559e+01,0.000000000000000000e+00,0.000000000000000000e+00
2.133481100911787820e+01,0.000000000000000000e+00,0.000000000000000000e+00
2.389882351838512164e+01,0.000000000000000000e+00,0.000000000000000000e+00
2.178085233180669178e+01,0.000000000000000000e+00,0.000000000000000000e+00
2.079258542426883594e+01,0.000000000000000000e+00,0.000000000000000000e+00
1.964813541449480283e+01,0.000000000000000000e+00,0.000000000000000000e+00
1.879557354003059899e+01,0.000000000000000000e+00,0.000000000000000000e+00
1.850735140657802802e+01,0.000000000000000000e+00,0.000000000000000000e+00
2.259326705472774677e+01,0.000000000000000000e+00,0.000000000000000000e+00
2.112296128751033564e+01,0.000000000000000000e+00,0.000000000000000000e+00
1.981032608922783567e+01,0.000000000000000000e+00,0.000000000000000000e+00
1.920725898822622568e+01,0.000000000000000000e+00,0.000000000000000000e+00
1.756093432676882315e+01,0.000000000000000000e+00,0.000000000000000000e+00
2.038947819853434851e+01,0.000000000000000000e+00,0.000000000000000000e+00
1.964420531759974864e+01,0.000000000000000000e+00,0.000000000000000000e+00
2.001124743137551221e+01,0.000000000000000000e+00,0.000000000000000000e+00
2.383735849485238845e+01,0.000000000000000000e+00,0.000000000000000000e+00
2.143346136133426327e+01,0.000000000000000000e+00,0.000000000000000000e+00
2.048602770116962546e+01,0.000000000000000000e+00,0.000000000000000000e+00
6.869186769669531145e+01,0.000000000000000000e+00,0.000000000000000000e+00
6.887156125539681284e+01,0.000000000000000000e+00,0.000000000000000000e+00
6.323813606512518959e+01,0.000000000000000000e+00,0.000000000000000000e+00
6.875666203275308419e+01,0.000000000000000000e+00,0.000000000000000000e+00
6.663799324254378575e+01,0.000000000000000000e+00,0.000000000000000000e+00
6.628324294128871941e+01,0.000000000000000000e+00,0.000000000000000000e+00
6.943503911122961370e+01,0.000000000000000000e+00,0.000000000000000000e+00
6.663724787757283252e+01,0.000000000000000000e+00,0.000000000000000000e+00
6.681333002657285647e+01,0.000000000000000000e+00,0.000000000000000000e+00
6.640841221788926418e+01,0.000000000000000000e+00,0.000000000000000000e+00
6.854587753314027054e+01,0.000000000000000000e+00,0.000000000000000000e+00
6.644816810650364403e+01,0.000000000000000000e+00,0.000000000000000000e+00
7.704611235102655087e+01,0.000000000000000000e+00,0.000000000000000000e+00
7.486957957893464766e+01,0.000000000000000000e+00,0.000000000000000000e+00
8.037858027488969981e+01,0.000000000000000000e+00,0.000000000000000000e+00
7.674371689846415734e+01,0.000000000000000000e+00,0.000000000000000000e+00
7.599407974495397866e+01,0.000000000000000000e+00,0.000000000000000000e+00
7.323818305769754033e+01,0.000000000000000000e+00,0.000000000000000000e+00
7.985802073115125665e+01,0.000000000000000000e+00,0.000000000000000000e+00
7.900384479942151472e+01,0.000000000000000000e+00,0.000000000000000000e+00
7.561679903828562033e+01,0.000000000000000000e+00,0.000000000000000000e+00
7.918118759665402706e+01,0.000000000000000000e+00,0.000000000000000000e+00
7.791402466884355249e+01,0.000000000000000000e+00,0.000000000000000000e+00
7.763049892658845863e+01,0.000000000000000000e+00,0.000000000000000000e+00
8.250489179406896767e+01,0.000000000000000000e+00,0.000000000000000000e+00
8.168872188045133953e+01,0.000000000000000000e+00,0.000000000000000000e+00
8.012491096035071791e+01,0.000000000000000000e+00,0.000000000000000000e+00
8.147599338400742397e+01,0.000000000000000000e+00,0.000000000000000000e+00
7.460191448369512557e+01,0.000000000000000000e+00,0.000000000000000000e+00
7.506854287133559467e+01,0.000000000000000000e+00,0.000000000000000000e+00
7.988431326462001891e+01,0.000000000000000000e+00,0.000000000000000000e+00
8.027850993128069490e+01,0.000000000000000000e+00,0.000000000000000000e+00
7.823759242933192581e+01,0.000000000000000000e+00,0.000000000000000000e+00
7.834056593914520761e+01,0.000000000000000000e+00,0.000000000000000000e+00
7.594756202438210835e+01,0.000000000000000000e+00,0.000000000000000000e+00
8.225813153010285816e+01,0.000000000000000000e+00,0.000000000000000000e+00
7.985554546385506569e+01,0.000000000000000000e+00,0.000000000000000000e+00
7.874154053275795206e+01,0.000000000000000000e+00,0.000000000000000000e+00
7.854580401795757894e+01,0.000000000000000000e+00,0.000000000000000000e+00
7.578716476651685241e+01,0.000000000000000000e+00,0.000000000000000000e+00
7.891425195247234115e+01,0.000000000000000000e+00,0.000000000000000000e+00
7.694101888020053082e+01,0.000000000000000000e+00,0.000000000000000000e+00
8.261380886593468631e+01,0.000000000000000000e+00,0.000000000000000000e+00
7.842859788176413360e+01,0.000000000000000000e+00,0.000000000000000000e+00
7.941700159900319989e+01,0.000000000000000000e+00,0.000000000000000000e+00
7.893376943866134354e+01,0.000000000000000000e+00,0.000000000000000000e+00
8.246296226515451622e+01,0.000000000000000000e+00,0.000000000000000000e+00
7.635052600397474976e+01,0.000000000000000000e+00,0.000000000000000000e+00
7.859878694215917960e+01,0.000000000000000000e+00,0.000000000000000000e+00
8.077282446974123786e+01,0.000000000000000000e+00,0.000000000000000000e+00
8.069883396666875797e+01,0.000000000000000000e+00,0.000000000000000000e+00
8.060536232237505772e+01,0.000000000000000000e+00,0.000000000000000000e+00
7.832222242257844869e+01,0.000000000000000000e+00,0.000000000000000000e+00
8.134907579974179725e+01,0.000000000000000000e+00,0.000000000000000000e+00
7.644790313709773955e+01,0.000000000000000000e+00,0.000000000000000000e+00
7.859874656656560887e+01,0.000000000000000000e+00,0.000000000000000000e+00
8.298922888885097393e+01,0.000000000000000000e+00,0.000000000000000000e+00
8.093136117824248288e+01,0.000000000000000000e+00,0.000000000000000000e+00
8.143714784439717391e+01,0.000000000000000000e+00,0.000000000000000000e+00
8.256842694738084276e+01,0.000000000000000000e+00,0.000000000000000000e+00
7.934529001685463356e+01,0.000000000000000000e+00,0.000000000000000000e+00
7.735704300567384450e+01,0.000000000000000000e+00,0.000000000000000000e+00
7.707172740406706168e+01,0.000000000000000000e+00,0.000000000000000000e+00
7.886962577812489883e+01,0.000000000000000000e+00,0.000000000000000000e+00
7.954420677343503598e+01,0.000000000000000000e+00,0.000000000000000000e+00
7.905748362871118218e+01,0.000000000000000000e+00,0.000000000000000000e+00
8.011011897962760031e+01,0.000000000000000000e+00,0.000000000000000000e+00
7.832906267852895610e+01,0.000000000000000000e+00,0.000000000000000000e+00
7.853349022648623645e+01,0.000000000000000000e+00,0.000000000000000000e+00
7.843093461929112209e+01,0.000000000000000000e+00,0.000000000000000000e+00
8.286855100492518034e+01,0.000000000000000000e+00,0.000000000000000000e+00
7.584617853435248946e+01,0.000000000000000000e+00,0.000000000000000000e+00
8.013933787641994400e+01,0.000000000000000000e+00,0.000000000000000000e+00
7.859131812129679417e+01,0.000000000000000000e+00,0.000000000000000000e+00
8.036096583544683369e+01,0.000000000000000000e+00,0.000000000000000000e+00
8.000480016426710961e+01,0.000000000000000000e+00,0.000000000000000000e+00
8.225449775633532568e+01,0.000000000000000000e+00,0.000000000000000000e+00
7.902750901334174216e+01,0.000000000000000000e+00,0.000000000000000000e+00
8.112054078962263759e+01,0.000000000000000000e+00,0.000000000000000000e+00
8.001862335537941817e+01,0.000000000000000000e+00,0.000000000000000000e+00
8.001961370417592434e+01,0.000000000000000000e+00,0.000000000000000000e+00
8.057840093393144798e+01,0.000000000000000000e+00,0.000000000000000000e+00
7.847074940423362932e+01,0.000000000000000000e+00,0.000000000000000000e+00
7.838307265450892203e+01,0.000000000000000000e+00,0.000000000000000000e+00
7.615473658664349443e+01,0.000000000000000000e+00,0.000000000000000000e+00
7.844866583359602430e+01,0.000000000000000000e+00,0.000000000000000000e+00
8.232331512687800057e+01,0.000000000000000000e+00,0.000000000000000000e+00
8.248386423510699217e+01,0.000000000000000000e+00,0.000000000000000000e+00
7.907906230269026082e+01,0.000000000000000000e+00,0.000000000000000000e+00
7.586415015034073406e+01,0.000000000000000000e+00,0.000000000000000000e+00
7.930847795926369770e+01,0.000000000000000000e+00,0.000000000000000000e+00
7.998478691449447808e+01,0.000000000000000000e+00,0.000000000000000000e+00
7.803992148303606768e+01,0.000000000000000000e+00,0.000000000000000000e+00
7.816066433549171677e+01,0.000000000000000000e+00,0.000000000000000000e+00
7.879215888211786023e+01,0.000000000000000000e+00,0.000000000000000000e+00
8.106082423721792907e+01,0.000000000000000000e+00,0.000000000000000000e+00
8.066911856387739022e+01,0.000000000000000000e+00,0.000000000000000000e+00
8.431148614765558591e+01,0.000000000000000000e+00,0.000000000000000000e+00
7.840929086660804614e+01,0.000000000000000000e+00,0.000000000000000000e+00
8.146553696761874619e+01,0.000000000000000000e+00,0.000000000000000000e+00
7.927390702856357052e+01,0.000000000000000000e+00,0.000000000000000000e+00
7.522696616125580249e+01,0.000000000000000000e+00,0.000000000000000000e+00
7.601769560720923380e+01,0.000000000000000000e+00,0.000000000000000000e+00
7.957747606543071583e+01,0.000000000000000000e+00,0.000000000000000000e+00
7.749038266689446175e+01,0.000000000000000000e+00,0.000000000000000000e+00
7.998960676928406599e+01,0.000000000000000000e+00,0.000000000000000000e+00
7.842184099153435284e+01,0.000000000000000000e+00,0.000000000000000000e+00
7.782495157213494963e+01,0.000000000000000000e+00,0.000000000000000000e+00
3.272656454674013560e+01,0.000000000000000000e+00,0.000000000000000000e+00
3.283528653110237627e+01,0.000000000000000000e+00,0.000000000000000000e+00
3.570304498707332641e+01,0.000000000000000000e+00,0.000000000000000000e+00
3.380786123727387604e+01,0.000000000000000000e+00,0.000000000000000000e+00
3.084698479983142150e+01,0.000000000000000000e+00,0.000000000000000000e+00
3.096680516373444192e+01,0.000000000000000000e+00,0.000000000000000000e+00
3.214856862085628109e+01,0.000000000000000000e+00,0.000000000000000000e+00
3.216639412598504322e+01,0.000000000000000000e+00,0.000000000000000000e+00
3.271525746381493605e+01,0.000000000000000000e+00,0.000000000000000000e+00
3.243430569769247995e+01,0.000000000000000000e+00,0.000000000000000000e+00
3.152448088897589429e+01,0.000000000000000000e+00,0.000000000000000000e+00
3.304679379219785318e+01,0.000000000000000000e+00,0.000000000000000000e+00
2.539338628882237714e+01,0.000000000000000000e+00,0.000000000000000000e+00
1.916839592274560644e+01,0.000000000000000000e+00,0.000000000000000000e+00
2.036935469769249707e+01,0.000000000000000000e+00,0.000000000000000000e+00
2.190868595723308232e+01,0.000000000000000000e+00,0.000000000000000000e+00
2.352030377515760406e+01,0.000000000000000000e+00,0.000000000000000000e+00
2.125585143245976383e+01,0.000000000000000000e+00,0.000000000000000000e+00
2.424467679048137825e+01,0.000000000000000000e+00,0.000000000000000000e+00
2.315349871244836777e+01,0.000000000000000000e+00,0.000000000000000000e+00
2.245712859305697506e+01,0.000000000000000000e+00,0.000000000000000000e+00
2.091252480226864563e+01,0.000000000000000000e+00,0.000000000000000000e+00
1.974381482285877709e+01,0.000000000000000000e+00,0.000000000000000000e+00
2.046005927430288551e+01,0.000000000000000000e+00,0.000000000000000000e+00
2.050085988053044161e+01,0.000000000000000000e+00,0.000000000000000000e+00
1.984195860957991187e+01,0.000000000000000000e+00,0.000000000000000000e+00
1.952585248723649158e+01,0.000000000000000000e+00,0.000000000000000000e+00
1.781833881366559780e+01,0.000000000000000000e+00,0.000000000000000000e+00
1.879701981704440783e+01,0.000000000000000000e+00,0.000000000000000000e+00
2.198109408021586830e+01,0.000000000000000000e+00,0.000000000000000000e+00
1.781590683914985362e+01,0.000000000000000000e+00,0.000000000000000000e+00
2.204498608166354501e+01,0.000000000000000000e+00,0.000000000000000000e+00
1.764206404169208753e+01,0.000000000000000000e+00,0.000000000000000000e+00
1.900494038890035853e+01,0.000000000000000000e+00,0.000000000000000000e+00
2.028223858942420321e+01,0.000000000000000000e+00,0.000000000000000000e+00
1.971531942046876651e+01,0.000000000000000000e+00,0.000000000000000000e+00
1.879632733214955564e+01,0.000000000000000000e+00,0.000000000000000000e+00
2.054077483603625254e+01,0.000000000000000000e+00,0.000000000000000000e+00
2.109375920610602151e+01,0.000000000000000000e+00,0.000000000000000000e+00
2.028047504096683085e+01,0.000000000000000000e+00,0.000000000000000000e+00
2.240550708719614548e+01,0.000000000000000000e+00,0.000000000000000000e+00
1.869929663550970034e+01,0.000000000000000000e+00,0.000000000000000000e+00
2.396555532729788141e+01,0.000000000000000000e+00,0.000000000000000000e+00
2.334188674207882030e+01,0.000000000000000000e+00,0.000000000000000000e+00
2.035028546956361950e+01,0.000000000000000000e+00,0.000000000000000000e+00
1.854851796527317020e+01,0.000000000000000000e+00,0.000000000000000000e+00
2.117278096191278536e+01,0.000000000000000000e+00,0.000000000000000000e+00
1.950841335219121220e+01,0.000000000000000000e+00,0.000000000000000000e+00
1.814195435177564519e+01,0.000000000000000000e+00,0.000000000000000000e+00
1.855709360180359369e+01,0.000000000000000000e+00,0.000000000000000000e+00
2.043172988760159114e+01,0.000000000000000000e+00,0.000000000000000000e+00
2.198509783664141182e+01,0.000000000000000000e+00,0.000000000000000000e+00
1.891212207734847084e+01,0.000000000000000000e+00,0.000000000000000000e+00
1.951320047020924164e+01,0.000000000000000000e+00,0.000000000000000000e+00
2.191909257963096636e+01,0.000000000000000000e+00,0.000000000000000000e+00
2.089421337915432275e+01,0.000000000000000000e+00,0.000000000000000000e+00
2.318792338856786017e+01,0.000000000000000000e+00,0.000000000000000000e+00
1.717540439590993628e+01,0.000000000000000000e+00,0.000000000000000000e+00
1.758896998104508214e+01,0.000000000000000000e+00,0.000000000000000000e+00
2.196037975244427898e+01,0.000000000000000000e+00,0.000000000000000000e+00
1.899195066218036843e+01,0.000000000000000000e+00,0.000000000000000000e+00
1.912875901186846406e+01,0.000000000000000000e+00,0.000000000000000000e+00
2.092599150098462246e+01,0.000000000000000000e+00,0.000000000000000000e+00
2.225616602569208879e+01,0.000000000000000000e+00,0.000000000000000000e+00
1.834627461391269421e+01,0.000000000000000000e+00,0.000000000000000000e+00
2.141731554680051630e+01,0.000000000000000000e+00,0.000000000000000000e+00
1.741784297900202461e+01,0.000000000000000000e+00,0.000000000000000000e+00
1.840138460108094165e+01,0.000000000000000000e+00,0.000000000000000000e+00
1.912258735833233203e+01,0.000000000000000000e+00,0.000000000000000000e+00
2.122315937438117217e+01,0.000000000000000000e+00,0.000000000000000000e+00
1.963181648093016207e+01,0.000000000000000000e+00,0.000000000000000000e+00
1.827906157895306194e+01,0.000000000000000000e+00,0.000000000000000000e+00
1.886976439160306640e+01,0.000000000000000000e+00,0.000000000000000000e+00
1.983287940886297207e+01,0.000000000000000000e+00,0.000000000000000000e+00
2.065929679421907394e+01,0.000000000000000000e+00,0.000000000000000000e+00
2.263925325046044890e+01,0.000000000000000000e+00,0.000000000000000000e+00
1.873091222992787053e+01,0.000000000000000000e+00,0.000000000000000000e+00
2.081748669300071697e+01,0.000000000000000000e+00,0.000000000000000000e+00
1.902081628210001440e+01,0.000000000000000000e+00,0.000000000000000000e+00
1.866279933365208166e+01,0.000000000000000000e+00,0.000000000000000000e+00
1.775971506264194488e+01,0.000000000000000000e+00,0.000000000000000000e+00
1.807318672276877081e+01,0.000000000000000000e+00,0.000000000000000000e+00
2.236382483568021939e+01,0.000000000000000000e+00,0.000000000000000000e+00
1.983342146773189896e+01,0.000000000000000000e+00,0.000000000000000000e+00
2.072899219228600387e+01,0.000000000000000000e+00,0.000000000000000000e+00
1.925507484707306460e+01,0.000000000000000000e+00,0.000000000000000000e+00
1.882454319949485466e+01,0.000000000000000000e+00,0.000000000000000000e+00
1.632996435037835070e+01,0.000000000000000000e+00,0.000000000000000000e+00
2.176776619586985362e+01,0.000000000000000000e+00,0.000000000000000000e+00
1.879599924395610699e+01,0.000000000000000000e+00,0.000000000000000000e+00
1.828323000488139627e+01,0.000000000000000000e+00,0.000000000000000000e+00
2.053290375388975519e+01,0.000000000000000000e+00,0.000000000000000000e+00
2.019416411019122037e+01,0.000000000000000000e+00,0.000000000000000000e+00
2.078255406402914574e+01,0.000000000000000000e+00,0.000000000000000000e+00
1.977362411049277213e+01,0.000000000000000000e+00,0.000000000000000000e+00
1.669445082067823094e+01,0.000000000000000000e+00,0.000000000000000000e+00
2.242176248480528500e+01,0.000000000000000000e+00,0.000000000000000000e+00
1.789755216045059427e+01,0.000000000000000000e+00,0.000000000000000000e+00
1.915216969720359685e+01,0.000000000000000000e+00,0.000000000000000000e+00
1.801695650279615535e+01,0.000000000000000000e+00,0.000000000000000000e+00
2.179044102181410381e+01,0.000000000000000000e+00,0.000000000000000000e+00
1.992042728693704845e+01,0.000000000000000000e+00,0.000000000000000000e+00
2.134398232592167233e+01,0.000000000000000000e+00,0.000000000000000000e+00
2.183712748832380512e+01,0.000000000000000000e+00,0.000000000000000000e+00
1.872897941033218316e+01,0.000000000000000000e+00,0.000000000000000000e+00
2.066742778737193120e+01,0.000000000000000000e+00,0.000000000000000000e+00
1.537328171435971669e+01,0.000000000000000000e+00,0.000000000000000000e+00
2.076717528700278237e+01,0.000000000000000000e+00,0.000000000000000000e+00
1.871648679780775382e+01,0.000000000000000000e+00,0.000000000000000000e+00
1.719239552243749358e+01,0.000000000000000000e+00,0.000000000000000000e+00
2.111195245592500669e+01,0.000000000000000000e+00,0.000000000000000000e+00
2.050374552810469453e+01,0.000000000000000000e+00,0.000000000000000000e+00
1.938677898894883711e+01,0.000000000000000000e+00,0.000000000000000000e+00
2.428730057985227120e+01,0.000000000000000000e+00,0.000000000000000000e+00
1.996734313563085905e+01,0.000000000000000000e+00,0.000000000000000000e+00
2.203230757225268022e+01,0.000000000000000000e+00,0.000000000000000000e+00
2.052465732054048431e+01,0.000000000000000000e+00,0.000000000000000000e+00
1.945148694164181435e+01,0.000000000000000000e+00,0.000000000000000000e+00
2.236593319506823008e+01,0.000000000000000000e+00,0.000000000000000000e+00
1.890075059996770435e+01,0.000000000000000000e+00,0.000000000000000000e+00
1.761233590689598572e+01,0.000000000000000000e+00,0.000000000000000000e+00
2.110037279075209327e+01,0.000000000000000000e+00,0.000000000000000000e+00
2.230743035240418237e+01,0.000000000000000000e+00,0.000000000000000000e+00
1.817070876240709509e+01,0.000000000000000000e+00,0.000000000000000000e+00
2.072066370349067554e+01,0.000000000000000000e+00,0.000000000000000000e+00
2.166249820201597842e+01,0.000000000000000000e+00,0.000000000000000000e+00
1.744144774470622039e+01,0.000000000000000000e+00,0.000000000000000000e+00
1.854845644555924267e+01,0.000000000000000000e+00,0.000000000000000000e+00
1.870588369406257456e+01,0.000000000000000000e+00,0.000000000000000000e+00
1.946429617690060709e+01,0.000000000000000000e+00,0.000000000000000000e+00
1.998034788175358401e+01,0.000000000000000000e+00,0.000000000000000000e+00
1.821454005660285702e+01,0.000000000000000000e+00,0.000000000000000000e+00
2.079861530726662977e+01,0.000000000000000000e+00,0.000000000000000000e+00
2.334795976803418682e+01,0.000000000000000000e+00,0.000000000000000000e+00
1.876493921737322879e+01,0.000000000000000000e+00,0.000000000000000000e+00
1.778046774024944199e+01,0.000000000000000000e+00,0.000000000000000000e+00
2.151109391625739420e+01,0.000000000000000000e+00,0.000000000000000000e+00
1.960767583148627224e+01,0.000000000000000000e+00,0.000000000000000000e+00
2.185737535805309051e+01,0.000000000000000000e+00,0.000000000000000000e+00
1.991349224018734887e+01,0.000000000000000000e+00,0.000000000000000000e+00
1.973679840134141017e+01,0.000000000000000000e+00,0.000000000000000000e+00
1.902714611952695378e+01,0.000000000000000000e+00,0.000000000000000000e+00
1.710417063534956128e+01,0.000000000000000000e+00,0.000000000000000000e+00
1.985089810722693571e+01,0.000000000000000000e+00,0.000000000000000000e+00
1.913735613238836564e+01,0.000000000000000000e+00,0.000000000000000000e+00
2.237497698326721007e+01,0.000000000000000000e+00,0.000000000000000000e+00
1.958049221848443366e+01,0.000000000000000000e+00,0.000000000000000000e+00
1.860911054095043937e+01,0.000000000000000000e+00,0.000000000000000000e+00
2.046422952761965419e+01,0.000000000000000000e+00,0.000000000000000000e+00
2.072892067825076623e+01,0.000000000000000000e+00,0.000000000000000000e+00
1.733423301454451604e+01,0.000000000000000000e+00,0.000000000000000000e+00
1.901526709991745179e+01,0.000000000000000000e+00,0.000000000000000000e+00
1.602638762891498558e+01,0.000000000000000000e+00,0.000000000000000000e+00
2.369969516751369554e+01,0.000000000000000000e+00,0.000000000000000000e+00
1.986493392214141096e+01,0.000000000000000000e+00,0.000000000000000000e+00
2.161146432548592244e+01,0.000000000000000000e+00,0.000000000000000000e+00
2.009632578564619365e+01,0.000000000000000000e+00,0.000000000000000000e+00
1.865574439006931584e+01,0.000000000000000000e+00,0.000000000000000000e+00
1.820123801782370165e+01,0.000000000000000000e+00,0.000000000000000000e+00
2.198968675074953794e+01,0.000000000000000000e+00,0.000000000000000000e+00
2.123765833788489488e+01,0.000000000000000000e+00,0.000000000000000000e+00
2.111752724105315693e+01,0.000000000000000000e+00,0.000000000000000000e+00
1.928679267792417917e+01,0.000000000000000000e+00,0.000000000000000000e+00
2.175423079570706264e+01,0.000000000000000000e+00,0.000000000000000000e+00
2.144019067679358059e+01,0.000000000000000000e+00,0.000000000000000000e+00
2.125911244316268167e+01,0.000000000000000000e+00,0.000000000000000000e+00
1.982908617946659291e+01,0.000000000000000000e+00,0.000000000000000000e+00
1.900487007441318354e+01,0.000000000000000000e+00,0.000000000000000000e+00
1.904632879144547530e+01,0.000000000000000000e+00,0.000000000000000000e+00
2.029254183402568756e+01,0.000000000000000000e+00,0.000000000000000000e+00
1.902904986776313834e+01,0.000000000000000000e+00,0.000000000000000000e+00
2.219140798835906381e+01,0.000000000000000000e+00,0.000000000000000000e+00
1.897166031002241127e+01,0.000000000000000000e+00,0.000000000000000000e+00
1.915714434289420254e+01,0.000000000000000000e+00,0.000000000000000000e+00
2.021643185072446869e+01,0.000000000000000000e+00,0.000000000000000000e+00
1.997947329293981511e+01,0.000000000000000000e+00,0.000000000000000000e+00
2.037198262154947059e+01,0.000000000000000000e+00,0.000000000000000000e+00
1.961140771299577423e+01,0.000000000000000000e+00,0.000000000000000000e+00
2.093466088141957115e+01,0.000000000000000000e+00,0.000000000000000000e+00
1.713259552902784222e+01,0.000000000000000000e+00,0.000000000000000000e+00
6.915804131659670873e+01,0.000000000000000000e+00,0.000000000000000000e+00
6.782474072669205611e+01,0.000000000000000000e+00,0.000000000000000000e+00
6.694050593062891608e+01,0.000000000000000000e+00,0.000000000000000000e+00
6.635318511439187716e+01,0.000000000000000000e+00,0.000000000000000000e+00
6.387085056843112341e+01,0.000000000000000000e+00,0.000000000000000000e+00
6.716930495657318545e+01,0.000000000000000000e+00,0.000000000000000000e+00
6.919707166506023555e+01,0.000000000000000000e+00,0.000000000000000000e+00
6.825644059548595521e+01,0.000000000000000000e+00,0.000000000000000000e+00
6.650091057963419416e+01,0.000000000000000000e+00,0.000000000000000000e+00
7.171450452682141474e+01,0.000000000000000000e+00,0.000000000000000000e+00
6.725062658477315836e+01,0.000000000000000000e+00,0.000000000000000000e+00
6.693462428831581690e+01,0.000000000000000000e+00,0.000000000000000000e+00
7.811815752073060537e+01,0.000000000000000000e+00,0.000000000000000000e+00
7.444251027682234678e+01,0.000000000000000000e+00,0.000000000000000000e+00
7.686492344528694787e+01,0.000000000000000000e+00,0.000000000000000000e+00
7.948943558825209266e+01,0.000000000000000000e+00,0.000000000000000000e+00
7.724581639126091659e+01,0.000000000000000000e+00,0.000000000000000000e+00
7.616556466532450997e+01,0.000000000000000000e+00,0.000000000000000000e+00
7.561485561763298335e+01,0.000000000000000000e+00,0.000000000000000000e+00
7.669198561076007081e+01,0.000000000000000000e+00,0.000000000000000000e+00
7.587499356598516442e+01,0.000000000000000000e+00,0.000000000000000000e+00
7.539205490599468362e+01,0.000000000000000000e+00,0.000000000000000000e+00
7.440256541347393693e+01,0.000000000000000000e+00,0.000000000000000000e+00
7.845956850464746424e+01,0.000000000000000000e+00,0.000000000000000000e+00
8.076359271666885320e+01,0.000000000000000000e+00,0.000000000000000000e+00
7.788609475357009160e+01,0.000000000000000000e+00,0.000000000000000000e+00
7.711889136019672719e+01,0.000000000000000000e+00,0.000000000000000000e+00
7.732708768177862169e+01,0.000000000000000000e+00,0.000000000000000000e+00
8.132801907067847935e+01,0.000000000000000000e+00,0.000000000000000000e+00
7.949756334374504263e+01,0.000000000000000000e+00,0.000000000000000000e+00
8.361649036648491062e+01,0.000000000000000000e+00,0.000000000000000000e+00
7.828523575922875466e+01,0.000000000000000000e+00,0.000000000000000000e+00
8.015349994688155277e+01,0.000000000000000000e+00,0.000000000000000000e+00
7.832029640628954326e+01,0.000000000000000000e+00,0.000000000000000000e+00
7.860004986326207188e+01,0.000000000000000000e+00,0.000000000000000000e+00
8.147518086224744138e+01,0.000000000000000000e+00,0.000000000000000000e+00
7.948078895536716004e+01,0.000000000000000000e+00,0.000000000000000000e+00
7.949461911051115237e+01,0.000000000000000000e+00,0.000000000000000000e+00
7.963743385448799472e+01,0.000000000000000000e+00,0.000000000000000000e+00
7.696446035723880641e+01,0.000000000000000000e+00,0.000000000000000000e+00
7.971397015359923444e+01,0.000000000000000000e+00,0.000000000000000000e+00
8.048430121125258552e+01,0.000000000000000000e+00,0.000000000000000000e+00
7.965008613710834595e+01,0.000000000000000000e+00,0.000000000000000000e+00
8.195332288185065295e+01,0.000000000000000000e+00,0.000000000000000000e+00
8.033453216298323696e+01,0.000000000000000000e+00,0.000000000000000000e+00
7.882506482746056520e+01,0.000000000000000000e+00,0.000000000000000000e+00
7.909443236817458001e+01,0.000000000000000000e+00,0.000000000000000000e+00
8.130820436653367267e+01,0.000000000000000000e+00,0.000000000000000000e+00
8.095933808069599991e+01,0.000000000000000000e+00,0.000000000000000000e+00
8.245162651224582362e+01,0.000000000000000000e+00,0.000000000000000000e+00
8.151946633363982642e+01,0.000000000000000000e+00,0.000000000000000000e+00
8.045828998731981585e+01,0.000000000000000000e+00,0.000000000000000000e+00
8.139318564630710284e+01,0.000000000000000000e+00,0.000000000000000000e+00
8.234691029991286371e+01,0.000000000000000000e+00,0.000000000000000000e+00
8.213242050003682948e+01,0.000000000000000000e+00,0.000000000000000000e+00
7.966547373443417257e+01,0.000000000000000000e+00,0.000000000000000000e+00
7.976836551045491319e+01,0.000000000000000000e+00,0.000000000000000000e+00
7.691089613671661596e+01,0.000000000000000000e+00,0.000000000000000000e+00
8.043580709648891514e+01,0.000000000000000000e+00,0.000000000000000000e+00
8.220226659525857826e+01,0.000000000000000000e+00,0.000000000000000000e+00
7.964771791279837032e+01,0.000000000000000000e+00,0.000000000000000000e+00
7.999371230778268682e+01,0.000000000000000000e+00,0.000000000000000000e+00
7.920748380383179210e+01,0.000000000000000000e+00,0.000000000000000000e+00
7.967225646323053923e+01,0.000000000000000000e+00,0.000000000000000000e+00
7.878864277330845312e+01,0.000000000000000000e+00,0.000000000000000000e+00
7.656180132040977071e+01,0.000000000000000000e+00,0.000000000000000000e+00
7.652767124419393951e+01,0.000000000000000000e+00,0.000000000000000000e+00
7.902761733294012458e+01,0.000000000000000000e+00,0.000000000000000000e+00
8.032410316528743977e+01,0.000000000000000000e+00,0.000000000000000000e+00
8.343582366310799614e+01,0.000000000000000000e+00,0.000000000000000000e+00
8.069433482641618127e+01,0.000000000000000000e+00,0.000000000000000000e+00
7.670036121491058623e+01,0.000000000000000000e+00,0.000000000000000000e+00
7.875795416244788782e+01,0.000000000000000000e+00,0.000000000000000000e+00
8.127351408955613010e+01,0.000000000000000000e+00,0.000000000000000000e+00
8.315962405803664126e+01,0.000000000000000000e+00,0.000000000000000000e+00
8.057388455355369672e+01,0.000000000000000000e+00,0.000000000000000000e+00
8.191702969979810689e+01,0.000000000000000000e+00,0.000000000000000000e+00
7.999743510522590384e+01,0.000000000000000000e+00,0.000000000000000000e+00
7.682646046497181658e+01,0.000000000000000000e+00,0.000000000000000000e+00
7.894806520894204027e+01,0.000000000000000000e+00,0.000000000000000000e+00
8.288112465443965959e+01,0.000000000000000000e+00,0.000000000000000000e+00
8.122964768501834953e+01,0.000000000000000000e+00,0.000000000000000000e+00
8.132569601746968146e+01,0.000000000000000000e+00,0.000000000000000000e+00
7.844565603445420265e+01,0.000000000000000000e+00,0.000000000000000000e+00
7.933960180755371994e+01,0.000000000000000000e+00,0.000000000000000000e+00
8.069285186743286431e+01,0.000000000000000000e+00,0.000000000000000000e+00
7.984281052587523675e+01,0.000000000000000000e+00,0.000000000000000000e+00
8.230177942720223427e+01,0.000000000000000000e+00,0.000000000000000000e+00
8.220711642877878944e+01,0.000000000000000000e+00,0.000000000000000000e+00
8.084953006915864648e+01,0.000000000000000000e+00,0.000000000000000000e+00
8.015244387686749405e+01,0.000000000000000000e+00,0.000000000000000000e+00
8.121553570141153955e+01,0.000000000000000000e+00,0.000000000000000000e+00
8.077909721751879601e+01,0.000000000000000000e+00,0.000000000000000000e+00
8.017146063743312823e+01,0.000000000000000000e+00,0.000000000000000000e+00
7.937247112559708739e+01,0.000000000000000000e+00,0.000000000000000000e+00
7.997400712818158297e+01,0.000000000000000000e+00,0.000000000000000000e+00
8.248167593590449087e+01,0.000000000000000000e+00,0.000000000000000000e+00
7.762732081720885446e+01,0.000000000000000000e+00,0.000000000000000000e+00
7.941293160672715601e+01,0.000000000000000000e+00,0.000000000000000000e+00
8.070680210138340271e+01,0.000000000000000000e+00,0.000000000000000000e+00
7.973979790733125128e+01,0.000000000000000000e+00,0.000000000000000000e+00
7.975740991217594456e+01,0.000000000000000000e+00,0.000000000000000000e+00
8.088377880964137034e+01,0.000000000000000000e+00,0.000000000000000000e+00
8.054928701417033210e+01,0.000000000000000000e+00,0.000000000000000000e+00
8.144330515335701648e+01,0.000000000000000000e+00,0.000000000000000000e+00
8.001291312950387180e+01,0.000000000000000000e+00,0.000000000000000000e+00
8.053450505941492565e+01,0.000000000000000000e+00,0.000000000000000000e+00
7.953460350691294423e+01,0.000000000000000000e+00,0.000000000000000000e+00
3.073443782884158182e+01,0.000000000000000000e+00,0.000000000000000000e+00
2.978433233204930985e+01,0.000000000000000000e+00,0.000000000000000000e+00
3.547532985166009922e+01,0.000000000000000000e+00,0.000000000000000000e+00
3.414268160883303693e+01,0.000000000000000000e+00,0.000000000000000000e+00
3.360483053222043281e+01,0.000000000000000000e+00,0.000000000000000000e+00
3.269048233549820281e+01,0.000000000000000000e+00,0.000000000000000000e+00
2.876477741669777544e+01,0.000000000000000000e+00,0.000000000000000000e+00
3.026129380330640828e+01,0.000000000000000000e+00,0.000000000000000000e+00
3.167883020187010956e+01,0.000000000000000000e+00,0.000000000000000000e+00
2.788100907107130055e+01,0.000000000000000000e+00,0.000000000000000000e+00
3.342612642124327493e+01,0.000000000000000000e+00,0.000000000000000000e+00
3.228540507395448600e+01,0.000000000000000000e+00,0.000000000000000000e+00
2.288597048514977672e+01,0.000000000000000000e+00,0.000000000000000000e+00
2.372922122445212523e+01,0.000000000000000000e+00,0.000000000000000000e+00
2.130293938175108437e+01,0.000000000000000000e+00,0.000000000000000000e+00
2.448672598356192154e+01,0.000000000000000000e+00,0.000000000000000000e+00
2.071026436940763560e+01,0.000000000000000000e+00,0.000000000000000000e+00
2.326152461440098662e+01,0.000000000000000000e+00,0.000000000000000000e+00
2.320359285994611298e+01,0.000000000000000000e+00,0.000000000000000000e+00
2.409755595761214053e+01,0.000000000000000000e+00,0.000000000000000000e+00
2.284781018136331454e+01,0.000000000000000000e+00,0.000000000000000000e+00
1.869986533578684984e+01,0.000000000000000000e+00,0.000000000000000000e+00
2.014309833343719802e+01,0.000000000000000000e+00,0.000000000000000000e+00
2.285899637836152465e+01,0.000000000000000000e+00,0.000000000000000000e+00
1.694242078295509657e+01,0.000000000000000000e+00,0.000000000000000000e+00
1.953109237670753018e+01,0.000000000000000000e+00,0.000000000000000000e+00
2.118421363049771955e+01,0.000000000000000000e+00,0.000000000000000000e+00
1.581843743650632916e+01,0.000000000000000000e+00,0.000000000000000000e+00
2.010531434223319280e+01,0.000000000000000000e+00,0.000000000000000000e+00
1.920122869842322899e+01,0.000000000000000000e+00,0.000000000000000000e+00
2.180459912342305984e+01,0.000000000000000000e+00,0.000000000000000000e+00
2.065920642100527616e+01,0.000000000000000000e+00,0.000000000000000000e+00
2.245581515424825270e+01,0.000000000000000000e+00,0.000000000000000000e+00
1.807208022796821112e+01,0.000000000000000000e+00,0.000000000000000000e+00
1.671576780193830558e+01,0.000000000000000000e+00,0.000000000000000000e+00
1.830564854787773399e+01,0.000000000000000000e+00,0.000000000000000000e+00
2.455771567794259980e+01,0.000000000000000000e+00,0.000000000000000000e+00
1.930937820243184788e+01,0.000000000000000000e+00,0.000000000000000000e+00
1.663553139212006471e+01,0.000000000000000000e+00,0.000000000000000000e+00
1.909329049026627700e+01,0.000000000000000000e+00,0.000000000000000000e+00
2.060440003068051595e+01,0.000000000000000000e+00,0.000000000000000000e+00
2.229080598976849714e+01,0.000000000000000000e+00,0.000000000000000000e+00
2.005789290661253332e+01,0.000000000000000000e+00,0.000000000000000000e+00
1.876552647674518681e+01,0.000000000000000000e+00,0.000000000000000000e+00
2.043689464641688858e+01,0.000000000000000000e+00,0.000000000000000000e+00
1.926258185623238006e+01,0.000000000000000000e+00,0.000000000000000000e+00
1.902018888857473655e+01,0.000000000000000000e+00,0.000000000000000000e+00
2.001063546424257922e+01,0.000000000000000000e+00,0.000000000000000000e+00
1.679177510267181361e+01,0.000000000000000000e+00,0.000000000000000000e+00
1.763846034901275672e+01,0.000000000000000000e+00,0.000000000000000000e+00
2.069445291136787901e+01,0.000000000000000000e+00,0.000000000000000000e+00
2.130596317319431421e+01,0.000000000000000000e+00,0.000000000000000000e+00
1.899720006782218107e+01,0.000000000000000000e+00,0.000000000000000000e+00
1.922732831816480115e+01,0.000000000000000000e+00,0.000000000000000000e+00
1.949797714486035005e+01,0.000000000000000000e+00,0.000000000000000000e+00
1.808986740136965921e+01,0.000000000000000000e+00,0.000000000000000000e+00
1.829728343466895524e+01,0.000000000000000000e+00,0.000000000000000000e+00
2.141930926541851221e+01,0.000000000000000000e+00,0.000000000000000000e+00
2.127030004836739963e+01,0.000000000000000000e+00,0.000000000000000000e+00
2.190440610790934528e+01,0.000000000000000000e+00,0.000000000000000000e+00
1.865317347525445513e+01,0.000000000000000000e+00,0.000000000000000000e+00
2.258303978360795838e+01,0.000000000000000000e+00,0.000000000000000000e+00
1.992095106566030793e+01,0.000000000000000000e+00,0.000000000000000000e+00
1.886096165632943666e+01,0.000000000000000000e+00,0.000000000000000000e+00
1.984843313258692632e+01,0.000000000000000000e+00,0.000000000000000000e+00
2.061613419014014070e+01,0.000000000000000000e+00,0.000000000000000000e+00
2.097304298013446200e+01,0.000000000000000000e+00,0.000000000000000000e+00
1.874506412452000959e+01,0.000000000000000000e+00,0.000000000000000000e+00
2.143952916397784492e+01,0.000000000000000000e+00,0.000000000000000000e+00
1.778311033945861297e+01,0.000000000000000000e+00,0.000000000000000000e+00
2.135377801934898656e+01,0.000000000000000000e+00,0.000000000000000000e+00
1.974185852367490668e+01,0.000000000000000000e+00,0.000000000000000000e+00
1.853060311732763310e+01,0.000000000000000000e+00,0.000000000000000000e+00
1.985366159657566953e+01,0.000000000000000000e+00,0.000000000000000000e+00
1.677021546918760464e+01,0.000000000000000000e+00,0.000000000000000000e+00
2.028109809073024650e+01,0.000000000000000000e+00,0.000000000000000000e+00
2.132105650870811786e+01,0.000000000000000000e+00,0.000000000000000000e+00
2.108127194760662704e+01,0.000000000000000000e+00,0.000000000000000000e+00
1.855901097527744881e+01,0.000000000000000000e+00,0.000000000000000000e+00
1.840636185693106341e+01,0.000000000000000000e+00,0.000000000000000000e+00
2.105417688644858032e+01,0.000000000000000000e+00,0.000000000000000000e+00
1.779185734380227757e+01,0.000000000000000000e+00,0.000000000000000000e+00
2.037753752420637454e+01,0.000000000000000000e+00,0.000000000000000000e+00
1.950636324204542049e+01,0.000000000000000000e+00,0.000000000000000000e+00
2.409363034571410722e+01,0.000000000000000000e+00,0.000000000000000000e+00
1.616932804832281079e+01,0.000000000000000000e+00,0.000000000000000000e+00
1.436971373787012141e+01,0.000000000000000000e+00,0.000000000000000000e+00
2.060936050490537141e+01,0.000000000000000000e+00,0.000000000000000000e+00
1.764050189215748077e+01,0.000000000000000000e+00,0.000000000000000000e+00
1.925073493623603582e+01,0.000000000000000000e+00,0.000000000000000000e+00
2.272414552882405303e+01,0.000000000000000000e+00,0.000000000000000000e+00
1.936898667737586521e+01,0.000000000000000000e+00,0.000000000000000000e+00
1.962259675465941910e+01,0.000000000000000000e+00,0.000000000000000000e+00
2.214740359986115337e+01,0.000000000000000000e+00,0.000000000000000000e+00
2.074095076197351162e+01,0.000000000000000000e+00,0.000000000000000000e+00
1.827237136570526843e+01,0.000000000000000000e+00,0.000000000000000000e+00
2.060647930092949665e+01,0.000000000000000000e+00,0.000000000000000000e+00
2.090951107671068243e+01,0.000000000000000000e+00,0.000000000000000000e+00
1.801156122255958536e+01,0.000000000000000000e+00,0.000000000000000000e+00
1.713909784969685290e+01,0.000000000000000000e+00,0.000000000000000000e+00
2.246168332031191284e+01,0.000000000000000000e+00,0.000000000000000000e+00
2.106664067440982890e+01,0.000000000000000000e+00,0.000000000000000000e+00
1.997379478222044114e+01,0.000000000000000000e+00,0.000000000000000000e+00
1.876477463332533091e+01,0.000000000000000000e+00,0.000000000000000000e+00
1.749559646376379618e+01,0.000000000000000000e+00,0.000000000000000000e+00
1.810806527563605428e+01,0.000000000000000000e+00,0.000000000000000000e+00
2.220813283264256910e+01,0.000000000000000000e+00,0.000000000000000000e+00
1.997728570846760476e+01,0.000000000000000000e+00,0.000000000000000000e+00
2.120714099260342778e+01,0.000000000000000000e+00,0.000000000000000000e+00
1.753240124103068709e+01,0.000000000000000000e+00,0.000000000000000000e+00
1.637507578533559638e+01,0.000000000000000000e+00,0.000000000000000000e+00
2.113990674498091238e+01,0.000000000000000000e+00,0.000000000000000000e+00
1.961974204032347302e+01,0.000000000000000000e+00,0.000000000000000000e+00
1.957356731431018204e+01,0.000000000000000000e+00,0.000000000000000000e+00
1.752692421415069290e+01,0.000000000000000000e+00,0.000000000000000000e+00
2.307911311689981559e+01,0.000000000000000000e+00,0.000000000000000000e+00
1.962202642534654728e+01,0.000000000000000000e+00,0.000000000000000000e+00
1.885897351647803433e+01,0.000000000000000000e+00,0.000000000000000000e+00
2.057973809203136994e+01,0.000000000000000000e+00,0.000000000000000000e+00
2.167376032352850856e+01,0.000000000000000000e+00,0.000000000000000000e+00
2.179748652045849155e+01,0.000000000000000000e+00,0.000000000000000000e+00
2.225440296211014157e+01,0.000000000000000000e+00,0.000000000000000000e+00
1.809747688696762324e+01,0.000000000000000000e+00,0.000000000000000000e+00
2.116629258034270933e+01,0.000000000000000000e+00,0.000000000000000000e+00
2.015166611083350645e+01,0.000000000000000000e+00,0.000000000000000000e+00
2.420006550297143733e+01,0.000000000000000000e+00,0.000000000000000000e+00
1.506469690548670570e+01,0.000000000000000000e+00,0.000000000000000000e+00
2.078061596526430321e+01,0.000000000000000000e+00,0.000000000000000000e+00
1.841050682614162781e+01,0.000000000000000000e+00,0.000000000000000000e+00
1.838205279761667654e+01,0.000000000000000000e+00,0.000000000000000000e+00
1.849201321050528435e+01,0.000000000000000000e+00,0.000000000000000000e+00
2.095514891285866810e+01,0.000000000000000000e+00,0.000000000000000000e+00
1.944929555602019278e+01,0.000000000000000000e+00,0.000000000000000000e+00
1.627414967064657958e+01,0.000000000000000000e+00,0.000000000000000000e+00
1.978012760112348545e+01,0.000000000000000000e+00,0.000000000000000000e+00
2.373294767164163233e+01,0.000000000000000000e+00,0.000000000000000000e+00
1.915470967895838683e+01,0.000000000000000000e+00,0.000000000000000000e+00
2.108475443098863167e+01,0.000000000000000000e+00,0.000000000000000000e+00
2.084226871631799938e+01,0.000000000000000000e+00,0.000000000000000000e+00
1.795783434460037142e+01,0.000000000000000000e+00,0.000000000000000000e+00
1.767802434126454614e+01,0.000000000000000000e+00,0.000000000000000000e+00
2.291576245144075230e+01,0.000000000000000000e+00,0.000000000000000000e+00
1.851635894100233060e+01,0.000000000000000000e+00,0.000000000000000000e+00
2.064285545477633832e+01,0.000000000000000000e+00,0.000000000000000000e+00
1.657126817206484759e+01,0.000000000000000000e+00,0.000000000000000000e+00
1.914361209886114068e+01,0.000000000000000000e+00,0.000000000000000000e+00
2.353458766034290406e+01,0.000000000000000000e+00,0.000000000000000000e+00
1.763317892441880019e+01,0.000000000000000000e+00,0.000000000000000000e+00
1.957202947791506986e+01,0.000000000000000000e+00,0.000000000000000000e+00
1.887817468726548853e+01,0.000000000000000000e+00,0.000000000000000000e+00
1.718227981922635550e+01,0.000000000000000000e+00,0.000000000000000000e+00
1.983413871954536845e+01,0.000000000000000000e+00,0.000000000000000000e+00
1.917261397299999004e+01,0.000000000000000000e+00,0.000000000000000000e+00
1.852433234236772108e+01,0.000000000000000000e+00,0.000000000000000000e+00
2.126186880662043421e+01,0.000000000000000000e+00,0.000000000000000000e+00
2.081179416789665026e+01,0.000000000000000000e+00,0.000000000000000000e+00
2.023354328149743964e+01,0.000000000000000000e+00,0.000000000000000000e+00
1.987951774656477610e+01,0.000000000000000000e+00,0.000000000000000000e+00
2.337836026376937326e+01,0.000000000000000000e+00,0.000000000000000000e+00
1.880260944027870806e+01,0.000000000000000000e+00,0.000000000000000000e+00
1.952047089487659903e+01,0.000000000000000000e+00,0.000000000000000000e+00
2.411141751948176903e+01,0.000000000000000000e+00,0.000000000000000000e+00
2.075991895269752519e+01,0.000000000000000000e+00,0.000000000000000000e+00
1.854669615268296923e+01,0.000000000000000000e+00,0.000000000000000000e+00
2.100146191877291812e+01,0.000000000000000000e+00,0.000000000000000000e+00
2.308491289215736586e+01,0.000000000000000000e+00,0.000000000000000000e+00
1.966117672814914030e+01,0.000000000000000000e+00,0.000000000000000000e+00
2.286031195312650155e+01,0.000000000000000000e+00,0.000000000000000000e+00
2.119773950305959787e+01,0.000000000000000000e+00,0.000000000000000000e+00
2.050272749499740854e+01,0.000000000000000000e+00,0.000000000000000000e+00
1.552804146138393904e+01,0.000000000000000000e+00,0.000000000000000000e+00
1.902924080086541636e+01,0.000000000000000000e+00,0.000000000000000000e+00
1.983392372186778374e+01,0.000000000000000000e+00,0.000000000000000000e+00
2.050081030954826389e+01,0.000000000000000000e+00,0.000000000000000000e+00
1.898623294064413614e+01,0.000000000000000000e+00,0.000000000000000000e+00
1.902895006347144147e+01,0.000000000000000000e+00,0.000000000000000000e+00
2.248548092387623143e+01,0.000000000000000000e+00,0.000000000000000000e+00
1.860945253973363478e+01,0.000000000000000000e+00,0.000000000000000000e+00
1.789480972680265936e+01,0.000000000000000000e+00,0.000000000000000000e+00
1.914501028136321281e+01,0.000000000000000000e+00,0.000000000000000000e+00
6.586524568782463973e+01,0.000000000000000000e+00,0.000000000000000000e+00
6.851410409780763189e+01,0.000000000000000000e+00,0.000000000000000000e+00
6.787137878778193567e+01,0.000000000000000000e+00,0.000000000000000000e+00
7.050525203491409343e+01,0.000000000000000000e+00,0.000000000000000000e+00
6.855817431888696944e+01,0.000000000000000000e+00,0.000000000000000000e+00
7.000922844024860581e+01,0.000000000000000000e+00,0.000000000000000000e+00
6.542258751522749094e+01,0.000000000000000000e+00,0.000000000000000000e+00
6.735486061594707508e+01,0.000000000000000000e+00,0.000000000000000000e+00
6.685306167592267457e+01,0.000000000000000000e+00,0.000000000000000000e+00
6.883944042153603959e+01,0.000000000000000000e+00,0.000000000000000000e+00
6.452657845751149068e+01,0.000000000000000000e+00,0.000000000000000000e+00
6.996211361478783886e+01,0.000000000000000000e+00,0.000000000000000000e+00
8.217790672478281522e+01,0.000000000000000000e+00,0.000000000000000000e+00
6.944798789173911757e+01,0.000000000000000000e+00,0.000000000000000000e+00
7.506291042038300532e+01,0.000000000000000000e+00,0.000000000000000000e+00
7.586272451491420554e+01,0.000000000000000000e+00,0.000000000000000000e+00
7.677489076307095672e+01,0.000000000000000000e+00,0.000000000000000000e+00
7.801956940489355929e+01,0.000000000000000000e+00,0.000000000000000000e+00
7.688912005639474501e+01,0.000000000000000000e+00,0.000000000000000000e+00
7.506908718071738917e+01,0.000000000000000000e+00,0.000000000000000000e+00
7.734509144154823446e+01,0.000000000000000000e+00,0.000000000000000000e+00
7.932830753162890858e+01,0.000000000000000000e+00,0.000000000000000000e+00
7.803225515625993580e+01,0.000000000000000000e+00,0.000000000000000000e+00
7.756675052237697798e+01,0.000000000000000000e+00,0.000000000000000000e+00
7.450060222636552965e+01,0.000000000000000000e+00,0.000000000000000000e+00
7.715392831393126016e+01,0.000000000000000000e+00,0.000000000000000000e+00
8.201093865525533033e+01,0.000000000000000000e+00,0.000000000000000000e+00
7.788185538286330711e+01,0.000000000000000000e+00,0.000000000000000000e+00
8.084536080460983953e+01,0.000000000000000000e+00,0.000000000000000000e+00
7.713511988259783436e+01,0.000000000000000000e+00,0.000000000000000000e+00
7.776474309298727405e+01,0.000000000000000000e+00,0.000000000000000000e+00
7.792051995505597972e+01,0.000000000000000000e+00,0.000000000000000000e+00
8.106900197027495381e+01,0.000000000000000000e+00,0.000000000000000000e+00
7.941029934248025768e+01,0.000000000000000000e+00,0.000000000000000000e+00
8.234548506417367264e+01,0.000000000000000000e+00,0.000000000000000000e+00
7.628490946748058832e+01,0.000000000000000000e+00,0.000000000000000000e+00
8.072295020317224612e+01,0.000000000000000000e+00,0.000000000000000000e+00
8.220329328253072276e+01,0.000000000000000000e+00,0.000000000000000000e+00
8.140796903776326587e+01,0.000000000000000000e+00,0.000000000000000000e+00
8.182213054163058530e+01,0.000000000000000000e+00,0.000000000000000000e+00
7.996034872254381298e+01,0.000000000000000000e+00,0.000000000000000000e+00
8.341211452695340256e+01,0.000000000000000000e+00,0.000000000000000000e+00
8.234850343635254433e+01,0.000000000000000000e+00,0.000000000000000000e+00
8.029591709711957037e+01,0.000000000000000000e+00,0.000000000000000000e+00
7.923909566470702259e+01,0.000000000000000000e+00,0.000000000000000000e+00
8.189574872405677297e+01,0.000000000000000000e+00,0.000000000000000000e+00
7.795921602616765256e+01,0.000000000000000000e+00,0.000000000000000000e+00
8.211175481303573065e+01,0.000000000000000000e+00,0.000000000000000000e+00
7.855837160391651253e+01,0.000000000000000000e+00,0.000000000000000000e+00
8.440437729483717533e+01,0.000000000000000000e+00,0.000000000000000000e+00
8.051808674595197601e+01,0.000000000000000000e+00,0.000000000000000000e+00
8.020837415449560126e+01,0.000000000000000000e+00,0.000000000000000000e+00
7.532043134757729774e+01,0.000000000000000000e+00,0.000000000000000000e+00
7.990278152719105265e+01,0.000000000000000000e+00,0.000000000000000000e+00
8.145491035927997814e+01,0.000000000000000000e+00,0.000000000000000000e+00
8.099524756470958664e+01,0.000000000000000000e+00,0.000000000000000000e+00
8.019317471260768571e+01,0.000000000000000000e+00,0.000000000000000000e+00
7.885731954879111072e+01,0.000000000000000000e+00,0.000000000000000000e+00
8.191647577570223859e+01,0.000000000000000000e+00,0.000000000000000000e+00
7.858470394840522033e+01,0.000000000000000000e+00,0.000000000000000000e+00
7.590159952900515350e+01,0.000000000000000000e+00,0.000000000000000000e+00
7.928924899721971542e+01,0.000000000000000000e+00,0.000000000000000000e+00
7.972693901332579003e+01,0.000000000000000000e+00,0.000000000000000000e+00
7.944854143431312821e+01,0.000000000000000000e+00,0.000000000000000000e+00
8.040289756129135412e+01,0.000000000000000000e+00,0.000000000000000000e+00
7.957300296541033902e+01,0.000000000000000000e+00,0.000000000000000000e+00
7.993549016470986146e+01,0.000000000000000000e+00,0.000000000000000000e+00
7.756548143192701161e+01,0.000000000000000000e+00,0.000000000000000000e+00
7.985104878429261532e+01,0.000000000000000000e+00,0.000000000000000000e+00
7.745653139710030644e+01,0.000000000000000000e+00,0.000000000000000000e+00
7.918132177114436843e+01,0.000000000000000000e+00,0.000000000000000000e+00
7.907307119684688246e+01,0.000000000000000000e+00,0.000000000000000000e+00
8.090085410155779755e+01,0.000000000000000000e+00,0.000000000000000000e+00
8.196713903157431957e+01,0.000000000000000000e+00,0.000000000000000000e+00
8.173363818727489161e+01,0.000000000000000000e+00,0.000000000000000000e+00
7.788949365918017520e+01,0.000000000000000000e+00,0.000000000000000000e+00
7.703322830570175483e+01,0.000000000000000000e+00,0.000000000000000000e+00
7.967802174972382545e+01,0.000000000000000000e+00,0.000000000000000000e+00
8.256076008160501090e+01,0.000000000000000000e+00,0.000000000000000000e+00
7.870613655030746258e+01,0.000000000000000000e+00,0.000000000000000000e+00
7.785213287594208964e+01,0.000000000000000000e+00,0.000000000000000000e+00
8.046852955776404315e+01,0.000000000000000000e+00,0.000000000000000000e+00
8.129703134189979608e+01,0.000000000000000000e+00,0.000000000000000000e+00
8.079562679144619608e+01,0.000000000000000000e+00,0.000000000000000000e+00
7.908153241043615367e+01,0.000000000000000000e+00,0.000000000000000000e+00
7.906436883172794694e+01,0.000000000000000000e+00,0.000000000000000000e+00
7.974514936854208713e+01,0.000000000000000000e+00,0.000000000000000000e+00
7.995925031021496920e+01,0.000000000000000000e+00,0.000000000000000000e+00
8.310544315969679019e+01,0.000000000000000000e+00,0.000000000000000000e+00
7.681180106995805090e+01,0.000000000000000000e+00,0.000000000000000000e+00
7.908982882633087286e+01,0.000000000000000000e+00,0.000000000000000000e+00
7.894219856671422519e+01,0.000000000000000000e+00,0.000000000000000000e+00
8.265929546990858512e+01,0.000000000000000000e+00,0.000000000000000000e+00
8.513004172891280064e+01,0.000000000000000000e+00,0.000000000000000000e+00
8.105318804428046064e+01,0.000000000000000000e+00,0.000000000000000000e+00
7.795521299017045180e+01,0.000000000000000000e+00,0.000000000000000000e+00
8.208249024411740891e+01,0.000000000000000000e+00,0.000000000000000000e+00
7.956495409239106209e+01,0.000000000000000000e+00,0.000000000000000000e+00
7.690347671147982567e+01,0.000000000000000000e+00,0.000000000000000000e+00
8.146584268431254827e+01,0.000000000000000000e+00,0.000000000000000000e+00
7.927383336882454046e+01,0.000000000000000000e+00,0.000000000000000000e+00
7.894111800826367187e+01,0.000000000000000000e+00,0.000000000000000000e+00
7.662740009164167532e+01,0.000000000000000000e+00,0.000000000000000000e+00
8.028328145569869889e+01,0.000000000000000000e+00,0.000000000000000000e+00
7.708983202043721406e+01,0.000000000000000000e+00,0.000000000000000000e+00
8.220232658213619459e+01,0.000000000000000000e+00,0.000000000000000000e+00
8.150514723434899622e+01,0.000000000000000000e+00,0.000000000000000000e+00
7.818274195958042583e+01,0.000000000000000000e+00,0.000000000000000000e+00
2.912683943241164641e+01,0.000000000000000000e+00,0.000000000000000000e+00
3.571206859297110725e+01,0.000000000000000000e+00,0.000000000000000000e+00
3.057016879645783192e+01,0.000000000000000000e+00,0.000000000000000000e+00
3.513488850709379818e+01,0.000000000000000000e+00,0.000000000000000000e+00
3.103948187396027691e+01,0.000000000000000000e+00,0.000000000000000000e+00
3.087237664719365071e+01,0.000000000000000000e+00,0.000000000000000000e+00
3.204639688440222045e+01,0.000000000000000000e+00,0.000000000000000000e+00
3.240263625504370992e+01,0.000000000000000000e+00,0.000000000000000000e+00
3.333017323241816143e+01,0.000000000000000000e+00,0.000000000000000000e+00
2.992608273532235330e+01,0.000000000000000000e+00,0.000000000000000000e+00
3.124837883372688907e+01,0.000000000000000000e+00,0.000000000000000000e+00
3.098764637960228185e+01,0.000000000000000000e+00,0.000000000000000000e+00
2.393528717933882888e+01,0.000000000000000000e+00,0.000000000000000000e+00
2.323327474152871730e+01,0.000000000000000000e+00,0.000000000000000000e+00
2.153959510535075950e+01,0.000000000000000000e+00,0.000000000000000000e+00
2.303054239547935467e+01,0.000000000000000000e+00,0.000000000000000000e+00
2.198492503700394707e+01,0.000000000000000000e+00,0.000000000000000000e+00
1.711102233323648036e+01,0.000000000000000000e+00,0.000000000000000000e+00
2.162107892163574618e+01,0.000000000000000000e+00,0.000000000000000000e+00
2.123483800477476535e+01,0.000000000000000000e+00,0.000000000000000000e+00
2.414778927486147708e+01,0.000000000000000000e+00,0.000000000000000000e+00
2.115453178001357415e+01,0.000000000000000000e+00,0.000000000000000000e+00
2.578024444209495414e+01,0.000000000000000000e+00,0.000000000000000000e+00
1.830149214003336056e+01,0.000000000000000000e+00,0.000000000000000000e+00
1.960804663000755355e+01,0.000000000000000000e+00,0.000000000000000000e+00
1.955952620651900631e+01,0.000000000000000000e+00,0.000000000000000000e+00
2.119179505150802001e+01,0.000000000000000000e+00,0.000000000000000000e+00
2.078233237080147333e+01,0.000000000000000000e+00,0.000000000000000000e+00
2.099378647968049805e+01,0.000000000000000000e+00,0.000000000000000000e+00
1.877937249835001055e+01,0.000000000000000000e+00,0.000000000000000000e+00
2.121786122268312980e+01,0.000000000000000000e+00,0.000000000000000000e+00
2.055559884252360092e+01,0.000000000000000000e+00,0.000000000000000000e+00
2.101039545475655146e+01,0.000000000000000000e+00,0.000000000000000000e+00
2.187526740598725183e+01,0.000000000000000000e+00,0.000000000000000000e+00
2.431855766216676429e+01,0.000000000000000000e+00,0.000000000000000000e+00
2.052869137729283722e+01,0.000000000000000000e+00,0.000000000000000000e+00
1.506392168134797238e+01,0.000000000000000000e+00,0.000000000000000000e+00
1.880144797782067911e+01,0.000000000000000000e+00,0.000000000000000000e+00
1.820839721799142907e+01,0.000000000000000000e+00,0.000000000000000000e+00
1.837014049686636596e+01,0.000000000000000000e+00,0.000000000000000000e+00
2.148325862839564593e+01,0.000000000000000000e+00,0.000000000000000000e+00
2.424797256850317595e+01,0.000000000000000000e+00,0.000000000000000000e+00
1.804296950273051081e+01,0.000000000000000000e+00,0.000000000000000000e+00
1.984307506273822952e+01,0.000000000000000000e+00,0.000000000000000000e+00
1.915244256901502240e+01,0.000000000000000000e+00,0.000000000000000000e+00
1.959435606282374565e+01,0.000000000000000000e+00,0.000000000000000000e+00
1.962648264738291104e+01,0.000000000000000000e+00,0.000000000000000000e+00
2.259650682800512911e+01,0.000000000000000000e+00,0.000000000000000000e+00
1.705013315949911146e+01,0.000000000000000000e+00,0.000000000000000000e+00
1.770000672529240049e+01,0.000000000000000000e+00,0.000000000000000000e+00
1.755998494022924206e+01,0.000000000000000000e+00,0.000000000000000000e+00
1.909167666993452883e+01,0.000000000000000000e+00,0.000000000000000000e+00
1.744708077642365041e+01,0.000000000000000000e+00,0.000000000000000000e+00
2.208938202457166966e+01,0.000000000000000000e+00,0.000000000000000000e+00
2.126430444480168447e+01,0.000000000000000000e+00,0.000000000000000000e+00
1.784795675718770624e+01,0.000000000000000000e+00,0.000000000000000000e+00
2.324076741946456792e+01,0.000000000000000000e+00,0.000000000000000000e+00
1.881754116662425602e+01,0.000000000000000000e+00,0.000000000000000000e+00
2.388389010378735478e+01,0.000000000000000000e+00,0.000000000000000000e+00
2.081940689557831092e+01,0.000000000000000000e+00,0.000000000000000000e+00
2.113546258675692968e+01,0.000000000000000000e+00,0.000000000000000000e+00
1.954189320633014049e+01,0.000000000000000000e+00,0.000000000000000000e+00
1.969343926478287798e+01,0.000000000000000000e+00,0.000000000000000000e+00
2.184488833313006140e+01,0.000000000000000000e+00,0.000000000000000000e+00
2.150022829691897286e+01,0.000000000000000000e+00,0.000000000000000000e+00
1.901214925162459934e+01,0.000000000000000000e+00,0.000000000000000000e+00
1.610302322584757562e+01,0.000000000000000000e+00,0.000000000000000000e+00
2.428390635509431661e+01,0.000000000000000000e+00,0.000000000000000000e+00
2.307444598221072596e+01,0.000000000000000000e+00,0.000000000000000000e+00
1.737470028369776287e+01,0.000000000000000000e+00,0.000000000000000000e+00
2.205687990465494863e+01,0.000000000000000000e+00,0.000000000000000000e+00
1.589745188586830338e+01,0.000000000000000000e+00,0.000000000000000000e+00
2.158983365088996820e+01,0.000000000000000000e+00,0.000000000000000000e+00
2.065609237378998486e+01,0.000000000000000000e+00,0.000000000000000000e+00
1.787601173211716343e+01,0.000000000000000000e+00,0.000000000000000000e+00
1.938567222343442964e+01,0.000000000000000000e+00,0.000000000000000000e+00
2.140238534585859753e+01,0.000000000000000000e+00,0.000000000000000000e+00
2.478060135954687127e+01,0.000000000000000000e+00,0.000000000000000000e+00
1.780565877639286043e+01,0.000000000000000000e+00,0.000000000000000000e+00
2.304648324704539064e+01,0.000000000000000000e+00,0.000000000000000000e+00
1.755533798651015331e+01,0.000000000000000000e+00,0.000000000000000000e+00
2.034395580124946434e+01,0.000000000000000000e+00,0.000000000000000000e+00
1.684539585701644171e+01,0.000000000000000000e+00,0.000000000000000000e+00
2.022739153601529338e+01,0.000000000000000000e+00,0.000000000000000000e+00
2.131904967950590546e+01,0.000000000000000000e+00,0.000000000000000000e+00
1.944659185456114869e+01,0.000000000000000000e+00,0.000000000000000000e+00
1.713059401051188502e+01,0.000000000000000000e+00,0.000000000000000000e+00
1.913023786332476561e+01,0.000000000000000000e+00,0.000000000000000000e+00
2.152974294304994274e+01,0.000000000000000000e+00,0.000000000000000000e+00
1.968872769224320152e+01,0.000000000000000000e+00,0.000000000000000000e+00
1.684400471761969698e+01,0.000000000000000000e+00,0.000000000000000000e+00
1.776255690110512475e+01,0.000000000000000000e+00,0.000000000000000000e+00
1.635563053677523015e+01,0.000000000000000000e+00,0.000000000000000000e+00
2.222610098300120995e+01,0.000000000000000000e+00,0.000000000000000000e+00
1.940795510513765265e+01,0.000000000000000000e+00,0.000000000000000000e+00
2.156647389592904318e+01,0.000000000000000000e+00,0.000000000000000000e+00
1.844554999331923995e+01,0.000000000000000000e+00,0.000000000000000000e+00
1.994246768039243278e+01,0.000000000000000000e+00,0.000000000000000000e+00
1.978518192913299956e+01,0.000000000000000000e+00,0.000000000000000000e+00
1.712451284000708895e+01,0.000000000000000000e+00,0.000000000000000000e+00
2.056208849001306049e+01,0.000000000000000000e+00,0.000000000000000000e+00
1.957224341803439316e+01,0.000000000000000000e+00,0.000000000000000000e+00
2.174568252044684868e+01,0.000000000000000000e+00,0.000000000000000000e+00
2.105719217122966214e+01,0.000000000000000000e+00,0.000000000000000000e+00
2.337217190598141769e+01,0.000000000000000000e+00,0.000000000000000000e+00
2.160130257285534938e+01,0.000000000000000000e+00,0.000000000000000000e+00
1.648092650788889202e+01,0.000000000000000000e+00,0.000000000000000000e+00
1.921829416815133484e+01,0.000000000000000000e+00,0.000000000000000000e+00
2.409021164531846182e+01,0.000000000000000000e+00,0.000000000000000000e+00
1.988910292535156188e+01,0.000000000000000000e+00,0.000000000000000000e+00
1.881878147776606980e+01,0.000000000000000000e+00,0.000000000000000000e+00
1.962023950391010274e+01,0.000000000000000000e+00,0.000000000000000000e+00
2.336532219177568237e+01,0.000000000000000000e+00,0.000000000000000000e+00
1.883483107434683390e+01,0.000000000000000000e+00,0.000000000000000000e+00
2.057205122461497737e+01,0.000000000000000000e+00,0.000000000000000000e+00
1.928370212130830907e+01,0.000000000000000000e+00,0.000000000000000000e+00
2.245039986028478296e+01,0.000000000000000000e+00,0.000000000000000000e+00
2.129415686764455273e+01,0.000000000000000000e+00,0.000000000000000000e+00
2.266000854731908731e+01,0.000000000000000000e+00,0.000000000000000000e+00
1.965737374648562863e+01,0.000000000000000000e+00,0.000000000000000000e+00
2.085975918787670480e+01,0.000000000000000000e+00,0.000000000000000000e+00
2.200882495517154780e+01,0.000000000000000000e+00,0.000000000000000000e+00
2.123997325525329316e+01,0.000000000000000000e+00,0.000000000000000000e+00
2.041714237514020169e+01,0.000000000000000000e+00,0.000000000000000000e+00
2.134339491350170803e+01,0.000000000000000000e+00,0.000000000000000000e+00
1.936553330981185894e+01,0.000000000000000000e+00,0.000000000000000000e+00
2.079673063285526169e+01,0.000000000000000000e+00,0.000000000000000000e+00
1.997968210706323688e+01,0.000000000000000000e+00,0.000000000000000000e+00
2.217158014532256516e+01,0.000000000000000000e+00,0.000000000000000000e+00
1.977056734736066801e+01,0.000000000000000000e+00,0.000000000000000000e+00
1.902993950062554518e+01,0.000000000000000000e+00,0.000000000000000000e+00
1.355452642923979312e+01,0.000000000000000000e+00,0.000000000000000000e+00
1.928205973318354793e+01,0.000000000000000000e+00,0.000000000000000000e+00
1.949152984799931332e+01,0.000000000000000000e+00,0.000000000000000000e+00
1.655149122872840906e+01,0.000000000000000000e+00,0.000000000000000000e+00
1.735297567710752631e+01,0.000000000000000000e+00,0.000000000000000000e+00
1.926348335413918633e+01,0.000000000000000000e+00,0.000000000000000000e+00
2.315351196759354480e+01,0.000000000000000000e+00,0.000000000000000000e+00
2.021194557536860970e+01,0.000000000000000000e+00,0.000000000000000000e+00
1.920117194250377679e+01,0.000000000000000000e+00,0.000000000000000000e+00
2.221375932330222014e+01,0.000000000000000000e+00,0.000000000000000000e+00
1.775229456966344443e+01,0.000000000000000000e+00,0.000000000000000000e+00
1.940582226538321819e+01,0.000000000000000000e+00,0.000000000000000000e+00
2.574791257712595183e+01,0.000000000000000000e+00,0.000000000000000000e+00
1.945978240784488023e+01,0.000000000000000000e+00,0.000000000000000000e+00
1.475173810497474847e+01,0.000000000000000000e+00,0.000000000000000000e+00
2.029510424892811216e+01,0.000000000000000000e+00,0.000000000000000000e+00
1.844124740033410959e+01,0.000000000000000000e+00,0.000000000000000000e+00
1.796740102052434196e+01,0.000000000000000000e+00,0.000000000000000000e+00
2.115908295693351349e+01,0.000000000000000000e+00,0.000000000000000000e+00
2.109411802729364283e+01,0.000000000000000000e+00,0.000000000000000000e+00
2.413930939148228560e+01,0.000000000000000000e+00,0.000000000000000000e+00
1.937074389550798870e+01,0.000000000000000000e+00,0.000000000000000000e+00
2.250120429634464614e+01,0.000000000000000000e+00,0.000000000000000000e+00
2.086529030538293128e+01,0.000000000000000000e+00,0.000000000000000000e+00
1.728622061512193042e+01,0.000000000000000000e+00,0.000000000000000000e+00
1.846438537068682351e+01,0.000000000000000000e+00,0.000000000000000000e+00
1.833429758537512910e+01,0.000000000000000000e+00,0.000000000000000000e+00
1.866862120052465812e+01,0.000000000000000000e+00,0.000000000000000000e+00
2.067269343933470793e+01,0.000000000000000000e+00,0.000000000000000000e+00
2.024216123097704312e+01,0.000000000000000000e+00,0.000000000000000000e+00
1.892314285754455838e+01,0.000000000000000000e+00,0.000000000000000000e+00
2.030100624999544934e+01,0.000000000000000000e+00,0.000000000000000000e+00
1.921438746961412036e+01,0.000000000000000000e+00,0.000000000000000000e+00
1.867075945952909777e+01,0.000000000000000000e+00,0.000000000000000000e+00
1.831753587647468962e+01,0.000000000000000000e+00,0.000000000000000000e+00
1.833328529842292909e+01,0.000000000000000000e+00,0.000000000000000000e+00
2.096659507644540099e+01,0.000000000000000000e+00,0.000000000000000000e+00
1.895553629017382136e+01,0.000000000000000000e+00,0.000000000000000000e+00
2.286209572054129779e+01,0.000000000000000000e+00,0.000000000000000000e+00
1.853051717575113955e+01,0.000000000000000000e+00,0.000000000000000000e+00
2.142372931438766415e+01,0.000000000000000000e+00,0.000000000000000000e+00
1.675986876502227219e+01,0.000000000000000000e+00,0.000000000000000000e+00
2.280458509100597553e+01,0.000000000000000000e+00,0.000000000000000000e+00
1.466027964070726242e+01,0.000000000000000000e+00,0.000000000000000000e+00
2.070854143961888028e+01,0.000000000000000000e+00,0.000000000000000000e+00
2.176461551758021784e+01,0.000000000000000000e+00,0.000000000000000000e+00
2.169687068606019764e+01,0.000000000000000000e+00,0.000000000000000000e+00
1.988039859471787096e+01,0.000000000000000000e+00,0.000000000000000000e+00
1.751823204188130489e+01,0.000000000000000000e+00,0.000000000000000000e+00
6.663030602194547214e+01,0.000000000000000000e+00,0.000000000000000000e+00
6.906354869758288828e+01,0.000000000000000000e+00,0.000000000000000000e+00
6.672721889899730741e+01,0.000000000000000000e+00,0.000000000000000000e+00
6.839152225321703327e+01,0.000000000000000000e+00,0.000000000000000000e+00
6.864716560220436747e+01,0.000000000000000000e+00,0.000000000000000000e+00
6.886136676560957426e+01,0.000000000000000000e+00,0.000000000000000000e+00
6.709446248488349340e+01,0.000000000000000000e+00,0.000000000000000000e+00
6.366937788174752200e+01,0.000000000000000000e+00,0.000000000000000000e+00
6.919674075349810494e+01,0.000000000000000000e+00,0.000000000000000000e+00
6.713994711755960054e+01,0.000000000000000000e+00,0.000000000000000000e+00
6.824771485361461032e+01,0.000000000000000000e+00,0.000000000000000000e+00
6.953846400229228664e+01,0.000000000000000000e+00,0.000000000000000000e+00
7.704453928412630148e+01,0.000000000000000000e+00,0.000000000000000000e+00
7.760100058645160459e+01,0.000000000000000000e+00,0.000000000000000000e+00
7.906381890987053396e+01,0.000000000000000000e+00,0.000000000000000000e+00
7.387218478434361657e+01,0.000000000000000000e+00,0.000000000000000000e+00
7.758814969728695132e+01,0.000000000000000000e+00,0.000000000000000000e+00
7.929088917101664435e+01,0.000000000000000000e+00,0.000000000000000000e+00
7.897596735631988452e+01,0.000000000000000000e+00,0.000000000000000000e+00
7.635596543832727434e+01,0.000000000000000000e+00,0.000000000000000000e+00
8.083449108801886496e+01,0.000000000000000000e+00,0.000000000000000000e+00
7.853619255136715083e+01,0.000000000000000000e+00,0.000000000000000000e+00
7.694427400784206839e+01,0.000000000000000000e+00,0.000000000000000000e+00
8.056347221123428426e+01,0.000000000000000000e+00,0.000000000000000000e+00
8.461971284294688189e+01,0.000000000000000000e+00,0.000000000000000000e+00
8.203418030350817958e+01,0.000000000000000000e+00,0.000000000000000000e+00
7.749988994935246467e+01,0.000000000000000000e+00,0.000000000000000000e+00
7.675273438671534620e+01,0.000000000000000000e+00,0.000000000000000000e+00
8.085889286146425547e+01,0.000000000000000000e+00,0.000000000000000000e+00
7.867749411964966555e+01,0.000000000000000000e+00,0.000000000000000000e+00
7.953051433924321145e+01,0.000000000000000000e+00,0.000000000000000000e+00
8.003360554126558668e+01,0.000000000000000000e+00,0.000000000000000000e+00
7.940793719348164359e+01,0.000000000000000000e+00,0.000000000000000000e+00
8.121152929660348718e+01,0.000000000000000000e+00,0.000000000000000000e+00
8.047572566970060848e+01,0.000000000000000000e+00,0.000000000000000000e+00
7.837568119744425132e+01,0.000000000000000000e+00,0.000000000000000000e+00
7.813476693874822843e+01,0.000000000000000000e+00,0.000000000000000000e+00
7.961436599807275627e+01,0.000000000000000000e+00,0.000000000000000000e+00
7.748025168970224286e+01,0.000000000000000000e+00,0.000000000000000000e+00
8.073270891367246804e+01,0.000000000000000000e+00,0.000000000000000000e+00
7.949885991761074422e+01,0.000000000000000000e+00,0.000000000000000000e+00
7.876095774815112804e+01,0.000000000000000000e+00,0.000000000000000000e+00
7.393415817657478328e+01,0.000000000000000000e+00,0.000000000000000000e+00
8.037275255390456152e+01,0.000000000000000000e+00,0.000000000000000000e+00
7.592772021549167505e+01,0.000000000000000000e+00,0.000000000000000000e+00
7.951890703637810986e+01,0.000000000000000000e+00,0.000000000000000000e+00
8.276145933678638755e+01,0.000000000000000000e+00,0.000000000000000000e+00
7.714554657283862582e+01,0.000000000000000000e+00,0.000000000000000000e+00
7.830747488651691413e+01,0.000000000000000000e+00,0.000000000000000000e+00
8.147436121409708676e+01,0.000000000000000000e+00,0.000000000000000000e+00
8.258025591615994188e+01,0.000000000000000000e+00,0.000000000000000000e+00
8.108546420959336842e+01,0.000000000000000000e+00,0.000000000000000000e+00
8.007288660838099759e+01,0.000000000000000000e+00,0.000000000000000000e+00
8.100480950540043068e+01,0.000000000000000000e+00,0.000000000000000000e+00
7.858740355893291962e+01,0.000000000000000000e+00,0.000000000000000000e+00
7.916502468264384618e+01,0.000000000000000000e+00,0.000000000000000000e+00
7.774419083477943104e+01,0.000000000000000000e+00,0.000000000000000000e+00
7.881261999397187878e+01,0.000000000000000000e+00,0.000000000000000000e+00
8.370490618791968984e+01,0.000000000000000000e+00,0.000000000000000000e+00
7.845288351267107885e+01,0.000000000000000000e+00,0.000000000000000000e+00
8.040538724399789317e+01,0.000000000000000000e+00,0.000000000000000000e+00
7.422951761396203096e+01,0.000000000000000000e+00,0.000000000000000000e+00
7.767832683414654582e+01,0.000000000000000000e+00,0.000000000000000000e+00
8.072676052368477428e+01,0.000000000000000000e+00,0.000000000000000000e+00
8.051705651328138913e+01,0.000000000000000000e+00,0.000000000000000000e+00
8.013971601272940859e+01,0.000000000000000000e+00,0.000000000000000000e+00
8.200540928596936396e+01,0.000000000000000000e+00,0.000000000000000000e+00
8.090682079774008173e+01,0.000000000000000000e+00,0.000000000000000000e+00
7.843355115417912771e+01,0.000000000000000000e+00,0.000000000000000000e+00
8.092765305013131183e+01,0.000000000000000000e+00,0.000000000000000000e+00
8.005013491931744340e+01,0.000000000000000000e+00,0.000000000000000000e+00
8.184710581950754715e+01,0.000000000000000000e+00,0.000000000000000000e+00
7.713812552182274374e+01,0.000000000000000000e+00,0.000000000000000000e+00
8.130403482101002055e+01,0.000000000000000000e+00,0.000000000000000000e+00
7.918561372061165571e+01,0.000000000000000000e+00,0.000000000000000000e+00
7.854963317249979582e+01,0.000000000000000000e+00,0.000000000000000000e+00
8.084234709764865556e+01,0.000000000000000000e+00,0.000000000000000000e+00
8.006447732027555730e+01,0.000000000000000000e+00,0.000000000000000000e+00
7.624150541227893996e+01,0.000000000000000000e+00,0.000000000000000000e+00
8.350352535027140277e+01,0.000000000000000000e+00,0.000000000000000000e+00
8.026314155194927480e+01,0.000000000000000000e+00,0.000000000000000000e+00
8.252344183320637683e+01,0.000000000000000000e+00,0.000000000000000000e+00
8.089411954448569020e+01,0.000000000000000000e+00,0.000000000000000000e+00
7.918088258534440627e+01,0.000000000000000000e+00,0.000000000000000000e+00
7.925230188358553107e+01,0.000000000000000000e+00,0.000000000000000000e+00
8.209804642313247314e+01,0.000000000000000000e+00,0.000000000000000000e+00
7.629410938895796335e+01,0.000000000000000000e+00,0.000000000000000000e+00
7.881393013048190710e+01,0.000000000000000000e+00,0.000000000000000000e+00
8.020187520817815141e+01,0.000000000000000000e+00,0.000000000000000000e+00
7.948140163578375450e+01,0.000000000000000000e+00,0.000000000000000000e+00
8.022132065680547441e+01,0.000000000000000000e+00,0.000000000000000000e+00
7.971415919514072357e+01,0.000000000000000000e+00,0.000000000000000000e+00
7.673945694745808055e+01,0.000000000000000000e+00,0.000000000000000000e+00
7.773329661957382086e+01,0.000000000000000000e+00,0.000000000000000000e+00
8.006517524360039317e+01,0.000000000000000000e+00,0.000000000000000000e+00
8.140542839392703911e+01,0.000000000000000000e+00,0.000000000000000000e+00
8.124389339565023249e+01,0.000000000000000000e+00,0.000000000000000000e+00
8.098650440869786848e+01,0.000000000000000000e+00,0.000000000000000000e+00
8.104112820321537924e+01,0.000000000000000000e+00,0.000000000000000000e+00
7.916546037820901915e+01,0.000000000000000000e+00,0.000000000000000000e+00
8.185196054567688861e+01,0.000000000000000000e+00,0.000000000000000000e+00
8.067886900451748033e+01,0.000000000000000000e+00,0.000000000000000000e+00
8.212852996443288589e+01,0.000000000000000000e+00,0.000000000000000000e+00
8.123458471940668346e+01,0.000000000000000000e+00,0.000000000000000000e+00
8.035654215619051399e+01,0.000000000000000000e+00,0.000000000000000000e+00
7.823927650941791967e+01,0.000000000000000000e+00,0.000000000000000000e+00
7.787663512390186327e+01,0.000000000000000000e+00,0.000000000000000000e+00
8.184792866999502792e+01,0.000000000000000000e+00,0.000000000000000000e+00
3.451898613391399095e+01,0.000000000000000000e+00,0.000000000000000000e+00
3.149670596931114730e+01,0.000000000000000000e+00,0.000000000000000000e+00
3.512052944526352150e+01,0.000000000000000000e+00,0.000000000000000000e+00
2.907901149399118168e+01,0.000000000000000000e+00,0.000000000000000000e+00
3.294622371945016681e+01,0.000000000000000000e+00,0.000000000000000000e+00
3.044980352051330286e+01,0.000000000000000000e+00,0.000000000000000000e+00
3.328915880951998219e+01,0.000000000000000000e+00,0.000000000000000000e+00
3.344777423102168257e+01,0.000000000000000000e+00,0.000000000000000000e+00
3.196075554155355292e+01,0.000000000000000000e+00,0.000000000000000000e+00
3.001158258228768005e+01,0.000000000000000000e+00,0.000000000000000000e+00
3.363371775610956860e+01,0.000000000000000000e+00,0.000000000000000000e+00
3.409332973874366957e+01,0.000000000000000000e+00,0.000000000000000000e+00
2.177159376857521522e+01,0.000000000000000000e+00,0.000000000000000000e+00
2.249728473852051280e+01,0.000000000000000000e+00,0.000000000000000000e+00
2.295217058665317467e+01,0.000000000000000000e+00,0.000000000000000000e+00
2.005231578562307249e+01,0.000000000000000000e+00,0.000000000000000000e+00
2.010279031090918878e+01,0.000000000000000000e+00,0.000000000000000000e+00
1.893810138026250200e+01,0.000000000000000000e+00,0.000000000000000000e+00
2.267707894304838590e+01,0.000000000000000000e+00,0.000000000000000000e+00
2.484918809603060907e+01,0.000000000000000000e+00,0.000000000000000000e+00
2.083182701758749999e+01,0.000000000000000000e+00,0.000000000000000000e+00
2.055504629679378326e+01,0.000000000000000000e+00,0.000000000000000000e+00
2.357642737258553112e+01,0.000000000000000000e+00,0.000000000000000000e+00
2.184060622822491382e+01,0.000000000000000000e+00,0.000000000000000000e+00
2.124877627672729119e+01,0.000000000000000000e+00,0.000000000000000000e+00
2.124377600554607781e+01,0.000000000000000000e+00,0.000000000000000000e+00
1.942204879024452779e+01,0.000000000000000000e+00,0.000000000000000000e+00
1.788111738670416173e+01,0.000000000000000000e+00,0.000000000000000000e+00
2.166736019141164249e+01,0.000000000000000000e+00,0.000000000000000000e+00
2.238616325475528868e+01,0.000000000000000000e+00,0.000000000000000000e+00
2.154685898516565246e+01,0.000000000000000000e+00,0.000000000000000000e+00
2.313119718517833689e+01,0.000000000000000000e+00,0.000000000000000000e+00
2.266503918723755717e+01,0.000000000000000000e+00,0.000000000000000000e+00
1.922700743311861515e+01,0.000000000000000000e+00,0.000000000000000000e+00
1.937421720880020004e+01,0.000000000000000000e+00,0.000000000000000000e+00
2.383180265656908858e+01,0.000000000000000000e+00,0.000000000000000000e+00
2.244192497792612428e+01,0.000000000000000000e+00,0.000000000000000000e+00
1.946189846503155252e+01,0.000000000000000000e+00,0.000000000000000000e+00
1.992271190291843297e+01,0.000000000000000000e+00,0.000000000000000000e+00
2.072637957751790694e+01,0.000000000000000000e+00,0.000000000000000000e+00
2.222748048134876342e+01,0.000000000000000000e+00,0.000000000000000000e+00
2.085247342801766379e+01,0.000000000000000000e+00,0.000000000000000000e+00
2.043300989132154299e+01,0.000000000000000000e+00,0.000000000000000000e+00
2.279089910554028364e+01,0.000000000000000000e+00,0.000000000000000000e+00
2.138019950806362601e+01,0.000000000000000000e+00,0.000000000000000000e+00
1.791244547520030750e+01,0.000000000000000000e+00,0.000000000000000000e+00
1.871490352171213800e+01,0.000000000000000000e+00,0.000000000000000000e+00
2.234043936080789194e+01,0.000000000000000000e+00,0.000000000000000000e+00
2.053532660050628778e+01,0.000000000000000000e+00,0.000000000000000000e+00
1.932546312111243125e+01,0.000000000000000000e+00,0.000000000000000000e+00
2.123618359926674160e+01,0.000000000000000000e+00,0.000000000000000000e+00
2.098224374636437872e+01,0.000000000000000000e+00,0.000000000000000000e+00
1.925786497823875365e+01,0.000000000000000000e+00,0.000000000000000000e+00
1.544374384641521303e+01,0.000000000000000000e+00,0.000000000000000000e+00
2.336001630046377642e+01,0.000000000000000000e+00,0.000000000000000000e+00
2.397158368725774835e+01,0.000000000000000000e+00,0.000000000000000000e+00
2.066317201510658208e+01,0.000000000000000000e+00,0.000000000000000000e+00
2.209138310755909984e+01,0.000000000000000000e+00,0.000000000000000000e+00
1.849738345987364596e+01,0.000000000000000000e+00,0.000000000000000000e+00
1.714133690761383733e+01,0.000000000000000000e+00,0.000000000000000000e+00
2.040089425730095485e+01,0.000000000000000000e+00,0.000000000000000000e+00
1.974093751431235688e+01,0.000000000000000000e+00,0.000000000000000000e+00
1.853458408357125720e+01,0.000000000000000000e+00,0.000000000000000000e+00
1.903754426079906992e+01,0.000000000000000000e+00,0.000000000000000000e+00
2.346782907568843513e+01,0.000000000000000000e+00,0.000000000000000000e+00
1.995601055853909145e+01,0.000000000000000000e+00,0.000000000000000000e+00
2.119800653586526096e+01,0.000000000000000000e+00,0.000000000000000000e+00
1.799448381974337607e+01,0.000000000000000000e+00,0.000000000000000000e+00
1.675056713875193637e+01,0.000000000000000000e+00,0.000000000000000000e+00
1.977863954094107868e+01,0.000000000000000000e+00,0.000000000000000000e+00
2.014013788344263745e+01,0.000000000000000000e+00,0.000000000000000000e+00
2.053996641004421164e+01,0.000000000000000000e+00,0.000000000000000000e+00
1.995463366988715137e+01,0.000000000000000000e+00,0.000000000000000000e+00
1.962809701108004390e+01,0.000000000000000000e+00,0.000000000000000000e+00
1.882183395504737078e+01,0.000000000000000000e+00,0.000000000000000000e+00
2.021995528591004287e+01,0.000000000000000000e+00,0.000000000000000000e+00
1.829141087990741354e+01,0.000000000000000000e+00,0.000000000000000000e+00
1.932933465312633814e+01,0.000000000000000000e+00,0.000000000000000000e+00
1.767553816623897944e+01,0.000000000000000000e+00,0.000000000000000000e+00
1.905887415874321533e+01,0.000000000000000000e+00,0.000000000000000000e+00
2.177748500145223076e+01,0.000000000000000000e+00,0.000000000000000000e+00
1.968774445198792122e+01,0.000000000000000000e+00,0.000000000000000000e+00
2.057316645243679432e+01,0.000000000000000000e+00,0.000000000000000000e+00
1.448071522763482655e+01,0.000000000000000000e+00,0.000000000000000000e+00
2.061632316423563083e+01,0.000000000000000000e+00,0.000000000000000000e+00
2.125635539381695693e+01,0.000000000000000000e+00,0.000000000000000000e+00
1.632432011445937547e+01,0.000000000000000000e+00,0.000000000000000000e+00
1.720027108991040876e+01,0.000000000000000000e+00,0.000000000000000000e+00
2.203146470901834064e+01,0.000000000000000000e+00,0.000000000000000000e+00
2.408610657889961715e+01,0.000000000000000000e+00,0.000000000000000000e+00
1.782682518663483862e+01,0.000000000000000000e+00,0.000000000000000000e+00
1.854871033151505344e+01,0.000000000000000000e+00,0.000000000000000000e+00
2.123198600721524798e+01,0.000000000000000000e+00,0.000000000000000000e+00
2.209981186053048674e+01,0.000000000000000000e+00,0.000000000000000000e+00
2.051631451825276997e+01,0.000000000000000000e+00,0.000000000000000000e+00
1.749714311764547503e+01,0.000000000000000000e+00,0.000000000000000000e+00
1.972378757764402835e+01,0.000000000000000000e+00,0.000000000000000000e+00
1.557915263815213081e+01,0.000000000000000000e+00,0.000000000000000000e+00
2.045296375945192580e+01,0.000000000000000000e+00,0.000000000000000000e+00
1.769313520866518985e+01,0.000000000000000000e+00,0.000000000000000000e+00
1.979729703896550319e+01,0.000000000000000000e+00,0.000000000000000000e+00
2.001968467558863551e+01,0.000000000000000000e+00,0.000000000000000000e+00
1.735567462965873275e+01,0.000000000000000000e+00,0.000000000000000000e+00
1.931458871993942950e+01,0.000000000000000000e+00,0.000000000000000000e+00
1.891042101304513778e+01,0.000000000000000000e+00,0.000000000000000000e+00
1.966517235822523091e+01,0.000000000000000000e+00,0.000000000000000000e+00
1.955914930778232730e+01,0.000000000000000000e+00,0.000000000000000000e+00
1.824704334275406836e+01,0.000000000000000000e+00,0.000000000000000000e+00
2.043241963018683549e+01,0.000000000000000000e+00,0.000000000000000000e+00
1.623552017757594257e+01,0.000000000000000000e+00,0.000000000000000000e+00
2.073787091351555745e+01,0.000000000000000000e+00,0.000000000000000000e+00
1.722863071959150005e+01,0.000000000000000000e+00,0.000000000000000000e+00
1.911380856492349523e+01,0.000000000000000000e+00,0.000000000000000000e+00
1.893011607770414884e+01,0.000000000000000000e+00,0.000000000000000000e+00
1.643180789207401205e+01,0.000000000000000000e+00,0.000000000000000000e+00
2.244642990477802513e+01,0.000000000000000000e+00,0.000000000000000000e+00
1.974083938495851953e+01,0.000000000000000000e+00,0.000000000000000000e+00
2.066811474455440845e+01,0.000000000000000000e+00,0.000000000000000000e+00
1.743239836892463046e+01,0.000000000000000000e+00,0.000000000000000000e+00
1.881152171332587386e+01,0.000000000000000000e+00,0.000000000000000000e+00
2.024925725909535501e+01,0.000000000000000000e+00,0.000000000000000000e+00
1.914739448049554227e+01,0.000000000000000000e+00,0.000000000000000000e+00
1.913947937531775523e+01,0.000000000000000000e+00,0.000000000000000000e+00
2.023110209253907144e+01,0.000000000000000000e+00,0.000000000000000000e+00
2.160592794858799337e+01,0.000000000000000000e+00,0.000000000000000000e+00
1.965832788942850584e+01,0.000000000000000000e+00,0.000000000000000000e+00
2.280609240804188431e+01,0.000000000000000000e+00,0.000000000000000000e+00
1.871059336961666375e+01,0.000000000000000000e+00,0.000000000000000000e+00
2.291045080192987271e+01,0.000000000000000000e+00,0.000000000000000000e+00
1.963622770872360590e+01,0.000000000000000000e+00,0.000000000000000000e+00
1.752432129421818630e+01,0.000000000000000000e+00,0.000000000000000000e+00
1.862392862773520008e+01,0.000000000000000000e+00,0.000000000000000000e+00
1.983853921738774417e+01,0.000000000000000000e+00,0.000000000000000000e+00
1.868859877096520705e+01,0.000000000000000000e+00,0.000000000000000000e+00
2.178829265040650043e+01,0.000000000000000000e+00,0.000000000000000000e+00
2.133079088124875256e+01,0.000000000000000000e+00,0.000000000000000000e+00
2.405622332699736887e+01,0.000000000000000000e+00,0.000000000000000000e+00
1.895672486545463187e+01,0.000000000000000000e+00,0.000000000000000000e+00
1.745675544552866043e+01,0.000000000000000000e+00,0.000000000000000000e+00
1.873885624807208217e+01,0.000000000000000000e+00,0.000000000000000000e+00
1.836207996585086377e+01,0.000000000000000000e+00,0.000000000000000000e+00
1.921681935732410551e+01,0.000000000000000000e+00,0.000000000000000000e+00
2.038254035825099564e+01,0.000000000000000000e+00,0.000000000000000000e+00
1.954667915231901176e+01,0.000000000000000000e+00,0.000000000000000000e+00
2.000390189152113862e+01,0.000000000000000000e+00,0.000000000000000000e+00
1.732052991594143876e+01,0.000000000000000000e+00,0.000000000000000000e+00
1.744261331430950079e+01,0.000000000000000000e+00,0.000000000000000000e+00
2.335340736285580832e+01,0.000000000000000000e+00,0.000000000000000000e+00
2.104509542907777231e+01,0.000000000000000000e+00,0.000000000000000000e+00
1.703120500410077653e+01,0.000000000000000000e+00,0.000000000000000000e+00
1.942368795814758187e+01,0.000000000000000000e+00,0.000000000000000000e+00
1.965892661241338857e+01,0.000000000000000000e+00,0.000000000000000000e+00
2.169053309576268873e+01,0.000000000000000000e+00,0.000000000000000000e+00
1.964645645200940649e+01,0.000000000000000000e+00,0.000000000000000000e+00
1.804897054078975316e+01,0.000000000000000000e+00,0.000000000000000000e+00
2.598466492388362425e+01,0.000000000000000000e+00,0.000000000000000000e+00
2.335496644367713515e+01,0.000000000000000000e+00,0.000000000000000000e+00
2.024333435765101896e+01,0.000000000000000000e+00,0.000000000000000000e+00
2.137529424708809955e+01,0.000000000000000000e+00,0.000000000000000000e+00
1.990392404372622792e+01,0.000000000000000000e+00,0.000000000000000000e+00
1.787251994761060203e+01,0.000000000000000000e+00,0.000000000000000000e+00
2.070317905756700938e+01,0.000000000000000000e+00,0.000000000000000000e+00
1.771006429621223788e+01,0.000000000000000000e+00,0.000000000000000000e+00
1.974163317938410600e+01,0.000000000000000000e+00,0.000000000000000000e+00
2.090866222700292454e+01,0.000000000000000000e+00,0.000000000000000000e+00
2.107208192208015163e+01,0.000000000000000000e+00,0.000000000000000000e+00
2.189740699399123613e+01,0.000000000000000000e+00,0.000000000000000000e+00
2.363919408082401930e+01,0.000000000000000000e+00,0.000000000000000000e+00
2.072169415160426453e+01,0.000000000000000000e+00,0.000000000000000000e+00
1.922206356726811549e+01,0.000000000000000000e+00,0.000000000000000000e+00
1.872821997957582596e+01,0.000000000000000000e+00,0.000000000000000000e+00
2.004956105262883526e+01,0.000000000000000000e+00,0.000000000000000000e+00
2.004940350583025577e+01,0.000000000000000000e+00,0.000000000000000000e+00
1.967194352012908709e+01,0.000000000000000000e+00,0.000000000000000000e+00
2.241325872495246330e+01,0.000000000000000000e+00,0.000000000000000000e+00
2.318746049207671689e+01,0.000000000000000000e+00,0.000000000000000000e+00
1.355378210579927512e+01,0.000000000000000000e+00,0.000000000000000000e+00
1.888820606628495824e+01,0.000000000000000000e+00,0.000000000000000000e+00
1.848889824978908791e+01,0.000000000000000000e+00,0.000000000000000000e+00
2.409352929042894331e+01,0.000000000000000000e+00,0.000000000000000000e+00
6.619753377697384167e+01,0.000000000000000000e+00,0.000000000000000000e+00
6.674942309736506729e+01,0.000000000000000000e+00,0.000000000000000000e+00
6.454870418835263024e+01,0.000000000000000000e+00,0.000000000000000000e+00
6.786730836818911428e+01,0.000000000000000000e+00,0.000000000000000000e+00
6.994784968123197189e+01,0.000000000000000000e+00,0.000000000000000000e+00
6.830675496188668205e+01,0.000000000000000000e+00,0.000000000000000000e+00
7.053818740172488333e+01,0.000000000000000000e+00,0.000000000000000000e+00
6.797165332799326620e+01,0.000000000000000000e+00,0.000000000000000000e+00
6.237849081209298419e+01,0.000000000000000000e+00,0.000000000000000000e+00
6.754831952987179022e+01,0.000000000000000000e+00,0.000000000000000000e+00
7.232354899400699821e+01,0.000000000000000000e+00,0.000000000000000000e+00
7.021463278952701614e+01,0.000000000000000000e+00,0.000000000000000000e+00
7.610282765222002865e+01,0.000000000000000000e+00,0.000000000000000000e+00
7.742909836638608567e+01,0.000000000000000000e+00,0.000000000000000000e+00
7.853026921884359979e+01,0.000000000000000000e+00,0.000000000000000000e+00
8.122591128130007121e+01,0.000000000000000000e+00,0.000000000000000000e+00
7.878948766887808119e+01,0.000000000000000000e+00,0.000000000000000000e+00
7.422024949689995310e+01,0.000000000000000000e+00,0.000000000000000000e+00
7.765235412476758370e+01,0.000000000000000000e+00,0.000000000000000000e+00
8.251881905807860562e+01,0.000000000000000000e+00,0.000000000000000000e+00
7.821834672487445062e+01,0.000000000000000000e+00,0.000000000000000000e+00
7.594900462944626440e+01,0.000000000000000000e+00,0.000000000000000000e+00
7.666798418232180268e+01,0.000000000000000000e+00,0.000000000000000000e+00
7.547913786360457777e+01,0.000000000000000000e+00,0.000000000000000000e+00
7.917949938184567316e+01,0.000000000000000000e+00,0.000000000000000000e+00
7.915712931490456583e+01,0.000000000000000000e+00,0.000000000000000000e+00
7.699953685517137103e+01,0.000000000000000000e+00,0.000000000000000000e+00
7.375024489239523007e+01,0.000000000000000000e+00,0.000000000000000000e+00
7.915602682363825693e+01,0.000000000000000000e+00,0.000000000000000000e+00
7.815640012215543209e+01,0.000000000000000000e+00,0.000000000000000000e+00
7.830706570262856303e+01,0.000000000000000000e+00,0.000000000000000000e+00
8.033189910047659055e+01,0.000000000000000000e+00,0.000000000000000000e+00
7.824081564969596059e+01,0.000000000000000000e+00,0.000000000000000000e+00
8.049151883855628853e+01,0.000000000000000000e+00,0.000000000000000000e+00
7.850537947284296081e+01,0.000000000000000000e+00,0.000000000000000000e+00
8.010939232308282953e+01,0.000000000000000000e+00,0.000000000000000000e+00
7.808924065338817400e+01,0.000000000000000000e+00,0.000000000000000000e+00
7.848761374564826099e+01,0.000000000000000000e+00,0.000000000000000000e+00
8.019484694442009243e+01,0.000000000000000000e+00,0.000000000000000000e+00
7.823443358625148392e+01,0.000000000000000000e+00,0.000000000000000000e+00
8.030168617016158805e+01,0.000000000000000000e+00,0.000000000000000000e+00
7.955671552861424800e+01,0.000000000000000000e+00,0.000000000000000000e+00
7.938846281735555976e+01,0.000000000000000000e+00,0.000000000000000000e+00
7.843728170141595513e+01,0.000000000000000000e+00,0.000000000000000000e+00
8.259361744173584441e+01,0.000000000000000000e+00,0.000000000000000000e+00
7.971829442600704851e+01,0.000000000000000000e+00,0.000000000000000000e+00
7.957982406886469562e+01,0.000000000000000000e+00,0.000000000000000000e+00
7.735777261930795135e+01,0.000000000000000000e+00,0.000000000000000000e+00
8.031141739842225036e+01,0.000000000000000000e+00,0.000000000000000000e+00
7.825891645394428053e+01,0.000000000000000000e+00,0.000000000000000000e+00
8.137439595007582227e+01,0.000000000000000000e+00,0.000000000000000000e+00
7.764853935721386335e+01,0.000000000000000000e+00,0.000000000000000000e+00
7.826889796584448789e+01,0.000000000000000000e+00,0.000000000000000000e+00
7.707817248365608975e+01,0.000000000000000000e+00,0.000000000000000000e+00
8.013859252732298444e+01,0.000000000000000000e+00,0.000000000000000000e+00
8.087720177727932480e+01,0.000000000000000000e+00,0.000000000000000000e+00
8.098414554435845503e+01,0.000000000000000000e+00,0.000000000000000000e+00
7.982454153650893147e+01,0.000000000000000000e+00,0.000000000000000000e+00
7.921305692350460959e+01,0.000000000000000000e+00,0.000000000000000000e+00
7.873113004733920661e+01,0.000000000000000000e+00,0.000000000000000000e+00
8.083914214348745020e+01,0.000000000000000000e+00,0.000000000000000000e+00
8.116169469068755404e+01,0.000000000000000000e+00,0.000000000000000000e+00
8.112182100738426982e+01,0.000000000000000000e+00,0.000000000000000000e+00
8.187499587396283118e+01,0.000000000000000000e+00,0.000000000000000000e+00
7.741501271566897913e+01,0.000000000000000000e+00,0.000000000000000000e+00
7.831215096690313260e+01,0.000000000000000000e+00,0.000000000000000000e+00
7.632994631162878818e+01,0.000000000000000000e+00,0.000000000000000000e+00
7.975832553886453979e+01,0.000000000000000000e+00,0.000000000000000000e+00
7.909626876686735386e+01,0.000000000000000000e+00,0.000000000000000000e+00
8.459271830806424930e+01,0.000000000000000000e+00,0.000000000000000000e+00
8.122955259727264377e+01,0.000000000000000000e+00,0.000000000000000000e+00
7.967280365893385863e+01,0.000000000000000000e+00,0.000000000000000000e+00
7.862203004338279300e+01,0.000000000000000000e+00,0.000000000000000000e+00
8.157458021078571164e+01,0.000000000000000000e+00,0.000000000000000000e+00
8.131639078795953424e+01,0.000000000000000000e+00,0.000000000000000000e+00
8.225642157458499071e+01,0.000000000000000000e+00,0.000000000000000000e+00
8.309449950913372618e+01,0.000000000000000000e+00,0.000000000000000000e+00
8.325152871709765634e+01,0.000000000000000000e+00,0.000000000000000000e+00
8.037886368935538428e+01,0.000000000000000000e+00,0.000000000000000000e+00
7.851012388543206555e+01,0.000000000000000000e+00,0.000000000000000000e+00
8.035104307786768629e+01,0.000000000000000000e+00,0.000000000000000000e+00
7.896564118141144206e+01,0.000000000000000000e+00,0.000000000000000000e+00
7.897259505183292561e+01,0.000000000000000000e+00,0.000000000000000000e+00
8.064647525079584511e+01,0.000000000000000000e+00,0.000000000000000000e+00
7.982784881642815833e+01,0.000000000000000000e+00,0.000000000000000000e+00
7.789524182143543385e+01,0.000000000000000000e+00,0.000000000000000000e+00
7.557080375962033258e+01,0.000000000000000000e+00,0.000000000000000000e+00
8.254669837911617947e+01,0.000000000000000000e+00,0.000000000000000000e+00
7.892272781820226157e+01,0.000000000000000000e+00,0.000000000000000000e+00
8.163218054348915587e+01,0.000000000000000000e+00,0.000000000000000000e+00
8.158560160004418549e+01,0.000000000000000000e+00,0.000000000000000000e+00
8.182150237231387280e+01,0.000000000000000000e+00,0.000000000000000000e+00
7.733819057413501241e+01,0.000000000000000000e+00,0.000000000000000000e+00
8.259033171916783544e+01,0.000000000000000000e+00,0.000000000000000000e+00
7.944334673810452330e+01,0.000000000000000000e+00,0.000000000000000000e+00
8.397203407923653629e+01,0.000000000000000000e+00,0.000000000000000000e+00
7.662126862607387068e+01,0.000000000000000000e+00,0.000000000000000000e+00
7.985858090226618344e+01,0.000000000000000000e+00,0.000000000000000000e+00
7.684228175064302491e+01,0.000000000000000000e+00,0.000000000000000000e+00
8.058673434434619764e+01,0.000000000000000000e+00,0.000000000000000000e+00
8.037931666442480605e+01,0.000000000000000000e+00,0.000000000000000000e+00
7.746938923748477634e+01,0.000000000000000000e+00,0.000000000000000000e+00
7.696336407770036203e+01,0.000000000000000000e+00,0.000000000000000000e+00
7.723046302335352209e+01,0.000000000000000000e+00,0.000000000000000000e+00
7.894590950283894415e+01,0.000000000000000000e+00,0.000000000000000000e+00
7.761614774083885493e+01,0.000000000000000000e+00,0.000000000000000000e+00
7.944274092604059945e+01,0.000000000000000000e+00,0.000000000000000000e+00
7.910067434092906069e+01,0.000000000000000000e+00,0.000000000000000000e+00
3.409514998728144519e+01,0.000000000000000000e+00,0.000000000000000000e+00
2.998395177284333357e+01,0.000000000000000000e+00,0.000000000000000000e+00
3.300976055883978688e+01,0.000000000000000000e+00,0.000000000000000000e+00
3.090571996773998364e+01,0.000000000000000000e+00,0.000000000000000000e+00
3.058186546210037093e+01,0.000000000000000000e+00,0.000000000000000000e+00
3.333030511975161403e+01,0.000000000000000000e+00,0.000000000000000000e+00
3.089434411603981800e+01,0.000000000000000000e+00,0.000000000000000000e+00
3.437548737616616989e+01,0.000000000000000000e+00,0.000000000000000000e+00
3.189793211581903165e+01,0.000000000000000000e+00,0.000000000000000000e+00
3.338147149639367939e+01,0.000000000000000000e+00,0.000000000000000000e+00
3.511843602910246886e+01,0.000000000000000000e+00,0.000000000000000000e+00
3.120934288096472997e+01,0.000000000000000000e+00,0.000000000000000000e+00
2.373979816179547697e+01,0.000000000000000000e+00,0.000000000000000000e+00
2.318100236291595806e+01,0.000000000000000000e+00,0.000000000000000000e+00
1.923703920893329311e+01,0.000000000000000000e+00,0.000000000000000000e+00
2.470939414431187231e+01,0.000000000000000000e+00,0.000000000000000000e+00
2.277194432064853657e+01,0.000000000000000000e+00,0.000000000000000000e+00
1.879865336486459171e+01,0.000000000000000000e+00,0.000000000000000000e+00
2.277917920927414741e+01,0.000000000000000000e+00,0.000000000000000000e+00
2.219875197306778247e+01,0.000000000000000000e+00,0.000000000000000000e+00
2.488107832588225321e+01,0.000000000000000000e+00,0.000000000000000000e+00
2.336979916696327919e+01,0.000000000000000000e+00,0.000000000000000000e+00
2.090811115090279415e+01,0.000000000000000000e+00,0.000000000000000000e+00
2.017558815371969416e+01,0.000000000000000000e+00,0.000000000000000000e+00
1.812751032524551320e+01,0.000000000000000000e+00,0.000000000000000000e+00
1.983559877238555202e+01,0.000000000000000000e+00,0.000000000000000000e+00
2.044379892670669818e+01,0.000000000000000000e+00,0.000000000000000000e+00
2.280544485448069025e+01,0.000000000000000000e+00,0.000000000000000000e+00
2.035089731448269745e+01,0.000000000000000000e+00,0.000000000000000000e+00
2.185601315993159943e+01,0.000000000000000000e+00,0.000000000000000000e+00
2.511467790839638070e+01,0.000000000000000000e+00,0.000000000000000000e+00
1.883040903512739206e+01,0.000000000000000000e+00,0.000000000000000000e+00
2.186768503554739596e+01,0.000000000000000000e+00,0.000000000000000000e+00
1.985956399524193827e+01,0.000000000000000000e+00,0.000000000000000000e+00
1.969586973437950306e+01,0.000000000000000000e+00,0.000000000000000000e+00
1.934493722565309071e+01,0.000000000000000000e+00,0.000000000000000000e+00
1.846109875783830034e+01,0.000000000000000000e+00,0.000000000000000000e+00
1.571162146895068545e+01,0.000000000000000000e+00,0.000000000000000000e+00
2.196335893943476592e+01,0.000000000000000000e+00,0.000000000000000000e+00
2.342559607111626363e+01,0.000000000000000000e+00,0.000000000000000000e+00
2.032856978769748579e+01,0.000000000000000000e+00,0.000000000000000000e+00
1.500893925236923820e+01,0.000000000000000000e+00,0.000000000000000000e+00
2.203321564398755328e+01,0.000000000000000000e+00,0.000000000000000000e+00
2.156183881883949383e+01,0.000000000000000000e+00,0.000000000000000000e+00
1.852648569024180958e+01,0.000000000000000000e+00,0.000000000000000000e+00
2.366519426654855351e+01,0.000000000000000000e+00,0.000000000000000000e+00
1.720179557582920893e+01,0.000000000000000000e+00,0.000000000000000000e+00
2.152796328311909235e+01,0.000000000000000000e+00,0.000000000000000000e+00
2.250231996861762340e+01,0.000000000000000000e+00,0.000000000000000000e+00
1.920799872439047817e+01,0.000000000000000000e+00,0.000000000000000000e+00
2.434667777623800333e+01,0.000000000000000000e+00,0.000000000000000000e+00
2.341534151981755230e+01,0.000000000000000000e+00,0.000000000000000000e+00
1.970452686253412011e+01,0.000000000000000000e+00,0.000000000000000000e+00
2.170586331536451752e+01,0.000000000000000000e+00,0.000000000000000000e+00
2.221135472336257521e+01,0.000000000000000000e+00,0.000000000000000000e+00
2.026646134442817626e+01,0.000000000000000000e+00,0.000000000000000000e+00
1.808044224246177123e+01,0.000000000000000000e+00,0.000000000000000000e+00
1.942600307292700634e+01,0.000000000000000000e+00,0.000000000000000000e+00
2.202328187042614260e+01,0.000000000000000000e+00,0.000000000000000000e+00
2.367979402649770648e+01,0.000000000000000000e+00,0.000000000000000000e+00
2.482982831471462148e+01,0.000000000000000000e+00,0.000000000000000000e+00
2.269063795758645341e+01,0.000000000000000000e+00,0.000000000000000000e+00
1.819650620639385608e+01,0.000000000000000000e+00,0.000000000000000000e+00
1.941842287518994326e+01,0.000000000000000000e+00,0.000000000000000000e+00
1.721402489601158337e+01,0.000000000000000000e+00,0.000000000000000000e+00
1.883460241106584121e+01,0.000000000000000000e+00,0.000000000000000000e+00
2.080075304189552909e+01,0.000000000000000000e+00,0.000000000000000000e+00
1.962995091661394653e+01,0.000000000000000000e+00,0.000000000000000000e+00
2.042782057293358022e+01,0.000000000000000000e+00,0.000000000000000000e+00
1.850414899601894092e+01,0.000000000000000000e+00,0.000000000000000000e+00
1.960564514866884167e+01,0.000000000000000000e+00,0.000000000000000000e+00
2.243198266135678054e+01,0.000000000000000000e+00,0.000000000000000000e+00
2.018417317432936997e+01,0.000000000000000000e+00,0.000000000000000000e+00
1.930872091050641970e+01,0.000000000000000000e+00,0.000000000000000000e+00
2.137659316318315916e+01,0.000000000000000000e+00,0.000000000000000000e+00
1.716167375020816621e+01,0.000000000000000000e+00,0.000000000000000000e+00
2.122545605935656354e+01,0.000000000000000000e+00,0.000000000000000000e+00
2.114981886733736616e+01,0.000000000000000000e+00,0.000000000000000000e+00
1.824655013533332593e+01,0.000000000000000000e+00,0.000000000000000000e+00
2.031284243317951876e+01,0.000000000000000000e+00,0.000000000000000000e+00
1.989580288906860517e+01,0.000000000000000000e+00,0.000000000000000000e+00
1.970960742214652228e+01,0.000000000000000000e+00,0.000000000000000000e+00
1.901346691044226134e+01,0.000000000000000000e+00,0.000000000000000000e+00
1.758871314507501182e+01,0.000000000000000000e+00,0.000000000000000000e+00
1.956582293239823755e+01,0.000000000000000000e+00,0.000000000000000000e+00
2.002327463339061708e+01,0.000000000000000000e+00,0.000000000000000000e+00
1.654256958533752098e+01,0.000000000000000000e+00,0.000000000000000000e+00
2.172920786434996998e+01,0.000000000000000000e+00,0.000000000000000000e+00
2.317114061784082324e+01,0.000000000000000000e+00,0.000000000000000000e+00
1.995897126001076671e+01,0.000000000000000000e+00,0.000000000000000000e+00
1.793349281194604927e+01,0.000000000000000000e+00,0.000000000000000000e+00
1.684197426653159013e+01,0.000000000000000000e+00,0.000000000000000000e+00
1.729498911382051318e+01,0.000000000000000000e+00,0.000000000000000000e+00
1.656546097145210439e+01,0.000000000000000000e+00,0.000000000000000000e+00
1.727035579973601642e+01,0.000000000000000000e+00,0.000000000000000000e+00
1.872651639952180247e+01,0.000000000000000000e+00,0.000000000000000000e+00
1.709780576189095314e+01,0.000000000000000000e+00,0.000000000000000000e+00
2.297139931940155222e+01,0.000000000000000000e+00,0.000000000000000000e+00
2.343359775669149769e+01,0.000000000000000000e+00,0.000000000000000000e+00
1.927544463911152661e+01,0.000000000000000000e+00,0.000000000000000000e+00
2.019150247105703855e+01,0.000000000000000000e+00,0.000000000000000000e+00
2.032007609209141563e+01,0.000000000000000000e+00,0.000000000000000000e+00
2.226075168854808339e+01,0.000000000000000000e+00,0.000000000000000000e+00
1.840661461071976035e+01,0.000000000000000000e+00,0.000000000000000000e+00
2.142066718401914116e+01,0.000000000000000000e+00,0.000000000000000000e+00
2.001495469692786955e+01,0.000000000000000000e+00,0.000000000000000000e+00
1.739572902235299878e+01,0.000000000000000000e+00,0.000000000000000000e+00
2.179686848423132517e+01,0.000000000000000000e+00,0.000000000000000000e+00
2.162625132632406633e+01,0.000000000000000000e+00,0.000000000000000000e+00
1.678812804473032827e+01,0.000000000000000000e+00,0.000000000000000000e+00
1.790348681087809624e+01,0.000000000000000000e+00,0.000000000000000000e+00
2.095564478774244677e+01,0.000000000000000000e+00,0.000000000000000000e+00
1.792300436261404428e+01,0.000000000000000000e+00,0.000000000000000000e+00
2.231299139858461089e+01,0.000000000000000000e+00,0.000000000000000000e+00
2.066753300228077350e+01,0.000000000000000000e+00,0.000000000000000000e+00
2.225415430351343815e+01,0.000000000000000000e+00,0.000000000000000000e+00
2.101789665676326990e+01,0.000000000000000000e+00,0.000000000000000000e+00
2.003272699852343663e+01,0.000000000000000000e+00,0.000000000000000000e+00
2.079219382874068600e+01,0.000000000000000000e+00,0.000000000000000000e+00
1.707270317166180718e+01,0.000000000000000000e+00,0.000000000000000000e+00
2.314337492894239290e+01,0.000000000000000000e+00,0.000000000000000000e+00
1.945484378218751331e+01,0.000000000000000000e+00,0.000000000000000000e+00
2.080702129485093366e+01,0.000000000000000000e+00,0.000000000000000000e+00
2.023535785596291703e+01,0.000000000000000000e+00,0.000000000000000000e+00
2.144680041820186389e+01,0.000000000000000000e+00,0.000000000000000000e+00
1.709596500394919971e+01,0.000000000000000000e+00,0.000000000000000000e+00
2.035131204872547528e+01,0.000000000000000000e+00,0.000000000000000000e+00
2.458397838068604813e+01,0.000000000000000000e+00,0.000000000000000000e+00
1.828181800609456076e+01,0.000000000000000000e+00,0.000000000000000000e+00
2.030676666459334001e+01,0.000000000000000000e+00,0.000000000000000000e+00
2.080624203005618611e+01,0.000000000000000000e+00,0.000000000000000000e+00
1.940111926288271960e+01,0.000000000000000000e+00,0.000000000000000000e+00
2.078843773895840386e+01,0.000000000000000000e+00,0.000000000000000000e+00
1.983121257457940700e+01,0.000000000000000000e+00,0.000000000000000000e+00
1.993199094075801625e+01,0.000000000000000000e+00,0.000000000000000000e+00
1.800704695319335968e+01,0.000000000000000000e+00,0.000000000000000000e+00
1.943771841593704153e+01,0.000000000000000000e+00,0.000000000000000000e+00
2.095460706023798636e+01,0.000000000000000000e+00,0.000000000000000000e+00
2.035374444579660036e+01,0.000000000000000000e+00,0.000000000000000000e+00
2.454445338145660216e+01,0.000000000000000000e+00,0.000000000000000000e+00
2.008126972332218330e+01,0.000000000000000000e+00,0.000000000000000000e+00
2.216634694330856803e+01,0.000000000000000000e+00,0.000000000000000000e+00
1.628103152382458774e+01,0.000000000000000000e+00,0.000000000000000000e+00
2.208323723077091216e+01,0.000000000000000000e+00,0.000000000000000000e+00
2.335567794273971742e+01,0.000000000000000000e+00,0.000000000000000000e+00
2.070535686761684246e+01,0.000000000000000000e+00,0.000000000000000000e+00
2.054266232910613610e+01,0.000000000000000000e+00,0.000000000000000000e+00
2.155303545929518449e+01,0.000000000000000000e+00,0.000000000000000000e+00
2.026010220456610966e+01,0.000000000000000000e+00,0.000000000000000000e+00
1.758192453705107283e+01,0.000000000000000000e+00,0.000000000000000000e+00
1.876119542412522989e+01,0.000000000000000000e+00,0.000000000000000000e+00
1.741205909257224249e+01,0.000000000000000000e+00,0.000000000000000000e+00
1.862584666941139133e+01,0.000000000000000000e+00,0.000000000000000000e+00
1.783668532775809368e+01,0.000000000000000000e+00,0.000000000000000000e+00
1.995701112301416558e+01,0.000000000000000000e+00,0.000000000000000000e+00
2.358213857584104289e+01,0.000000000000000000e+00,0.000000000000000000e+00
2.012120865764629940e+01,0.000000000000000000e+00,0.000000000000000000e+00
1.881029867263670852e+01,0.000000000000000000e+00,0.000000000000000000e+00
2.233938793254267452e+01,0.000000000000000000e+00,0.000000000000000000e+00
2.200471046823879817e+01,0.000000000000000000e+00,0.000000000000000000e+00
1.947144521020046071e+01,0.000000000000000000e+00,0.000000000000000000e+00
2.144156225719595454e+01,0.000000000000000000e+00,0.000000000000000000e+00
1.835490818909209665e+01,0.000000000000000000e+00,0.000000000000000000e+00
2.233161495075999170e+01,0.000000000000000000e+00,0.000000000000000000e+00
1.917945632146093971e+01,0.000000000000000000e+00,0.000000000000000000e+00
1.796450767662447845e+01,0.000000000000000000e+00,0.000000000000000000e+00
1.778434999353309820e+01,0.000000000000000000e+00,0.000000000000000000e+00
1.997682784210638474e+01,0.000000000000000000e+00,0.000000000000000000e+00
1.939623148101400574e+01,0.000000000000000000e+00,0.000000000000000000e+00
1.761496940073534034e+01,0.000000000000000000e+00,0.000000000000000000e+00
2.171017230151957378e+01,0.000000000000000000e+00,0.000000000000000000e+00
1.973391834538403700e+01,0.000000000000000000e+00,0.000000000000000000e+00
1.997373324979777465e+01,0.000000000000000000e+00,0.000000000000000000e+00
2.327123208038121405e+01,0.000000000000000000e+00,0.000000000000000000e+00
2.031519577955997846e+01,0.000000000000000000e+00,0.000000000000000000e+00
2.425285234135627732e+01,0.000000000000000000e+00,0.000000000000000000e+00
2.173734161189971203e+01,0.000000000000000000e+00,0.000000000000000000e+00
1.911919828690907153e+01,0.000000000000000000e+00,0.000000000000000000e+00
2.155393940735052283e+01,0.000000000000000000e+00,0.000000000000000000e+00
2.158283415647644432e+01,0.000000000000000000e+00,0.000000000000000000e+00
6.640036122494922211e+01,0.000000000000000000e+00,0.000000000000000000e+00
6.917372107663030079e+01,0.000000000000000000e+00,0.000000000000000000e+00
6.784071905147187920e+01,0.000000000000000000e+00,0.000000000000000000e+00
6.828822281051508014e+01,0.000000000000000000e+00,0.000000000000000000e+00
6.446524875302637270e+01,0.000000000000000000e+00,0.000000000000000000e+00
7.092068325692920894e+01,0.000000000000000000e+00,0.000000000000000000e+00
6.685365557669777559e+01,0.000000000000000000e+00,0.000000000000000000e+00
6.790099515570723554e+01,0.000000000000000000e+00,0.000000000000000000e+00
6.610206712210731439e+01,0.000000000000000000e+00,0.000000000000000000e+00
6.823020998536617299e+01,0.000000000000000000e+00,0.000000000000000000e+00
6.629897093083607729e+01,0.000000000000000000e+00,0.000000000000000000e+00
6.611371347067598947e+01,0.000000000000000000e+00,0.000000000000000000e+00
7.674456286083008649e+01,0.000000000000000000e+00,0.000000000000000000e+00
7.879866319265128993e+01,0.000000000000000000e+00,0.000000000000000000e+00
7.821389620928603392e+01,0.000000000000000000e+00,0.000000000000000000e+00
7.445522286205736862e+01,0.000000000000000000e+00,0.000000000000000000e+00
7.768788951488318162e+01,0.000000000000000000e+00,0.000000000000000000e+00
7.740788993654038563e+01,0.000000000000000000e+00,0.000000000000000000e+00
7.812946352176928144e+01,0.000000000000000000e+00,0.000000000000000000e+00
7.609230437907740452e+01,0.000000000000000000e+00,0.000000000000000000e+00
7.676273675308465272e+01,0.000000000000000000e+00,0.000000000000000000e+00
7.643081109178096710e+01,0.000000000000000000e+00,0.000000000000000000e+00
7.938045486407602880e+01,0.000000000000000000e+00,0.000000000000000000e+00
7.627354907250196447e+01,0.000000000000000000e+00,0.000000000000000000e+00
8.161536074517215411e+01,0.000000000000000000e+00,0.000000000000000000e+00
8.017707999402860253e+01,0.000000000000000000e+00,0.000000000000000000e+00
7.432553467420501647e+01,0.000000000000000000e+00,0.000000000000000000e+00
7.986773588031125826e+01,0.000000000000000000e+00,0.000000000000000000e+00
7.967602332672095145e+01,0.000000000000000000e+00,0.000000000000000000e+00
7.974847637169759196e+01,0.000000000000000000e+00,0.000000000000000000e+00
7.919134803117073318e+01,0.000000000000000000e+00,0.000000000000000000e+00
7.782755054327273569e+01,0.000000000000000000e+00,0.000000000000000000e+00
7.983950921188689165e+01,0.000000000000000000e+00,0.000000000000000000e+00
7.941276760357442299e+01,0.000000000000000000e+00,0.000000000000000000e+00
7.821282295049381617e+01,0.000000000000000000e+00,0.000000000000000000e+00
8.249180618539037368e+01,0.000000000000000000e+00,0.000000000000000000e+00
7.799718315137641866e+01,0.000000000000000000e+00,0.000000000000000000e+00
7.883566262065573937e+01,0.000000000000000000e+00,0.000000000000000000e+00
7.967382962875063868e+01,0.000000000000000000e+00,0.000000000000000000e+00
7.802355667158985852e+01,0.000000000000000000e+00,0.000000000000000000e+00
8.078883513682090722e+01,0.000000000000000000e+00,0.000000000000000000e+00
7.856284221432811421e+01,0.000000000000000000e+00,0.000000000000000000e+00
7.943342859780756271e+01,0.000000000000000000e+00,0.000000000000000000e+00
8.399649571273214121e+01,0.000000000000000000e+00,0.000000000000000000e+00
7.980748653067199427e+01,0.000000000000000000e+00,0.000000000000000000e+00
7.704138974216540703e+01,0.000000000000000000e+00,0.000000000000000000e+00
7.929859984404612305e+01,0.000000000000000000e+00,0.000000000000000000e+00
7.925854330625837463e+01,0.000000000000000000e+00,0.000000000000000000e+00
8.047628635585721213e+01,0.000000000000000000e+00,0.000000000000000000e+00
8.153349862014948712e+01,0.000000000000000000e+00,0.000000000000000000e+00
8.312941900299827580e+01,0.000000000000000000e+00,0.000000000000000000e+00
8.276244678981974801e+01,0.000000000000000000e+00,0.000000000000000000e+00
7.970192844239313956e+01,0.000000000000000000e+00,0.000000000000000000e+00
8.268111625159474443e+01,0.000000000000000000e+00,0.000000000000000000e+00
8.020317792877169438e+01,0.000000000000000000e+00,0.000000000000000000e+00
7.781467180781966420e+01,0.000000000000000000e+00,0.000000000000000000e+00
7.930646806237285773e+01,0.000000000000000000e+00,0.000000000000000000e+00
8.168706915666922441e+01,0.000000000000000000e+00,0.000000000000000000e+00
7.925074979427895983e+01,0.000000000000000000e+00,0.000000000000000000e+00
7.982976832339302575e+01,0.000000000000000000e+00,0.000000000000000000e+00
7.820473429746084548e+01,0.000000000000000000e+00,0.000000000000000000e+00
8.135220213059697869e+01,0.000000000000000000e+00,0.000000000000000000e+00
8.179893898151514975e+01,0.000000000000000000e+00,0.000000000000000000e+00
7.582126830336086698e+01,0.000000000000000000e+00,0.000000000000000000e+00
7.933474769786143099e+01,0.000000000000000000e+00,0.000000000000000000e+00
8.087568097746482465e+01,0.000000000000000000e+00,0.000000000000000000e+00
8.135345929868839221e+01,0.000000000000000000e+00,0.000000000000000000e+00
7.868087701375876009e+01,0.000000000000000000e+00,0.000000000000000000e+00
8.079653799178335305e+01,0.000000000000000000e+00,0.000000000000000000e+00
8.148452552011931971e+01,0.000000000000000000e+00,0.000000000000000000e+00
8.459533846800019319e+01,0.000000000000000000e+00,0.000000000000000000e+00
7.994351243495428605e+01,0.000000000000000000e+00,0.000000000000000000e+00
7.836383961796600772e+01,0.000000000000000000e+00,0.000000000000000000e+00
7.915633191646473676e+01,0.000000000000000000e+00,0.000000000000000000e+00
7.783027869720713454e+01,0.000000000000000000e+00,0.000000000000000000e+00
7.989219494370696850e+01,0.000000000000000000e+00,0.000000000000000000e+00
7.911490976122573215e+01,0.000000000000000000e+00,0.000000000000000000e+00
8.147601801095652263e+01,0.000000000000000000e+00,0.000000000000000000e+00
8.152595553918919791e+01,0.000000000000000000e+00,0.000000000000000000e+00
8.470501379036231526e+01,0.000000000000000000e+00,0.000000000000000000e+00
8.154412305781521297e+01,0.000000000000000000e+00,0.000000000000000000e+00
7.888714228337761369e+01,0.000000000000000000e+00,0.000000000000000000e+00
8.178178067365635684e+01,0.000000000000000000e+00,0.000000000000000000e+00
8.009881069581392410e+01,0.000000000000000000e+00,0.000000000000000000e+00
7.952757201180490654e+01,0.000000000000000000e+00,0.000000000000000000e+00
7.862167014228083417e+01,0.000000000000000000e+00,0.000000000000000000e+00
8.041487658433902652e+01,0.000000000000000000e+00,0.000000000000000000e+00
8.040026743690060584e+01,0.000000000000000000e+00,0.000000000000000000e+00
8.424446918846626886e+01,0.000000000000000000e+00,0.000000000000000000e+00
8.013264375345499957e+01,0.000000000000000000e+00,0.000000000000000000e+00
7.938732102183844574e+01,0.000000000000000000e+00,0.000000000000000000e+00
7.748232356373834762e+01,0.000000000000000000e+00,0.000000000000000000e+00
8.146184374884015256e+01,0.000000000000000000e+00,0.000000000000000000e+00
8.213609771978860863e+01,0.000000000000000000e+00,0.000000000000000000e+00
7.842868616381522884e+01,0.000000000000000000e+00,0.000000000000000000e+00
7.802782324487905896e+01,0.000000000000000000e+00,0.000000000000000000e+00
7.646401781562076394e+01,0.000000000000000000e+00,0.000000000000000000e+00
8.116658496622952157e+01,0.000000000000000000e+00,0.000000000000000000e+00
7.981363990994030644e+01,0.000000000000000000e+00,0.000000000000000000e+00
8.399520492146446315e+01,0.000000000000000000e+00,0.000000000000000000e+00
7.979615876209123826e+01,0.000000000000000000e+00,0.000000000000000000e+00
8.084689343827881203e+01,0.000000000000000000e+00,0.000000000000000000e+00
8.019917124043617207e+01,0.000000000000000000e+00,0.000000000000000000e+00
8.122959984866892569e+01,0.000000000000000000e+00,0.000000000000000000e+00
8.066154510612958006e+01,0.000000000000000000e+00,0.000000000000000000e+00
8.131629739968141735e+01,0.000000000000000000e+00,0.000000000000000000e+00
7.925073334552595838e+01,0.000000000000000000e+00,0.000000000000000000e+00
8.007694259950275750e+01,0.000000000000000000e+00,0.000000000000000000e+00
2.949743993958249533e+01,0.000000000000000000e+00,0.000000000000000000e+00
3.100621672059148892e+01,0.000000000000000000e+00,0.000000000000000000e+00
3.138002600393735975e+01,0.000000000000000000e+00,0.000000000000000000e+00
3.222961360441043865e+01,0.000000000000000000e+00,0.000000000000000000e+00
3.065230050677987350e+01,0.000000000000000000e+00,0.000000000000000000e+00
3.106482158317668762e+01,0.000000000000000000e+00,0.000000000000000000e+00
3.276528709035984122e+01,0.000000000000000000e+00,0.000000000000000000e+00
3.271153536856911614e+01,0.000000000000000000e+00,0.000000000000000000e+00
3.103899606616749196e+01,0.000000000000000000e+00,0.000000000000000000e+00
2.866239363204572399e+01,0.000000000000000000e+00,0.000000000000000000e+00
2.753484503248236592e+01,0.000000000000000000e+00,0.000000000000000000e+00
3.305162628499091682e+01,0.000000000000000000e+00,0.000000000000000000e+00
2.160010506120235263e+01,0.000000000000000000e+00,0.000000000000000000e+00
2.249757358769621263e+01,0.000000000000000000e+00,0.000000000000000000e+00
2.007897731299164334e+01,0.000000000000000000e+00,0.000000000000000000e+00
2.305670057714371879e+01,0.000000000000000000e+00,0.000000000000000000e+00
2.305499697412378879e+01,0.000000000000000000e+00,0.000000000000000000e+00
2.214852102328071837e+01,0.000000000000000000e+00,0.000000000000000000e+00
1.989861030645234408e+01,0.000000000000000000e+00,0.000000000000000000e+00
2.309943281952421401e+01,0.000000000000000000e+00,0.000000000000000000e+00
2.247591534880443476e+01,0.000000000000000000e+00,0.000000000000000000e+00
2.271727199193846403e+01,0.000000000000000000e+00,0.000000000000000000e+00
2.287334615616167000e+01,0.000000000000000000e+00,0.000000000000000000e+00
2.197985548593857175e+01,0.000000000000000000e+00,0.000000000000000000e+00
1.801536781652517405e+01,0.000000000000000000e+00,0.000000000000000000e+00
2.273430599335581448e+01,0.000000000000000000e+00,0.000000000000000000e+00
1.925180253881072545e+01,0.000000000000000000e+00,0.000000000000000000e+00
2.115286324882733027e+01,0.000000000000000000e+00,0.000000000000000000e+00
2.167367588932146916e+01,0.000000000000000000e+00,0.000000000000000000e+00
2.280631578220510747e+01,0.000000000000000000e+00,0.000000000000000000e+00
2.025031784831886128e+01,0.000000000000000000e+00,0.000000000000000000e+00
2.298837709750611680e+01,0.000000000000000000e+00,0.000000000000000000e+00
2.318983633999700800e+01,0.000000000000000000e+00,0.000000000000000000e+00
2.224901299319477488e+01,0.000000000000000000e+00,0.000000000000000000e+00
2.181039987291547888e+01,0.000000000000000000e+00,0.000000000000000000e+00
2.109240921703617744e+01,0.000000000000000000e+00,0.000000000000000000e+00
1.824303402414952657e+01,0.000000000000000000e+00,0.000000000000000000e+00
2.349605221850367087e+01,0.000000000000000000e+00,0.000000000000000000e+00
2.172792700216743711e+01,0.000000000000000000e+00,0.000000000000000000e+00
1.708858315986812570e+01,0.000000000000000000e+00,0.000000000000000000e+00
2.405168392059881910e+01,0.000000000000000000e+00,0.000000000000000000e+00
1.847790321607642738e+01,0.000000000000000000e+00,0.000000000000000000e+00
1.712754531098963540e+01,0.000000000000000000e+00,0.000000000000000000e+00
1.703664847645168479e+01,0.000000000000000000e+00,0.000000000000000000e+00
1.948937492790041404e+01,0.000000000000000000e+00,0.000000000000000000e+00
1.697195995906693611e+01,0.000000000000000000e+00,0.000000000000000000e+00
2.081101018229715649e+01,0.000000000000000000e+00,0.000000000000000000e+00
2.234470744016670452e+01,0.000000000000000000e+00,0.000000000000000000e+00
1.933826874222004122e+01,0.000000000000000000e+00,0.000000000000000000e+00
2.270940429808843675e+01,0.000000000000000000e+00,0.000000000000000000e+00
2.059416813162252780e+01,0.000000000000000000e+00,0.000000000000000000e+00
2.034834788789552107e+01,0.000000000000000000e+00,0.000000000000000000e+00
1.804403110616892292e+01,0.000000000000000000e+00,0.000000000000000000e+00
2.048268225250163610e+01,0.000000000000000000e+00,0.000000000000000000e+00
2.032696759466251990e+01,0.000000000000000000e+00,0.000000000000000000e+00
1.888399652499360215e+01,0.000000000000000000e+00,0.000000000000000000e+00
1.835476023020631686e+01,0.000000000000000000e+00,0.000000000000000000e+00
2.139587556251470346e+01,0.000000000000000000e+00,0.000000000000000000e+00
1.950918386505360758e+01,0.000000000000000000e+00,0.000000000000000000e+00
2.095441029147280076e+01,0.000000000000000000e+00,0.000000000000000000e+00
1.846987536748273939e+01,0.000000000000000000e+00,0.000000000000000000e+00
1.987580115839726247e+01,0.000000000000000000e+00,0.000000000000000000e+00
2.166526400250884876e+01,0.000000000000000000e+00,0.000000000000000000e+00
1.910127227067729905e+01,0.000000000000000000e+00,0.000000000000000000e+00
2.253319065410555311e+01,0.000000000000000000e+00,0.000000000000000000e+00
2.377196757975526964e+01,0.000000000000000000e+00,0.000000000000000000e+00
1.994814368733352339e+01,0.000000000000000000e+00,0.000000000000000000e+00
1.973836359469648016e+01,0.000000000000000000e+00,0.000000000000000000e+00
1.925318797071393817e+01,0.000000000000000000e+00,0.000000000000000000e+00
2.009281724961414639e+01,0.000000000000000000e+00,0.000000000000000000e+00
1.835585101534151420e+01,0.000000000000000000e+00,0.000000000000000000e+00
2.171701745540283568e+01,0.000000000000000000e+00,0.000000000000000000e+00
2.380230647293411650e+01,0.000000000000000000e+00,0.000000000000000000e+00
2.223439952990228718e+01,0.000000000000000000e+00,0.000000000000000000e+00
1.991057986941141777e+01,0.000000000000000000e+00,0.000000000000000000e+00
1.959196811066044219e+01,0.000000000000000000e+00,0.000000000000000000e+00
1.938997781193027592e+01,0.000000000000000000e+00,0.000000000000000000e+00
1.916524345479646030e+01,0.000000000000000000e+00,0.000000000000000000e+00
2.351478194859817705e+01,0.000000000000000000e+00,0.000000000000000000e+00
1.804096794476669174e+01,0.000000000000000000e+00,0.000000000000000000e+00
1.871687637916608082e+01,0.000000000000000000e+00,0.000000000000000000e+00
2.124077248806503349e+01,0.000000000000000000e+00,0.000000000000000000e+00
2.058230662072918449e+01,0.000000000000000000e+00,0.000000000000000000e+00
1.813286549162903682e+01,0.000000000000000000e+00,0.000000000000000000e+00
2.766399763630030506e+01,0.000000000000000000e+00,0.000000000000000000e+00
1.774737858653325873e+01,0.000000000000000000e+00,0.000000000000000000e+00
2.216863430909779353e+01,0.000000000000000000e+00,0.000000000000000000e+00
1.884153868515712560e+01,0.000000000000000000e+00,0.000000000000000000e+00
1.879238086833372634e+01,0.000000000000000000e+00,0.000000000000000000e+00
1.866983926402874161e+01,0.000000000000000000e+00,0.000000000000000000e+00
1.916212786954266534e+01,0.000000000000000000e+00,0.000000000000000000e+00
1.581120740386687729e+01,0.000000000000000000e+00,0.000000000000000000e+00
1.872713573624868388e+01,0.000000000000000000e+00,0.000000000000000000e+00
2.005826196151789631e+01,0.000000000000000000e+00,0.000000000000000000e+00
2.056553416741462215e+01,0.000000000000000000e+00,0.000000000000000000e+00
2.048425415981476760e+01,0.000000000000000000e+00,0.000000000000000000e+00
1.812666299334770770e+01,0.000000000000000000e+00,0.000000000000000000e+00
2.060095981035424018e+01,0.000000000000000000e+00,0.000000000000000000e+00
1.804646460050886958e+01,0.000000000000000000e+00,0.000000000000000000e+00
1.753525124246612066e+01,0.000000000000000000e+00,0.000000000000000000e+00
2.181691375604052752e+01,0.000000000000000000e+00,0.000000000000000000e+00
2.059992593881476708e+01,0.000000000000000000e+00,0.000000000000000000e+00
2.233429036887938679e+01,0.000000000000000000e+00,0.000000000000000000e+00
1.918528922030207795e+01,0.000000000000000000e+00,0.000000000000000000e+00
1.883636762079422056e+01,0.000000000000000000e+00,0.000000000000000000e+00
1.941258930851348552e+01,0.000000000000000000e+00,0.000000000000000000e+00
1.803533655097395538e+01,0.000000000000000000e+00,0.000000000000000000e+00
2.181579016965131856e+01,0.000000000000000000e+00,0.000000000000000000e+00
2.048797489906228719e+01,0.000000000000000000e+00,0.000000000000000000e+00
2.092143646584655414e+01,0.000000000000000000e+00,0.000000000000000000e+00
2.001836407279893137e+01,0.000000000000000000e+00,0.000000000000000000e+00
2.123721919740643571e+01,0.000000000000000000e+00,0.000000000000000000e+00
2.035909812278814712e+01,0.000000000000000000e+00,0.000000000000000000e+00
2.084943331094028096e+01,0.000000000000000000e+00,0.000000000000000000e+00
2.247121411087308118e+01,0.000000000000000000e+00,0.000000000000000000e+00
2.334856005375983301e+01,0.000000000000000000e+00,0.000000000000000000e+00
1.882480557301151336e+01,0.000000000000000000e+00,0.000000000000000000e+00
1.919858437186333333e+01,0.000000000000000000e+00,0.000000000000000000e+00
2.193484810435361254e+01,0.000000000000000000e+00,0.000000000000000000e+00
1.951530333414937601e+01,0.000000000000000000e+00,0.000000000000000000e+00
1.946104898475429579e+01,0.000000000000000000e+00,0.000000000000000000e+00
1.612337075016489507e+01,0.000000000000000000e+00,0.000000000000000000e+00
1.722149343637265062e+01,0.000000000000000000e+00,0.000000000000000000e+00
2.257622489085537509e+01,0.000000000000000000e+00,0.000000000000000000e+00
2.049271134725275445e+01,0.000000000000000000e+00,0.000000000000000000e+00
1.714369893851817039e+01,0.000000000000000000e+00,0.000000000000000000e+00
1.740337325583397288e+01,0.000000000000000000e+00,0.000000000000000000e+00
1.906344153526979213e+01,0.000000000000000000e+00,0.000000000000000000e+00
1.964091306818191640e+01,0.000000000000000000e+00,0.000000000000000000e+00
2.371322155038012625e+01,0.000000000000000000e+00,0.000000000000000000e+00
2.135374906658222827e+01,0.000000000000000000e+00,0.000000000000000000e+00
2.091308906941326029e+01,0.000000000000000000e+00,0.000000000000000000e+00
1.809249388042480433e+01,0.000000000000000000e+00,0.000000000000000000e+00
1.956347111368287983e+01,0.000000000000000000e+00,0.000000000000000000e+00
2.146125840965625997e+01,0.000000000000000000e+00,0.000000000000000000e+00
1.944229826987006504e+01,0.000000000000000000e+00,0.000000000000000000e+00
1.997743335478761395e+01,0.000000000000000000e+00,0.000000000000000000e+00
1.829803161336924333e+01,0.000000000000000000e+00,0.000000000000000000e+00
2.065491118642723833e+01,0.000000000000000000e+00,0.000000000000000000e+00
1.924669740600461054e+01,0.000000000000000000e+00,0.000000000000000000e+00
1.885984997162800170e+01,0.000000000000000000e+00,0.000000000000000000e+00
1.743762445604335554e+01,0.000000000000000000e+00,0.000000000000000000e+00
1.806072524736699947e+01,0.000000000000000000e+00,0.000000000000000000e+00
1.818090185329021935e+01,0.000000000000000000e+00,0.000000000000000000e+00
2.046251911969643444e+01,0.000000000000000000e+00,0.000000000000000000e+00
1.775601907361802745e+01,0.000000000000000000e+00,0.000000000000000000e+00
1.803677247343440371e+01,0.000000000000000000e+00,0.000000000000000000e+00
2.267236617085547934e+01,0.000000000000000000e+00,0.000000000000000000e+00
2.020387012200342980e+01,0.000000000000000000e+00,0.000000000000000000e+00
1.997815451687904442e+01,0.000000000000000000e+00,0.000000000000000000e+00
1.921444734254378872e+01,0.000000000000000000e+00,0.000000000000000000e+00
2.026507639326298005e+01,0.000000000000000000e+00,0.000000000000000000e+00
1.845237802061070553e+01,0.000000000000000000e+00,0.000000000000000000e+00
1.803489686922926793e+01,0.000000000000000000e+00,0.000000000000000000e+00
2.132597450351530100e+01,0.000000000000000000e+00,0.000000000000000000e+00
2.125291585398938210e+01,0.000000000000000000e+00,0.000000000000000000e+00
1.765614277997357462e+01,0.000000000000000000e+00,0.000000000000000000e+00
2.203342925925591800e+01,0.000000000000000000e+00,0.000000000000000000e+00
2.096806042828447403e+01,0.000000000000000000e+00,0.000000000000000000e+00
1.995926096867077248e+01,0.000000000000000000e+00,0.000000000000000000e+00
2.384002008495199476e+01,0.000000000000000000e+00,0.000000000000000000e+00
2.048073574651852979e+01,0.000000000000000000e+00,0.000000000000000000e+00
2.165065948726095613e+01,0.000000000000000000e+00,0.000000000000000000e+00
1.833369597600946221e+01,0.000000000000000000e+00,0.000000000000000000e+00
1.710329558039472886e+01,0.000000000000000000e+00,0.000000000000000000e+00
2.108885040301761293e+01,0.000000000000000000e+00,0.000000000000000000e+00
1.950289749448867838e+01,0.000000000000000000e+00,0.000000000000000000e+00
2.062148355402031896e+01,0.000000000000000000e+00,0.000000000000000000e+00
2.240321846655873372e+01,0.000000000000000000e+00,0.000000000000000000e+00
1.884649216310362974e+01,0.000000000000000000e+00,0.000000000000000000e+00
1.648335219680696184e+01,0.000000000000000000e+00,0.000000000000000000e+00
2.271516119289853464e+01,0.000000000000000000e+00,0.000000000000000000e+00
1.592108462267034241e+01,0.000000000000000000e+00,0.000000000000000000e+00
1.800937720038265866e+01,0.000000000000000000e+00,0.000000000000000000e+00
2.221523910425419501e+01,0.000000000000000000e+00,0.000000000000000000e+00
2.087985700251480026e+01,0.000000000000000000e+00,0.000000000000000000e+00
1.832889760810934376e+01,0.000000000000000000e+00,0.000000000000000000e+00
2.125985583168369075e+01,0.000000000000000000e+00,0.000000000000000000e+00
1.995835048056952488e+01,0.000000000000000000e+00,0.000000000000000000e+00
1.822921979527523106e+01,0.000000000000000000e+00,0.000000000000000000e+00
6.424796600712902261e+01,0.000000000000000000e+00,0.000000000000000000e+00
6.952660296763943393e+01,0.000000000000000000e+00,0.000000000000000000e+00
6.419544317950858670e+01,0.000000000000000000e+00,0.000000000000000000e+00
6.962537950732661329e+01,0.000000000000000000e+00,0.000000000000000000e+00
6.877757659913838495e+01,0.000000000000000000e+00,0.000000000000000000e+00
6.576436087570456834e+01,0.000000000000000000e+00,0.000000000000000000e+00
6.725841818414839679e+01,0.000000000000000000e+00,0.000000000000000000e+00
7.079941128663908501e+01,0.000000000000000000e+00,0.000000000000000000e+00
6.967830796319734077e+01,0.000000000000000000e+00,0.000000000000000000e+00
6.555838587424382524e+01,0.000000000000000000e+00,0.000000000000000000e+00
6.730207659006680387e+01,0.000000000000000000e+00,0.000000000000000000e+00
6.857943815021627643e+01,0.000000000000000000e+00,0.000000000000000000e+00
7.545043649808515340e+01,0.000000000000000000e+00,0.000000000000000000e+00
7.783412115877787585e+01,0.000000000000000000e+00,0.000000000000000000e+00
7.816123672497013786e+01,0.000000000000000000e+00,0.000000000000000000e+00
7.908750623436353067e+01,0.000000000000000000e+00,0.000000000000000000e+00
7.967166610421475070e+01,0.000000000000000000e+00,0.000000000000000000e+00
7.470492691459941170e+01,0.000000000000000000e+00,0.000000000000000000e+00
7.670858283932935251e+01,0.000000000000000000e+00,0.000000000000000000e+00
7.442243910971822629e+01,0.000000000000000000e+00,0.000000000000000000e+00
7.800399076736661641e+01,0.000000000000000000e+00,0.000000000000000000e+00
7.620313474252071728e+01,0.000000000000000000e+00,0.000000000000000000e+00
7.718851144144690579e+01,0.000000000000000000e+00,0.000000000000000000e+00
7.567474416815974791e+01,0.000000000000000000e+00,0.000000000000000000e+00
7.817794796830993675e+01,0.000000000000000000e+00,0.000000000000000000e+00
7.885791736976490540e+01,0.000000000000000000e+00,0.000000000000000000e+00
8.114702555906819725e+01,0.000000000000000000e+00,0.000000000000000000e+00
7.802826131832273404e+01,0.000000000000000000e+00,0.000000000000000000e+00
7.907319140799552315e+01,0.000000000000000000e+00,0.000000000000000000e+00
7.677133062952674436e+01,0.000000000000000000e+00,0.000000000000000000e+00
8.103408459504808548e+01,0.000000000000000000e+00,0.000000000000000000e+00
8.177409599233828885e+01,0.000000000000000000e+00,0.000000000000000000e+00
7.935890429914198307e+01,0.000000000000000000e+00,0.000000000000000000e+00
7.916460104195903114e+01,0.000000000000000000e+00,0.000000000000000000e+00
7.998509642833668920e+01,0.000000000000000000e+00,0.000000000000000000e+00
7.946676805890156459e+01,0.000000000000000000e+00,0.000000000000000000e+00
8.335274885878220630e+01,0.000000000000000000e+00,0.000000000000000000e+00
8.389009089335455371e+01,0.000000000000000000e+00,0.000000000000000000e+00
7.957780203190276325e+01,0.000000000000000000e+00,0.000000000000000000e+00
8.417014452788568235e+01,0.000000000000000000e+00,0.000000000000000000e+00
8.100883083093681591e+01,0.000000000000000000e+00,0.000000000000000000e+00
8.027259574096053996e+01,0.000000000000000000e+00,0.000000000000000000e+00
8.079844882693232933e+01,0.000000000000000000e+00,0.000000000000000000e+00
7.979073697891803363e+01,0.000000000000000000e+00,0.000000000000000000e+00
7.923615560092137855e+01,0.000000000000000000e+00,0.000000000000000000e+00
8.017936304501493794e+01,0.000000000000000000e+00,0.000000000000000000e+00
7.689927771135413082e+01,0.000000000000000000e+00,0.000000000000000000e+00
8.020455468760320628e+01,0.000000000000000000e+00,0.000000000000000000e+00
8.131741457023933606e+01,0.000000000000000000e+00,0.000000000000000000e+00
8.042086350052652222e+01,0.000000000000000000e+00,0.000000000000000000e+00
7.791419767060364165e+01,0.000000000000000000e+00,0.000000000000000000e+00
7.547100581228362159e+01,0.000000000000000000e+00,0.000000000000000000e+00
7.871639502639014552e+01,0.000000000000000000e+00,0.000000000000000000e+00
8.211591636790869586e+01,0.000000000000000000e+00,0.000000000000000000e+00
7.874398954452711052e+01,0.000000000000000000e+00,0.000000000000000000e+00
7.872486129231239715e+01,0.000000000000000000e+00,0.000000000000000000e+00
8.304906071145443036e+01,0.000000000000000000e+00,0.000000000000000000e+00
8.222624235000665749e+01,0.000000000000000000e+00,0.000000000000000000e+00
8.014518373219958391e+01,0.000000000000000000e+00,0.000000000000000000e+00
8.024358902670697091e+01,0.000000000000000000e+00,0.000000000000000000e+00
7.837238093598362809e+01,0.000000000000000000e+00,0.000000000000000000e+00
7.884396616756025367e+01,0.000000000000000000e+00,0.000000000000000000e+00
7.966441614397247406e+01,0.000000000000000000e+00,0.000000000000000000e+00
7.918143474843348883e+01,0.000000000000000000e+00,0.000000000000000000e+00
8.095416760900626230e+01,0.000000000000000000e+00,0.000000000000000000e+00
7.798800424595422953e+01,0.000000000000000000e+00,0.000000000000000000e+00
7.839581227892891491e+01,0.000000000000000000e+00,0.000000000000000000e+00
7.733497556820049113e+01,0.000000000000000000e+00,0.000000000000000000e+00
7.712637781032069029e+01,0.000000000000000000e+00,0.000000000000000000e+00
7.991912065967467527e+01,0.000000000000000000e+00,0.000000000000000000e+00
7.987699501879559705e+01,0.000000000000000000e+00,0.000000000000000000e+00
8.210918214536373227e+01,0.000000000000000000e+00,0.000000000000000000e+00
8.108004067702212581e+01,0.000000000000000000e+00,0.000000000000000000e+00
7.772047202662565724e+01,0.000000000000000000e+00,0.000000000000000000e+00
7.960929159837482416e+01,0.000000000000000000e+00,0.000000000000000000e+00
7.785143770514604000e+01,0.000000000000000000e+00,0.000000000000000000e+00
8.134341348449923714e+01,0.000000000000000000e+00,0.000000000000000000e+00
7.742617198291635816e+01,0.000000000000000000e+00,0.000000000000000000e+00
7.980781103495297657e+01,0.000000000000000000e+00,0.000000000000000000e+00
7.966413272170122184e+01,0.000000000000000000e+00,0.000000000000000000e+00
7.881271954264178703e+01,0.000000000000000000e+00,0.000000000000000000e+00
7.722581956786892476e+01,0.000000000000000000e+00,0.000000000000000000e+00
7.962862529044792836e+01,0.000000000000000000e+00,0.000000000000000000e+00
7.701598677650866875e+01,0.000000000000000000e+00,0.000000000000000000e+00
8.218092017896412926e+01,0.000000000000000000e+00,0.000000000000000000e+00
8.185112765721433448e+01,0.000000000000000000e+00,0.000000000000000000e+00
8.195604693776714100e+01,0.000000000000000000e+00,0.000000000000000000e+00
7.940088541565640412e+01,0.000000000000000000e+00,0.000000000000000000e+00
8.303362405312876149e+01,0.000000000000000000e+00,0.000000000000000000e+00
8.207744629387821078e+01,0.000000000000000000e+00,0.000000000000000000e+00
8.037828977315048462e+01,0.000000000000000000e+00,0.000000000000000000e+00
8.406890775235338253e+01,0.000000000000000000e+00,0.000000000000000000e+00
8.157923314798017600e+01,0.000000000000000000e+00,0.000000000000000000e+00
7.815556903186245563e+01,0.000000000000000000e+00,0.000000000000000000e+00
8.392395541477137044e+01,0.000000000000000000e+00,0.000000000000000000e+00
7.987164687965587007e+01,0.000000000000000000e+00,0.000000000000000000e+00
8.012758025973667486e+01,0.000000000000000000e+00,0.000000000000000000e+00
8.177818426470017243e+01,0.000000000000000000e+00,0.000000000000000000e+00
8.117560215306852456e+01,0.000000000000000000e+00,0.000000000000000000e+00
8.230927640654873301e+01,0.000000000000000000e+00,0.000000000000000000e+00
8.130829454502971032e+01,0.000000000000000000e+00,0.000000000000000000e+00
8.064305859063892967e+01,0.000000000000000000e+00,0.000000000000000000e+00
7.835699493284691641e+01,0.000000000000000000e+00,0.000000000000000000e+00
8.058513447052305878e+01,0.000000000000000000e+00,0.000000000000000000e+00
7.879092001296756109e+01,0.000000000000000000e+00,0.000000000000000000e+00
8.164225973412301585e+01,0.000000000000000000e+00,0.000000000000000000e+00
7.920113009513610791e+01,0.000000000000000000e+00,0.000000000000000000e+00
8.278804826224806845e+01,0.000000000000000000e+00,0.000000000000000000e+00
3.202246392993561130e+01,0.000000000000000000e+00,0.000000000000000000e+00
3.142784775963161437e+01,0.000000000000000000e+00,0.000000000000000000e+00
3.045649519944795003e+01,0.000000000000000000e+00,0.000000000000000000e+00
3.351274217316804283e+01,0.000000000000000000e+00,0.000000000000000000e+00
3.116998153595816490e+01,0.000000000000000000e+00,0.000000000000000000e+00
3.138257660024993712e+01,0.000000000000000000e+00,0.000000000000000000e+00
2.777230878720194340e+01,0.000000000000000000e+00,0.000000000000000000e+00
3.733461676430018628e+01,0.000000000000000000e+00,0.000000000000000000e+00
3.158798803659441745e+01,0.000000000000000000e+00,0.000000000000000000e+00
3.048690828578880030e+01,0.000000000000000000e+00,0.000000000000000000e+00
3.207050695319856715e+01,0.000000000000000000e+00,0.000000000000000000e+00
3.183858022860349735e+01,0.000000000000000000e+00,0.000000000000000000e+00
2.508812586503509934e+01,0.000000000000000000e+00,0.000000000000000000e+00
2.329287849363246465e+01,0.000000000000000000e+00,0.000000000000000000e+00
2.635040849723008094e+01,0.000000000000000000e+00,0.000000000000000000e+00
2.075701716656003271e+01,0.000000000000000000e+00,0.000000000000000000e+00
2.284201236292248893e+01,0.000000000000000000e+00,0.000000000000000000e+00
2.122621399876320325e+01,0.000000000000000000e+00,0.000000000000000000e+00
2.063221612735009103e+01,0.000000000000000000e+00,0.000000000000000000e+00
1.929027591854738333e+01,0.000000000000000000e+00,0.000000000000000000e+00
2.242195464759674195e+01,0.000000000000000000e+00,0.000000000000000000e+00
2.621330881371188681e+01,0.000000000000000000e+00,0.000000000000000000e+00
2.346809157565871118e+01,0.000000000000000000e+00,0.000000000000000000e+00
2.382964052587375647e+01,0.000000000000000000e+00,0.000000000000000000e+00
2.138115659196537521e+01,0.000000000000000000e+00,0.000000000000000000e+00
1.879343228884329164e+01,0.000000000000000000e+00,0.000000000000000000e+00
2.056588533970297661e+01,0.000000000000000000e+00,0.000000000000000000e+00
1.648958083944048880e+01,0.000000000000000000e+00,0.000000000000000000e+00
2.085842000390921669e+01,0.000000000000000000e+00,0.000000000000000000e+00
1.986660816884415581e+01,0.000000000000000000e+00,0.000000000000000000e+00
2.047626381134772799e+01,0.000000000000000000e+00,0.000000000000000000e+00
1.891531265987574173e+01,0.000000000000000000e+00,0.000000000000000000e+00
1.880718234366477759e+01,0.000000000000000000e+00,0.000000000000000000e+00
1.778120250687021198e+01,0.000000000000000000e+00,0.000000000000000000e+00
2.505345513996063289e+01,0.000000000000000000e+00,0.000000000000000000e+00
2.088059100212263886e+01,0.000000000000000000e+00,0.000000000000000000e+00
2.165301543630424774e+01,0.000000000000000000e+00,0.000000000000000000e+00
2.035078294581042613e+01,0.000000000000000000e+00,0.000000000000000000e+00
1.827600771131417190e+01,0.000000000000000000e+00,0.000000000000000000e+00
2.248510459266136152e+01,0.000000000000000000e+00,0.000000000000000000e+00
2.076159525863005584e+01,0.000000000000000000e+00,0.000000000000000000e+00
2.108359319608609184e+01,0.000000000000000000e+00,0.000000000000000000e+00
1.811931967590718173e+01,0.000000000000000000e+00,0.000000000000000000e+00
2.138123726035749428e+01,0.000000000000000000e+00,0.000000000000000000e+00
1.964098043863898724e+01,0.000000000000000000e+00,0.000000000000000000e+00
2.191688163221330043e+01,0.000000000000000000e+00,0.000000000000000000e+00
1.832301839069144123e+01,0.000000000000000000e+00,0.000000000000000000e+00
1.787950910798289073e+01,0.000000000000000000e+00,0.000000000000000000e+00
2.104112088847668360e+01,0.000000000000000000e+00,0.000000000000000000e+00
2.162616984196371916e+01,0.000000000000000000e+00,0.000000000000000000e+00
2.069747326896785822e+01,0.000000000000000000e+00,0.000000000000000000e+00
2.324828199873509504e+01,0.000000000000000000e+00,0.000000000000000000e+00
2.132815096905975594e+01,0.000000000000000000e+00,0.000000000000000000e+00
1.864591722696314235e+01,0.000000000000000000e+00,0.000000000000000000e+00
1.940625963170850454e+01,0.000000000000000000e+00,0.000000000000000000e+00
1.769210686655322817e+01,0.000000000000000000e+00,0.000000000000000000e+00
1.981598356254933435e+01,0.000000000000000000e+00,0.000000000000000000e+00
1.986101525656393818e+01,0.000000000000000000e+00,0.000000000000000000e+00
2.371903994655212600e+01,0.000000000000000000e+00,0.000000000000000000e+00
1.927575408667934909e+01,0.000000000000000000e+00,0.000000000000000000e+00
1.950012732005239968e+01,0.000000000000000000e+00,0.000000000000000000e+00
1.710390741738314446e+01,0.000000000000000000e+00,0.000000000000000000e+00
1.676077804635640689e+01,0.000000000000000000e+00,0.000000000000000000e+00
1.535934660360972082e+01,0.000000000000000000e+00,0.000000000000000000e+00
1.612278070648232031e+01,0.000000000000000000e+00,0.000000000000000000e+00
1.809972921653719524e+01,0.000000000000000000e+00,0.000000000000000000e+00
2.120728494734007086e+01,0.000000000000000000e+00,0.000000000000000000e+00
2.125559479556370590e+01,0.000000000000000000e+00,0.000000000000000000e+00
1.967751171649128139e+01,0.000000000000000000e+00,0.000000000000000000e+00
2.221185251630766544e+01,0.000000000000000000e+00,0.000000000000000000e+00
2.051832143000609676e+01,0.000000000000000000e+00,0.000000000000000000e+00
1.765293891892599376e+01,0.000000000000000000e+00,0.000000000000000000e+00
