value,error,error_size
2.423447122641854534e+01,0.000000000000000000e+00,0.000000000000000000e+00
1.873654696892314675e+01,0.000000000000000000e+00,0.000000000000000000e+00
1.820530622094627660e+01,0.000000000000000000e+00,0.000000000000000000e+00
1.836917140343898680e+01,0.000000000000000000e+00,0.000000000000000000e+00
1.752686197172072369e+01,0.000000000000000000e+00,0.000000000000000000e+00
1.886167726898811026e+01,0.000000000000000000e+00,0.000000000000000000e+00
2.317475287673039119e+01,0.000000000000000000e+00,0.000000000000000000e+00
2.152043250229040083e+01,0.000000000000000000e+00,0.000000000000000000e+00
2.275799302675849844e+01,0.000000000000000000e+00,0.000000000000000000e+00
1.753428372818556369e+01,0.000000000000000000e+00,0.000000000000000000e+00
2.119060335212036961e+01,0.000000000000000000e+00,0.000000000000000000e+00
2.076391800666338838e+01,0.000000000000000000e+00,0.000000000000000000e+00
2.350484198425714055e+01,0.000000000000000000e+00,0.000000000000000000e+00
1.912753762085718279e+01,0.000000000000000000e+00,0.000000000000000000e+00
2.101315291940679231e+01,0.000000000000000000e+00,0.000000000000000000e+00
1.749036282987927038e+01,0.000000000000000000e+00,0.000000000000000000e+00
2.005831913729232596e+01,0.000000000000000000e+00,0.000000000000000000e+00
2.224516871104665228e+01,0.000000000000000000e+00,0.000000000000000000e+00
1.989956510929805944e+01,0.000000000000000000e+00,0.000000000000000000e+00
2.220881995876315429e+01,0.000000000000000000e+00,0.000000000000000000e+00
2.022696257254236230e+01,0.000000000000000000e+00,0.000000000000000000e+00
1.959472959140613924e+01,0.000000000000000000e+00,0.000000000000000000e+00
2.152074622985282559e+01,0.000000000000000000e+00,0.000000000000000000e+00
1.857881693715670224e+01,0.000000000000000000e+00,0.000000000000000000e+00
2.110931199095035282e+01,0.000000000000000000e+00,0.000000000000000000e+00
1.920806503240957497e+01,0.000000000000000000e+00,0.000000000000000000e+00
1.946858691821326914e+01,0.000000000000000000e+00,0.000000000000000000e+00
2.016033472942933003e+01,0.000000000000000000e+00,0.000000000000000000e+00
2.146396222391061670e+01,0.000000000000000000e+00,0.000000000000000000e+00
1.829662267442195756e+01,0.000000000000000000e+00,0.000000000000000000e+00
2.012459370624195998e+01,0.000000000000000000e+00,0.000000000000000000e+00
2.222588607859632504e+01,0.000000000000000000e+00,0.000000000000000000e+00
1.725667611679641311e+01,0.000000000000000000e+00,0.000000000000000000e+00
1.982920945801026491e+01,0.000000000000000000e+00,0.000000000000000000e+00
2.154322482901102376e+01,0.000000000000000000e+00,0.000000000000000000e+00
2.278693463871852742e+01,0.000000000000000000e+00,0.000000000000000000e+00
2.016556915313034182e+01,0.000000000000000000e+00,0.000000000000000000e+00
2.116596576979338096e+01,0.000000000000000000e+00,0.000000000000000000e+00
2.151699102808314379e+01,0.000000000000000000e+00,0.000000000000000000e+00
1.935703867319158888e+01,0.000000000000000000e+00,0.000000000000000000e+00
2.074892146437835905e+01,0.000000000000000000e+00,0.000000000000000000e+00
2.113919691389278555e+01,0.000000000000000000e+00,0.000000000000000000e+00
2.029802780534742723e+01,0.000000000000000000e+00,0.000000000000000000e+00
1.646811251788305341e+01,0.000000000000000000e+00,0.000000000000000000e+00
1.639851616382661348e+01,0.000000000000000000e+00,0.000000000000000000e+00
1.817297602621260566e+01,0.000000000000000000e+00,0.000000000000000000e+00
1.715473564488887348e+01,0.000000000000000000e+00,0.000000000000000000e+00
2.030953003667747581e+01,0.000000000000000000e+00,0.000000000000000000e+00
1.825946088886328766e+01,0.000000000000000000e+00,0.000000000000000000e+00
2.119100722187441477e+01,0.000000000000000000e+00,0.000000000000000000e+00
1.948138392326403689e+01,0.000000000000000000e+00,0.000000000000000000e+00
2.441070560990853977e+01,0.000000000000000000e+00,0.000000000000000000e+00
2.292818021352139013e+01,0.000000000000000000e+00,0.000000000000000000e+00
2.026229200517553153e+01,0.000000000000000000e+00,0.000000000000000000e+00
2.065317662666005560e+01,0.000000000000000000e+00,0.000000000000000000e+00
2.137171239807696566e+01,0.000000000000000000e+00,0.000000000000000000e+00
1.953063961167334384e+01,0.000000000000000000e+00,0.000000000000000000e+00
1.927720128036223102e+01,0.000000000000000000e+00,0.000000000000000000e+00
1.730711041167118935e+01,0.000000000000000000e+00,0.000000000000000000e+00
2.011171554545535045e+01,0.000000000000000000e+00,0.000000000000000000e+00
1.762598213020800841e+01,0.000000000000000000e+00,0.000000000000000000e+00
1.890354310794896264e+01,0.000000000000000000e+00,0.000000000000000000e+00
1.954959601838096717e+01,0.000000000000000000e+00,0.000000000000000000e+00
1.568916914360313442e+01,0.000000000000000000e+00,0.000000000000000000e+00
2.191389294964060852e+01,0.000000000000000000e+00,0.000000000000000000e+00
2.023600369683078881e+01,0.000000000000000000e+00,0.000000000000000000e+00
1.835914211454446487e+01,0.000000000000000000e+00,0.000000000000000000e+00
2.004075382660875349e+01,0.000000000000000000e+00,0.000000000000000000e+00
2.073731394302887310e+01,0.000000000000000000e+00,0.000000000000000000e+00
1.902732172813097122e+01,0.000000000000000000e+00,0.000000000000000000e+00
1.963782828727839913e+01,0.000000000000000000e+00,0.000000000000000000e+00
1.831989006963501154e+01,0.000000000000000000e+00,0.000000000000000000e+00
1.894827165760401400e+01,0.000000000000000000e+00,0.000000000000000000e+00
1.790759725552435810e+01,0.000000000000000000e+00,0.000000000000000000e+00
2.294793836534594078e+01,0.000000000000000000e+00,0.000000000000000000e+00
1.897924431304345561e+01,0.000000000000000000e+00,0.000000000000000000e+00
1.958494627392603604e+01,0.000000000000000000e+00,0.000000000000000000e+00
1.963680820930330739e+01,0.000000000000000000e+00,0.000000000000000000e+00
1.896159615956591793e+01,0.000000000000000000e+00,0.000000000000000000e+00
1.773254939257421725e+01,0.000000000000000000e+00,0.000000000000000000e+00
2.090548016289189803e+01,0.000000000000000000e+00,0.000000000000000000e+00
2.196344234696246289e+01,0.000000000000000000e+00,0.000000000000000000e+00
1.765730272630610287e+01,0.000000000000000000e+00,0.000000000000000000e+00
1.776382802306650532e+01,0.000000000000000000e+00,0.000000000000000000e+00
1.725186659849077131e+01,0.000000000000000000e+00,0.000000000000000000e+00
2.130043333313128429e+01,0.000000000000000000e+00,0.000000000000000000e+00
2.156061974348797250e+01,0.000000000000000000e+00,0.000000000000000000e+00
1.810164716234820759e+01,0.000000000000000000e+00,0.000000000000000000e+00
2.206611290472431364e+01,0.000000000000000000e+00,0.000000000000000000e+00
1.748235539595024335e+01,0.000000000000000000e+00,0.000000000000000000e+00
1.876211800250177220e+01,0.000000000000000000e+00,0.000000000000000000e+00
1.907960164660391911e+01,0.000000000000000000e+00,0.000000000000000000e+00
1.911452449179677515e+01,0.000000000000000000e+00,0.000000000000000000e+00
1.853464882355181587e+01,0.000000000000000000e+00,0.000000000000000000e+00
1.980842550127155377e+01,0.000000000000000000e+00,0.000000000000000000e+00
2.302327383286192131e+01,0.000000000000000000e+00,0.000000000000000000e+00
2.196586546798929263e+01,0.000000000000000000e+00,0.000000000000000000e+00
1.773825187844846241e+01,0.000000000000000000e+00,0.000000000000000000e+00
2.104593071244639546e+01,0.000000000000000000e+00,0.000000000000000000e+00
1.894820846083072752e+01,0.000000000000000000e+00,0.000000000000000000e+00
1.916904130128749983e+01,0.000000000000000000e+00,0.000000000000000000e+00
2.008090660219885848e+01,0.000000000000000000e+00,0.000000000000000000e+00
1.907612431569616618e+01,0.000000000000000000e+00,0.000000000000000000e+00
2.066292413647133941e+01,0.000000000000000000e+00,0.000000000000000000e+00
1.752871323169411966e+01,0.000000000000000000e+00,0.000000000000000000e+00
1.945736382367966044e+01,0.000000000000000000e+00,0.000000000000000000e+00
2.216505643941495407e+01,0.000000000000000000e+00,0.000000000000000000e+00
2.121395300799037287e+01,0.000000000000000000e+00,0.000000000000000000e+00
6.449854515939699695e+01,0.000000000000000000e+00,0.000000000000000000e+00
6.595636970148949274e+01,0.000000000000000000e+00,0.000000000000000000e+00
6.880563645437172227e+01,0.000000000000000000e+00,0.000000000000000000e+00
6.789534520117688032e+01,0.000000000000000000e+00,0.000000000000000000e+00
6.660488756166579094e+01,0.000000000000000000e+00,0.000000000000000000e+00
6.985486157083016678e+01,0.000000000000000000e+00,0.000000000000000000e+00
6.961002376337576436e+01,0.000000000000000000e+00,0.000000000000000000e+00
6.812913715349465349e+01,0.000000000000000000e+00,0.000000000000000000e+00
6.683142369923396586e+01,0.000000000000000000e+00,0.000000000000000000e+00
6.548011781512255425e+01,0.000000000000000000e+00,0.000000000000000000e+00
6.602685820821916707e+01,0.000000000000000000e+00,0.000000000000000000e+00
6.804218433359015705e+01,0.000000000000000000e+00,0.000000000000000000e+00
7.706474199074459364e+01,0.000000000000000000e+00,0.000000000000000000e+00
8.010159284884434783e+01,0.000000000000000000e+00,0.000000000000000000e+00
7.636084672422789765e+01,0.000000000000000000e+00,0.000000000000000000e+00
7.804515644494513538e+01,0.000000000000000000e+00,0.000000000000000000e+00
7.701773118448569733e+01,0.000000000000000000e+00,0.000000000000000000e+00
7.615308664129227623e+01,0.000000000000000000e+00,0.000000000000000000e+00
7.698964496437241678e+01,0.000000000000000000e+00,0.000000000000000000e+00
7.792909779178805252e+01,0.000000000000000000e+00,0.000000000000000000e+00
7.551930883054853894e+01,0.000000000000000000e+00,0.000000000000000000e+00
7.682809389378446951e+01,0.000000000000000000e+00,0.000000000000000000e+00
7.954492167552456294e+01,0.000000000000000000e+00,0.000000000000000000e+00
7.725342038716102877e+01,0.000000000000000000e+00,0.000000000000000000e+00
8.324383497703209400e+01,0.000000000000000000e+00,0.000000000000000000e+00
7.625704657732077862e+01,0.000000000000000000e+00,0.000000000000000000e+00
8.007754341236380924e+01,0.000000000000000000e+00,0.000000000000000000e+00
8.405330424999850436e+01,0.000000000000000000e+00,0.000000000000000000e+00
8.040295416467790801e+01,0.000000000000000000e+00,0.000000000000000000e+00
8.218092108379958916e+01,0.000000000000000000e+00,0.000000000000000000e+00
7.694763305424496025e+01,0.000000000000000000e+00,0.000000000000000000e+00
7.753941881535088498e+01,0.000000000000000000e+00,0.000000000000000000e+00
7.411479068519678037e+01,0.000000000000000000e+00,0.000000000000000000e+00
7.943520919099159983e+01,0.000000000000000000e+00,0.000000000000000000e+00
7.939754974370761431e+01,0.000000000000000000e+00,0.000000000000000000e+00
7.740296817797160145e+01,0.000000000000000000e+00,0.000000000000000000e+00
8.219055633093603319e+01,0.000000000000000000e+00,0.000000000000000000e+00
8.139713229115318427e+01,0.000000000000000000e+00,0.000000000000000000e+00
7.700589999714703993e+01,0.000000000000000000e+00,0.000000000000000000e+00
7.975502017022348866e+01,0.000000000000000000e+00,0.000000000000000000e+00
8.421118803864777647e+01,0.000000000000000000e+00,0.000000000000000000e+00
7.773379825147182487e+01,0.000000000000000000e+00,0.000000000000000000e+00
8.119500069448325519e+01,0.000000000000000000e+00,0.000000000000000000e+00
8.096614694445227656e+01,0.000000000000000000e+00,0.000000000000000000e+00
8.021889681581836840e+01,0.000000000000000000e+00,0.000000000000000000e+00
8.037916900289258137e+01,0.000000000000000000e+00,0.000000000000000000e+00
8.192280607026444272e+01,0.000000000000000000e+00,0.000000000000000000e+00
7.971089371183082051e+01,0.000000000000000000e+00,0.000000000000000000e+00
7.812914046133543877e+01,0.000000000000000000e+00,0.000000000000000000e+00
7.901124854299773403e+01,0.000000000000000000e+00,0.000000000000000000e+00
7.996165211156431951e+01,0.000000000000000000e+00,0.000000000000000000e+00
8.287157150329528577e+01,0.000000000000000000e+00,0.000000000000000000e+00
8.085170519302063497e+01,0.000000000000000000e+00,0.000000000000000000e+00
7.798553626336965294e+01,0.000000000000000000e+00,0.000000000000000000e+00
7.854843543293854680e+01,0.000000000000000000e+00,0.000000000000000000e+00
7.931631395838309118e+01,0.000000000000000000e+00,0.000000000000000000e+00
7.995973328339461261e+01,0.000000000000000000e+00,0.000000000000000000e+00
7.704984705886968754e+01,0.000000000000000000e+00,0.000000000000000000e+00
8.219258308773669341e+01,0.000000000000000000e+00,0.000000000000000000e+00
7.936068046803276843e+01,0.000000000000000000e+00,0.000000000000000000e+00
8.284242999611149116e+01,0.000000000000000000e+00,0.000000000000000000e+00
8.096272068601463445e+01,0.000000000000000000e+00,0.000000000000000000e+00
8.041140762498986305e+01,0.000000000000000000e+00,0.000000000000000000e+00
8.066919794376248376e+01,0.000000000000000000e+00,0.000000000000000000e+00
8.018029422708951870e+01,0.000000000000000000e+00,0.000000000000000000e+00
7.952367770417606607e+01,0.000000000000000000e+00,0.000000000000000000e+00
7.886870813934433500e+01,0.000000000000000000e+00,0.000000000000000000e+00
8.099492299967059239e+01,0.000000000000000000e+00,0.000000000000000000e+00
8.058979673349057293e+01,0.000000000000000000e+00,0.000000000000000000e+00
7.798527431420500022e+01,0.000000000000000000e+00,0.000000000000000000e+00
7.841265050514037682e+01,0.000000000000000000e+00,0.000000000000000000e+00
8.169517775268747073e+01,0.000000000000000000e+00,0.000000000000000000e+00
7.973043951403421659e+01,0.000000000000000000e+00,0.000000000000000000e+00
8.400932822042013015e+01,0.000000000000000000e+00,0.000000000000000000e+00
7.640145379747177401e+01,0.000000000000000000e+00,0.000000000000000000e+00
8.045712752688157821e+01,0.000000000000000000e+00,0.000000000000000000e+00
8.175689065255392052e+01,0.000000000000000000e+00,0.000000000000000000e+00
7.840472357831147576e+01,0.000000000000000000e+00,0.000000000000000000e+00
7.877855103799855385e+01,0.000000000000000000e+00,0.000000000000000000e+00
7.874720021016513272e+01,0.000000000000000000e+00,0.000000000000000000e+00
7.574896372667876676e+01,0.000000000000000000e+00,0.000000000000000000e+00
7.866143243713794675e+01,0.000000000000000000e+00,0.000000000000000000e+00
7.790456641745093691e+01,0.000000000000000000e+00,0.000000000000000000e+00
8.099246370856560873e+01,0.000000000000000000e+00,0.000000000000000000e+00
8.012069725504092332e+01,0.000000000000000000e+00,0.000000000000000000e+00
8.220006859575272529e+01,0.000000000000000000e+00,0.000000000000000000e+00
7.857787821413573681e+01,0.000000000000000000e+00,0.000000000000000000e+00
7.998951635380599612e+01,0.000000000000000000e+00,0.000000000000000000e+00
8.022334511713141580e+01,0.000000000000000000e+00,0.000000000000000000e+00
8.248356696472484373e+01,0.000000000000000000e+00,0.000000000000000000e+00
8.219458125454772812e+01,0.000000000000000000e+00,0.000000000000000000e+00
8.156081808225505370e+01,0.000000000000000000e+00,0.000000000000000000e+00
8.075641229530776855e+01,0.000000000000000000e+00,0.000000000000000000e+00
8.092161653534796528e+01,0.000000000000000000e+00,0.000000000000000000e+00
7.885705012449896856e+01,0.000000000000000000e+00,0.000000000000000000e+00
7.857757548223554522e+01,0.000000000000000000e+00,0.000000000000000000e+00
8.048099424662812851e+01,0.000000000000000000e+00,0.000000000000000000e+00
8.050626350100186812e+01,0.000000000000000000e+00,0.000000000000000000e+00
8.084775683392632573e+01,0.000000000000000000e+00,0.000000000000000000e+00
8.019332154933134404e+01,0.000000000000000000e+00,0.000000000000000000e+00
8.083773742676569896e+01,0.000000000000000000e+00,0.000000000000000000e+00
7.801176019680191587e+01,0.000000000000000000e+00,0.000000000000000000e+00
7.769909461576521892e+01,0.000000000000000000e+00,0.000000000000000000e+00
7.907987808583587253e+01,0.000000000000000000e+00,0.000000000000000000e+00
7.838874236313741051e+01,0.000000000000000000e+00,0.000000000000000000e+00
7.745880045422902072e+01,0.000000000000000000e+00,0.000000000000000000e+00
7.883715077576681551e+01,0.000000000000000000e+00,0.000000000000000000e+00
8.145054451099173320e+01,0.000000000000000000e+00,0.000000000000000000e+00
3.181524595840032177e+01,0.000000000000000000e+00,0.000000000000000000e+00
3.204453733407253679e+01,0.000000000000000000e+00,0.000000000000000000e+00
3.228767683118798715e+01,0.000000000000000000e+00,0.000000000000000000e+00
2.791416511966751557e+01,0.000000000000000000e+00,0.000000000000000000e+00
2.984478304028439055e+01,0.000000000000000000e+00,0.000000000000000000e+00
3.313288815507289087e+01,0.000000000000000000e+00,0.000000000000000000e+00
3.431480555615615913e+01,0.000000000000000000e+00,0.000000000000000000e+00
3.483814947630437331e+01,0.000000000000000000e+00,0.000000000000000000e+00
3.247827146016614108e+01,0.000000000000000000e+00,0.000000000000000000e+00
3.385728746964127112e+01,0.000000000000000000e+00,0.000000000000000000e+00
3.204862218638290017e+01,0.000000000000000000e+00,0.000000000000000000e+00
3.361231190033028327e+01,0.000000000000000000e+00,0.000000000000000000e+00
2.583044585574264573e+01,0.000000000000000000e+00,0.000000000000000000e+00
2.710114623554772351e+01,0.000000000000000000e+00,0.000000000000000000e+00
2.380946827555711920e+01,0.000000000000000000e+00,0.000000000000000000e+00
2.170231962820243510e+01,0.000000000000000000e+00,0.000000000000000000e+00
2.090097346133848077e+01,0.000000000000000000e+00,0.000000000000000000e+00
2.217880185611051758e+01,0.000000000000000000e+00,0.000000000000000000e+00
2.492561992946457394e+01,0.000000000000000000e+00,0.000000000000000000e+00
2.066542435286546464e+01,0.000000000000000000e+00,0.000000000000000000e+00
2.012497000859587359e+01,0.000000000000000000e+00,0.000000000000000000e+00
2.328632908138227009e+01,0.000000000000000000e+00,0.000000000000000000e+00
2.154908886107453725e+01,0.000000000000000000e+00,0.000000000000000000e+00
1.968778628242376527e+01,0.000000000000000000e+00,0.000000000000000000e+00
2.026597563953272285e+01,0.000000000000000000e+00,0.000000000000000000e+00
2.027730361516394453e+01,0.000000000000000000e+00,0.000000000000000000e+00
1.896872570181611195e+01,0.000000000000000000e+00,0.000000000000000000e+00
1.904032976098410401e+01,0.000000000000000000e+00,0.000000000000000000e+00
2.121570433774726183e+01,0.000000000000000000e+00,0.000000000000000000e+00
2.020126463981111442e+01,0.000000000000000000e+00,0.000000000000000000e+00
2.429719335277472680e+01,0.000000000000000000e+00,0.000000000000000000e+00
2.148616847116134920e+01,0.000000000000000000e+00,0.000000000000000000e+00
1.736602807467206233e+01,0.000000000000000000e+00,0.000000000000000000e+00
1.771389455045088468e+01,0.000000000000000000e+00,0.000000000000000000e+00
2.434226740233611963e+01,0.000000000000000000e+00,0.000000000000000000e+00
1.965710924352289979e+01,0.000000000000000000e+00,0.000000000000000000e+00
2.149732931738815012e+01,0.000000000000000000e+00,0.000000000000000000e+00
2.600503693872988009e+01,0.000000000000000000e+00,0.000000000000000000e+00
1.991382989185114027e+01,0.000000000000000000e+00,0.000000000000000000e+00
1.562043519518817192e+01,0.000000000000000000e+00,0.000000000000000000e+00
2.032323082248725044e+01,0.000000000000000000e+00,0.000000000000000000e+00
2.314427188140145830e+01,0.000000000000000000e+00,0.000000000000000000e+00
2.098157891970224043e+01,0.000000000000000000e+00,0.000000000000000000e+00
1.480481663888077648e+01,0.000000000000000000e+00,0.000000000000000000e+00
1.949676673901668167e+01,0.000000000000000000e+00,0.000000000000000000e+00
1.761430427550630995e+01,0.000000000000000000e+00,0.000000000000000000e+00
2.031335193852559939e+01,0.000000000000000000e+00,0.000000000000000000e+00
2.022843758325058872e+01,0.000000000000000000e+00,0.000000000000000000e+00
1.771630628690042286e+01,0.000000000000000000e+00,0.000000000000000000e+00
1.632567209043997991e+01,0.000000000000000000e+00,0.000000000000000000e+00
1.809009563502590723e+01,0.000000000000000000e+00,0.000000000000000000e+00
1.657554742588428098e+01,0.000000000000000000e+00,0.000000000000000000e+00
2.061480537432461801e+01,0.000000000000000000e+00,0.000000000000000000e+00
2.061840235567242985e+01,0.000000000000000000e+00,0.000000000000000000e+00
2.184648568500875498e+01,0.000000000000000000e+00,0.000000000000000000e+00
2.145994119565844471e+01,0.000000000000000000e+00,0.000000000000000000e+00
2.117353730361358544e+01,0.000000000000000000e+00,0.000000000000000000e+00
1.887996720466391665e+01,0.000000000000000000e+00,0.000000000000000000e+00
1.916163009103148340e+01,0.000000000000000000e+00,0.000000000000000000e+00
1.710427206394045641e+01,0.000000000000000000e+00,0.000000000000000000e+00
1.860368355849622191e+01,0.000000000000000000e+00,0.000000000000000000e+00
1.724844919311683356e+01,0.000000000000000000e+00,0.000000000000000000e+00
2.098538177696443086e+01,0.000000000000000000e+00,0.000000000000000000e+00
1.997459702692578176e+01,0.000000000000000000e+00,0.000000000000000000e+00
2.079259702530401199e+01,0.000000000000000000e+00,0.000000000000000000e+00
1.920906710838910669e+01,0.000000000000000000e+00,0.000000000000000000e+00
1.929236951112975618e+01,0.000000000000000000e+00,0.000000000000000000e+00
2.349414769407010084e+01,0.000000000000000000e+00,0.000000000000000000e+00
2.129964892168666779e+01,0.000000000000000000e+00,0.000000000000000000e+00
2.044145015572038560e+01,0.000000000000000000e+00,0.000000000000000000e+00
1.909543320894984930e+01,0.000000000000000000e+00,0.000000000000000000e+00
1.958682398083805509e+01,0.000000000000000000e+00,0.000000000000000000e+00
2.007926437018023336e+01,0.000000000000000000e+00,0.000000000000000000e+00
1.789394336560629739e+01,0.000000000000000000e+00,0.000000000000000000e+00
2.211923415228900680e+01,0.000000000000000000e+00,0.000000000000000000e+00
2.233550607741485905e+01,0.000000000000000000e+00,0.000000000000000000e+00
2.220406773874007555e+01,0.000000000000000000e+00,0.000000000000000000e+00
2.018682409077005246e+01,0.000000000000000000e+00,0.000000000000000000e+00
2.039619283697794216e+01,0.000000000000000000e+00,0.000000000000000000e+00
2.164778084429412175e+01,0.000000000000000000e+00,0.000000000000000000e+00
2.174778353320166602e+01,0.000000000000000000e+00,0.000000000000000000e+00
2.230126030814450289e+01,0.000000000000000000e+00,0.000000000000000000e+00
1.876402934472636375e+01,0.000000000000000000e+00,0.000000000000000000e+00
1.951750081421890926e+01,0.000000000000000000e+00,0.000000000000000000e+00
1.906987533901609666e+01,0.000000000000000000e+00,0.000000000000000000e+00
1.898212692812413493e+01,0.000000000000000000e+00,0.000000000000000000e+00
2.040889107102298183e+01,0.000000000000000000e+00,0.000000000000000000e+00
1.810240229722719008e+01,0.000000000000000000e+00,0.000000000000000000e+00
2.150214909905136551e+01,0.000000000000000000e+00,0.000000000000000000e+00
2.011593181334421843e+01,0.000000000000000000e+00,0.000000000000000000e+00
1.895961286770347343e+01,0.000000000000000000e+00,0.000000000000000000e+00
1.788990266538733209e+01,0.000000000000000000e+00,0.000000000000000000e+00
1.873821671930894084e+01,0.000000000000000000e+00,0.000000000000000000e+00
1.791205605262707934e+01,0.000000000000000000e+00,0.000000000000000000e+00
2.198024438116301127e+01,0.000000000000000000e+00,0.000000000000000000e+00
2.067070720223393110e+01,0.000000000000000000e+00,0.000000000000000000e+00
1.956646195035123270e+01,0.000000000000000000e+00,0.000000000000000000e+00
1.894050896545173046e+01,0.000000000000000000e+00,0.000000000000000000e+00
2.252785947334330885e+01,0.000000000000000000e+00,0.000000000000000000e+00
1.557122040695711007e+01,0.000000000000000000e+00,0.000000000000000000e+00
1.503884817051557832e+01,0.000000000000000000e+00,0.000000000000000000e+00
1.994364094877238003e+01,0.000000000000000000e+00,0.000000000000000000e+00
2.342820210457053065e+01,0.000000000000000000e+00,0.000000000000000000e+00
2.210914046596135663e+01,0.000000000000000000e+00,0.000000000000000000e+00
1.995274996503293252e+01,0.000000000000000000e+00,0.000000000000000000e+00
2.192233344911313253e+01,0.000000000000000000e+00,0.000000000000000000e+00
2.228675018465820656e+01,0.000000000000000000e+00,0.000000000000000000e+00
1.888750390283743741e+01,0.000000000000000000e+00,0.000000000000000000e+00
1.988588915878503016e+01,0.000000000000000000e+00,0.000000000000000000e+00
1.889745755811899741e+01,0.000000000000000000e+00,0.000000000000000000e+00
1.752982608121427788e+01,0.000000000000000000e+00,0.000000000000000000e+00
2.024062231023769698e+01,0.000000000000000000e+00,0.000000000000000000e+00
2.037875422815609738e+01,0.000000000000000000e+00,0.000000000000000000e+00
2.168562318334506500e+01,0.000000000000000000e+00,0.000000000000000000e+00
2.307972971682511698e+01,0.000000000000000000e+00,0.000000000000000000e+00
2.095841145825324858e+01,0.000000000000000000e+00,0.000000000000000000e+00
2.413009799442743741e+01,0.000000000000000000e+00,0.000000000000000000e+00
2.058212537287640487e+01,0.000000000000000000e+00,0.000000000000000000e+00
2.018037704457977455e+01,0.000000000000000000e+00,0.000000000000000000e+00
1.955195194519449586e+01,0.000000000000000000e+00,0.000000000000000000e+00
2.049990434255714433e+01,0.000000000000000000e+00,0.000000000000000000e+00
2.143187305285055544e+01,0.000000000000000000e+00,0.000000000000000000e+00
1.746597732715012086e+01,0.000000000000000000e+00,0.000000000000000000e+00
2.197029362957801624e+01,0.000000000000000000e+00,0.000000000000000000e+00
1.766005996409817769e+01,0.000000000000000000e+00,0.000000000000000000e+00
1.898786196121416125e+01,0.000000000000000000e+00,0.000000000000000000e+00
2.139610249650818830e+01,0.000000000000000000e+00,0.000000000000000000e+00
1.811549443038929041e+01,0.000000000000000000e+00,0.000000000000000000e+00
2.218969048702115643e+01,0.000000000000000000e+00,0.000000000000000000e+00
2.046439579642066420e+01,0.000000000000000000e+00,0.000000000000000000e+00
1.884552654014315465e+01,0.000000000000000000e+00,0.000000000000000000e+00
1.537007962243134429e+01,0.000000000000000000e+00,0.000000000000000000e+00
2.185207900478315679e+01,0.000000000000000000e+00,0.000000000000000000e+00
2.281848329043565471e+01,0.000000000000000000e+00,0.000000000000000000e+00
2.027455187403388948e+01,0.000000000000000000e+00,0.000000000000000000e+00
2.065957348231580326e+01,0.000000000000000000e+00,0.000000000000000000e+00
2.610298469380179753e+01,0.000000000000000000e+00,0.000000000000000000e+00
1.698062710487562654e+01,0.000000000000000000e+00,0.000000000000000000e+00
2.314392126138125505e+01,0.000000000000000000e+00,0.000000000000000000e+00
1.991732829186782183e+01,0.000000000000000000e+00,0.000000000000000000e+00
1.942682089426405412e+01,0.000000000000000000e+00,0.000000000000000000e+00
1.801080411612056764e+01,0.000000000000000000e+00,0.000000000000000000e+00
2.392053675533732360e+01,0.000000000000000000e+00,0.000000000000000000e+00
2.277529701489078562e+01,0.000000000000000000e+00,0.000000000000000000e+00
2.211473762508708063e+01,0.000000000000000000e+00,0.000000000000000000e+00
2.128261559769459410e+01,0.000000000000000000e+00,0.000000000000000000e+00
2.141835369659012045e+01,0.000000000000000000e+00,0.000000000000000000e+00
2.103196185338990531e+01,0.000000000000000000e+00,0.000000000000000000e+00
1.705784196464717084e+01,0.000000000000000000e+00,0.000000000000000000e+00
1.961612173358247446e+01,0.000000000000000000e+00,0.000000000000000000e+00
2.025622337107912330e+01,0.000000000000000000e+00,0.000000000000000000e+00
1.974009979332076270e+01,0.000000000000000000e+00,0.000000000000000000e+00
2.516422787060036370e+01,0.000000000000000000e+00,0.000000000000000000e+00
2.185882609485269512e+01,0.000000000000000000e+00,0.000000000000000000e+00
2.125862520789714694e+01,0.000000000000000000e+00,0.000000000000000000e+00
1.954770971620188291e+01,0.000000000000000000e+00,0.000000000000000000e+00
1.859616058347597800e+01,0.000000000000000000e+00,0.000000000000000000e+00
1.953394011853281143e+01,0.000000000000000000e+00,0.000000000000000000e+00
2.210884440580132448e+01,0.000000000000000000e+00,0.000000000000000000e+00
1.730609592174337052e+01,0.000000000000000000e+00,0.000000000000000000e+00
1.670491008614905937e+01,0.000000000000000000e+00,0.000000000000000000e+00
1.989350201117847661e+01,0.000000000000000000e+00,0.000000000000000000e+00
1.867850407539187074e+01,0.000000000000000000e+00,0.000000000000000000e+00
2.015982241193851721e+01,0.000000000000000000e+00,0.000000000000000000e+00
1.659977990773496259e+01,0.000000000000000000e+00,0.000000000000000000e+00
2.170797283132807109e+01,0.000000000000000000e+00,0.000000000000000000e+00
1.809218447984696354e+01,0.000000000000000000e+00,0.000000000000000000e+00
2.081324683748245619e+01,0.000000000000000000e+00,0.000000000000000000e+00
2.066418248151482473e+01,0.000000000000000000e+00,0.000000000000000000e+00
1.931638163750134751e+01,0.000000000000000000e+00,0.000000000000000000e+00
1.989110126321743977e+01,0.000000000000000000e+00,0.000000000000000000e+00
1.926875074650396158e+01,0.000000000000000000e+00,0.000000000000000000e+00
2.252571886974049065e+01,0.000000000000000000e+00,0.000000000000000000e+00
2.070728777758675676e+01,0.000000000000000000e+00,0.000000000000000000e+00
2.097677371752907405e+01,0.000000000000000000e+00,0.000000000000000000e+00
2.133675975878952258e+01,0.000000000000000000e+00,0.000000000000000000e+00
1.692963506167191312e+01,0.000000000000000000e+00,0.000000000000000000e+00
1.668163478651205622e+01,0.000000000000000000e+00,0.000000000000000000e+00
1.647912506948973288e+01,0.000000000000000000e+00,0.000000000000000000e+00
2.403892277455822679e+01,0.000000000000000000e+00,0.000000000000000000e+00
6.536197035643901643e+01,0.000000000000000000e+00,0.000000000000000000e+00
7.079239722107953980e+01,0.000000000000000000e+00,0.000000000000000000e+00
6.937494980882118512e+01,0.000000000000000000e+00,0.000000000000000000e+00
6.742749246759285597e+01,0.000000000000000000e+00,0.000000000000000000e+00
6.876382427195420632e+01,0.000000000000000000e+00,0.000000000000000000e+00
6.717941521327028909e+01,0.000000000000000000e+00,0.000000000000000000e+00
6.680139009757469637e+01,0.000000000000000000e+00,0.000000000000000000e+00
6.893689750363620306e+01,0.000000000000000000e+00,0.000000000000000000e+00
6.684411837989459571e+01,0.000000000000000000e+00,0.000000000000000000e+00
6.598687479549617763e+01,0.000000000000000000e+00,0.000000000000000000e+00
6.688037519951893728e+01,0.000000000000000000e+00,0.000000000000000000e+00
6.882110894737189710e+01,0.000000000000000000e+00,0.000000000000000000e+00
7.492864288154886765e+01,0.000000000000000000e+00,0.000000000000000000e+00
7.528501522844327098e+01,0.000000000000000000e+00,0.000000000000000000e+00
7.488037848333297575e+01,0.000000000000000000e+00,0.000000000000000000e+00
7.541550162781048527e+01,0.000000000000000000e+00,0.000000000000000000e+00
7.690284087023843540e+01,0.000000000000000000e+00,0.000000000000000000e+00
7.861540161177441632e+01,0.000000000000000000e+00,0.000000000000000000e+00
7.672368214274271736e+01,0.000000000000000000e+00,0.000000000000000000e+00
7.735033259757794610e+01,0.000000000000000000e+00,0.000000000000000000e+00
7.948532626199343554e+01,0.000000000000000000e+00,0.000000000000000000e+00
7.918091636357708296e+01,0.000000000000000000e+00,0.000000000000000000e+00
8.014966872833713296e+01,0.000000000000000000e+00,0.000000000000000000e+00
7.866191421718778543e+01,0.000000000000000000e+00,0.000000000000000000e+00
7.960292705413931458e+01,0.000000000000000000e+00,0.000000000000000000e+00
7.447395051287209355e+01,0.000000000000000000e+00,0.000000000000000000e+00
7.858499419411235465e+01,0.000000000000000000e+00,0.000000000000000000e+00
7.976582278043242979e+01,0.000000000000000000e+00,0.000000000000000000e+00
7.912320061411635663e+01,0.000000000000000000e+00,0.000000000000000000e+00
7.930489751506991070e+01,0.000000000000000000e+00,0.000000000000000000e+00
7.885703273106925337e+01,0.000000000000000000e+00,0.000000000000000000e+00
8.280532862770121483e+01,0.000000000000000000e+00,0.000000000000000000e+00
7.606950921263424448e+01,0.000000000000000000e+00,0.000000000000000000e+00
7.816787658031979902e+01,0.000000000000000000e+00,0.000000000000000000e+00
7.633755208653732893e+01,0.000000000000000000e+00,0.000000000000000000e+00
7.617594844214686134e+01,0.000000000000000000e+00,0.000000000000000000e+00
7.848542975204880179e+01,0.000000000000000000e+00,0.000000000000000000e+00
7.604081113547667314e+01,0.000000000000000000e+00,0.000000000000000000e+00
7.819706209063733127e+01,0.000000000000000000e+00,0.000000000000000000e+00
8.312825559247787055e+01,0.000000000000000000e+00,0.000000000000000000e+00
8.109447747246611016e+01,0.000000000000000000e+00,0.000000000000000000e+00
8.082730453430025364e+01,0.000000000000000000e+00,0.000000000000000000e+00
8.077692460917202766e+01,0.000000000000000000e+00,0.000000000000000000e+00
8.105542382331611861e+01,0.000000000000000000e+00,0.000000000000000000e+00
8.065931081901001676e+01,0.000000000000000000e+00,0.000000000000000000e+00
8.007856511291241475e+01,0.000000000000000000e+00,0.000000000000000000e+00
8.243888579362634061e+01,0.000000000000000000e+00,0.000000000000000000e+00
7.874831477761870246e+01,0.000000000000000000e+00,0.000000000000000000e+00
7.938137163228780935e+01,0.000000000000000000e+00,0.000000000000000000e+00
7.939741934230860920e+01,0.000000000000000000e+00,0.000000000000000000e+00
7.832648010600235011e+01,0.000000000000000000e+00,0.000000000000000000e+00
7.958623722165724246e+01,0.000000000000000000e+00,0.000000000000000000e+00
8.086184816752722782e+01,0.000000000000000000e+00,0.000000000000000000e+00
8.226045333792212944e+01,0.000000000000000000e+00,0.000000000000000000e+00
8.326544603560247992e+01,0.000000000000000000e+00,0.000000000000000000e+00
8.297907658857008073e+01,0.000000000000000000e+00,0.000000000000000000e+00
8.059302940704432672e+01,0.000000000000000000e+00,0.000000000000000000e+00
8.013763424826564119e+01,0.000000000000000000e+00,0.000000000000000000e+00
7.846830331919532853e+01,0.000000000000000000e+00,0.000000000000000000e+00
8.142062251160115238e+01,0.000000000000000000e+00,0.000000000000000000e+00
8.506532578385402132e+01,0.000000000000000000e+00,0.000000000000000000e+00
7.826938071815892783e+01,0.000000000000000000e+00,0.000000000000000000e+00
7.993634710698074741e+01,0.000000000000000000e+00,0.000000000000000000e+00
7.864780629186712702e+01,0.000000000000000000e+00,0.000000000000000000e+00
7.679697296698820708e+01,0.000000000000000000e+00,0.000000000000000000e+00
8.028285377891074859e+01,0.000000000000000000e+00,0.000000000000000000e+00
8.018045922728907726e+01,0.000000000000000000e+00,0.000000000000000000e+00
7.860087765416008665e+01,0.000000000000000000e+00,0.000000000000000000e+00
8.153470140855444015e+01,0.000000000000000000e+00,0.000000000000000000e+00
8.238261496949050411e+01,0.000000000000000000e+00,0.000000000000000000e+00
7.983025243604249965e+01,0.000000000000000000e+00,0.000000000000000000e+00
8.077629027315306587e+01,0.000000000000000000e+00,0.000000000000000000e+00
8.277376242171749254e+01,0.000000000000000000e+00,0.000000000000000000e+00
8.064291653890903433e+01,0.000000000000000000e+00,0.000000000000000000e+00
8.050358437403377820e+01,0.000000000000000000e+00,0.000000000000000000e+00
8.098080607044823864e+01,0.000000000000000000e+00,0.000000000000000000e+00
8.039144265984540993e+01,0.000000000000000000e+00,0.000000000000000000e+00
8.025901386621497124e+01,0.000000000000000000e+00,0.000000000000000000e+00
7.854003088238373209e+01,0.000000000000000000e+00,0.000000000000000000e+00
7.814100180039656607e+01,0.000000000000000000e+00,0.000000000000000000e+00
8.172505389324378200e+01,0.000000000000000000e+00,0.000000000000000000e+00
7.914172868191941745e+01,0.000000000000000000e+00,0.000000000000000000e+00
7.906310258203225771e+01,0.000000000000000000e+00,0.000000000000000000e+00
8.155466892948466295e+01,0.000000000000000000e+00,0.000000000000000000e+00
7.686102779738054380e+01,0.000000000000000000e+00,0.000000000000000000e+00
7.902169974209353143e+01,0.000000000000000000e+00,0.000000000000000000e+00
7.953768711207122522e+01,0.000000000000000000e+00,0.000000000000000000e+00
7.782707749545186005e+01,0.000000000000000000e+00,0.000000000000000000e+00
8.428172053710889600e+01,0.000000000000000000e+00,0.000000000000000000e+00
7.572296994998930586e+01,0.000000000000000000e+00,0.000000000000000000e+00
8.038146195306705977e+01,0.000000000000000000e+00,0.000000000000000000e+00
8.275540432781467359e+01,0.000000000000000000e+00,0.000000000000000000e+00
8.124525512781873715e+01,0.000000000000000000e+00,0.000000000000000000e+00
8.253336397191016260e+01,0.000000000000000000e+00,0.000000000000000000e+00
7.886700451961146996e+01,0.000000000000000000e+00,0.000000000000000000e+00
8.226178091900020206e+01,0.000000000000000000e+00,0.000000000000000000e+00
7.843294586607184726e+01,0.000000000000000000e+00,0.000000000000000000e+00
7.685611956469738004e+01,0.000000000000000000e+00,0.000000000000000000e+00
8.010900434704539919e+01,0.000000000000000000e+00,0.000000000000000000e+00
8.198117456437188366e+01,0.000000000000000000e+00,0.000000000000000000e+00
7.711348596638003983e+01,0.000000000000000000e+00,0.000000000000000000e+00
8.240172707791359130e+01,0.000000000000000000e+00,0.000000000000000000e+00
7.859553485281459473e+01,0.000000000000000000e+00,0.000000000000000000e+00
8.151183436177551300e+01,0.000000000000000000e+00,0.000000000000000000e+00
8.261553487292772502e+01,0.000000000000000000e+00,0.000000000000000000e+00
8.274682250386410942e+01,0.000000000000000000e+00,0.000000000000000000e+00
7.873210600086990496e+01,0.000000000000000000e+00,0.000000000000000000e+00
8.092719756619385407e+01,0.000000000000000000e+00,0.000000000000000000e+00
3.240727710893828828e+01,0.000000000000000000e+00,0.000000000000000000e+00
2.801603979328590910e+01,0.000000000000000000e+00,0.000000000000000000e+00
3.261358507354612613e+01,0.000000000000000000e+00,0.000000000000000000e+00
2.905913636257314181e+01,0.000000000000000000e+00,0.000000000000000000e+00
3.204645417587434508e+01,0.000000000000000000e+00,0.000000000000000000e+00
3.327381342503984740e+01,0.000000000000000000e+00,0.000000000000000000e+00
3.373623036982949941e+01,0.000000000000000000e+00,0.000000000000000000e+00
3.278886996828254752e+01,0.000000000000000000e+00,0.000000000000000000e+00
3.076657915407519539e+01,0.000000000000000000e+00,0.000000000000000000e+00
2.943378098494291351e+01,0.000000000000000000e+00,0.000000000000000000e+00
3.093466447622839510e+01,0.000000000000000000e+00,0.000000000000000000e+00
3.312169340022420982e+01,0.000000000000000000e+00,0.000000000000000000e+00
2.395612416952879187e+01,0.000000000000000000e+00,0.000000000000000000e+00
2.703950487917870404e+01,0.000000000000000000e+00,0.000000000000000000e+00
2.479227083556377664e+01,0.000000000000000000e+00,0.000000000000000000e+00
2.646593893608569203e+01,0.000000000000000000e+00,0.000000000000000000e+00
2.462597742094948927e+01,0.000000000000000000e+00,0.000000000000000000e+00
2.103043556162472072e+01,0.000000000000000000e+00,0.000000000000000000e+00
2.097486879256865322e+01,0.000000000000000000e+00,0.000000000000000000e+00
2.122776811736006053e+01,0.000000000000000000e+00,0.000000000000000000e+00
2.159255920257177408e+01,0.000000000000000000e+00,0.000000000000000000e+00
2.138187409724227805e+01,0.000000000000000000e+00,0.000000000000000000e+00
2.249976443756666455e+01,0.000000000000000000e+00,0.000000000000000000e+00
2.488967542206467343e+01,0.000000000000000000e+00,0.000000000000000000e+00
2.219308516713640600e+01,0.000000000000000000e+00,0.000000000000000000e+00
1.922835383054730229e+01,0.000000000000000000e+00,0.000000000000000000e+00
2.260223330176398804e+01,0.000000000000000000e+00,0.000000000000000000e+00
2.756490952284671891e+01,0.000000000000000000e+00,0.000000000000000000e+00
2.153287767097954841e+01,0.000000000000000000e+00,0.000000000000000000e+00
2.285853837312014747e+01,0.000000000000000000e+00,0.000000000000000000e+00
2.079008787911615030e+01,0.000000000000000000e+00,0.000000000000000000e+00
2.234424836201705844e+01,0.000000000000000000e+00,0.000000000000000000e+00
2.195593673233200604e+01,0.000000000000000000e+00,0.000000000000000000e+00
2.230952556428882261e+01,0.000000000000000000e+00,0.000000000000000000e+00
1.767117906896884705e+01,0.000000000000000000e+00,0.000000000000000000e+00
2.010834697494081524e+01,0.000000000000000000e+00,0.000000000000000000e+00
1.981676389331589050e+01,0.000000000000000000e+00,0.000000000000000000e+00
2.096139472708862783e+01,0.000000000000000000e+00,0.000000000000000000e+00
1.768617854287245095e+01,0.000000000000000000e+00,0.000000000000000000e+00
2.079995930230949241e+01,0.000000000000000000e+00,0.000000000000000000e+00
1.914491020204018312e+01,0.000000000000000000e+00,0.000000000000000000e+00
2.131147685497874633e+01,0.000000000000000000e+00,0.000000000000000000e+00
2.142344505569476354e+01,0.000000000000000000e+00,0.000000000000000000e+00
2.260284315272316746e+01,0.000000000000000000e+00,0.000000000000000000e+00
2.323500338437018442e+01,0.000000000000000000e+00,0.000000000000000000e+00
2.278363135522265992e+01,0.000000000000000000e+00,0.000000000000000000e+00
2.013226272632088509e+01,0.000000000000000000e+00,0.000000000000000000e+00
2.132175743116986411e+01,0.000000000000000000e+00,0.000000000000000000e+00
2.344020479072115393e+01,0.000000000000000000e+00,0.000000000000000000e+00
1.900363545558759881e+01,0.000000000000000000e+00,0.000000000000000000e+00
2.027345312550291112e+01,0.000000000000000000e+00,0.000000000000000000e+00
2.088851154240589381e+01,0.000000000000000000e+00,0.000000000000000000e+00
1.786413315785814859e+01,0.000000000000000000e+00,0.000000000000000000e+00
2.102189600647913537e+01,0.000000000000000000e+00,0.000000000000000000e+00
2.146501903759476448e+01,0.000000000000000000e+00,0.000000000000000000e+00
2.057980549605805720e+01,0.000000000000000000e+00,0.000000000000000000e+00
2.177661267877683926e+01,0.000000000000000000e+00,0.000000000000000000e+00
2.319921957220683240e+01,0.000000000000000000e+00,0.000000000000000000e+00
2.049441308546189688e+01,0.000000000000000000e+00,0.000000000000000000e+00
1.935419081431404109e+01,0.000000000000000000e+00,0.000000000000000000e+00
1.862443777126290101e+01,0.000000000000000000e+00,0.000000000000000000e+00
1.832659228244145311e+01,0.000000000000000000e+00,0.000000000000000000e+00
2.222955867798348351e+01,0.000000000000000000e+00,0.000000000000000000e+00
2.117777043533616421e+01,0.000000000000000000e+00,0.000000000000000000e+00
1.971783702285584994e+01,0.000000000000000000e+00,0.000000000000000000e+00
1.988275157777103530e+01,0.000000000000000000e+00,0.000000000000000000e+00
1.924566050744779488e+01,0.000000000000000000e+00,0.000000000000000000e+00
2.224009133230801183e+01,0.000000000000000000e+00,0.000000000000000000e+00
2.157454638292412596e+01,0.000000000000000000e+00,0.000000000000000000e+00
1.896549248261741738e+01,0.000000000000000000e+00,0.000000000000000000e+00
1.910533385551635632e+01,0.000000000000000000e+00,0.000000000000000000e+00
1.890207475449514263e+01,0.000000000000000000e+00,0.000000000000000000e+00
2.079328917293873857e+01,0.000000000000000000e+00,0.000000000000000000e+00
1.841260565980280006e+01,0.000000000000000000e+00,0.000000000000000000e+00
2.366719510591872222e+01,0.000000000000000000e+00,0.000000000000000000e+00
1.947797505443470811e+01,0.000000000000000000e+00,0.000000000000000000e+00
2.084158627577710021e+01,0.000000000000000000e+00,0.000000000000000000e+00
1.992000470672303436e+01,0.000000000000000000e+00,0.000000000000000000e+00
2.450997401303382262e+01,0.000000000000000000e+00,0.000000000000000000e+00
1.897921499495178210e+01,0.000000000000000000e+00,0.000000000000000000e+00
2.087966410347497259e+01,0.000000000000000000e+00,0.000000000000000000e+00
1.651054788527067529e+01,0.000000000000000000e+00,0.000000000000000000e+00
2.100545322598500775e+01,0.000000000000000000e+00,0.000000000000000000e+00
2.210932559845228695e+01,0.000000000000000000e+00,0.000000000000000000e+00
2.300085751541821466e+01,0.000000000000000000e+00,0.000000000000000000e+00
1.817961461054886030e+01,0.000000000000000000e+00,0.000000000000000000e+00
1.998955226352173042e+01,0.000000000000000000e+00,0.000000000000000000e+00
2.093526773357939064e+01,0.000000000000000000e+00,0.000000000000000000e+00
2.064797957534558392e+01,0.000000000000000000e+00,0.000000000000000000e+00
2.422820196705038498e+01,0.000000000000000000e+00,0.000000000000000000e+00
1.789989262215130594e+01,0.000000000000000000e+00,0.000000000000000000e+00
2.022783312503469588e+01,0.000000000000000000e+00,0.000000000000000000e+00
1.933352188001353866e+01,0.000000000000000000e+00,0.000000000000000000e+00
1.623288085207233777e+01,0.000000000000000000e+00,0.000000000000000000e+00
1.939427249138340770e+01,0.000000000000000000e+00,0.000000000000000000e+00
2.033129748333873721e+01,0.000000000000000000e+00,0.000000000000000000e+00
1.935799759490459238e+01,0.000000000000000000e+00,0.000000000000000000e+00
2.108811065987023170e+01,0.000000000000000000e+00,0.000000000000000000e+00
2.068833167799626338e+01,0.000000000000000000e+00,0.000000000000000000e+00
1.905537037975347658e+01,0.000000000000000000e+00,0.000000000000000000e+00
2.329489884380521048e+01,0.000000000000000000e+00,0.000000000000000000e+00
2.336546678045942826e+01,0.000000000000000000e+00,0.000000000000000000e+00
1.748895984900491385e+01,0.000000000000000000e+00,0.000000000000000000e+00
2.366524489809386012e+01,0.000000000000000000e+00,0.000000000000000000e+00
2.009740520326233337e+01,0.000000000000000000e+00,0.000000000000000000e+00
1.943326593603332952e+01,0.000000000000000000e+00,0.000000000000000000e+00
1.781520749753104482e+01,0.000000000000000000e+00,0.000000000000000000e+00
1.856177713008951002e+01,0.000000000000000000e+00,0.000000000000000000e+00
1.867925444093000209e+01,0.000000000000000000e+00,0.000000000000000000e+00
1.886501928384821625e+01,0.000000000000000000e+00,0.000000000000000000e+00
1.861265865025383803e+01,0.000000000000000000e+00,0.000000000000000000e+00
2.011249513261305211e+01,0.000000000000000000e+00,0.000000000000000000e+00
2.168447177223037770e+01,0.000000000000000000e+00,0.000000000000000000e+00
2.131273155351009763e+01,0.000000000000000000e+00,0.000000000000000000e+00
1.949431023330024004e+01,0.000000000000000000e+00,0.000000000000000000e+00
1.935833744313192994e+01,0.000000000000000000e+00,0.000000000000000000e+00
2.262094452038273928e+01,0.000000000000000000e+00,0.000000000000000000e+00
2.093327446937842851e+01,0.000000000000000000e+00,0.000000000000000000e+00
2.071879040555176843e+01,0.000000000000000000e+00,0.000000000000000000e+00
1.942626458411381307e+01,0.000000000000000000e+00,0.000000000000000000e+00
1.797671181561040754e+01,0.000000000000000000e+00,0.000000000000000000e+00
1.861427342771879623e+01,0.000000000000000000e+00,0.000000000000000000e+00
2.307287429215575969e+01,0.000000000000000000e+00,0.000000000000000000e+00
1.713911472009072057e+01,0.000000000000000000e+00,0.000000000000000000e+00
1.926884062548624854e+01,0.000000000000000000e+00,0.000000000000000000e+00
2.089482968690089493e+01,0.000000000000000000e+00,0.000000000000000000e+00
2.273793418095942442e+01,0.000000000000000000e+00,0.000000000000000000e+00
2.239665503960701542e+01,0.000000000000000000e+00,0.000000000000000000e+00
1.663401984538453604e+01,0.000000000000000000e+00,0.000000000000000000e+00
1.469197899756710868e+01,0.000000000000000000e+00,0.000000000000000000e+00
1.908542259125771778e+01,0.000000000000000000e+00,0.000000000000000000e+00
1.937784545114917023e+01,0.000000000000000000e+00,0.000000000000000000e+00
1.860231136073126024e+01,0.000000000000000000e+00,0.000000000000000000e+00
2.211562832471365425e+01,0.000000000000000000e+00,0.000000000000000000e+00
2.057163933086836494e+01,0.000000000000000000e+00,0.000000000000000000e+00
1.797337442268130658e+01,0.000000000000000000e+00,0.000000000000000000e+00
1.780393720443702676e+01,0.000000000000000000e+00,0.000000000000000000e+00
2.229318788734842727e+01,0.000000000000000000e+00,0.000000000000000000e+00
2.400407332560329010e+01,0.000000000000000000e+00,0.000000000000000000e+00
1.439309974080571308e+01,0.000000000000000000e+00,0.000000000000000000e+00
2.064643248560192035e+01,0.000000000000000000e+00,0.000000000000000000e+00
2.078416662786040803e+01,0.000000000000000000e+00,0.000000000000000000e+00
1.912707657446725662e+01,0.000000000000000000e+00,0.000000000000000000e+00
2.171671635329551009e+01,0.000000000000000000e+00,0.000000000000000000e+00
2.644852301498225700e+01,0.000000000000000000e+00,0.000000000000000000e+00
2.067554589622485040e+01,0.000000000000000000e+00,0.000000000000000000e+00
1.931480941433163423e+01,0.000000000000000000e+00,0.000000000000000000e+00
2.139611973073430917e+01,0.000000000000000000e+00,0.000000000000000000e+00
1.960032731277463469e+01,0.000000000000000000e+00,0.000000000000000000e+00
1.691927427655939553e+01,0.000000000000000000e+00,0.000000000000000000e+00
2.181053437830856012e+01,0.000000000000000000e+00,0.000000000000000000e+00
2.281383524424355258e+01,0.000000000000000000e+00,0.000000000000000000e+00
1.660938221603693066e+01,0.000000000000000000e+00,0.000000000000000000e+00
2.152332017063358194e+01,0.000000000000000000e+00,0.000000000000000000e+00
1.720443396291780047e+01,0.000000000000000000e+00,0.000000000000000000e+00
1.905384617503508693e+01,0.000000000000000000e+00,0.000000000000000000e+00
2.256851988125436037e+01,0.000000000000000000e+00,0.000000000000000000e+00
1.938979524852786085e+01,0.000000000000000000e+00,0.000000000000000000e+00
1.951085263779764389e+01,0.000000000000000000e+00,0.000000000000000000e+00
2.027059329786132835e+01,0.000000000000000000e+00,0.000000000000000000e+00
2.050428241180680189e+01,0.000000000000000000e+00,0.000000000000000000e+00
2.136696166307109479e+01,0.000000000000000000e+00,0.000000000000000000e+00
2.137364074490592714e+01,0.000000000000000000e+00,0.000000000000000000e+00
2.030543302632644753e+01,0.000000000000000000e+00,0.000000000000000000e+00
1.887277093171257292e+01,0.000000000000000000e+00,0.000000000000000000e+00
1.763025987101605452e+01,0.000000000000000000e+00,0.000000000000000000e+00
1.879320515886157139e+01,0.000000000000000000e+00,0.000000000000000000e+00
1.799121689339093066e+01,0.000000000000000000e+00,0.000000000000000000e+00
1.867777665528847919e+01,0.000000000000000000e+00,0.000000000000000000e+00
2.263777960701469283e+01,0.000000000000000000e+00,0.000000000000000000e+00
1.808272132957207745e+01,0.000000000000000000e+00,0.000000000000000000e+00
2.175747461877066868e+01,0.000000000000000000e+00,0.000000000000000000e+00
1.772618866357970546e+01,0.000000000000000000e+00,0.000000000000000000e+00
2.040185689393756263e+01,0.000000000000000000e+00,0.000000000000000000e+00
2.156069578922325292e+01,0.000000000000000000e+00,0.000000000000000000e+00
2.079716435404592190e+01,0.000000000000000000e+00,0.000000000000000000e+00
2.091572549681142945e+01,0.000000000000000000e+00,0.000000000000000000e+00
1.967432346807886034e+01,0.000000000000000000e+00,0.000000000000000000e+00
2.104470149213265273e+01,0.000000000000000000e+00,0.000000000000000000e+00
2.344475683824151702e+01,0.000000000000000000e+00,0.000000000000000000e+00
6.790371607616359029e+01,0.000000000000000000e+00,0.000000000000000000e+00
6.590591885458873378e+01,0.000000000000000000e+00,0.000000000000000000e+00
6.807353892065515311e+01,0.000000000000000000e+00,0.000000000000000000e+00
6.489150146721993906e+01,0.000000000000000000e+00,0.000000000000000000e+00
6.842939309765480971e+01,0.000000000000000000e+00,0.000000000000000000e+00
6.851146041599527337e+01,0.000000000000000000e+00,0.000000000000000000e+00
6.912327921490815186e+01,0.000000000000000000e+00,0.000000000000000000e+00
7.025461935982667683e+01,0.000000000000000000e+00,0.000000000000000000e+00
6.796150445123632267e+01,0.000000000000000000e+00,0.000000000000000000e+00
6.800440129152794100e+01,0.000000000000000000e+00,0.000000000000000000e+00
6.759217267637524174e+01,0.000000000000000000e+00,0.000000000000000000e+00
6.682638043123867533e+01,0.000000000000000000e+00,0.000000000000000000e+00
7.938364284566523565e+01,0.000000000000000000e+00,0.000000000000000000e+00
7.832224200091901878e+01,0.000000000000000000e+00,0.000000000000000000e+00
7.166688118161667376e+01,0.000000000000000000e+00,0.000000000000000000e+00
7.890298081499604166e+01,0.000000000000000000e+00,0.000000000000000000e+00
7.891985292860275081e+01,0.000000000000000000e+00,0.000000000000000000e+00
7.828253164902760375e+01,0.000000000000000000e+00,0.000000000000000000e+00
7.932412488182470156e+01,0.000000000000000000e+00,0.000000000000000000e+00
8.190568382202836517e+01,0.000000000000000000e+00,0.000000000000000000e+00
7.600567441736858143e+01,0.000000000000000000e+00,0.000000000000000000e+00
7.765217289295574687e+01,0.000000000000000000e+00,0.000000000000000000e+00
7.862760166724676480e+01,0.000000000000000000e+00,0.000000000000000000e+00
7.762179093853514189e+01,0.000000000000000000e+00,0.000000000000000000e+00
7.830667912844903356e+01,0.000000000000000000e+00,0.000000000000000000e+00
7.572945788417828794e+01,0.000000000000000000e+00,0.000000000000000000e+00
7.953269153740434660e+01,0.000000000000000000e+00,0.000000000000000000e+00
8.145733658359226581e+01,0.000000000000000000e+00,0.000000000000000000e+00
7.979874565341225434e+01,0.000000000000000000e+00,0.000000000000000000e+00
7.885926697231103333e+01,0.000000000000000000e+00,0.000000000000000000e+00
8.010409459921025643e+01,0.000000000000000000e+00,0.000000000000000000e+00
7.736628880590991741e+01,0.000000000000000000e+00,0.000000000000000000e+00
7.709885406115586193e+01,0.000000000000000000e+00,0.000000000000000000e+00
7.580826047963290648e+01,0.000000000000000000e+00,0.000000000000000000e+00
7.785251794749405008e+01,0.000000000000000000e+00,0.000000000000000000e+00
7.938153578096599006e+01,0.000000000000000000e+00,0.000000000000000000e+00
7.915231449573522582e+01,0.000000000000000000e+00,0.000000000000000000e+00
7.559520076021122748e+01,0.000000000000000000e+00,0.000000000000000000e+00
7.663832247110742912e+01,0.000000000000000000e+00,0.000000000000000000e+00
8.015661711606736617e+01,0.000000000000000000e+00,0.000000000000000000e+00
7.855386680885044370e+01,0.000000000000000000e+00,0.000000000000000000e+00
8.219250813529740185e+01,0.000000000000000000e+00,0.000000000000000000e+00
7.868539862990186862e+01,0.000000000000000000e+00,0.000000000000000000e+00
7.753832975759323176e+01,0.000000000000000000e+00,0.000000000000000000e+00
7.832700896071601449e+01,0.000000000000000000e+00,0.000000000000000000e+00
8.224704211436770152e+01,0.000000000000000000e+00,0.000000000000000000e+00
8.111407077788787490e+01,0.000000000000000000e+00,0.000000000000000000e+00
7.976492829927555306e+01,0.000000000000000000e+00,0.000000000000000000e+00
8.003903283684383041e+01,0.000000000000000000e+00,0.000000000000000000e+00
7.849824079572496771e+01,0.000000000000000000e+00,0.000000000000000000e+00
8.097782587647365915e+01,0.000000000000000000e+00,0.000000000000000000e+00
7.793062611818349694e+01,0.000000000000000000e+00,0.000000000000000000e+00
7.991425388382268125e+01,0.000000000000000000e+00,0.000000000000000000e+00
8.005974557946086634e+01,0.000000000000000000e+00,0.000000000000000000e+00
7.921183109583813575e+01,0.000000000000000000e+00,0.000000000000000000e+00
7.975899370229093677e+01,0.000000000000000000e+00,0.000000000000000000e+00
8.063916937170772314e+01,0.000000000000000000e+00,0.000000000000000000e+00
7.937824529432117515e+01,0.000000000000000000e+00,0.000000000000000000e+00
8.360976422116416984e+01,0.000000000000000000e+00,0.000000000000000000e+00
7.705479843933589734e+01,0.000000000000000000e+00,0.000000000000000000e+00
8.053036658584086638e+01,0.000000000000000000e+00,0.000000000000000000e+00
8.214943381185562998e+01,0.000000000000000000e+00,0.000000000000000000e+00
8.038127063877468004e+01,0.000000000000000000e+00,0.000000000000000000e+00
8.121552723108652572e+01,0.000000000000000000e+00,0.000000000000000000e+00
7.931372723681938908e+01,0.000000000000000000e+00,0.000000000000000000e+00
7.955574679958925799e+01,0.000000000000000000e+00,0.000000000000000000e+00
8.034289972322676476e+01,0.000000000000000000e+00,0.000000000000000000e+00
8.068678225027093731e+01,0.000000000000000000e+00,0.000000000000000000e+00
8.012509650755168877e+01,0.000000000000000000e+00,0.000000000000000000e+00
8.008435464032356776e+01,0.000000000000000000e+00,0.000000000000000000e+00
7.836139220972339103e+01,0.000000000000000000e+00,0.000000000000000000e+00
7.414370307085202683e+01,0.000000000000000000e+00,0.000000000000000000e+00
7.936448761658660089e+01,0.000000000000000000e+00,0.000000000000000000e+00
7.915635847176918105e+01,0.000000000000000000e+00,0.000000000000000000e+00
7.771866863401504588e+01,0.000000000000000000e+00,0.000000000000000000e+00
7.584517310046163630e+01,0.000000000000000000e+00,0.000000000000000000e+00
8.133239747821568244e+01,0.000000000000000000e+00,0.000000000000000000e+00
8.085197148052924376e+01,0.000000000000000000e+00,0.000000000000000000e+00
7.955302459017526928e+01,0.000000000000000000e+00,0.000000000000000000e+00
7.946606909287051224e+01,0.000000000000000000e+00,0.000000000000000000e+00
7.935523204458708335e+01,0.000000000000000000e+00,0.000000000000000000e+00
7.948257373235109924e+01,0.000000000000000000e+00,0.000000000000000000e+00
7.828540171719498630e+01,0.000000000000000000e+00,0.000000000000000000e+00
7.928177992225697324e+01,0.000000000000000000e+00,0.000000000000000000e+00
8.483028277327119326e+01,0.000000000000000000e+00,0.000000000000000000e+00
7.736887136197915993e+01,0.000000000000000000e+00,0.000000000000000000e+00
7.799352873605798209e+01,0.000000000000000000e+00,0.000000000000000000e+00
8.284940047225256876e+01,0.000000000000000000e+00,0.000000000000000000e+00
7.987116966188609979e+01,0.000000000000000000e+00,0.000000000000000000e+00
8.218267746584530187e+01,0.000000000000000000e+00,0.000000000000000000e+00
7.862330936652556090e+01,0.000000000000000000e+00,0.000000000000000000e+00
7.837722791168576464e+01,0.000000000000000000e+00,0.000000000000000000e+00
7.853972474756376698e+01,0.000000000000000000e+00,0.000000000000000000e+00
7.832203719391800689e+01,0.000000000000000000e+00,0.000000000000000000e+00
8.290912142637081672e+01,0.000000000000000000e+00,0.000000000000000000e+00
8.031263705320185409e+01,0.000000000000000000e+00,0.000000000000000000e+00
8.007005773601510157e+01,0.000000000000000000e+00,0.000000000000000000e+00
8.274761114732001488e+01,0.000000000000000000e+00,0.000000000000000000e+00
7.966915355501778606e+01,0.000000000000000000e+00,0.000000000000000000e+00
7.873977773327683849e+01,0.000000000000000000e+00,0.000000000000000000e+00
7.693729121759048439e+01,0.000000000000000000e+00,0.000000000000000000e+00
8.029732888842045213e+01,0.000000000000000000e+00,0.000000000000000000e+00
7.958932348298594661e+01,0.000000000000000000e+00,0.000000000000000000e+00
7.975636485000418929e+01,0.000000000000000000e+00,0.000000000000000000e+00
7.546672537076810272e+01,0.000000000000000000e+00,0.000000000000000000e+00
7.934766098943869395e+01,0.000000000000000000e+00,0.000000000000000000e+00
7.956183993583690039e+01,0.000000000000000000e+00,0.000000000000000000e+00
7.688857523423394014e+01,0.000000000000000000e+00,0.000000000000000000e+00
2.795855685247375533e+01,0.000000000000000000e+00,0.000000000000000000e+00
2.975182022797989134e+01,0.000000000000000000e+00,0.000000000000000000e+00
3.151426452804288303e+01,0.000000000000000000e+00,0.000000000000000000e+00
3.260194619247761239e+01,0.000000000000000000e+00,0.000000000000000000e+00
3.315771894631647854e+01,0.000000000000000000e+00,0.000000000000000000e+00
3.375196903414775562e+01,0.000000000000000000e+00,0.000000000000000000e+00
2.979451969307259773e+01,0.000000000000000000e+00,0.000000000000000000e+00
3.051856322621825868e+01,0.000000000000000000e+00,0.000000000000000000e+00
2.964685979222653245e+01,0.000000000000000000e+00,0.000000000000000000e+00
3.550741860062905175e+01,0.000000000000000000e+00,0.000000000000000000e+00
3.385772210652479686e+01,0.000000000000000000e+00,0.000000000000000000e+00
3.535383593710001549e+01,0.000000000000000000e+00,0.000000000000000000e+00
2.288838311863861108e+01,0.000000000000000000e+00,0.000000000000000000e+00
2.337135012680426627e+01,0.000000000000000000e+00,0.000000000000000000e+00
2.379538204963125381e+01,0.000000000000000000e+00,0.000000000000000000e+00
2.291523623288817646e+01,0.000000000000000000e+00,0.000000000000000000e+00
2.064126467749097671e+01,0.000000000000000000e+00,0.000000000000000000e+00
2.500983837701069845e+01,0.000000000000000000e+00,0.000000000000000000e+00
2.181874768156173516e+01,0.000000000000000000e+00,0.000000000000000000e+00
1.937647537695470490e+01,0.000000000000000000e+00,0.000000000000000000e+00
2.603056250453973774e+01,0.000000000000000000e+00,0.000000000000000000e+00
2.011149021728863673e+01,0.000000000000000000e+00,0.000000000000000000e+00
1.994553750234991440e+01,0.000000000000000000e+00,0.000000000000000000e+00
2.303349088195916039e+01,0.000000000000000000e+00,0.000000000000000000e+00
1.913193901086593840e+01,0.000000000000000000e+00,0.000000000000000000e+00
2.082076176879620633e+01,0.000000000000000000e+00,0.000000000000000000e+00
1.787064816349759866e+01,0.000000000000000000e+00,0.000000000000000000e+00
2.121770459891575200e+01,0.000000000000000000e+00,0.000000000000000000e+00
2.179456943202488617e+01,0.000000000000000000e+00,0.000000000000000000e+00
1.684474713242779842e+01,0.000000000000000000e+00,0.000000000000000000e+00
2.162607660368267304e+01,0.000000000000000000e+00,0.000000000000000000e+00
1.801591172080073022e+01,0.000000000000000000e+00,0.000000000000000000e+00
2.417630859583658776e+01,0.000000000000000000e+00,0.000000000000000000e+00
1.761940085838757497e+01,0.000000000000000000e+00,0.000000000000000000e+00
2.050253869030768072e+01,0.000000000000000000e+00,0.000000000000000000e+00
2.206103772717814238e+01,0.000000000000000000e+00,0.000000000000000000e+00
2.043526156070899091e+01,0.000000000000000000e+00,0.000000000000000000e+00
1.920068078612251128e+01,0.000000000000000000e+00,0.000000000000000000e+00
2.133746152243350380e+01,0.000000000000000000e+00,0.000000000000000000e+00
2.290394878735252604e+01,0.000000000000000000e+00,0.000000000000000000e+00
1.948831182694099695e+01,0.000000000000000000e+00,0.000000000000000000e+00
1.968412095621214419e+01,0.000000000000000000e+00,0.000000000000000000e+00
1.930831990463037684e+01,0.000000000000000000e+00,0.000000000000000000e+00
1.796915030078286080e+01,0.000000000000000000e+00,0.000000000000000000e+00
1.764209559110582148e+01,0.000000000000000000e+00,0.000000000000000000e+00
1.931793477177346929e+01,0.000000000000000000e+00,0.000000000000000000e+00
1.967218990696302328e+01,0.000000000000000000e+00,0.000000000000000000e+00
1.878216598078313027e+01,0.000000000000000000e+00,0.000000000000000000e+00
2.111959347896243244e+01,0.000000000000000000e+00,0.000000000000000000e+00
1.922932506733694424e+01,0.000000000000000000e+00,0.000000000000000000e+00
1.949586097260754514e+01,0.000000000000000000e+00,0.000000000000000000e+00
2.024789144505737681e+01,0.000000000000000000e+00,0.000000000000000000e+00
1.727293316063022743e+01,0.000000000000000000e+00,0.000000000000000000e+00
2.369882479372194695e+01,0.000000000000000000e+00,0.000000000000000000e+00
2.037753897185786656e+01,0.000000000000000000e+00,0.000000000000000000e+00
1.939761606303588337e+01,0.000000000000000000e+00,0.000000000000000000e+00
2.009666365901838248e+01,0.000000000000000000e+00,0.000000000000000000e+00
1.769325191003604658e+01,0.000000000000000000e+00,0.000000000000000000e+00
1.879661981701706353e+01,0.000000000000000000e+00,0.000000000000000000e+00
2.098581082939975317e+01,0.000000000000000000e+00,0.000000000000000000e+00
1.864325036802273061e+01,0.000000000000000000e+00,0.000000000000000000e+00
2.115947914030369148e+01,0.000000000000000000e+00,0.000000000000000000e+00
2.023158137413416924e+01,0.000000000000000000e+00,0.000000000000000000e+00
1.508013592276700976e+01,0.000000000000000000e+00,0.000000000000000000e+00
2.213824790292790823e+01,0.000000000000000000e+00,0.000000000000000000e+00
1.708922971302915528e+01,0.000000000000000000e+00,0.000000000000000000e+00
1.817929862210412750e+01,0.000000000000000000e+00,0.000000000000000000e+00
1.900580320685401858e+01,0.000000000000000000e+00,0.000000000000000000e+00
2.401522596095319884e+01,0.000000000000000000e+00,0.000000000000000000e+00
1.844411464799180678e+01,0.000000000000000000e+00,0.000000000000000000e+00
1.937466556053296429e+01,0.000000000000000000e+00,0.000000000000000000e+00
1.766378155807814920e+01,0.000000000000000000e+00,0.000000000000000000e+00
1.914699487216218543e+01,0.000000000000000000e+00,0.000000000000000000e+00
2.106592210644428320e+01,0.000000000000000000e+00,0.000000000000000000e+00
2.073104863900433514e+01,0.000000000000000000e+00,0.000000000000000000e+00
1.669792906044416014e+01,0.000000000000000000e+00,0.000000000000000000e+00
2.187235768460918095e+01,0.000000000000000000e+00,0.000000000000000000e+00
2.081638790859895138e+01,0.000000000000000000e+00,0.000000000000000000e+00
1.995452774614987845e+01,0.000000000000000000e+00,0.000000000000000000e+00
2.311374268862654091e+01,0.000000000000000000e+00,0.000000000000000000e+00
2.127305918238061366e+01,0.000000000000000000e+00,0.000000000000000000e+00
2.143019860081114203e+01,0.000000000000000000e+00,0.000000000000000000e+00
2.108621513390759361e+01,0.000000000000000000e+00,0.000000000000000000e+00
1.754839107751368488e+01,0.000000000000000000e+00,0.000000000000000000e+00
1.982875764972226307e+01,0.000000000000000000e+00,0.000000000000000000e+00
1.891807194635386224e+01,0.000000000000000000e+00,0.000000000000000000e+00
1.852453862473984003e+01,0.000000000000000000e+00,0.000000000000000000e+00
1.827690164576025467e+01,0.000000000000000000e+00,0.000000000000000000e+00
1.580323241535603174e+01,0.000000000000000000e+00,0.000000000000000000e+00
2.135016807643219394e+01,0.000000000000000000e+00,0.000000000000000000e+00
2.061055781192771974e+01,0.000000000000000000e+00,0.000000000000000000e+00
1.971334438346376317e+01,0.000000000000000000e+00,0.000000000000000000e+00
2.301797353780506228e+01,0.000000000000000000e+00,0.000000000000000000e+00
2.135342662471633446e+01,0.000000000000000000e+00,0.000000000000000000e+00
2.305467992330296667e+01,0.000000000000000000e+00,0.000000000000000000e+00
1.516377507285754689e+01,0.000000000000000000e+00,0.000000000000000000e+00
2.177898372487608825e+01,0.000000000000000000e+00,0.000000000000000000e+00
2.421470739934702721e+01,0.000000000000000000e+00,0.000000000000000000e+00
1.928633015065129186e+01,0.000000000000000000e+00,0.000000000000000000e+00
2.104371963657221301e+01,0.000000000000000000e+00,0.000000000000000000e+00
1.792240782580348224e+01,0.000000000000000000e+00,0.000000000000000000e+00
1.792234928217440881e+01,0.000000000000000000e+00,0.000000000000000000e+00
2.043036865447985662e+01,0.000000000000000000e+00,0.000000000000000000e+00
1.950119893021609130e+01,0.000000000000000000e+00,0.000000000000000000e+00
1.979651766476096242e+01,0.000000000000000000e+00,0.000000000000000000e+00
1.968933192182665692e+01,0.000000000000000000e+00,0.000000000000000000e+00
2.083985159426694977e+01,0.000000000000000000e+00,0.000000000000000000e+00
2.033013245797764057e+01,0.000000000000000000e+00,0.000000000000000000e+00
2.025649208198450069e+01,0.000000000000000000e+00,0.000000000000000000e+00
2.161873061895547110e+01,0.000000000000000000e+00,0.000000000000000000e+00
2.239207224536090379e+01,0.000000000000000000e+00,0.000000000000000000e+00
1.869736468895750292e+01,0.000000000000000000e+00,0.000000000000000000e+00
2.017777148862673897e+01,0.000000000000000000e+00,0.000000000000000000e+00
1.627931894597949736e+01,0.000000000000000000e+00,0.000000000000000000e+00
2.245791838270092100e+01,0.000000000000000000e+00,0.000000000000000000e+00
1.927726178485340469e+01,0.000000000000000000e+00,0.000000000000000000e+00
2.259590603808678821e+01,0.000000000000000000e+00,0.000000000000000000e+00
1.929341972345788037e+01,0.000000000000000000e+00,0.000000000000000000e+00
1.667905976253241818e+01,0.000000000000000000e+00,0.000000000000000000e+00
1.963433274199935141e+01,0.000000000000000000e+00,0.000000000000000000e+00
1.902815870031482248e+01,0.000000000000000000e+00,0.000000000000000000e+00
1.614937008591058287e+01,0.000000000000000000e+00,0.000000000000000000e+00
2.440839913202999867e+01,0.000000000000000000e+00,0.000000000000000000e+00
1.612993939191040127e+01,0.000000000000000000e+00,0.000000000000000000e+00
2.057718763309953403e+01,0.000000000000000000e+00,0.000000000000000000e+00
1.684055672976747431e+01,0.000000000000000000e+00,0.000000000000000000e+00
2.008318999446755981e+01,0.000000000000000000e+00,0.000000000000000000e+00
1.874231936585140090e+01,0.000000000000000000e+00,0.000000000000000000e+00
2.161102673071922453e+01,0.000000000000000000e+00,0.000000000000000000e+00
2.165003735344692259e+01,0.000000000000000000e+00,0.000000000000000000e+00
1.869956084420999076e+01,0.000000000000000000e+00,0.000000000000000000e+00
1.616147281715825557e+01,0.000000000000000000e+00,0.000000000000000000e+00
1.885143141754924301e+01,0.000000000000000000e+00,0.000000000000000000e+00
1.779574634979251613e+01,0.000000000000000000e+00,0.000000000000000000e+00
1.699605380448708658e+01,0.000000000000000000e+00,0.000000000000000000e+00
1.793775045242609067e+01,0.000000000000000000e+00,0.000000000000000000e+00
2.070203986245643790e+01,0.000000000000000000e+00,0.000000000000000000e+00
2.097690657977248208e+01,0.000000000000000000e+00,0.000000000000000000e+00
2.134341078424226268e+01,0.000000000000000000e+00,0.000000000000000000e+00
2.159301176662123467e+01,0.000000000000000000e+00,0.000000000000000000e+00
1.851165814610336113e+01,0.000000000000000000e+00,0.000000000000000000e+00
1.924726296646460355e+01,0.000000000000000000e+00,0.000000000000000000e+00
1.939677325580478495e+01,0.000000000000000000e+00,0.000000000000000000e+00
2.283841724305223408e+01,0.000000000000000000e+00,0.000000000000000000e+00
2.029647111510928070e+01,0.000000000000000000e+00,0.000000000000000000e+00
1.706252237132860827e+01,0.000000000000000000e+00,0.000000000000000000e+00
2.036057167753299524e+01,0.000000000000000000e+00,0.000000000000000000e+00
1.929002587216016451e+01,0.000000000000000000e+00,0.000000000000000000e+00
1.888630366209192957e+01,0.000000000000000000e+00,0.000000000000000000e+00
2.049081333985892428e+01,0.000000000000000000e+00,0.000000000000000000e+00
1.983723036804684625e+01,0.000000000000000000e+00,0.000000000000000000e+00
2.086396768532752688e+01,0.000000000000000000e+00,0.000000000000000000e+00
1.940884330219188669e+01,0.000000000000000000e+00,0.000000000000000000e+00
1.942352515495390008e+01,0.000000000000000000e+00,0.000000000000000000e+00
2.306987509658168989e+01,0.000000000000000000e+00,0.000000000000000000e+00
2.048923300409918724e+01,0.000000000000000000e+00,0.000000000000000000e+00
1.881122417584919759e+01,0.000000000000000000e+00,0.000000000000000000e+00
2.292918363738598586e+01,0.000000000000000000e+00,0.000000000000000000e+00
1.903190083183547543e+01,0.000000000000000000e+00,0.000000000000000000e+00
2.016077318260435902e+01,0.000000000000000000e+00,0.000000000000000000e+00
2.234177331982007786e+01,0.000000000000000000e+00,0.000000000000000000e+00
1.622979567420132696e+01,0.000000000000000000e+00,0.000000000000000000e+00
2.205690715730480989e+01,0.000000000000000000e+00,0.000000000000000000e+00
1.828838459983756692e+01,0.000000000000000000e+00,0.000000000000000000e+00
2.295749441390843870e+01,0.000000000000000000e+00,0.000000000000000000e+00
2.068365600094982071e+01,0.000000000000000000e+00,0.000000000000000000e+00
2.090873106254294811e+01,0.000000000000000000e+00,0.000000000000000000e+00
1.962875691512079968e+01,0.000000000000000000e+00,0.000000000000000000e+00
1.982780656350353254e+01,0.000000000000000000e+00,0.000000000000000000e+00
1.596053277808952586e+01,0.000000000000000000e+00,0.000000000000000000e+00
2.150802096744027736e+01,0.000000000000000000e+00,0.000000000000000000e+00
2.290265778567797383e+01,0.000000000000000000e+00,0.000000000000000000e+00
1.788185985222590091e+01,0.000000000000000000e+00,0.000000000000000000e+00
2.069818932208684714e+01,0.000000000000000000e+00,0.000000000000000000e+00
2.358418663549693406e+01,0.000000000000000000e+00,0.000000000000000000e+00
2.082055331366030870e+01,0.000000000000000000e+00,0.000000000000000000e+00
2.140444755183147052e+01,0.000000000000000000e+00,0.000000000000000000e+00
1.662243311437146787e+01,0.000000000000000000e+00,0.000000000000000000e+00
1.897066262947905102e+01,0.000000000000000000e+00,0.000000000000000000e+00
1.967878985696663463e+01,0.000000000000000000e+00,0.000000000000000000e+00
6.538009956725196048e+01,0.000000000000000000e+00,0.000000000000000000e+00
7.011778290694536508e+01,0.000000000000000000e+00,0.000000000000000000e+00
7.027960832212696118e+01,0.000000000000000000e+00,0.000000000000000000e+00
7.258402458987326611e+01,0.000000000000000000e+00,0.000000000000000000e+00
6.437059290242196141e+01,0.000000000000000000e+00,0.000000000000000000e+00
6.569627266500231144e+01,0.000000000000000000e+00,0.000000000000000000e+00
6.722635817714156303e+01,0.000000000000000000e+00,0.000000000000000000e+00
6.866419340559853879e+01,0.000000000000000000e+00,0.000000000000000000e+00
6.776343481548894943e+01,0.000000000000000000e+00,0.000000000000000000e+00
6.438772217008632026e+01,0.000000000000000000e+00,0.000000000000000000e+00
6.708701476324662849e+01,0.000000000000000000e+00,0.000000000000000000e+00
6.584418626391089902e+01,0.000000000000000000e+00,0.000000000000000000e+00
7.967545583593300762e+01,0.000000000000000000e+00,0.000000000000000000e+00
7.438775833871903842e+01,0.000000000000000000e+00,0.000000000000000000e+00
7.427277305976843991e+01,0.000000000000000000e+00,0.000000000000000000e+00
7.452628128831447896e+01,0.000000000000000000e+00,0.000000000000000000e+00
7.779224944741169168e+01,0.000000000000000000e+00,0.000000000000000000e+00
7.526270168818508921e+01,0.000000000000000000e+00,0.000000000000000000e+00
8.021343975929586634e+01,0.000000000000000000e+00,0.000000000000000000e+00
7.687820972094060323e+01,0.000000000000000000e+00,0.000000000000000000e+00
7.571578973434083082e+01,0.000000000000000000e+00,0.000000000000000000e+00
7.568367547658091610e+01,0.000000000000000000e+00,0.000000000000000000e+00
7.949657500288917333e+01,0.000000000000000000e+00,0.000000000000000000e+00
7.867571262878396965e+01,0.000000000000000000e+00,0.000000000000000000e+00
7.966624896674133538e+01,0.000000000000000000e+00,0.000000000000000000e+00
7.869549413093517387e+01,0.000000000000000000e+00,0.000000000000000000e+00
7.855381695941288456e+01,0.000000000000000000e+00,0.000000000000000000e+00
8.138697842920105074e+01,0.000000000000000000e+00,0.000000000000000000e+00
7.887802072525306585e+01,0.000000000000000000e+00,0.000000000000000000e+00
7.756581034801344288e+01,0.000000000000000000e+00,0.000000000000000000e+00
7.988542193154326299e+01,0.000000000000000000e+00,0.000000000000000000e+00
7.891615731041484594e+01,0.000000000000000000e+00,0.000000000000000000e+00
7.606851690176988257e+01,0.000000000000000000e+00,0.000000000000000000e+00
7.971005534506382162e+01,0.000000000000000000e+00,0.000000000000000000e+00
7.907405011817810703e+01,0.000000000000000000e+00,0.000000000000000000e+00
7.858812322900557490e+01,0.000000000000000000e+00,0.000000000000000000e+00
7.952585665148404814e+01,0.000000000000000000e+00,0.000000000000000000e+00
8.032382360412019295e+01,0.000000000000000000e+00,0.000000000000000000e+00
8.073963572424763413e+01,0.000000000000000000e+00,0.000000000000000000e+00
7.954847965775714158e+01,0.000000000000000000e+00,0.000000000000000000e+00
7.857043890689719490e+01,0.000000000000000000e+00,0.000000000000000000e+00
7.683932145217700338e+01,0.000000000000000000e+00,0.000000000000000000e+00
7.933140136961172573e+01,0.000000000000000000e+00,0.000000000000000000e+00
8.208764641634685688e+01,0.000000000000000000e+00,0.000000000000000000e+00
8.010308236947916782e+01,0.000000000000000000e+00,0.000000000000000000e+00
8.062876278051952283e+01,0.000000000000000000e+00,0.000000000000000000e+00
7.891329989880465234e+01,0.000000000000000000e+00,0.000000000000000000e+00
7.475692370541494824e+01,0.000000000000000000e+00,0.000000000000000000e+00
7.790645621439219326e+01,0.000000000000000000e+00,0.000000000000000000e+00
7.768872005450182883e+01,0.000000000000000000e+00,0.000000000000000000e+00
8.126223796933635413e+01,0.000000000000000000e+00,0.000000000000000000e+00
8.095284630447098095e+01,0.000000000000000000e+00,0.000000000000000000e+00
7.764242009509538889e+01,0.000000000000000000e+00,0.000000000000000000e+00
7.927590307298514460e+01,0.000000000000000000e+00,0.000000000000000000e+00
7.632772305625999820e+01,0.000000000000000000e+00,0.000000000000000000e+00
7.996539946732694659e+01,0.000000000000000000e+00,0.000000000000000000e+00
8.269388458651361873e+01,0.000000000000000000e+00,0.000000000000000000e+00
8.041173589427157253e+01,0.000000000000000000e+00,0.000000000000000000e+00
8.143663827842551939e+01,0.000000000000000000e+00,0.000000000000000000e+00
7.859922571960210291e+01,0.000000000000000000e+00,0.000000000000000000e+00
7.970581250001033879e+01,0.000000000000000000e+00,0.000000000000000000e+00
8.035225326663250200e+01,0.000000000000000000e+00,0.000000000000000000e+00
8.206701622728945722e+01,0.000000000000000000e+00,0.000000000000000000e+00
8.221153104056622851e+01,0.000000000000000000e+00,0.000000000000000000e+00
7.920543017641738004e+01,0.000000000000000000e+00,0.000000000000000000e+00
8.034523268046400801e+01,0.000000000000000000e+00,0.000000000000000000e+00
8.179647610357574194e+01,0.000000000000000000e+00,0.000000000000000000e+00
7.914527991955429798e+01,0.000000000000000000e+00,0.000000000000000000e+00
7.726725660482620128e+01,0.000000000000000000e+00,0.000000000000000000e+00
8.053044538735967706e+01,0.000000000000000000e+00,0.000000000000000000e+00
7.659684904995783938e+01,0.000000000000000000e+00,0.000000000000000000e+00
8.265994879177885934e+01,0.000000000000000000e+00,0.000000000000000000e+00
7.971949072686804527e+01,0.000000000000000000e+00,0.000000000000000000e+00
8.122793477988533084e+01,0.000000000000000000e+00,0.000000000000000000e+00
8.147528914205051365e+01,0.000000000000000000e+00,0.000000000000000000e+00
8.394391402962276061e+01,0.000000000000000000e+00,0.000000000000000000e+00
8.023259546749387994e+01,0.000000000000000000e+00,0.000000000000000000e+00
7.792415027778210401e+01,0.000000000000000000e+00,0.000000000000000000e+00
7.872942111711461166e+01,0.000000000000000000e+00,0.000000000000000000e+00
8.050971193835570716e+01,0.000000000000000000e+00,0.000000000000000000e+00
8.237483881025814014e+01,0.000000000000000000e+00,0.000000000000000000e+00
8.186653508465383311e+01,0.000000000000000000e+00,0.000000000000000000e+00
8.001323562261694633e+01,0.000000000000000000e+00,0.000000000000000000e+00
7.798231800195733854e+01,0.000000000000000000e+00,0.000000000000000000e+00
7.966607974203306242e+01,0.000000000000000000e+00,0.000000000000000000e+00
8.270441369620715477e+01,0.000000000000000000e+00,0.000000000000000000e+00
7.734593066090853597e+01,0.000000000000000000e+00,0.000000000000000000e+00
8.018761241979193244e+01,0.000000000000000000e+00,0.000000000000000000e+00
7.711303988204248583e+01,0.000000000000000000e+00,0.000000000000000000e+00
7.814020089149121873e+01,0.000000000000000000e+00,0.000000000000000000e+00
8.139847678575615930e+01,0.000000000000000000e+00,0.000000000000000000e+00
7.694551894100742118e+01,0.000000000000000000e+00,0.000000000000000000e+00
8.016597081374840172e+01,0.000000000000000000e+00,0.000000000000000000e+00
8.033583018691614086e+01,0.000000000000000000e+00,0.000000000000000000e+00
8.412111957965912268e+01,0.000000000000000000e+00,0.000000000000000000e+00
7.815918467501371936e+01,0.000000000000000000e+00,0.000000000000000000e+00
7.542719474888980358e+01,0.000000000000000000e+00,0.000000000000000000e+00
8.395609897819832668e+01,0.000000000000000000e+00,0.000000000000000000e+00
7.709059456605005778e+01,0.000000000000000000e+00,0.000000000000000000e+00
7.901961789948056492e+01,0.000000000000000000e+00,0.000000000000000000e+00
7.977080162978850808e+01,0.000000000000000000e+00,0.000000000000000000e+00
8.044724437944591955e+01,0.000000000000000000e+00,0.000000000000000000e+00
7.858651184924801214e+01,0.000000000000000000e+00,0.000000000000000000e+00
8.150817799977136247e+01,0.000000000000000000e+00,0.000000000000000000e+00
7.778323899091662952e+01,0.000000000000000000e+00,0.000000000000000000e+00
8.075367270809599063e+01,0.000000000000000000e+00,0.000000000000000000e+00
7.788046494575014833e+01,0.000000000000000000e+00,0.000000000000000000e+00
7.949417938609457224e+01,0.000000000000000000e+00,0.000000000000000000e+00
2.948954852659394987e+01,0.000000000000000000e+00,0.000000000000000000e+00
3.021722853271331743e+01,0.000000000000000000e+00,0.000000000000000000e+00
3.497817772017540960e+01,0.000000000000000000e+00,0.000000000000000000e+00
3.024448662865860982e+01,0.000000000000000000e+00,0.000000000000000000e+00
3.549457177841536293e+01,0.000000000000000000e+00,0.000000000000000000e+00
2.901446784720119965e+01,0.000000000000000000e+00,0.000000000000000000e+00
3.562090041743617519e+01,0.000000000000000000e+00,0.000000000000000000e+00
3.541374541982140300e+01,0.000000000000000000e+00,0.000000000000000000e+00
2.886032163003736528e+01,0.000000000000000000e+00,0.000000000000000000e+00
3.715125339829355511e+01,0.000000000000000000e+00,0.000000000000000000e+00
2.881315067851214806e+01,0.000000000000000000e+00,0.000000000000000000e+00
3.053249947800783204e+01,0.000000000000000000e+00,0.000000000000000000e+00
1.873700714697688596e+01,0.000000000000000000e+00,0.000000000000000000e+00
1.878369942966058304e+01,0.000000000000000000e+00,0.000000000000000000e+00
2.145308810691958001e+01,0.000000000000000000e+00,0.000000000000000000e+00
2.070609131965551342e+01,0.000000000000000000e+00,0.000000000000000000e+00
2.246595513187809345e+01,0.000000000000000000e+00,0.000000000000000000e+00
2.413230390549297155e+01,0.000000000000000000e+00,0.000000000000000000e+00
2.483567025783268889e+01,0.000000000000000000e+00,0.000000000000000000e+00
2.309077857609053908e+01,0.000000000000000000e+00,0.000000000000000000e+00
2.131821472156812547e+01,0.000000000000000000e+00,0.000000000000000000e+00
2.511811862931597261e+01,0.000000000000000000e+00,0.000000000000000000e+00
2.298104094339714365e+01,0.000000000000000000e+00,0.000000000000000000e+00
2.397068504942489753e+01,0.000000000000000000e+00,0.000000000000000000e+00
1.965528890804828777e+01,0.000000000000000000e+00,0.000000000000000000e+00
2.319732034317237535e+01,0.000000000000000000e+00,0.000000000000000000e+00
2.133124459588141875e+01,0.000000000000000000e+00,0.000000000000000000e+00
1.770792850588560441e+01,0.000000000000000000e+00,0.000000000000000000e+00
1.823628377571998982e+01,0.000000000000000000e+00,0.000000000000000000e+00
1.997375934821038612e+01,0.000000000000000000e+00,0.000000000000000000e+00
1.937771838636704302e+01,0.000000000000000000e+00,0.000000000000000000e+00
2.038560870927598145e+01,0.000000000000000000e+00,0.000000000000000000e+00
2.075340307188186628e+01,0.000000000000000000e+00,0.000000000000000000e+00
1.673692416172388064e+01,0.000000000000000000e+00,0.000000000000000000e+00
2.361168180668207839e+01,0.000000000000000000e+00,0.000000000000000000e+00
2.123372607511324262e+01,0.000000000000000000e+00,0.000000000000000000e+00
1.600859566354630914e+01,0.000000000000000000e+00,0.000000000000000000e+00
1.925612385526061843e+01,0.000000000000000000e+00,0.000000000000000000e+00
2.193218605906666951e+01,0.000000000000000000e+00,0.000000000000000000e+00
2.068412088298923734e+01,0.000000000000000000e+00,0.000000000000000000e+00
1.700786738059562353e+01,0.000000000000000000e+00,0.000000000000000000e+00
2.316140929143195848e+01,0.000000000000000000e+00,0.000000000000000000e+00
2.091515225017343482e+01,0.000000000000000000e+00,0.000000000000000000e+00
2.151434537142399961e+01,0.000000000000000000e+00,0.000000000000000000e+00
1.933934530507794136e+01,0.000000000000000000e+00,0.000000000000000000e+00
1.936851022920437870e+01,0.000000000000000000e+00,0.000000000000000000e+00
1.777842563411133270e+01,0.000000000000000000e+00,0.000000000000000000e+00
1.807325713557628433e+01,0.000000000000000000e+00,0.000000000000000000e+00
2.032215664158058743e+01,0.000000000000000000e+00,0.000000000000000000e+00
2.211151525090243553e+01,0.000000000000000000e+00,0.000000000000000000e+00
1.897980365635839561e+01,0.000000000000000000e+00,0.000000000000000000e+00
1.886232797686106721e+01,0.000000000000000000e+00,0.000000000000000000e+00
2.126303998384546290e+01,0.000000000000000000e+00,0.000000000000000000e+00
1.881345279702276940e+01,0.000000000000000000e+00,0.000000000000000000e+00
2.236555573373765782e+01,0.000000000000000000e+00,0.000000000000000000e+00
2.176652280824882979e+01,0.000000000000000000e+00,0.000000000000000000e+00
2.211484476092253004e+01,0.000000000000000000e+00,0.000000000000000000e+00
2.090948022823726760e+01,0.000000000000000000e+00,0.000000000000000000e+00
2.092253769128492991e+01,0.000000000000000000e+00,0.000000000000000000e+00
2.195055053129276246e+01,0.000000000000000000e+00,0.000000000000000000e+00
1.751150778098005034e+01,0.000000000000000000e+00,0.000000000000000000e+00
1.877567563516437588e+01,0.000000000000000000e+00,0.000000000000000000e+00
1.925820576421932628e+01,0.000000000000000000e+00,0.000000000000000000e+00
2.064693940522656490e+01,0.000000000000000000e+00,0.000000000000000000e+00
1.680981941825945825e+01,0.000000000000000000e+00,0.000000000000000000e+00
1.978311913390182397e+01,0.000000000000000000e+00,0.000000000000000000e+00
2.292924532484039801e+01,0.000000000000000000e+00,0.000000000000000000e+00
1.908945476277202502e+01,0.000000000000000000e+00,0.000000000000000000e+00
1.842014394716980519e+01,0.000000000000000000e+00,0.000000000000000000e+00
1.965774872298403508e+01,0.000000000000000000e+00,0.000000000000000000e+00
2.133813416893780612e+01,0.000000000000000000e+00,0.000000000000000000e+00
2.280911844245510522e+01,0.000000000000000000e+00,0.000000000000000000e+00
2.151456209259632146e+01,0.000000000000000000e+00,0.000000000000000000e+00
2.043636660496905222e+01,0.000000000000000000e+00,0.000000000000000000e+00
1.809229523266750306e+01,0.000000000000000000e+00,0.000000000000000000e+00
2.170674711728610262e+01,0.000000000000000000e+00,0.000000000000000000e+00
2.299799787030464771e+01,0.000000000000000000e+00,0.000000000000000000e+00
1.632010922319166824e+01,0.000000000000000000e+00,0.000000000000000000e+00
1.870548535032822102e+01,0.000000000000000000e+00,0.000000000000000000e+00
1.907129275585408834e+01,0.000000000000000000e+00,0.000000000000000000e+00
1.962442766983213716e+01,0.000000000000000000e+00,0.000000000000000000e+00
2.402025283421240687e+01,0.000000000000000000e+00,0.000000000000000000e+00
2.237809753022061088e+01,0.000000000000000000e+00,0.000000000000000000e+00
2.257641342552748043e+01,0.000000000000000000e+00,0.000000000000000000e+00
2.073119409142923431e+01,0.000000000000000000e+00,0.000000000000000000e+00
2.085301714753567381e+01,0.000000000000000000e+00,0.000000000000000000e+00
1.888537129017932870e+01,0.000000000000000000e+00,0.000000000000000000e+00
1.853692520259715337e+01,0.000000000000000000e+00,0.000000000000000000e+00
1.985639303068342798e+01,0.000000000000000000e+00,0.000000000000000000e+00
1.939913070915654814e+01,0.000000000000000000e+00,0.000000000000000000e+00
2.003230605046826085e+01,0.000000000000000000e+00,0.000000000000000000e+00
2.145809346867389067e+01,0.000000000000000000e+00,0.000000000000000000e+00
1.643385247938810068e+01,0.000000000000000000e+00,0.000000000000000000e+00
1.977179975392705558e+01,0.000000000000000000e+00,0.000000000000000000e+00
1.657921459848613566e+01,0.000000000000000000e+00,0.000000000000000000e+00
2.004129122441081634e+01,0.000000000000000000e+00,0.000000000000000000e+00
2.079401531302603345e+01,0.000000000000000000e+00,0.000000000000000000e+00
1.817089592209038784e+01,0.000000000000000000e+00,0.000000000000000000e+00
2.082794664070330981e+01,0.000000000000000000e+00,0.000000000000000000e+00
1.905167546160098979e+01,0.000000000000000000e+00,0.000000000000000000e+00
1.661123652524923955e+01,0.000000000000000000e+00,0.000000000000000000e+00
2.022336562750943401e+01,0.000000000000000000e+00,0.000000000000000000e+00
2.217358088576537156e+01,0.000000000000000000e+00,0.000000000000000000e+00
2.090709961638199488e+01,0.000000000000000000e+00,0.000000000000000000e+00
2.147622808609092715e+01,0.000000000000000000e+00,0.000000000000000000e+00
2.212428734053498403e+01,0.000000000000000000e+00,0.000000000000000000e+00
2.255343271103592784e+01,0.000000000000000000e+00,0.000000000000000000e+00
2.364379440068063687e+01,0.000000000000000000e+00,0.000000000000000000e+00
2.080714662581371499e+01,0.000000000000000000e+00,0.000000000000000000e+00
1.982936197256097444e+01,0.000000000000000000e+00,0.000000000000000000e+00
1.691264892136025111e+01,0.000000000000000000e+00,0.000000000000000000e+00
1.985708715049199924e+01,0.000000000000000000e+00,0.000000000000000000e+00
2.170523698719538430e+01,0.000000000000000000e+00,0.000000000000000000e+00
1.816424013250247782e+01,0.000000000000000000e+00,0.000000000000000000e+00
1.946184943525845767e+01,0.000000000000000000e+00,0.000000000000000000e+00
2.164060193086591966e+01,0.000000000000000000e+00,0.000000000000000000e+00
1.785748314617346821e+01,0.000000000000000000e+00,0.000000000000000000e+00
2.149867080901798744e+01,0.000000000000000000e+00,0.000000000000000000e+00
1.962556197200509445e+01,0.000000000000000000e+00,0.000000000000000000e+00
2.166592978374695733e+01,0.000000000000000000e+00,0.000000000000000000e+00
1.688721294494121494e+01,0.000000000000000000e+00,0.000000000000000000e+00
1.763722067478227729e+01,0.000000000000000000e+00,0.000000000000000000e+00
2.105063504265147145e+01,0.000000000000000000e+00,0.000000000000000000e+00
1.881858146265832943e+01,0.000000000000000000e+00,0.000000000000000000e+00
1.770269597705816267e+01,0.000000000000000000e+00,0.000000000000000000e+00
2.161002923719772539e+01,0.000000000000000000e+00,0.000000000000000000e+00
1.935743251217013139e+01,0.000000000000000000e+00,0.000000000000000000e+00
1.808393834660271793e+01,0.000000000000000000e+00,0.000000000000000000e+00
2.312379552610586941e+01,0.000000000000000000e+00,0.000000000000000000e+00
1.997112131053453510e+01,0.000000000000000000e+00,0.000000000000000000e+00
2.157976073949888018e+01,0.000000000000000000e+00,0.000000000000000000e+00
1.710624552442200752e+01,0.000000000000000000e+00,0.000000000000000000e+00
2.024647373219051971e+01,0.000000000000000000e+00,0.000000000000000000e+00
1.940203455974682711e+01,0.000000000000000000e+00,0.000000000000000000e+00
1.706198109845872324e+01,0.000000000000000000e+00,0.000000000000000000e+00
2.011167443381697595e+01,0.000000000000000000e+00,0.000000000000000000e+00
2.116489879787072326e+01,0.000000000000000000e+00,0.000000000000000000e+00
1.911354888964867982e+01,0.000000000000000000e+00,0.000000000000000000e+00
2.154448597342269522e+01,0.000000000000000000e+00,0.000000000000000000e+00
1.776081506324166170e+01,0.000000000000000000e+00,0.000000000000000000e+00
1.876412096146843211e+01,0.000000000000000000e+00,0.000000000000000000e+00
1.939209215334891567e+01,0.000000000000000000e+00,0.000000000000000000e+00
1.923735074240548215e+01,0.000000000000000000e+00,0.000000000000000000e+00
2.010406210379364822e+01,0.000000000000000000e+00,0.000000000000000000e+00
1.776778148511289501e+01,0.000000000000000000e+00,0.000000000000000000e+00
1.581236175339675398e+01,0.000000000000000000e+00,0.000000000000000000e+00
2.089997281616553337e+01,0.000000000000000000e+00,0.000000000000000000e+00
2.180597937815629450e+01,0.000000000000000000e+00,0.000000000000000000e+00
2.185957225038037421e+01,0.000000000000000000e+00,0.000000000000000000e+00
2.021585804683840948e+01,0.000000000000000000e+00,0.000000000000000000e+00
1.911538326264081888e+01,0.000000000000000000e+00,0.000000000000000000e+00
1.670675294551586632e+01,0.000000000000000000e+00,0.000000000000000000e+00
1.725740342688868623e+01,0.000000000000000000e+00,0.000000000000000000e+00
2.159152978833105152e+01,0.000000000000000000e+00,0.000000000000000000e+00
1.672181941175247744e+01,0.000000000000000000e+00,0.000000000000000000e+00
1.868662758907759525e+01,0.000000000000000000e+00,0.000000000000000000e+00
2.073384525651340482e+01,0.000000000000000000e+00,0.000000000000000000e+00
1.942590730518865882e+01,0.000000000000000000e+00,0.000000000000000000e+00
1.719174240827374334e+01,0.000000000000000000e+00,0.000000000000000000e+00
1.843608027383749004e+01,0.000000000000000000e+00,0.000000000000000000e+00
1.931626046615063430e+01,0.000000000000000000e+00,0.000000000000000000e+00
2.051952120958760872e+01,0.000000000000000000e+00,0.000000000000000000e+00
1.756697609559541462e+01,0.000000000000000000e+00,0.000000000000000000e+00
1.540094450807599813e+01,0.000000000000000000e+00,0.000000000000000000e+00
1.945986560408752553e+01,0.000000000000000000e+00,0.000000000000000000e+00
2.409018255190741797e+01,0.000000000000000000e+00,0.000000000000000000e+00
2.128684361907500744e+01,0.000000000000000000e+00,0.000000000000000000e+00
1.897412618607714307e+01,0.000000000000000000e+00,0.000000000000000000e+00
2.124634571706487662e+01,0.000000000000000000e+00,0.000000000000000000e+00
2.446580992824774370e+01,0.000000000000000000e+00,0.000000000000000000e+00
2.189401746541306082e+01,0.000000000000000000e+00,0.000000000000000000e+00
1.762197058378034953e+01,0.000000000000000000e+00,0.000000000000000000e+00
2.203693601601042218e+01,0.000000000000000000e+00,0.000000000000000000e+00
2.230441848515475201e+01,0.000000000000000000e+00,0.000000000000000000e+00
2.060524785416449234e+01,0.000000000000000000e+00,0.000000000000000000e+00
2.010978555044468052e+01,0.000000000000000000e+00,0.000000000000000000e+00
2.157246341796301081e+01,0.000000000000000000e+00,0.000000000000000000e+00
2.334309812624167080e+01,0.000000000000000000e+00,0.000000000000000000e+00
1.922432943519041970e+01,0.000000000000000000e+00,0.000000000000000000e+00
1.960924345983670136e+01,0.000000000000000000e+00,0.000000000000000000e+00
7.072217562577897354e+01,0.000000000000000000e+00,0.000000000000000000e+00
6.869590212951196406e+01,0.000000000000000000e+00,0.000000000000000000e+00
7.167228945297065934e+01,0.000000000000000000e+00,0.000000000000000000e+00
6.657267813907323273e+01,0.000000000000000000e+00,0.000000000000000000e+00
6.758310996714833152e+01,0.000000000000000000e+00,0.000000000000000000e+00
6.718411094356820001e+01,0.000000000000000000e+00,0.000000000000000000e+00
7.320867820984742025e+01,0.000000000000000000e+00,0.000000000000000000e+00
6.655416389421844769e+01,0.000000000000000000e+00,0.000000000000000000e+00
6.774374386399664161e+01,0.000000000000000000e+00,0.000000000000000000e+00
6.707152426764464792e+01,0.000000000000000000e+00,0.000000000000000000e+00
6.322237953310271052e+01,0.000000000000000000e+00,0.000000000000000000e+00
6.777507841458201199e+01,0.000000000000000000e+00,0.000000000000000000e+00
7.744747499448403971e+01,0.000000000000000000e+00,0.000000000000000000e+00
7.388907958150261379e+01,0.000000000000000000e+00,0.000000000000000000e+00
7.857506694997215391e+01,0.000000000000000000e+00,0.000000000000000000e+00
7.517147387296735417e+01,0.000000000000000000e+00,0.000000000000000000e+00
7.871491120417293530e+01,0.000000000000000000e+00,0.000000000000000000e+00
7.620401874449171942e+01,0.000000000000000000e+00,0.000000000000000000e+00
8.082687340129105280e+01,0.000000000000000000e+00,0.000000000000000000e+00
7.580238030000870708e+01,0.000000000000000000e+00,0.000000000000000000e+00
7.846114442036676451e+01,0.000000000000000000e+00,0.000000000000000000e+00
7.948414997713530283e+01,0.000000000000000000e+00,0.000000000000000000e+00
7.905883579098943414e+01,0.000000000000000000e+00,0.000000000000000000e+00
7.663698200983331787e+01,0.000000000000000000e+00,0.000000000000000000e+00
7.724552775085834355e+01,0.000000000000000000e+00,0.000000000000000000e+00
7.946257324911918829e+01,0.000000000000000000e+00,0.000000000000000000e+00
7.797180703020158887e+01,0.000000000000000000e+00,0.000000000000000000e+00
8.333963307733162651e+01,0.000000000000000000e+00,0.000000000000000000e+00
7.873282471279276251e+01,0.000000000000000000e+00,0.000000000000000000e+00
8.066580283070872781e+01,0.000000000000000000e+00,0.000000000000000000e+00
7.733536581144265654e+01,0.000000000000000000e+00,0.000000000000000000e+00
7.810645372381438278e+01,0.000000000000000000e+00,0.000000000000000000e+00
7.952802879217759369e+01,0.000000000000000000e+00,0.000000000000000000e+00
7.929837355931007892e+01,0.000000000000000000e+00,0.000000000000000000e+00
8.078105712105306679e+01,0.000000000000000000e+00,0.000000000000000000e+00
7.928461371115591305e+01,0.000000000000000000e+00,0.000000000000000000e+00
7.836055748819471489e+01,0.000000000000000000e+00,0.000000000000000000e+00
7.551422057399905441e+01,0.000000000000000000e+00,0.000000000000000000e+00
7.917289620246640425e+01,0.000000000000000000e+00,0.000000000000000000e+00
8.014993521105810714e+01,0.000000000000000000e+00,0.000000000000000000e+00
7.845589593497923886e+01,0.000000000000000000e+00,0.000000000000000000e+00
7.963023754098071549e+01,0.000000000000000000e+00,0.000000000000000000e+00
8.217300705588368714e+01,0.000000000000000000e+00,0.000000000000000000e+00
7.868619439883070754e+01,0.000000000000000000e+00,0.000000000000000000e+00
7.688826314680996177e+01,0.000000000000000000e+00,0.000000000000000000e+00
7.968487976914791204e+01,0.000000000000000000e+00,0.000000000000000000e+00
8.210310988572756230e+01,0.000000000000000000e+00,0.000000000000000000e+00
7.905786255075135216e+01,0.000000000000000000e+00,0.000000000000000000e+00
8.274592024000060064e+01,0.000000000000000000e+00,0.000000000000000000e+00
8.039691230431415647e+01,0.000000000000000000e+00,0.000000000000000000e+00
8.257196900607264922e+01,0.000000000000000000e+00,0.000000000000000000e+00
8.175434769219732800e+01,0.000000000000000000e+00,0.000000000000000000e+00
8.031634238726883268e+01,0.000000000000000000e+00,0.000000000000000000e+00
7.958372420637182643e+01,0.000000000000000000e+00,0.000000000000000000e+00
8.048350846863222330e+01,0.000000000000000000e+00,0.000000000000000000e+00
7.920230009453702280e+01,0.000000000000000000e+00,0.000000000000000000e+00
7.830302528887246183e+01,0.000000000000000000e+00,0.000000000000000000e+00
7.485070245521328047e+01,0.000000000000000000e+00,0.000000000000000000e+00
8.178407085408068156e+01,0.000000000000000000e+00,0.000000000000000000e+00
7.723079913610783365e+01,0.000000000000000000e+00,0.000000000000000000e+00
7.620603459011000780e+01,0.000000000000000000e+00,0.000000000000000000e+00
7.997813937096448456e+01,0.000000000000000000e+00,0.000000000000000000e+00
7.863129747687739268e+01,0.000000000000000000e+00,0.000000000000000000e+00
7.911827148132243792e+01,0.000000000000000000e+00,0.000000000000000000e+00
8.211207633332874423e+01,0.000000000000000000e+00,0.000000000000000000e+00
7.894988063564062486e+01,0.000000000000000000e+00,0.000000000000000000e+00
8.094652995613523672e+01,0.000000000000000000e+00,0.000000000000000000e+00
7.971134472919820269e+01,0.000000000000000000e+00,0.000000000000000000e+00
7.546466809214423677e+01,0.000000000000000000e+00,0.000000000000000000e+00
8.091714591170354254e+01,0.000000000000000000e+00,0.000000000000000000e+00
7.396450534315751213e+01,0.000000000000000000e+00,0.000000000000000000e+00
7.566870322026935014e+01,0.000000000000000000e+00,0.000000000000000000e+00
7.987953610164609586e+01,0.000000000000000000e+00,0.000000000000000000e+00
8.280450090807605079e+01,0.000000000000000000e+00,0.000000000000000000e+00
7.890042421801622652e+01,0.000000000000000000e+00,0.000000000000000000e+00
8.014662902740965933e+01,0.000000000000000000e+00,0.000000000000000000e+00
7.792571539506468525e+01,0.000000000000000000e+00,0.000000000000000000e+00
7.983389908738485019e+01,0.000000000000000000e+00,0.000000000000000000e+00
8.092454421327128955e+01,0.000000000000000000e+00,0.000000000000000000e+00
8.388811576517053936e+01,0.000000000000000000e+00,0.000000000000000000e+00
7.840775161600416254e+01,0.000000000000000000e+00,0.000000000000000000e+00
8.011622597068510743e+01,0.000000000000000000e+00,0.000000000000000000e+00
7.910835542551487265e+01,0.000000000000000000e+00,0.000000000000000000e+00
8.294505083406821200e+01,0.000000000000000000e+00,0.000000000000000000e+00
8.156327859134169955e+01,0.000000000000000000e+00,0.000000000000000000e+00
7.991871961855424900e+01,0.000000000000000000e+00,0.000000000000000000e+00
8.102424842132434435e+01,0.000000000000000000e+00,0.000000000000000000e+00
8.100548946497414704e+01,0.000000000000000000e+00,0.000000000000000000e+00
7.973111909826275223e+01,0.000000000000000000e+00,0.000000000000000000e+00
8.030120578870297265e+01,0.000000000000000000e+00,0.000000000000000000e+00
7.946217405403629641e+01,0.000000000000000000e+00,0.000000000000000000e+00
8.003352242472888634e+01,0.000000000000000000e+00,0.000000000000000000e+00
7.783731231377504400e+01,0.000000000000000000e+00,0.000000000000000000e+00
8.011929683390053469e+01,0.000000000000000000e+00,0.000000000000000000e+00
7.948649897769556105e+01,0.000000000000000000e+00,0.000000000000000000e+00
7.984598582387747001e+01,0.000000000000000000e+00,0.000000000000000000e+00
8.134496755038559002e+01,0.000000000000000000e+00,0.000000000000000000e+00
8.279929136509380783e+01,0.000000000000000000e+00,0.000000000000000000e+00
7.958958580955230389e+01,0.000000000000000000e+00,0.000000000000000000e+00
7.901095071048627005e+01,0.000000000000000000e+00,0.000000000000000000e+00
7.855708105146287323e+01,0.000000000000000000e+00,0.000000000000000000e+00
8.172442498788190335e+01,0.000000000000000000e+00,0.000000000000000000e+00
8.000972125681194314e+01,0.000000000000000000e+00,0.000000000000000000e+00
8.158173878457688488e+01,0.000000000000000000e+00,0.000000000000000000e+00
8.197790179292100277e+01,0.000000000000000000e+00,0.000000000000000000e+00
7.954990363378861673e+01,0.000000000000000000e+00,0.000000000000000000e+00
8.115630187687868613e+01,0.000000000000000000e+00,0.000000000000000000e+00
8.048217628874145646e+01,0.000000000000000000e+00,0.000000000000000000e+00
3.183877465536077622e+01,0.000000000000000000e+00,0.000000000000000000e+00
3.275388075571489566e+01,0.000000000000000000e+00,0.000000000000000000e+00
3.161347742680582584e+01,0.000000000000000000e+00,0.000000000000000000e+00
3.488271452834941044e+01,0.000000000000000000e+00,0.000000000000000000e+00
3.462843501907948962e+01,0.000000000000000000e+00,0.000000000000000000e+00
3.185285857171994195e+01,0.000000000000000000e+00,0.000000000000000000e+00
3.239102443869020220e+01,0.000000000000000000e+00,0.000000000000000000e+00
3.555944383127651776e+01,0.000000000000000000e+00,0.000000000000000000e+00
2.948308060670646569e+01,0.000000000000000000e+00,0.000000000000000000e+00
3.065818272657953969e+01,0.000000000000000000e+00,0.000000000000000000e+00
3.175757206757422679e+01,0.000000000000000000e+00,0.000000000000000000e+00
3.191372095960882760e+01,0.000000000000000000e+00,0.000000000000000000e+00
2.344816274152564617e+01,0.000000000000000000e+00,0.000000000000000000e+00
2.203682789516742702e+01,0.000000000000000000e+00,0.000000000000000000e+00
2.468569348761657523e+01,0.000000000000000000e+00,0.000000000000000000e+00
2.703888467073517177e+01,0.000000000000000000e+00,0.000000000000000000e+00
2.007399236885488492e+01,0.000000000000000000e+00,0.000000000000000000e+00
2.345984199162101902e+01,0.000000000000000000e+00,0.000000000000000000e+00
2.228331541989415143e+01,0.000000000000000000e+00,0.000000000000000000e+00
2.150027228069006213e+01,0.000000000000000000e+00,0.000000000000000000e+00
2.218208437322563142e+01,0.000000000000000000e+00,0.000000000000000000e+00
2.363327291973114797e+01,0.000000000000000000e+00,0.000000000000000000e+00
2.691211309319702139e+01,0.000000000000000000e+00,0.000000000000000000e+00
2.456786132218893925e+01,0.000000000000000000e+00,0.000000000000000000e+00
1.941030667846714408e+01,0.000000000000000000e+00,0.000000000000000000e+00
2.176737288413127303e+01,0.000000000000000000e+00,0.000000000000000000e+00
2.438602406187915506e+01,0.000000000000000000e+00,0.000000000000000000e+00
2.152716039845435603e+01,0.000000000000000000e+00,0.000000000000000000e+00
2.024320028261058724e+01,0.000000000000000000e+00,0.000000000000000000e+00
1.681086752049835553e+01,0.000000000000000000e+00,0.000000000000000000e+00
2.229710673004430532e+01,0.000000000000000000e+00,0.000000000000000000e+00
2.032498447128308428e+01,0.000000000000000000e+00,0.000000000000000000e+00
1.736678234956177036e+01,0.000000000000000000e+00,0.000000000000000000e+00
1.965232093340765118e+01,0.000000000000000000e+00,0.000000000000000000e+00
2.123178207132582784e+01,0.000000000000000000e+00,0.000000000000000000e+00
2.053407893986254606e+01,0.000000000000000000e+00,0.000000000000000000e+00
2.062494842419075880e+01,0.000000000000000000e+00,0.000000000000000000e+00
2.124635718138598151e+01,0.000000000000000000e+00,0.000000000000000000e+00
1.685080788577832323e+01,0.000000000000000000e+00,0.000000000000000000e+00
1.966238393868620093e+01,0.000000000000000000e+00,0.000000000000000000e+00
1.866598346387604224e+01,0.000000000000000000e+00,0.000000000000000000e+00
1.791336960928875044e+01,0.000000000000000000e+00,0.000000000000000000e+00
1.728769611711938836e+01,0.000000000000000000e+00,0.000000000000000000e+00
2.118220188361561185e+01,0.000000000000000000e+00,0.000000000000000000e+00
2.046831779132373086e+01,0.000000000000000000e+00,0.000000000000000000e+00
1.856649480354129622e+01,0.000000000000000000e+00,0.000000000000000000e+00
1.864046963991775385e+01,0.000000000000000000e+00,0.000000000000000000e+00
1.768990046696284679e+01,0.000000000000000000e+00,0.000000000000000000e+00
1.760075456031216490e+01,0.000000000000000000e+00,0.000000000000000000e+00
1.720471557582308719e+01,0.000000000000000000e+00,0.000000000000000000e+00
2.277193180547811124e+01,0.000000000000000000e+00,0.000000000000000000e+00
2.083695621475857251e+01,0.000000000000000000e+00,0.000000000000000000e+00
1.753585430717473770e+01,0.000000000000000000e+00,0.000000000000000000e+00
2.214056948865830776e+01,0.000000000000000000e+00,0.000000000000000000e+00
1.711567382788101810e+01,0.000000000000000000e+00,0.000000000000000000e+00
1.980202298422920393e+01,0.000000000000000000e+00,0.000000000000000000e+00
1.597427698186104195e+01,0.000000000000000000e+00,0.000000000000000000e+00
1.981206983695866697e+01,0.000000000000000000e+00,0.000000000000000000e+00
2.044309457510740557e+01,0.000000000000000000e+00,0.000000000000000000e+00
2.237653939980168261e+01,0.000000000000000000e+00,0.000000000000000000e+00
1.774357583508775704e+01,0.000000000000000000e+00,0.000000000000000000e+00
1.669838900193855480e+01,0.000000000000000000e+00,0.000000000000000000e+00
2.132189666424100594e+01,0.000000000000000000e+00,0.000000000000000000e+00
2.520374013047316453e+01,0.000000000000000000e+00,0.000000000000000000e+00
2.187941101469503025e+01,0.000000000000000000e+00,0.000000000000000000e+00
2.514576783610412036e+01,0.000000000000000000e+00,0.000000000000000000e+00
2.042622159958256844e+01,0.000000000000000000e+00,0.000000000000000000e+00
2.018703063689494215e+01,0.000000000000000000e+00,0.000000000000000000e+00
2.192059033080338892e+01,0.000000000000000000e+00,0.000000000000000000e+00
1.955290978512018896e+01,0.000000000000000000e+00,0.000000000000000000e+00
2.523953463613102599e+01,0.000000000000000000e+00,0.000000000000000000e+00
2.227320729096791752e+01,0.000000000000000000e+00,0.000000000000000000e+00
2.070604252477468421e+01,0.000000000000000000e+00,0.000000000000000000e+00
2.037930524679882538e+01,0.000000000000000000e+00,0.000000000000000000e+00
2.226268750905542859e+01,0.000000000000000000e+00,0.000000000000000000e+00
1.781896641644556922e+01,0.000000000000000000e+00,0.000000000000000000e+00
2.414400432506187144e+01,0.000000000000000000e+00,0.000000000000000000e+00
2.047508469672550646e+01,0.000000000000000000e+00,0.000000000000000000e+00
1.616083592574538841e+01,0.000000000000000000e+00,0.000000000000000000e+00
2.158556378605002024e+01,0.000000000000000000e+00,0.000000000000000000e+00
2.073169958752443520e+01,0.000000000000000000e+00,0.000000000000000000e+00
1.836098085208044495e+01,0.000000000000000000e+00,0.000000000000000000e+00
2.025335707736784130e+01,0.000000000000000000e+00,0.000000000000000000e+00
1.908833361219395996e+01,0.000000000000000000e+00,0.000000000000000000e+00
1.967705537676613403e+01,0.000000000000000000e+00,0.000000000000000000e+00
1.864948186446073208e+01,0.000000000000000000e+00,0.000000000000000000e+00
1.756312291499659040e+01,1.000000000000000000e+00,0.000000000000000000e+00
2.167899025394228829e+01,1.000000000000000000e+00,0.000000000000000000e+00
2.156728047072417809e+01,1.000000000000000000e+00,0.000000000000000000e+00
1.856573069814328747e+01,1.000000000000000000e+00,0.000000000000000000e+00
2.018148441334797738e+01,1.000000000000000000e+00,0.000000000000000000e+00
2.092356557824619756e+01,1.000000000000000000e+00,0.000000000000000000e+00
1.979853413766531034e+01,1.000000000000000000e+00,1.000000000000000000e+00
2.525325873031728108e+01,1.000000000000000000e+00,1.000000000000000000e+00
1.965057300709680987e+01,1.000000000000000000e+00,1.000000000000000000e+00
2.520646022257977847e+01,1.000000000000000000e+00,1.000000000000000000e+00
1.912526838219596570e+01,1.000000000000000000e+00,1.000000000000000000e+00
2.096894301341554367e+01,1.000000000000000000e+00,1.000000000000000000e+00
2.096932049126920106e+01,1.000000000000000000e+00,2.000000000000000000e+00
2.771063335151679041e+01,1.000000000000000000e+00,2.000000000000000000e+00
2.303141986233026728e+01,1.000000000000000000e+00,2.000000000000000000e+00
2.260302667999043535e+01,1.000000000000000000e+00,2.000000000000000000e+00
2.118937703893180924e+01,1.000000000000000000e+00,2.000000000000000000e+00
2.176561622926930539e+01,1.000000000000000000e+00,2.000000000000000000e+00
2.227354024708756342e+01,1.000000000000000000e+00,3.000000000000000000e+00
2.280178195101106908e+01,1.000000000000000000e+00,3.000000000000000000e+00
2.003907122504177352e+01,1.000000000000000000e+00,3.000000000000000000e+00
2.378658624775011177e+01,1.000000000000000000e+00,3.000000000000000000e+00
2.539701919358909521e+01,1.000000000000000000e+00,3.000000000000000000e+00
2.281312844209650592e+01,1.000000000000000000e+00,3.000000000000000000e+00
2.281109582023895399e+01,1.000000000000000000e+00,4.000000000000000000e+00
2.694486230585800257e+01,1.000000000000000000e+00,4.000000000000000000e+00
2.519688375529069901e+01,1.000000000000000000e+00,4.000000000000000000e+00
2.031541286220760156e+01,1.000000000000000000e+00,4.000000000000000000e+00
2.272606277043139755e+01,1.000000000000000000e+00,4.000000000000000000e+00
2.594140722497870044e+01,1.000000000000000000e+00,4.000000000000000000e+00
2.450037953524456924e+01,1.000000000000000000e+00,5.000000000000000000e+00
2.766852000409885903e+01,1.000000000000000000e+00,5.000000000000000000e+00
2.645647164917533090e+01,1.000000000000000000e+00,5.000000000000000000e+00
2.457296518655756401e+01,1.000000000000000000e+00,5.000000000000000000e+00
2.207940796595617172e+01,1.000000000000000000e+00,5.000000000000000000e+00
2.798245900111768947e+01,1.000000000000000000e+00,5.000000000000000000e+00
2.311024356490479903e+01,1.000000000000000000e+00,6.000000000000000000e+00
2.480595081234098842e+01,1.000000000000000000e+00,6.000000000000000000e+00
2.557549397400639535e+01,1.000000000000000000e+00,6.000000000000000000e+00
2.515813392071514443e+01,1.000000000000000000e+00,6.000000000000000000e+00
2.727401465879078657e+01,1.000000000000000000e+00,6.000000000000000000e+00
2.499473902549880222e+01,1.000000000000000000e+00,6.000000000000000000e+00
2.949709389331728460e+01,1.000000000000000000e+00,7.000000000000000000e+00
2.820873038217523643e+01,1.000000000000000000e+00,7.000000000000000000e+00
2.485061534533543792e+01,1.000000000000000000e+00,7.000000000000000000e+00
2.653925058925616298e+01,1.000000000000000000e+00,7.000000000000000000e+00
2.621714689006630294e+01,1.000000000000000000e+00,7.000000000000000000e+00
2.845449109748268413e+01,1.000000000000000000e+00,7.000000000000000000e+00
3.185123915193793920e+01,1.000000000000000000e+00,8.000000000000000000e+00
3.219325068264339507e+01,1.000000000000000000e+00,8.000000000000000000e+00
3.015364966691973692e+01,1.000000000000000000e+00,8.000000000000000000e+00
2.725820071904793807e+01,1.000000000000000000e+00,8.000000000000000000e+00
2.831658985294529174e+01,1.000000000000000000e+00,8.000000000000000000e+00
2.713129886147845937e+01,1.000000000000000000e+00,9.000000000000000000e+00
2.867333920023949290e+01,1.000000000000000000e+00,9.000000000000000000e+00
2.529275579359784487e+01,1.000000000000000000e+00,9.000000000000000000e+00
3.344483724390427426e+01,1.000000000000000000e+00,9.000000000000000000e+00
2.796837298933947835e+01,1.000000000000000000e+00,9.000000000000000000e+00
2.819631071891521756e+01,1.000000000000000000e+00,9.000000000000000000e+00
3.195758131136229707e+01,1.000000000000000000e+00,1.000000000000000000e+01
3.157219002302975497e+01,1.000000000000000000e+00,1.000000000000000000e+01
3.075223800196892299e+01,1.000000000000000000e+00,1.000000000000000000e+01
3.123546070923572415e+01,1.000000000000000000e+00,1.000000000000000000e+01
3.174130690882790518e+01,1.000000000000000000e+00,1.000000000000000000e+01
3.131723671581199397e+01,1.000000000000000000e+00,1.000000000000000000e+01
3.585759141824103580e+01,1.000000000000000000e+00,1.100000000000000000e+01
3.318772243086542062e+01,1.000000000000000000e+00,1.100000000000000000e+01
2.803109496519780208e+01,1.000000000000000000e+00,1.100000000000000000e+01
3.060856176994215261e+01,1.000000000000000000e+00,1.100000000000000000e+01
2.867194778155327839e+01,1.000000000000000000e+00,1.100000000000000000e+01
3.185564158449749428e+01,1.000000000000000000e+00,1.100000000000000000e+01
3.144632052939751077e+01,1.000000000000000000e+00,1.200000000000000000e+01
2.937536761048376022e+01,1.000000000000000000e+00,1.200000000000000000e+01
2.959095337497326028e+01,1.000000000000000000e+00,1.200000000000000000e+01
3.160744169897402500e+01,1.000000000000000000e+00,1.200000000000000000e+01
3.266607833139048012e+01,1.000000000000000000e+00,1.200000000000000000e+01
2.992727218268096223e+01,1.000000000000000000e+00,1.200000000000000000e+01
3.136089325073681167e+01,1.000000000000000000e+00,1.300000000000000000e+01
3.151263296867535857e+01,1.000000000000000000e+00,1.300000000000000000e+01
3.327304672551833420e+01,1.000000000000000000e+00,1.300000000000000000e+01
3.341689377213899803e+01,1.000000000000000000e+00,1.300000000000000000e+01
3.015426707564374453e+01,1.000000000000000000e+00,1.300000000000000000e+01
3.157227158910046683e+01,1.000000000000000000e+00,1.300000000000000000e+01
3.282114206222421160e+01,1.000000000000000000e+00,1.400000000000000000e+01
3.601837411761823660e+01,1.000000000000000000e+00,1.400000000000000000e+01
3.596456329006363717e+01,1.000000000000000000e+00,1.400000000000000000e+01
3.397479227475047026e+01,1.000000000000000000e+00,1.400000000000000000e+01
3.425293901692137410e+01,1.000000000000000000e+00,1.400000000000000000e+01
3.529959096746712532e+01,1.000000000000000000e+00,1.400000000000000000e+01
3.707327670036966083e+01,1.000000000000000000e+00,1.500000000000000000e+01
3.720926952680157029e+01,1.000000000000000000e+00,1.500000000000000000e+01
3.745749358807153584e+01,1.000000000000000000e+00,1.500000000000000000e+01
3.728564478487828637e+01,1.000000000000000000e+00,1.500000000000000000e+01
3.678879076108632518e+01,1.000000000000000000e+00,1.500000000000000000e+01
8.369535334807697780e+01,1.000000000000000000e+00,1.500000000000000000e+01
7.621178621385932672e+01,1.000000000000000000e+00,1.600000000000000000e+01
8.755331297763325438e+01,1.000000000000000000e+00,1.600000000000000000e+01
8.216363168918346105e+01,1.000000000000000000e+00,1.600000000000000000e+01
8.585406094146895839e+01,1.000000000000000000e+00,1.600000000000000000e+01
8.375310691277098840e+01,1.000000000000000000e+00,1.600000000000000000e+01
8.452144631632747007e+01,1.000000000000000000e+00,1.700000000000000000e+01
8.293155019586468768e+01,1.000000000000000000e+00,1.700000000000000000e+01
8.426914364609176289e+01,1.000000000000000000e+00,1.700000000000000000e+01
8.630520832857395419e+01,1.000000000000000000e+00,1.700000000000000000e+01
8.583349079325245157e+01,1.000000000000000000e+00,1.700000000000000000e+01
8.409257588838026720e+01,1.000000000000000000e+00,1.700000000000000000e+01
9.775017484110979638e+01,1.000000000000000000e+00,1.800000000000000000e+01
9.733586206504398319e+01,1.000000000000000000e+00,1.800000000000000000e+01
9.707886369344385002e+01,1.000000000000000000e+00,1.800000000000000000e+01
9.853864224387444892e+01,1.000000000000000000e+00,1.800000000000000000e+01
9.440232969691074061e+01,1.000000000000000000e+00,1.800000000000000000e+01
9.671673290228213205e+01,1.000000000000000000e+00,1.800000000000000000e+01
9.914257798878051631e+01,1.000000000000000000e+00,1.900000000000000000e+01
9.937729657954703555e+01,1.000000000000000000e+00,1.900000000000000000e+01
9.509791726197971684e+01,1.000000000000000000e+00,1.900000000000000000e+01
9.662064740242342964e+01,1.000000000000000000e+00,1.900000000000000000e+01
9.876601812562989835e+01,1.000000000000000000e+00,1.900000000000000000e+01
9.706047028055215264e+01,1.000000000000000000e+00,1.900000000000000000e+01
1.005323561208851260e+02,1.000000000000000000e+00,2.000000000000000000e+01
9.802865110891474387e+01,1.000000000000000000e+00,2.000000000000000000e+01
9.770527151442750835e+01,1.000000000000000000e+00,2.000000000000000000e+01
9.848717783136365256e+01,1.000000000000000000e+00,2.000000000000000000e+01
9.689590850903360320e+01,1.000000000000000000e+00,2.000000000000000000e+01
1.007985821599267240e+02,1.000000000000000000e+00,2.000000000000000000e+01
1.014110146283803573e+02,1.000000000000000000e+00,2.100000000000000000e+01
1.026766478895230250e+02,1.000000000000000000e+00,2.100000000000000000e+01
1.006893349134826821e+02,1.000000000000000000e+00,2.100000000000000000e+01
1.010376826634153957e+02,1.000000000000000000e+00,2.100000000000000000e+01
9.953421699787189425e+01,1.000000000000000000e+00,2.100000000000000000e+01
1.012174983907826942e+02,1.000000000000000000e+00,2.100000000000000000e+01
1.020145509391053480e+02,1.000000000000000000e+00,2.200000000000000000e+01
9.944854368318827653e+01,1.000000000000000000e+00,2.200000000000000000e+01
1.063958310874930788e+02,1.000000000000000000e+00,2.200000000000000000e+01
9.914866994067583050e+01,1.000000000000000000e+00,2.200000000000000000e+01
1.042463041273087896e+02,1.000000000000000000e+00,2.200000000000000000e+01
1.026854979555862428e+02,1.000000000000000000e+00,2.200000000000000000e+01
1.045221233264803686e+02,1.000000000000000000e+00,2.300000000000000000e+01
1.020240215635228367e+02,1.000000000000000000e+00,2.300000000000000000e+01
1.000113537686737288e+02,1.000000000000000000e+00,2.300000000000000000e+01
1.043215187386393836e+02,1.000000000000000000e+00,2.300000000000000000e+01
1.023335927241202370e+02,1.000000000000000000e+00,2.300000000000000000e+01
1.027626232040708771e+02,1.000000000000000000e+00,2.300000000000000000e+01
1.031688628189374413e+02,1.000000000000000000e+00,2.400000000000000000e+01
1.069029052892066431e+02,1.000000000000000000e+00,2.400000000000000000e+01
1.017521949470400671e+02,1.000000000000000000e+00,2.400000000000000000e+01
1.019255959472094446e+02,1.000000000000000000e+00,2.400000000000000000e+01
1.061859347904495223e+02,1.000000000000000000e+00,2.400000000000000000e+01
1.040299932875337561e+02,1.000000000000000000e+00,2.400000000000000000e+01
1.034375387781045674e+02,1.000000000000000000e+00,2.500000000000000000e+01
1.034057297038111614e+02,1.000000000000000000e+00,2.500000000000000000e+01
1.034868887247932179e+02,1.000000000000000000e+00,2.500000000000000000e+01
1.058329331012160424e+02,1.000000000000000000e+00,2.500000000000000000e+01
1.015326693590348981e+02,1.000000000000000000e+00,2.500000000000000000e+01
1.093804552239811301e+02,1.000000000000000000e+00,2.600000000000000000e+01
1.059296977222669227e+02,1.000000000000000000e+00,2.600000000000000000e+01
1.076486039637624685e+02,1.000000000000000000e+00,2.600000000000000000e+01
1.056085724856456096e+02,1.000000000000000000e+00,2.600000000000000000e+01
1.044472598364367144e+02,1.000000000000000000e+00,2.600000000000000000e+01
1.073860483171985862e+02,1.000000000000000000e+00,2.600000000000000000e+01
1.073025222050965368e+02,1.000000000000000000e+00,2.700000000000000000e+01
1.050801966989131699e+02,1.000000000000000000e+00,2.700000000000000000e+01
1.071706811552954832e+02,1.000000000000000000e+00,2.700000000000000000e+01
1.059121343250755842e+02,1.000000000000000000e+00,2.700000000000000000e+01
1.037010767979854933e+02,1.000000000000000000e+00,2.700000000000000000e+01
1.071287882905499487e+02,1.000000000000000000e+00,2.700000000000000000e+01
1.076461615029132872e+02,1.000000000000000000e+00,2.800000000000000000e+01
1.060633693679525038e+02,1.000000000000000000e+00,2.800000000000000000e+01
1.043438928056844475e+02,1.000000000000000000e+00,2.800000000000000000e+01
1.088089483863450369e+02,1.000000000000000000e+00,2.800000000000000000e+01
1.094253406176463557e+02,1.000000000000000000e+00,2.800000000000000000e+01
1.085354367753750182e+02,1.000000000000000000e+00,2.800000000000000000e+01
1.073399867844284472e+02,1.000000000000000000e+00,2.900000000000000000e+01
1.056843167930645109e+02,1.000000000000000000e+00,2.900000000000000000e+01
1.097369823286282724e+02,1.000000000000000000e+00,2.900000000000000000e+01
1.088731082555408278e+02,1.000000000000000000e+00,2.900000000000000000e+01
1.070226755323163559e+02,1.000000000000000000e+00,2.900000000000000000e+01
1.089834616038370143e+02,1.000000000000000000e+00,2.900000000000000000e+01
1.101652528204199086e+02,1.000000000000000000e+00,3.000000000000000000e+01
1.062293672440955987e+02,1.000000000000000000e+00,3.000000000000000000e+01
1.103489724920639645e+02,1.000000000000000000e+00,3.000000000000000000e+01
1.104687310220457164e+02,1.000000000000000000e+00,3.000000000000000000e+01
1.127818095373156098e+02,1.000000000000000000e+00,3.000000000000000000e+01
1.081281576830801043e+02,1.000000000000000000e+00,3.000000000000000000e+01
1.064847276193910801e+02,1.000000000000000000e+00,3.100000000000000000e+01
1.106482707059149959e+02,1.000000000000000000e+00,3.100000000000000000e+01
1.098281452867178416e+02,1.000000000000000000e+00,3.100000000000000000e+01
1.105785041904165809e+02,1.000000000000000000e+00,3.100000000000000000e+01
1.127988320709618222e+02,1.000000000000000000e+00,3.100000000000000000e+01
1.105784276079417623e+02,1.000000000000000000e+00,3.100000000000000000e+01
1.115895344817127324e+02,1.000000000000000000e+00,3.200000000000000000e+01
1.131401750486515567e+02,1.000000000000000000e+00,3.200000000000000000e+01
1.111189820248213778e+02,1.000000000000000000e+00,3.200000000000000000e+01
1.123700802088591786e+02,1.000000000000000000e+00,3.200000000000000000e+01
1.103187167103718309e+02,1.000000000000000000e+00,3.200000000000000000e+01
1.142222243154826486e+02,1.000000000000000000e+00,3.200000000000000000e+01
1.136097448287144402e+02,1.000000000000000000e+00,3.300000000000000000e+01
1.132681454173754219e+02,1.000000000000000000e+00,3.300000000000000000e+01
1.144736179716555142e+02,1.000000000000000000e+00,3.300000000000000000e+01
1.133548356634382088e+02,1.000000000000000000e+00,3.300000000000000000e+01
1.126949257473993669e+02,1.000000000000000000e+00,3.300000000000000000e+01
1.144040495081275708e+02,1.000000000000000000e+00,3.400000000000000000e+01
1.128359985133145926e+02,1.000000000000000000e+00,3.400000000000000000e+01
6.609150903384177411e+01,1.000000000000000000e+00,3.400000000000000000e+01
7.004673352461958302e+01,1.000000000000000000e+00,3.400000000000000000e+01
6.460992046848841142e+01,1.000000000000000000e+00,3.400000000000000000e+01
6.534799979375459600e+01,1.000000000000000000e+00,3.400000000000000000e+01
6.418757157105245881e+01,1.000000000000000000e+00,3.500000000000000000e+01
6.607803293123211574e+01,1.000000000000000000e+00,3.500000000000000000e+01
7.127410841739546754e+01,1.000000000000000000e+00,3.500000000000000000e+01
6.811069620492006038e+01,1.000000000000000000e+00,3.500000000000000000e+01
6.436178589307357356e+01,1.000000000000000000e+00,3.500000000000000000e+01
6.790010976796810382e+01,1.000000000000000000e+00,3.500000000000000000e+01
6.867949578381686138e+01,1.000000000000000000e+00,3.600000000000000000e+01
6.334656079966116238e+01,1.000000000000000000e+00,3.600000000000000000e+01
5.947620593783493348e+01,1.000000000000000000e+00,3.600000000000000000e+01
6.090767596457433797e+01,1.000000000000000000e+00,3.600000000000000000e+01
6.018328360998997084e+01,1.000000000000000000e+00,3.600000000000000000e+01
5.807861901010964800e+01,1.000000000000000000e+00,3.600000000000000000e+01
6.197202073549301815e+01,1.000000000000000000e+00,3.700000000000000000e+01
6.176043514088320308e+01,1.000000000000000000e+00,3.700000000000000000e+01
6.010084777547506008e+01,1.000000000000000000e+00,3.700000000000000000e+01
6.066581537333379970e+01,1.000000000000000000e+00,3.700000000000000000e+01
5.846209254444783454e+01,1.000000000000000000e+00,3.700000000000000000e+01
5.785667987415101265e+01,1.000000000000000000e+00,3.700000000000000000e+01
6.092866691238121746e+01,1.000000000000000000e+00,3.800000000000000000e+01
5.757122326951873958e+01,1.000000000000000000e+00,3.800000000000000000e+01
6.020661822990327039e+01,1.000000000000000000e+00,3.800000000000000000e+01
6.140055453365544480e+01,1.000000000000000000e+00,3.800000000000000000e+01
6.234385896016596007e+01,1.000000000000000000e+00,3.800000000000000000e+01
5.761264842107964057e+01,1.000000000000000000e+00,3.800000000000000000e+01
5.823447011026175346e+01,1.000000000000000000e+00,3.900000000000000000e+01
5.818515039781742360e+01,1.000000000000000000e+00,3.900000000000000000e+01
5.872805120032201387e+01,1.000000000000000000e+00,3.900000000000000000e+01
6.095757238949543932e+01,1.000000000000000000e+00,3.900000000000000000e+01
5.673245220514714049e+01,1.000000000000000000e+00,3.900000000000000000e+01
6.206477275701452356e+01,1.000000000000000000e+00,3.900000000000000000e+01
6.489480497389678249e+01,1.000000000000000000e+00,4.000000000000000000e+01
6.204108729149527335e+01,1.000000000000000000e+00,4.000000000000000000e+01
5.968629129833607294e+01,1.000000000000000000e+00,4.000000000000000000e+01
5.781941537992362612e+01,1.000000000000000000e+00,4.000000000000000000e+01
6.043826351329281010e+01,1.000000000000000000e+00,4.000000000000000000e+01
6.176735209127632231e+01,1.000000000000000000e+00,4.000000000000000000e+01
6.251905398161144234e+01,1.000000000000000000e+00,4.100000000000000000e+01
6.368765482708533909e+01,1.000000000000000000e+00,4.100000000000000000e+01
6.017743980092243561e+01,1.000000000000000000e+00,4.100000000000000000e+01
6.391726645250230376e+01,1.000000000000000000e+00,4.100000000000000000e+01
6.353027622094207771e+01,1.000000000000000000e+00,4.100000000000000000e+01
6.507379074914064176e+01,1.000000000000000000e+00,4.100000000000000000e+01
6.290512237570987963e+01,1.000000000000000000e+00,4.200000000000000000e+01
6.833668656632107741e+01,1.000000000000000000e+00,4.200000000000000000e+01
6.371371829010308829e+01,1.000000000000000000e+00,4.200000000000000000e+01
6.305493509442199951e+01,1.000000000000000000e+00,4.200000000000000000e+01
6.130510655430074962e+01,1.000000000000000000e+00,4.200000000000000000e+01
6.176305868570481294e+01,1.000000000000000000e+00,4.300000000000000000e+01
6.233269109391692098e+01,1.000000000000000000e+00,4.300000000000000000e+01
6.579088010361815009e+01,1.000000000000000000e+00,4.300000000000000000e+01
6.532384957816518067e+01,1.000000000000000000e+00,4.300000000000000000e+01
6.471163858952139947e+01,1.000000000000000000e+00,4.300000000000000000e+01
6.063130092669738502e+01,1.000000000000000000e+00,4.300000000000000000e+01
6.258378326436665162e+01,1.000000000000000000e+00,4.400000000000000000e+01
6.638729409947426063e+01,1.000000000000000000e+00,4.400000000000000000e+01
6.622026194694549872e+01,1.000000000000000000e+00,4.400000000000000000e+01
6.223192605968890945e+01,1.000000000000000000e+00,4.400000000000000000e+01
6.479760597490437135e+01,1.000000000000000000e+00,4.400000000000000000e+01
6.495448908366039120e+01,1.000000000000000000e+00,4.400000000000000000e+01
6.487863644170064958e+01,1.000000000000000000e+00,4.500000000000000000e+01
6.911355652573075758e+01,1.000000000000000000e+00,4.500000000000000000e+01
6.531471042616712452e+01,1.000000000000000000e+00,4.500000000000000000e+01
6.495587432071921796e+01,1.000000000000000000e+00,4.500000000000000000e+01
6.618461248852416645e+01,1.000000000000000000e+00,4.500000000000000000e+01
6.353751539254258773e+01,1.000000000000000000e+00,4.500000000000000000e+01
6.673309911178938592e+01,1.000000000000000000e+00,4.600000000000000000e+01
6.787954895867288485e+01,1.000000000000000000e+00,4.600000000000000000e+01
6.359661675023730254e+01,1.000000000000000000e+00,4.600000000000000000e+01
6.378485186081233849e+01,1.000000000000000000e+00,4.600000000000000000e+01
6.510732387471989568e+01,1.000000000000000000e+00,4.600000000000000000e+01
6.792453609136114778e+01,1.000000000000000000e+00,4.600000000000000000e+01
7.094827866462645716e+01,1.000000000000000000e+00,4.700000000000000000e+01
6.806365947008364969e+01,1.000000000000000000e+00,4.700000000000000000e+01
6.655095853709428866e+01,1.000000000000000000e+00,4.700000000000000000e+01
6.791069517007274214e+01,1.000000000000000000e+00,4.700000000000000000e+01
6.896463448282129605e+01,1.000000000000000000e+00,4.700000000000000000e+01
6.439372194653660131e+01,1.000000000000000000e+00,4.700000000000000000e+01
6.834480976263427010e+01,1.000000000000000000e+00,4.800000000000000000e+01
7.063836224337215697e+01,1.000000000000000000e+00,4.800000000000000000e+01
7.191009044379715931e+01,1.000000000000000000e+00,4.800000000000000000e+01
6.989394865637194698e+01,1.000000000000000000e+00,4.800000000000000000e+01
6.494821624270312554e+01,1.000000000000000000e+00,4.800000000000000000e+01
6.359182213010346629e+01,1.000000000000000000e+00,4.800000000000000000e+01
6.697641152547085142e+01,1.000000000000000000e+00,4.900000000000000000e+01
6.501218179458879831e+01,1.000000000000000000e+00,4.900000000000000000e+01
7.009835920552745847e+01,1.000000000000000000e+00,4.900000000000000000e+01
7.151975921024920524e+01,1.000000000000000000e+00,4.900000000000000000e+01
6.605136199235971617e+01,1.000000000000000000e+00,4.900000000000000000e+01
7.000285279062380539e+01,1.000000000000000000e+00,4.900000000000000000e+01
6.840375301700400712e+01,1.000000000000000000e+00,5.000000000000000000e+01
7.100289164139178411e+01,1.000000000000000000e+00,5.000000000000000000e+01
7.222351091561871783e+01,1.000000000000000000e+00,5.000000000000000000e+01
7.178269697648683234e+01,1.000000000000000000e+00,5.000000000000000000e+01
6.718924812361413501e+01,1.000000000000000000e+00,5.000000000000000000e+01
7.036468196865612867e+01,1.000000000000000000e+00,5.100000000000000000e+01
6.945288596972839912e+01,1.000000000000000000e+00,5.100000000000000000e+01
6.892888309717594097e+01,1.000000000000000000e+00,5.100000000000000000e+01
6.825379062445482248e+01,1.000000000000000000e+00,5.100000000000000000e+01
6.941172838086639274e+01,1.000000000000000000e+00,5.100000000000000000e+01
7.254017740526573732e+01,1.000000000000000000e+00,5.100000000000000000e+01
6.996416719427666919e+01,1.000000000000000000e+00,5.200000000000000000e+01
7.045120657240160256e+01,1.000000000000000000e+00,5.200000000000000000e+01
7.188099192425909223e+01,1.000000000000000000e+00,5.200000000000000000e+01
7.048760728339274806e+01,1.000000000000000000e+00,5.200000000000000000e+01
7.385928044045637364e+01,1.000000000000000000e+00,5.200000000000000000e+01
7.143289294309398940e+01,1.000000000000000000e+00,5.200000000000000000e+01
7.201101415911820425e+01,1.000000000000000000e+00,5.300000000000000000e+01
7.599408202853197736e+01,1.000000000000000000e+00,5.300000000000000000e+01
6.983023754501152780e+01,1.000000000000000000e+00,5.300000000000000000e+01
7.176638616145653771e+01,1.000000000000000000e+00,5.300000000000000000e+01
7.598531633921237471e+01,1.000000000000000000e+00,5.300000000000000000e+01
7.040055261501601080e+01,1.000000000000000000e+00,5.300000000000000000e+01
7.599025890002489803e+01,1.000000000000000000e+00,5.400000000000000000e+01
7.588023300393965087e+01,1.000000000000000000e+00,5.400000000000000000e+01
7.010074914102314381e+01,1.000000000000000000e+00,5.400000000000000000e+01
7.277878097255242551e+01,1.000000000000000000e+00,5.400000000000000000e+01
7.344073473787592832e+01,1.000000000000000000e+00,5.400000000000000000e+01
7.277235737315017161e+01,1.000000000000000000e+00,5.400000000000000000e+01
7.264181230586328297e+01,1.000000000000000000e+00,5.500000000000000000e+01
7.264644757630688332e+01,1.000000000000000000e+00,5.500000000000000000e+01
7.749011994179716112e+01,1.000000000000000000e+00,5.500000000000000000e+01
7.621762491610503787e+01,1.000000000000000000e+00,5.500000000000000000e+01
7.583593898591348648e+01,1.000000000000000000e+00,5.500000000000000000e+01
7.634573354550683177e+01,1.000000000000000000e+00,5.500000000000000000e+01
8.063551476249071470e+01,1.000000000000000000e+00,5.600000000000000000e+01
7.786951407194693786e+01,1.000000000000000000e+00,5.600000000000000000e+01
7.963264768048063047e+01,1.000000000000000000e+00,5.600000000000000000e+01
7.834816508364926335e+01,1.000000000000000000e+00,5.600000000000000000e+01
7.403702855944450789e+01,1.000000000000000000e+00,5.600000000000000000e+01
7.578281539908249442e+01,1.000000000000000000e+00,5.600000000000000000e+01
7.569362822160370285e+01,1.000000000000000000e+00,5.700000000000000000e+01
7.788322842363089649e+01,1.000000000000000000e+00,5.700000000000000000e+01
7.748035507814893208e+01,1.000000000000000000e+00,5.700000000000000000e+01
7.666976433033369176e+01,1.000000000000000000e+00,5.700000000000000000e+01
8.100050354710771217e+01,1.000000000000000000e+00,5.700000000000000000e+01
7.502922910547691515e+01,1.000000000000000000e+00,5.700000000000000000e+01
7.763857564709934422e+01,1.000000000000000000e+00,5.800000000000000000e+01
7.773901683044304889e+01,1.000000000000000000e+00,5.800000000000000000e+01
7.626514500020721243e+01,1.000000000000000000e+00,5.800000000000000000e+01
7.931787955122625533e+01,1.000000000000000000e+00,5.800000000000000000e+01
7.856045193732003895e+01,1.000000000000000000e+00,5.800000000000000000e+01
7.453015155977909956e+01,1.000000000000000000e+00,5.800000000000000000e+01
7.990319703900159709e+01,1.000000000000000000e+00,5.900000000000000000e+01
7.837935476833106918e+01,1.000000000000000000e+00,5.900000000000000000e+01
8.100303524063920690e+01,1.000000000000000000e+00,5.900000000000000000e+01
8.011970116573337464e+01,1.000000000000000000e+00,5.900000000000000000e+01
7.729323456718903174e+01,1.000000000000000000e+00,5.900000000000000000e+01
8.084093182553644397e+01,1.000000000000000000e+00,6.000000000000000000e+01
7.985284719443644974e+01,1.000000000000000000e+00,6.000000000000000000e+01
7.771083575450271042e+01,1.000000000000000000e+00,6.000000000000000000e+01
7.819468761771054233e+01,1.000000000000000000e+00,6.000000000000000000e+01
8.126459609715629995e+01,1.000000000000000000e+00,6.000000000000000000e+01
7.929393005786536719e+01,1.000000000000000000e+00,6.000000000000000000e+01
7.953718503137383777e+01,1.000000000000000000e+00,6.100000000000000000e+01
8.091013229451890254e+01,1.000000000000000000e+00,6.100000000000000000e+01
7.778444322313289661e+01,1.000000000000000000e+00,6.100000000000000000e+01
8.167159797104454810e+01,1.000000000000000000e+00,6.100000000000000000e+01
8.243433244610713473e+01,1.000000000000000000e+00,6.100000000000000000e+01
7.878496039853945376e+01,1.000000000000000000e+00,6.100000000000000000e+01
8.053064076834934326e+01,1.000000000000000000e+00,6.200000000000000000e+01
8.261452686075823237e+01,1.000000000000000000e+00,6.200000000000000000e+01
8.258803409101517445e+01,1.000000000000000000e+00,6.200000000000000000e+01
8.419346451767260930e+01,1.000000000000000000e+00,6.200000000000000000e+01
8.216276163185328585e+01,1.000000000000000000e+00,6.200000000000000000e+01
8.582206981348753061e+01,1.000000000000000000e+00,6.200000000000000000e+01
8.036227108021193999e+01,1.000000000000000000e+00,6.300000000000000000e+01
8.219205947030880566e+01,1.000000000000000000e+00,6.300000000000000000e+01
8.327403445951507877e+01,1.000000000000000000e+00,6.300000000000000000e+01
8.193837760813416082e+01,1.000000000000000000e+00,6.300000000000000000e+01
8.499620261432488633e+01,1.000000000000000000e+00,6.300000000000000000e+01
8.176592607819119962e+01,1.000000000000000000e+00,6.300000000000000000e+01
8.624275317007874264e+01,1.000000000000000000e+00,6.400000000000000000e+01
8.169484925353278015e+01,1.000000000000000000e+00,6.400000000000000000e+01
7.772645427612266644e+01,1.000000000000000000e+00,6.400000000000000000e+01
8.339453273698106273e+01,1.000000000000000000e+00,6.400000000000000000e+01
8.610074453081431045e+01,1.000000000000000000e+00,6.400000000000000000e+01
1.318948605937878256e+02,1.000000000000000000e+00,6.400000000000000000e+01
1.333209054052458100e+02,1.000000000000000000e+00,6.500000000000000000e+01
1.331972194413981754e+02,1.000000000000000000e+00,6.500000000000000000e+01
1.318137484785137303e+02,1.000000000000000000e+00,6.500000000000000000e+01
1.295701895248345181e+02,1.000000000000000000e+00,6.500000000000000000e+01
1.337956465179676115e+02,1.000000000000000000e+00,6.500000000000000000e+01
1.307181001255979425e+02,1.000000000000000000e+00,6.500000000000000000e+01
1.323649193284500427e+02,1.000000000000000000e+00,6.600000000000000000e+01
1.335385400562865925e+02,1.000000000000000000e+00,6.600000000000000000e+01
1.337157703700353579e+02,1.000000000000000000e+00,6.600000000000000000e+01
1.362579959012967379e+02,1.000000000000000000e+00,6.600000000000000000e+01
1.353269027823244528e+02,1.000000000000000000e+00,6.600000000000000000e+01
1.413028588929550722e+02,1.000000000000000000e+00,6.600000000000000000e+01
1.444975558008925418e+02,1.000000000000000000e+00,6.700000000000000000e+01
1.423550906946129828e+02,1.000000000000000000e+00,6.700000000000000000e+01
1.415689891624657548e+02,1.000000000000000000e+00,6.700000000000000000e+01
1.469921535940391664e+02,1.000000000000000000e+00,6.700000000000000000e+01
1.413470009691778841e+02,1.000000000000000000e+00,6.700000000000000000e+01
1.459278708759271410e+02,1.000000000000000000e+00,6.800000000000000000e+01
1.455203709371043601e+02,1.000000000000000000e+00,6.800000000000000000e+01
1.477109365401803984e+02,1.000000000000000000e+00,6.800000000000000000e+01
1.413401738013355953e+02,1.000000000000000000e+00,6.800000000000000000e+01
1.437851229913742941e+02,1.000000000000000000e+00,6.800000000000000000e+01
1.465061735858204202e+02,1.000000000000000000e+00,6.800000000000000000e+01
1.423194669751084120e+02,1.000000000000000000e+00,6.900000000000000000e+01
1.515713468792013998e+02,1.000000000000000000e+00,6.900000000000000000e+01
1.480626887611860525e+02,1.000000000000000000e+00,6.900000000000000000e+01
1.500555482451580360e+02,1.000000000000000000e+00,6.900000000000000000e+01
1.448649627732401370e+02,1.000000000000000000e+00,6.900000000000000000e+01
1.466588105965790305e+02,1.000000000000000000e+00,6.900000000000000000e+01
1.451180309445249463e+02,1.000000000000000000e+00,7.000000000000000000e+01
1.505905091115700998e+02,1.000000000000000000e+00,7.000000000000000000e+01
1.497014533254402977e+02,1.000000000000000000e+00,7.000000000000000000e+01
1.502727077724044022e+02,1.000000000000000000e+00,7.000000000000000000e+01
1.480807197223501817e+02,1.000000000000000000e+00,7.000000000000000000e+01
1.499257531600538300e+02,1.000000000000000000e+00,7.000000000000000000e+01
1.495930181978426390e+02,1.000000000000000000e+00,7.100000000000000000e+01
1.492671571086869164e+02,1.000000000000000000e+00,7.100000000000000000e+01
1.506416774363503350e+02,1.000000000000000000e+00,7.100000000000000000e+01
1.491392035413696817e+02,1.000000000000000000e+00,7.100000000000000000e+01
1.529265978132002886e+02,1.000000000000000000e+00,7.100000000000000000e+01
1.517549601268003698e+02,1.000000000000000000e+00,7.100000000000000000e+01
1.529922495528655304e+02,1.000000000000000000e+00,7.200000000000000000e+01
1.529171887016274809e+02,1.000000000000000000e+00,7.200000000000000000e+01
1.512693157559259589e+02,1.000000000000000000e+00,7.200000000000000000e+01
1.476513611056886077e+02,1.000000000000000000e+00,7.200000000000000000e+01
1.543065520680735858e+02,1.000000000000000000e+00,7.200000000000000000e+01
1.573026606318888128e+02,1.000000000000000000e+00,7.200000000000000000e+01
1.554066789513476010e+02,1.000000000000000000e+00,7.300000000000000000e+01
1.508415279598291932e+02,1.000000000000000000e+00,7.300000000000000000e+01
1.529208494471183144e+02,1.000000000000000000e+00,7.300000000000000000e+01
1.541992119133842891e+02,1.000000000000000000e+00,7.300000000000000000e+01
1.544418107002031206e+02,1.000000000000000000e+00,7.300000000000000000e+01
1.559395539151370542e+02,1.000000000000000000e+00,7.300000000000000000e+01
1.530416651692520986e+02,1.000000000000000000e+00,7.400000000000000000e+01
1.528866051127284891e+02,1.000000000000000000e+00,7.400000000000000000e+01
1.563151958814871136e+02,1.000000000000000000e+00,7.400000000000000000e+01
1.525032985155391998e+02,1.000000000000000000e+00,7.400000000000000000e+01
1.531102667194826950e+02,1.000000000000000000e+00,7.400000000000000000e+01
1.551169951345809181e+02,1.000000000000000000e+00,7.400000000000000000e+01
1.535432088217298769e+02,1.000000000000000000e+00,7.500000000000000000e+01
1.567356775964988174e+02,1.000000000000000000e+00,7.500000000000000000e+01
1.534502272213082961e+02,1.000000000000000000e+00,7.500000000000000000e+01
1.551569835295505300e+02,1.000000000000000000e+00,7.500000000000000000e+01
1.565673677359059752e+02,1.000000000000000000e+00,7.500000000000000000e+01
1.544145282502529994e+02,1.000000000000000000e+00,7.500000000000000000e+01
1.562091188668494510e+02,1.000000000000000000e+00,7.600000000000000000e+01
1.535632528194381621e+02,1.000000000000000000e+00,7.600000000000000000e+01
1.557447482681404267e+02,1.000000000000000000e+00,7.600000000000000000e+01
1.541485517244267953e+02,1.000000000000000000e+00,7.600000000000000000e+01
1.569589406063612387e+02,1.000000000000000000e+00,7.600000000000000000e+01
1.597875724816765910e+02,1.000000000000000000e+00,7.700000000000000000e+01
1.584253399396787358e+02,1.000000000000000000e+00,7.700000000000000000e+01
1.583177461842985849e+02,1.000000000000000000e+00,7.700000000000000000e+01
1.568330878318052157e+02,1.000000000000000000e+00,7.700000000000000000e+01
1.556648115968486366e+02,1.000000000000000000e+00,7.700000000000000000e+01
1.571158534661737747e+02,1.000000000000000000e+00,7.700000000000000000e+01
1.556170248908504163e+02,1.000000000000000000e+00,7.800000000000000000e+01
1.561322203887540354e+02,1.000000000000000000e+00,7.800000000000000000e+01
1.617085119707633112e+02,1.000000000000000000e+00,7.800000000000000000e+01
1.590020804194554671e+02,1.000000000000000000e+00,7.800000000000000000e+01
1.566066584484217401e+02,1.000000000000000000e+00,7.800000000000000000e+01
1.580165827895307871e+02,1.000000000000000000e+00,7.800000000000000000e+01
1.562383818504330293e+02,1.000000000000000000e+00,7.900000000000000000e+01
1.612812208073696354e+02,1.000000000000000000e+00,7.900000000000000000e+01
1.570164928846166674e+02,1.000000000000000000e+00,7.900000000000000000e+01
1.563407737684029257e+02,1.000000000000000000e+00,7.900000000000000000e+01
1.594169085746388532e+02,1.000000000000000000e+00,7.900000000000000000e+01
1.597477414146205490e+02,1.000000000000000000e+00,7.900000000000000000e+01
1.561606942783669183e+02,1.000000000000000000e+00,8.000000000000000000e+01
1.594477043056934349e+02,1.000000000000000000e+00,8.000000000000000000e+01
1.635120928352894225e+02,1.000000000000000000e+00,8.000000000000000000e+01
1.607565897412653726e+02,1.000000000000000000e+00,8.000000000000000000e+01
1.599235548031996927e+02,1.000000000000000000e+00,8.000000000000000000e+01
1.596782529219737512e+02,1.000000000000000000e+00,8.000000000000000000e+01
1.595590741469555383e+02,1.000000000000000000e+00,8.100000000000000000e+01
1.569310021533464692e+02,1.000000000000000000e+00,8.100000000000000000e+01
1.613222551321404694e+02,1.000000000000000000e+00,8.100000000000000000e+01
1.614256498610486972e+02,1.000000000000000000e+00,8.100000000000000000e+01
1.621941946631286555e+02,1.000000000000000000e+00,8.100000000000000000e+01
1.633456615873785154e+02,1.000000000000000000e+00,8.100000000000000000e+01
1.613945002679129175e+02,1.000000000000000000e+00,8.200000000000000000e+01
1.612564534140589103e+02,1.000000000000000000e+00,8.200000000000000000e+01
1.627167803659893650e+02,1.000000000000000000e+00,8.200000000000000000e+01
1.614226366542729636e+02,1.000000000000000000e+00,8.200000000000000000e+01
1.609513267060552266e+02,1.000000000000000000e+00,8.200000000000000000e+01
1.603082370468501097e+02,1.000000000000000000e+00,8.200000000000000000e+01
1.641457366551634038e+02,1.000000000000000000e+00,8.300000000000000000e+01
1.164156184617841916e+02,1.000000000000000000e+00,8.300000000000000000e+01
1.150551612824229153e+02,1.000000000000000000e+00,8.300000000000000000e+01
1.153265469854607090e+02,1.000000000000000000e+00,8.300000000000000000e+01
1.153032437706476401e+02,1.000000000000000000e+00,8.300000000000000000e+01
1.165542006285357957e+02,1.000000000000000000e+00,8.300000000000000000e+01
1.173424136626259298e+02,1.000000000000000000e+00,8.400000000000000000e+01
1.143937358399573441e+02,1.000000000000000000e+00,8.400000000000000000e+01
1.159809544751389723e+02,1.000000000000000000e+00,8.400000000000000000e+01
1.183505565391442644e+02,1.000000000000000000e+00,8.400000000000000000e+01
1.156260636328404701e+02,1.000000000000000000e+00,8.400000000000000000e+01
1.178774448084614619e+02,1.000000000000000000e+00,8.500000000000000000e+01
1.172483591592364434e+02,1.000000000000000000e+00,8.500000000000000000e+01
1.054173790111532441e+02,1.000000000000000000e+00,8.500000000000000000e+01
1.092813460613586045e+02,1.000000000000000000e+00,8.500000000000000000e+01
1.045392468575008138e+02,1.000000000000000000e+00,8.500000000000000000e+01
1.078418137503968239e+02,1.000000000000000000e+00,8.500000000000000000e+01
1.070951059058217112e+02,1.000000000000000000e+00,8.600000000000000000e+01
1.048676351650377967e+02,1.000000000000000000e+00,8.600000000000000000e+01
1.061536020234517252e+02,1.000000000000000000e+00,8.600000000000000000e+01
1.111380040813447465e+02,1.000000000000000000e+00,8.600000000000000000e+01
1.083420350605360483e+02,1.000000000000000000e+00,8.600000000000000000e+01
1.114314901943602081e+02,1.000000000000000000e+00,8.600000000000000000e+01
1.105170112908172229e+02,1.000000000000000000e+00,8.700000000000000000e+01
1.107098875922838062e+02,1.000000000000000000e+00,8.700000000000000000e+01
1.083382115450259562e+02,1.000000000000000000e+00,8.700000000000000000e+01
1.072542073023581679e+02,1.000000000000000000e+00,8.700000000000000000e+01
1.105158840386510803e+02,1.000000000000000000e+00,8.700000000000000000e+01
1.065516796408207654e+02,1.000000000000000000e+00,8.700000000000000000e+01
1.120507774221904356e+02,1.000000000000000000e+00,8.800000000000000000e+01
1.066670304421360669e+02,1.000000000000000000e+00,8.800000000000000000e+01
1.087469106103345098e+02,1.000000000000000000e+00,8.800000000000000000e+01
1.069656505364738024e+02,1.000000000000000000e+00,8.800000000000000000e+01
1.084452680829516567e+02,1.000000000000000000e+00,8.800000000000000000e+01
1.097653453030275159e+02,1.000000000000000000e+00,8.800000000000000000e+01
1.101538933254359591e+02,1.000000000000000000e+00,8.900000000000000000e+01
1.079556682402923258e+02,1.000000000000000000e+00,8.900000000000000000e+01
1.081905010394014965e+02,1.000000000000000000e+00,8.900000000000000000e+01
1.083770838313356109e+02,1.000000000000000000e+00,8.900000000000000000e+01
1.106534706444417253e+02,1.000000000000000000e+00,8.900000000000000000e+01
1.060267156343111310e+02,1.000000000000000000e+00,8.900000000000000000e+01
1.111924286586350803e+02,1.000000000000000000e+00,9.000000000000000000e+01
1.108431602245788241e+02,1.000000000000000000e+00,9.000000000000000000e+01
1.117786144610794707e+02,1.000000000000000000e+00,9.000000000000000000e+01
1.105622691995852733e+02,1.000000000000000000e+00,9.000000000000000000e+01
1.116049281963515227e+02,1.000000000000000000e+00,9.000000000000000000e+01
1.102587403003185784e+02,1.000000000000000000e+00,9.000000000000000000e+01
1.057025588778316632e+02,1.000000000000000000e+00,9.100000000000000000e+01
1.086481668954243531e+02,1.000000000000000000e+00,9.100000000000000000e+01
1.095652453340725287e+02,1.000000000000000000e+00,9.100000000000000000e+01
1.097152771664134860e+02,1.000000000000000000e+00,9.100000000000000000e+01
1.086292720204797320e+02,1.000000000000000000e+00,9.100000000000000000e+01
1.117635311775276676e+02,1.000000000000000000e+00,9.100000000000000000e+01
1.113201792834156834e+02,1.000000000000000000e+00,9.200000000000000000e+01
1.119649994666727508e+02,1.000000000000000000e+00,9.200000000000000000e+01
1.132476754857395207e+02,1.000000000000000000e+00,9.200000000000000000e+01
1.123752631535342914e+02,1.000000000000000000e+00,9.200000000000000000e+01
1.084152384005638510e+02,1.000000000000000000e+00,9.200000000000000000e+01
1.121103164679030897e+02,1.000000000000000000e+00,9.200000000000000000e+01
1.123083333497630036e+02,1.000000000000000000e+00,9.300000000000000000e+01
1.135878593517348918e+02,1.000000000000000000e+00,9.300000000000000000e+01
1.109132472192995920e+02,1.000000000000000000e+00,9.300000000000000000e+01
1.153633016895741150e+02,1.000000000000000000e+00,9.300000000000000000e+01
1.143767914886319517e+02,1.000000000000000000e+00,9.300000000000000000e+01
1.136518680344584027e+02,1.000000000000000000e+00,9.400000000000000000e+01
1.143190775582932730e+02,1.000000000000000000e+00,9.400000000000000000e+01
1.153280881872204162e+02,1.000000000000000000e+00,9.400000000000000000e+01
1.133650544139108405e+02,1.000000000000000000e+00,9.400000000000000000e+01
1.127202100205186639e+02,1.000000000000000000e+00,9.400000000000000000e+01
1.152131041869349133e+02,1.000000000000000000e+00,9.400000000000000000e+01
1.154520081120928552e+02,1.000000000000000000e+00,9.500000000000000000e+01
1.148010047509569489e+02,1.000000000000000000e+00,9.500000000000000000e+01
1.162704496993595171e+02,1.000000000000000000e+00,9.500000000000000000e+01
1.121961255599608336e+02,1.000000000000000000e+00,9.500000000000000000e+01
1.190232911301381904e+02,1.000000000000000000e+00,9.500000000000000000e+01
1.124620213381552674e+02,1.000000000000000000e+00,9.500000000000000000e+01
1.176284344099371424e+02,1.000000000000000000e+00,9.600000000000000000e+01
1.206832231417743060e+02,1.000000000000000000e+00,9.600000000000000000e+01
1.163934632988151492e+02,1.000000000000000000e+00,9.600000000000000000e+01
1.173517015306709084e+02,1.000000000000000000e+00,9.600000000000000000e+01
1.159371010073303694e+02,1.000000000000000000e+00,9.600000000000000000e+01
1.137791829795278602e+02,1.000000000000000000e+00,9.600000000000000000e+01
1.174343945887807052e+02,1.000000000000000000e+00,9.700000000000000000e+01
1.197340751058755330e+02,1.000000000000000000e+00,9.700000000000000000e+01
1.198534124650228563e+02,1.000000000000000000e+00,9.700000000000000000e+01
1.185576547258918794e+02,1.000000000000000000e+00,9.700000000000000000e+01
1.158050484693064561e+02,1.000000000000000000e+00,9.700000000000000000e+01
1.116602076437881692e+02,1.000000000000000000e+00,9.700000000000000000e+01
1.190205152606795593e+02,1.000000000000000000e+00,9.800000000000000000e+01
1.168785066318884560e+02,1.000000000000000000e+00,9.800000000000000000e+01
1.189358412236514937e+02,1.000000000000000000e+00,9.800000000000000000e+01
1.164832371566466946e+02,1.000000000000000000e+00,9.800000000000000000e+01
1.179437374891459456e+02,1.000000000000000000e+00,9.800000000000000000e+01
1.194615008735525805e+02,1.000000000000000000e+00,9.800000000000000000e+01
1.181610554050716644e+02,1.000000000000000000e+00,9.900000000000000000e+01
1.191479116043908988e+02,1.000000000000000000e+00,9.900000000000000000e+01
1.180174413190362941e+02,1.000000000000000000e+00,9.900000000000000000e+01
1.156860409165766725e+02,1.000000000000000000e+00,9.900000000000000000e+01
1.174918548177613644e+02,1.000000000000000000e+00,9.900000000000000000e+01
1.192274485624500784e+02,1.000000000000000000e+00,9.900000000000000000e+01
1.207071212611287763e+02,1.000000000000000000e+00,1.000000000000000000e+02
1.204480317524571831e+02,1.000000000000000000e+00,1.000000000000000000e+02
1.197111224512357524e+02,1.000000000000000000e+00,1.000000000000000000e+02
1.186248370421063356e+02,1.000000000000000000e+00,1.000000000000000000e+02
1.199551716213108818e+02,1.000000000000000000e+00,1.000000000000000000e+02
1.186200355230191974e+02,1.000000000000000000e+00,1.000000000000000000e+02
1.214544196444204829e+02,1.000000000000000000e+00,1.010000000000000000e+02
1.248914600829963035e+02,1.000000000000000000e+00,1.010000000000000000e+02
1.202202153472942285e+02,1.000000000000000000e+00,1.010000000000000000e+02
1.189170111769437170e+02,1.000000000000000000e+00,1.010000000000000000e+02
1.221540950280660525e+02,1.000000000000000000e+00,1.010000000000000000e+02
1.179552639411423343e+02,1.000000000000000000e+00,1.020000000000000000e+02
1.206407945945925206e+02,1.000000000000000000e+00,1.020000000000000000e+02
1.208881701486471627e+02,1.000000000000000000e+00,1.020000000000000000e+02
1.219041689828371204e+02,1.000000000000000000e+00,1.020000000000000000e+02
1.241553892492178761e+02,1.000000000000000000e+00,1.020000000000000000e+02
1.226001085369869088e+02,1.000000000000000000e+00,1.020000000000000000e+02
1.212712834019633306e+02,1.000000000000000000e+00,1.030000000000000000e+02
1.218507800112832768e+02,1.000000000000000000e+00,1.030000000000000000e+02
1.218092816516202106e+02,1.000000000000000000e+00,1.030000000000000000e+02
1.256115925427649529e+02,1.000000000000000000e+00,1.030000000000000000e+02
1.207468588491993842e+02,1.000000000000000000e+00,1.030000000000000000e+02
1.216034800248679915e+02,1.000000000000000000e+00,1.030000000000000000e+02
1.220167468131547253e+02,1.000000000000000000e+00,1.040000000000000000e+02
1.230360649516488110e+02,1.000000000000000000e+00,1.040000000000000000e+02
1.261197568767975952e+02,1.000000000000000000e+00,1.040000000000000000e+02
1.260645210833786507e+02,1.000000000000000000e+00,1.040000000000000000e+02
1.232217513508439737e+02,1.000000000000000000e+00,1.040000000000000000e+02
1.250377825047368958e+02,1.000000000000000000e+00,1.040000000000000000e+02
1.270424288738910121e+02,1.000000000000000000e+00,1.050000000000000000e+02
1.213545277062692946e+02,1.000000000000000000e+00,1.050000000000000000e+02
1.217219179114021586e+02,1.000000000000000000e+00,1.050000000000000000e+02
1.202730312212346035e+02,1.000000000000000000e+00,1.050000000000000000e+02
1.256473468371439850e+02,1.000000000000000000e+00,1.050000000000000000e+02
1.265995232922056601e+02,1.000000000000000000e+00,1.050000000000000000e+02
1.260520346885010525e+02,1.000000000000000000e+00,1.060000000000000000e+02
1.270253983334056045e+02,1.000000000000000000e+00,1.060000000000000000e+02
1.272632144268857246e+02,1.000000000000000000e+00,1.060000000000000000e+02
1.258962956100278632e+02,1.000000000000000000e+00,1.060000000000000000e+02
1.219530483340938787e+02,1.000000000000000000e+00,1.060000000000000000e+02
1.231152923874220875e+02,1.000000000000000000e+00,1.060000000000000000e+02
1.279476744752338107e+02,1.000000000000000000e+00,1.070000000000000000e+02
1.258599309009256899e+02,1.000000000000000000e+00,1.070000000000000000e+02
1.293122163026267231e+02,1.000000000000000000e+00,1.070000000000000000e+02
1.272102567961008077e+02,1.000000000000000000e+00,1.070000000000000000e+02
1.248576258747193179e+02,1.000000000000000000e+00,1.070000000000000000e+02
1.305938760145176616e+02,1.000000000000000000e+00,1.070000000000000000e+02
1.299862199697075766e+02,1.000000000000000000e+00,1.080000000000000000e+02
1.297638088741279887e+02,1.000000000000000000e+00,1.080000000000000000e+02
1.277109220445948097e+02,1.000000000000000000e+00,1.080000000000000000e+02
1.260284652438198947e+02,1.000000000000000000e+00,1.080000000000000000e+02
1.267021688990834889e+02,1.000000000000000000e+00,1.080000000000000000e+02
1.291414339665076625e+02,1.000000000000000000e+00,1.080000000000000000e+02
1.290931133967677908e+02,1.000000000000000000e+00,1.090000000000000000e+02
1.316785030237831222e+02,1.000000000000000000e+00,1.090000000000000000e+02
1.301490859423187487e+02,1.000000000000000000e+00,1.090000000000000000e+02
1.278492574377441571e+02,1.000000000000000000e+00,1.090000000000000000e+02
1.288201974007240551e+02,1.000000000000000000e+00,1.090000000000000000e+02
1.262897382138875741e+02,1.000000000000000000e+00,1.090000000000000000e+02
1.302745923636230430e+02,1.000000000000000000e+00,1.100000000000000000e+02
1.308633844081365396e+02,1.000000000000000000e+00,1.100000000000000000e+02
1.310860867491819022e+02,1.000000000000000000e+00,1.100000000000000000e+02
1.320870605422753954e+02,1.000000000000000000e+00,1.100000000000000000e+02
1.310248774885098442e+02,1.000000000000000000e+00,1.100000000000000000e+02
1.290487992098126711e+02,1.000000000000000000e+00,1.110000000000000000e+02
1.276527237412045110e+02,1.000000000000000000e+00,1.110000000000000000e+02
1.323346308452748872e+02,1.000000000000000000e+00,1.110000000000000000e+02
1.261937614723656651e+02,1.000000000000000000e+00,1.110000000000000000e+02
1.277748921210459372e+02,1.000000000000000000e+00,1.110000000000000000e+02
1.332584490095494516e+02,1.000000000000000000e+00,1.110000000000000000e+02
1.346503679344904185e+02,1.000000000000000000e+00,1.120000000000000000e+02
1.325867662860351288e+02,1.000000000000000000e+00,1.120000000000000000e+02
1.302608828541797266e+02,1.000000000000000000e+00,1.120000000000000000e+02
1.304870739569720115e+02,1.000000000000000000e+00,1.120000000000000000e+02
1.301327530444502543e+02,1.000000000000000000e+00,1.120000000000000000e+02
1.316132519276460755e+02,1.000000000000000000e+00,1.120000000000000000e+02
1.312945508344691063e+02,1.000000000000000000e+00,1.130000000000000000e+02
1.334393210149271738e+02,1.000000000000000000e+00,1.130000000000000000e+02
1.343770178580000447e+02,1.000000000000000000e+00,1.130000000000000000e+02
1.315614723931963965e+02,1.000000000000000000e+00,1.130000000000000000e+02
1.335923891511147872e+02,1.000000000000000000e+00,1.130000000000000000e+02
1.839154670193955781e+02,1.000000000000000000e+00,1.130000000000000000e+02
1.808098940273061999e+02,1.000000000000000000e+00,1.140000000000000000e+02
1.816092755971901056e+02,1.000000000000000000e+00,1.140000000000000000e+02
1.829557115963042406e+02,1.000000000000000000e+00,1.140000000000000000e+02
1.838584392078719247e+02,1.000000000000000000e+00,1.140000000000000000e+02
1.829400419220992262e+02,1.000000000000000000e+00,1.140000000000000000e+02
1.793898470486867609e+02,1.000000000000000000e+00,1.140000000000000000e+02
1.806877473707462229e+02,1.000000000000000000e+00,1.150000000000000000e+02
1.853268145126797322e+02,1.000000000000000000e+00,1.150000000000000000e+02
1.844015469435148589e+02,1.000000000000000000e+00,1.150000000000000000e+02
1.839757706915621611e+02,1.000000000000000000e+00,1.150000000000000000e+02
1.821804816120944110e+02,1.000000000000000000e+00,1.150000000000000000e+02
1.955594640144985306e+02,1.000000000000000000e+00,1.150000000000000000e+02
1.934314312685211803e+02,1.000000000000000000e+00,1.160000000000000000e+02
1.949142727007786107e+02,1.000000000000000000e+00,1.160000000000000000e+02
1.907916540325915093e+02,1.000000000000000000e+00,1.160000000000000000e+02
1.925015275669991297e+02,1.000000000000000000e+00,1.160000000000000000e+02
1.948122886352090859e+02,1.000000000000000000e+00,1.160000000000000000e+02
1.942881455154207515e+02,1.000000000000000000e+00,1.160000000000000000e+02
1.961349833635315463e+02,1.000000000000000000e+00,1.170000000000000000e+02
1.921587996788417172e+02,1.000000000000000000e+00,1.170000000000000000e+02
1.942884062820326108e+02,1.000000000000000000e+00,1.170000000000000000e+02
1.975014559707439616e+02,1.000000000000000000e+00,1.170000000000000000e+02
1.936565767998835383e+02,1.000000000000000000e+00,1.170000000000000000e+02
1.947437695268029643e+02,1.000000000000000000e+00,1.170000000000000000e+02
2.010281577958321009e+02,1.000000000000000000e+00,1.180000000000000000e+02
1.969350318716434742e+02,1.000000000000000000e+00,1.180000000000000000e+02
1.978679534345375259e+02,1.000000000000000000e+00,1.180000000000000000e+02
1.950696794726233065e+02,1.000000000000000000e+00,1.180000000000000000e+02
1.966207227237768507e+02,1.000000000000000000e+00,1.180000000000000000e+02
8.058807171059123675e+01,0.000000000000000000e+00,0.000000000000000000e+00
7.945936205877858072e+01,0.000000000000000000e+00,0.000000000000000000e+00
7.863410964828187844e+01,0.000000000000000000e+00,0.000000000000000000e+00
7.761461085382538272e+01,0.000000000000000000e+00,0.000000000000000000e+00
8.077408933780408518e+01,0.000000000000000000e+00,0.000000000000000000e+00
7.639035762620191861e+01,0.000000000000000000e+00,0.000000000000000000e+00
8.387177260448427774e+01,0.000000000000000000e+00,0.000000000000000000e+00
8.019652951860675216e+01,0.000000000000000000e+00,0.000000000000000000e+00
8.357707345060212845e+01,0.000000000000000000e+00,0.000000000000000000e+00
7.961851782087877893e+01,0.000000000000000000e+00,0.000000000000000000e+00
8.162379042390641359e+01,0.000000000000000000e+00,0.000000000000000000e+00
7.986848647945220137e+01,0.000000000000000000e+00,0.000000000000000000e+00
8.306669831286653505e+01,0.000000000000000000e+00,0.000000000000000000e+00
7.936895442595734096e+01,0.000000000000000000e+00,0.000000000000000000e+00
7.983614208206664387e+01,0.000000000000000000e+00,0.000000000000000000e+00
7.857556206007365063e+01,0.000000000000000000e+00,0.000000000000000000e+00
7.798690596295961086e+01,0.000000000000000000e+00,0.000000000000000000e+00
8.003341752074108228e+01,0.000000000000000000e+00,0.000000000000000000e+00
8.143847001096919769e+01,0.000000000000000000e+00,0.000000000000000000e+00
7.812938202076354344e+01,0.000000000000000000e+00,0.000000000000000000e+00
7.981749299158988720e+01,0.000000000000000000e+00,0.000000000000000000e+00
8.218872081500902027e+01,0.000000000000000000e+00,0.000000000000000000e+00
8.074731807258648075e+01,0.000000000000000000e+00,0.000000000000000000e+00
8.026398514974398779e+01,0.000000000000000000e+00,0.000000000000000000e+00
8.256361172326413111e+01,0.000000000000000000e+00,0.000000000000000000e+00
7.759137809961541166e+01,0.000000000000000000e+00,0.000000000000000000e+00
8.008981165969819926e+01,0.000000000000000000e+00,0.000000000000000000e+00
8.247356905682396189e+01,0.000000000000000000e+00,0.000000000000000000e+00
7.933527220370334021e+01,0.000000000000000000e+00,0.000000000000000000e+00
7.923342781079492170e+01,0.000000000000000000e+00,0.000000000000000000e+00
7.992033282994655963e+01,0.000000000000000000e+00,0.000000000000000000e+00
7.997759574707788488e+01,0.000000000000000000e+00,0.000000000000000000e+00
8.209808300553736160e+01,0.000000000000000000e+00,0.000000000000000000e+00
8.155193275564685962e+01,0.000000000000000000e+00,0.000000000000000000e+00
7.818932600691088908e+01,0.000000000000000000e+00,0.000000000000000000e+00
8.186785289986593739e+01,0.000000000000000000e+00,0.000000000000000000e+00
8.315102538775614960e+01,0.000000000000000000e+00,0.000000000000000000e+00
8.214469280357840830e+01,0.000000000000000000e+00,0.000000000000000000e+00
8.295640245059222195e+01,0.000000000000000000e+00,0.000000000000000000e+00
8.168896217759494505e+01,0.000000000000000000e+00,0.000000000000000000e+00
8.040388981073031971e+01,0.000000000000000000e+00,0.000000000000000000e+00
8.156033636558791500e+01,0.000000000000000000e+00,0.000000000000000000e+00
7.768530276021979830e+01,0.000000000000000000e+00,0.000000000000000000e+00
8.103281168647181687e+01,0.000000000000000000e+00,0.000000000000000000e+00
8.199615313123535998e+01,0.000000000000000000e+00,0.000000000000000000e+00
8.379222524107156289e+01,0.000000000000000000e+00,0.000000000000000000e+00
7.895835260258616017e+01,0.000000000000000000e+00,0.000000000000000000e+00
7.785504958507350182e+01,0.000000000000000000e+00,0.000000000000000000e+00
8.229535444191127169e+01,0.000000000000000000e+00,0.000000000000000000e+00
8.321810520925089349e+01,0.000000000000000000e+00,0.000000000000000000e+00
8.280800754214797621e+01,0.000000000000000000e+00,0.000000000000000000e+00
7.938878382009666268e+01,0.000000000000000000e+00,0.000000000000000000e+00
8.388641529679318865e+01,0.000000000000000000e+00,0.000000000000000000e+00
7.905659736437986851e+01,0.000000000000000000e+00,0.000000000000000000e+00
7.830479950419723423e+01,0.000000000000000000e+00,0.000000000000000000e+00
7.813822472964415056e+01,0.000000000000000000e+00,0.000000000000000000e+00
7.893857747184752327e+01,0.000000000000000000e+00,0.000000000000000000e+00
7.981152771287938208e+01,0.000000000000000000e+00,0.000000000000000000e+00
8.474546251857313450e+01,0.000000000000000000e+00,0.000000000000000000e+00
8.066324433397487326e+01,0.000000000000000000e+00,0.000000000000000000e+00
8.022291210243271564e+01,0.000000000000000000e+00,0.000000000000000000e+00
8.093346759066541551e+01,0.000000000000000000e+00,0.000000000000000000e+00
7.791191726177937937e+01,0.000000000000000000e+00,0.000000000000000000e+00
7.549286864553144483e+01,0.000000000000000000e+00,0.000000000000000000e+00
7.966171946468722354e+01,0.000000000000000000e+00,0.000000000000000000e+00
8.132183774025025969e+01,0.000000000000000000e+00,0.000000000000000000e+00
7.970451394874707773e+01,0.000000000000000000e+00,0.000000000000000000e+00
8.339862198789901981e+01,0.000000000000000000e+00,0.000000000000000000e+00
8.308900131292215008e+01,0.000000000000000000e+00,0.000000000000000000e+00
8.255517042887336743e+01,0.000000000000000000e+00,0.000000000000000000e+00
7.917358039984209483e+01,0.000000000000000000e+00,0.000000000000000000e+00
7.775353075859111129e+01,0.000000000000000000e+00,0.000000000000000000e+00
7.710000741369923105e+01,0.000000000000000000e+00,0.000000000000000000e+00
8.005229015488498590e+01,0.000000000000000000e+00,0.000000000000000000e+00
8.305025927916048545e+01,0.000000000000000000e+00,0.000000000000000000e+00
7.827641165064081008e+01,0.000000000000000000e+00,0.000000000000000000e+00
8.013810712235985534e+01,0.000000000000000000e+00,0.000000000000000000e+00
7.917328275340423716e+01,0.000000000000000000e+00,0.000000000000000000e+00
3.355270091286162426e+01,0.000000000000000000e+00,0.000000000000000000e+00
3.194711977629002675e+01,0.000000000000000000e+00,0.000000000000000000e+00
3.182773537032909061e+01,0.000000000000000000e+00,0.000000000000000000e+00
2.957429280750654144e+01,0.000000000000000000e+00,0.000000000000000000e+00
3.197029187940832884e+01,0.000000000000000000e+00,0.000000000000000000e+00
3.351874949952823357e+01,0.000000000000000000e+00,0.000000000000000000e+00
3.340194844563328758e+01,0.000000000000000000e+00,0.000000000000000000e+00
3.047911719375084161e+01,0.000000000000000000e+00,0.000000000000000000e+00
3.314135662852422115e+01,0.000000000000000000e+00,0.000000000000000000e+00
3.055304850912819958e+01,0.000000000000000000e+00,0.000000000000000000e+00
3.462017308095924051e+01,0.000000000000000000e+00,0.000000000000000000e+00
3.412137150108907946e+01,0.000000000000000000e+00,0.000000000000000000e+00
2.378667312097339703e+01,0.000000000000000000e+00,0.000000000000000000e+00
2.504992267938473560e+01,0.000000000000000000e+00,0.000000000000000000e+00
2.155963021053668172e+01,0.000000000000000000e+00,0.000000000000000000e+00
2.352030365653700628e+01,0.000000000000000000e+00,0.000000000000000000e+00
2.445142426048215611e+01,0.000000000000000000e+00,0.000000000000000000e+00
2.522952684890433872e+01,0.000000000000000000e+00,0.000000000000000000e+00
2.534315040622894344e+01,0.000000000000000000e+00,0.000000000000000000e+00
2.408751607171622311e+01,0.000000000000000000e+00,0.000000000000000000e+00
2.070699101915699814e+01,0.000000000000000000e+00,0.000000000000000000e+00
2.838228631520468070e+01,0.000000000000000000e+00,0.000000000000000000e+00
2.172658586219995414e+01,0.000000000000000000e+00,0.000000000000000000e+00
2.087173134092145332e+01,0.000000000000000000e+00,0.000000000000000000e+00
2.213498477850977153e+01,0.000000000000000000e+00,0.000000000000000000e+00
1.859031004565493816e+01,0.000000000000000000e+00,0.000000000000000000e+00
2.338267226073030258e+01,0.000000000000000000e+00,0.000000000000000000e+00
2.369211788990127232e+01,0.000000000000000000e+00,0.000000000000000000e+00
2.080625510950909884e+01,0.000000000000000000e+00,0.000000000000000000e+00
2.291611095658200981e+01,0.000000000000000000e+00,0.000000000000000000e+00
2.316503257333458166e+01,0.000000000000000000e+00,0.000000000000000000e+00
1.954304386014057116e+01,0.000000000000000000e+00,0.000000000000000000e+00
1.932513444211249620e+01,0.000000000000000000e+00,0.000000000000000000e+00
1.875295922244107416e+01,0.000000000000000000e+00,0.000000000000000000e+00
1.905725865812970454e+01,0.000000000000000000e+00,0.000000000000000000e+00
1.781119685640617334e+01,0.000000000000000000e+00,0.000000000000000000e+00
1.710343261644588964e+01,0.000000000000000000e+00,0.000000000000000000e+00
2.284809324808636433e+01,0.000000000000000000e+00,0.000000000000000000e+00
2.019406301920713886e+01,0.000000000000000000e+00,0.000000000000000000e+00
2.091745941774015449e+01,0.000000000000000000e+00,0.000000000000000000e+00
2.129022017627912788e+01,0.000000000000000000e+00,0.000000000000000000e+00
2.026671339028255758e+01,0.000000000000000000e+00,0.000000000000000000e+00
1.908006530305290482e+01,0.000000000000000000e+00,0.000000000000000000e+00
2.286018483244448518e+01,0.000000000000000000e+00,0.000000000000000000e+00
2.367683877886120314e+01,0.000000000000000000e+00,0.000000000000000000e+00
2.073484621615956769e+01,0.000000000000000000e+00,0.000000000000000000e+00
1.869127511431153010e+01,0.000000000000000000e+00,0.000000000000000000e+00
2.387241981538474533e+01,0.000000000000000000e+00,0.000000000000000000e+00
1.848073415770240757e+01,0.000000000000000000e+00,0.000000000000000000e+00
2.064177242165904147e+01,0.000000000000000000e+00,0.000000000000000000e+00
2.496177326800680163e+01,0.000000000000000000e+00,0.000000000000000000e+00
2.231373316720454625e+01,0.000000000000000000e+00,0.000000000000000000e+00
1.902433441870622488e+01,0.000000000000000000e+00,0.000000000000000000e+00
2.029408889584353659e+01,0.000000000000000000e+00,0.000000000000000000e+00
1.954322334084535484e+01,0.000000000000000000e+00,0.000000000000000000e+00
1.700992064540458770e+01,0.000000000000000000e+00,0.000000000000000000e+00
2.084335240785004117e+01,0.000000000000000000e+00,0.000000000000000000e+00
1.967651463195786476e+01,0.000000000000000000e+00,0.000000000000000000e+00
2.273734566994780693e+01,0.000000000000000000e+00,0.000000000000000000e+00
1.782946028113779136e+01,0.000000000000000000e+00,0.000000000000000000e+00
2.119179038195957787e+01,0.000000000000000000e+00,0.000000000000000000e+00
1.955774011349932806e+01,0.000000000000000000e+00,0.000000000000000000e+00
1.715577290356429074e+01,0.000000000000000000e+00,0.000000000000000000e+00
2.032574422451370921e+01,0.000000000000000000e+00,0.000000000000000000e+00
1.915939388849631797e+01,0.000000000000000000e+00,0.000000000000000000e+00
2.028016245529411776e+01,0.000000000000000000e+00,0.000000000000000000e+00
1.884670622889670710e+01,0.000000000000000000e+00,0.000000000000000000e+00
1.761100147950727646e+01,0.000000000000000000e+00,0.000000000000000000e+00
2.002755923016363582e+01,0.000000000000000000e+00,0.000000000000000000e+00
1.977346359348363336e+01,0.000000000000000000e+00,0.000000000000000000e+00
2.073848449805910121e+01,0.000000000000000000e+00,0.000000000000000000e+00
2.058391571686181365e+01,0.000000000000000000e+00,0.000000000000000000e+00
1.990184997510939269e+01,0.000000000000000000e+00,0.000000000000000000e+00
1.652442704030757170e+01,0.000000000000000000e+00,0.000000000000000000e+00
1.859836359587007593e+01,0.000000000000000000e+00,0.000000000000000000e+00
2.038945809327831782e+01,0.000000000000000000e+00,0.000000000000000000e+00
2.003163900214323689e+01,0.000000000000000000e+00,0.000000000000000000e+00
2.065293164022145689e+01,0.000000000000000000e+00,0.000000000000000000e+00
2.046721444495580755e+01,0.000000000000000000e+00,0.000000000000000000e+00
1.973008616674291105e+01,0.000000000000000000e+00,0.000000000000000000e+00
2.183842291876320374e+01,0.000000000000000000e+00,0.000000000000000000e+00
1.904833883474791278e+01,0.000000000000000000e+00,0.000000000000000000e+00
1.985567267445595974e+01,0.000000000000000000e+00,0.000000000000000000e+00
1.776427547966797960e+01,0.000000000000000000e+00,0.000000000000000000e+00
1.732187595138330138e+01,0.000000000000000000e+00,0.000000000000000000e+00
1.865272733567358898e+01,0.000000000000000000e+00,0.000000000000000000e+00
1.919189026795051589e+01,0.000000000000000000e+00,0.000000000000000000e+00
1.774274507910043397e+01,0.000000000000000000e+00,0.000000000000000000e+00
1.718336944870088701e+01,0.000000000000000000e+00,0.000000000000000000e+00
2.234267962513140660e+01,0.000000000000000000e+00,0.000000000000000000e+00
2.172956123941220241e+01,0.000000000000000000e+00,0.000000000000000000e+00
1.651129299810808959e+01,0.000000000000000000e+00,0.000000000000000000e+00
1.942084885886087520e+01,0.000000000000000000e+00,0.000000000000000000e+00
2.234895557635307028e+01,0.000000000000000000e+00,0.000000000000000000e+00
2.343334448031369988e+01,0.000000000000000000e+00,0.000000000000000000e+00
2.120828806162876035e+01,0.000000000000000000e+00,0.000000000000000000e+00
2.026012907956068432e+01,0.000000000000000000e+00,0.000000000000000000e+00
1.613279958742838716e+01,0.000000000000000000e+00,0.000000000000000000e+00
1.720910097472710731e+01,0.000000000000000000e+00,0.000000000000000000e+00
1.991333624117358170e+01,0.000000000000000000e+00,0.000000000000000000e+00
1.844873470373208946e+01,0.000000000000000000e+00,0.000000000000000000e+00
1.888285667052762662e+01,0.000000000000000000e+00,0.000000000000000000e+00
2.012406271225657051e+01,0.000000000000000000e+00,0.000000000000000000e+00
1.688417853382070888e+01,0.000000000000000000e+00,0.000000000000000000e+00
2.196737709556610341e+01,0.000000000000000000e+00,0.000000000000000000e+00
1.964823650508207109e+01,0.000000000000000000e+00,0.000000000000000000e+00
1.713354008625366731e+01,0.000000000000000000e+00,0.000000000000000000e+00
1.742109698675276164e+01,0.000000000000000000e+00,0.000000000000000000e+00
1.536988218336161438e+01,0.000000000000000000e+00,0.000000000000000000e+00
1.858683600828565474e+01,0.000000000000000000e+00,0.000000000000000000e+00
1.947976437373237601e+01,0.000000000000000000e+00,0.000000000000000000e+00
2.192080369603523238e+01,0.000000000000000000e+00,0.000000000000000000e+00
2.087931368702642843e+01,0.000000000000000000e+00,0.000000000000000000e+00
1.766404501748119671e+01,0.000000000000000000e+00,0.000000000000000000e+00
2.037505062741937323e+01,0.000000000000000000e+00,0.000000000000000000e+00
2.172229353133274898e+01,0.000000000000000000e+00,0.000000000000000000e+00
1.904175536603476360e+01,0.000000000000000000e+00,0.000000000000000000e+00
2.239633940350461216e+01,0.000000000000000000e+00,0.000000000000000000e+00
2.100979368696653893e+01,0.000000000000000000e+00,0.000000000000000000e+00
1.829599563141199425e+01,0.000000000000000000e+00,0.000000000000000000e+00
1.901803010823348217e+01,0.000000000000000000e+00,0.000000000000000000e+00
1.996877852992054159e+01,0.000000000000000000e+00,0.000000000000000000e+00
2.146052963344409648e+01,0.000000000000000000e+00,0.000000000000000000e+00
2.028290864695534879e+01,0.000000000000000000e+00,0.000000000000000000e+00
1.988885959547983973e+01,0.000000000000000000e+00,0.000000000000000000e+00
2.077187236985026786e+01,0.000000000000000000e+00,0.000000000000000000e+00
1.463175481797421185e+01,0.000000000000000000e+00,0.000000000000000000e+00
2.111135422125896710e+01,0.000000000000000000e+00,0.000000000000000000e+00
1.709135462791831017e+01,0.000000000000000000e+00,0.000000000000000000e+00
1.955347306695984599e+01,0.000000000000000000e+00,0.000000000000000000e+00
2.264999807056639014e+01,0.000000000000000000e+00,0.000000000000000000e+00
2.208327901396616255e+01,0.000000000000000000e+00,0.000000000000000000e+00
1.869708069149650598e+01,0.000000000000000000e+00,0.000000000000000000e+00
2.345804701052313845e+01,0.000000000000000000e+00,0.000000000000000000e+00
1.783976928557850528e+01,0.000000000000000000e+00,0.000000000000000000e+00
2.007378232531191387e+01,0.000000000000000000e+00,0.000000000000000000e+00
2.077394052228050114e+01,0.000000000000000000e+00,0.000000000000000000e+00
2.034158367218031316e+01,0.000000000000000000e+00,0.000000000000000000e+00
1.901920058238881950e+01,0.000000000000000000e+00,0.000000000000000000e+00
1.986392853008187487e+01,0.000000000000000000e+00,0.000000000000000000e+00
2.204615127935844399e+01,0.000000000000000000e+00,0.000000000000000000e+00
2.252980795060807040e+01,0.000000000000000000e+00,0.000000000000000000e+00
2.015391666812904958e+01,0.000000000000000000e+00,0.000000000000000000e+00
2.013395460389186908e+01,0.000000000000000000e+00,0.000000000000000000e+00
1.650866927557342478e+01,0.000000000000000000e+00,0.000000000000000000e+00
1.776387474385936471e+01,0.000000000000000000e+00,0.000000000000000000e+00
2.045735643738427001e+01,0.000000000000000000e+00,0.000000000000000000e+00
1.890042474156645724e+01,0.000000000000000000e+00,0.000000000000000000e+00
1.988280385407617246e+01,0.000000000000000000e+00,0.000000000000000000e+00
2.105437456599938884e+01,0.000000000000000000e+00,0.000000000000000000e+00
1.956934310141363653e+01,0.000000000000000000e+00,0.000000000000000000e+00
2.068640067184988141e+01,0.000000000000000000e+00,0.000000000000000000e+00
2.137605321635150091e+01,0.000000000000000000e+00,0.000000000000000000e+00
2.204021140524954347e+01,0.000000000000000000e+00,0.000000000000000000e+00
1.968435095797845236e+01,0.000000000000000000e+00,0.000000000000000000e+00
2.150059386677953910e+01,0.000000000000000000e+00,0.000000000000000000e+00
2.333146882954225987e+01,0.000000000000000000e+00,0.000000000000000000e+00
2.034494059697886215e+01,0.000000000000000000e+00,0.000000000000000000e+00
1.857729050516516267e+01,0.000000000000000000e+00,0.000000000000000000e+00
1.599858113261543302e+01,0.000000000000000000e+00,0.000000000000000000e+00
1.949228390056378757e+01,0.000000000000000000e+00,0.000000000000000000e+00
2.427488610745359665e+01,0.000000000000000000e+00,0.000000000000000000e+00
1.656916419643611249e+01,0.000000000000000000e+00,0.000000000000000000e+00
1.877978094957581945e+01,0.000000000000000000e+00,0.000000000000000000e+00
1.574489575405451447e+01,0.000000000000000000e+00,0.000000000000000000e+00
2.080866312564776521e+01,0.000000000000000000e+00,0.000000000000000000e+00
1.926672424197164446e+01,0.000000000000000000e+00,0.000000000000000000e+00
1.906846773110957827e+01,0.000000000000000000e+00,0.000000000000000000e+00
2.213537328173242003e+01,0.000000000000000000e+00,0.000000000000000000e+00
1.929337790972381228e+01,0.000000000000000000e+00,0.000000000000000000e+00
2.011375444802370893e+01,0.000000000000000000e+00,0.000000000000000000e+00
1.799870704035657099e+01,0.000000000000000000e+00,0.000000000000000000e+00
1.801149569451379762e+01,0.000000000000000000e+00,0.000000000000000000e+00
1.953184451326093907e+01,0.000000000000000000e+00,0.000000000000000000e+00
2.091207614771356305e+01,0.000000000000000000e+00,0.000000000000000000e+00
1.831577380225463969e+01,0.000000000000000000e+00,0.000000000000000000e+00
1.833535702014589930e+01,0.000000000000000000e+00,0.000000000000000000e+00
2.232191801222411698e+01,0.000000000000000000e+00,0.000000000000000000e+00
1.807423375241193142e+01,0.000000000000000000e+00,0.000000000000000000e+00
1.855801824985828574e+01,0.000000000000000000e+00,0.000000000000000000e+00
6.751899943482474953e+01,0.000000000000000000e+00,0.000000000000000000e+00
6.696260905932504670e+01,0.000000000000000000e+00,0.000000000000000000e+00
7.097885482413047953e+01,0.000000000000000000e+00,0.000000000000000000e+00
6.666642370905104542e+01,0.000000000000000000e+00,0.000000000000000000e+00
6.829499310476074925e+01,0.000000000000000000e+00,0.000000000000000000e+00
6.904934999781170291e+01,0.000000000000000000e+00,0.000000000000000000e+00
6.316561192551504433e+01,0.000000000000000000e+00,0.000000000000000000e+00
6.646467002103601374e+01,0.000000000000000000e+00,0.000000000000000000e+00
7.136115634742621694e+01,0.000000000000000000e+00,0.000000000000000000e+00
7.237210075427545064e+01,0.000000000000000000e+00,0.000000000000000000e+00
7.080186184614957767e+01,0.000000000000000000e+00,0.000000000000000000e+00
6.439949541163473157e+01,0.000000000000000000e+00,0.000000000000000000e+00
7.586221055703332183e+01,0.000000000000000000e+00,0.000000000000000000e+00
8.011362343127970576e+01,0.000000000000000000e+00,0.000000000000000000e+00
7.844636512727744559e+01,0.000000000000000000e+00,0.000000000000000000e+00
7.758315013179876019e+01,0.000000000000000000e+00,0.000000000000000000e+00
7.532301104823251592e+01,0.000000000000000000e+00,0.000000000000000000e+00
7.921437926799346485e+01,0.000000000000000000e+00,0.000000000000000000e+00
7.778325828217627702e+01,0.000000000000000000e+00,0.000000000000000000e+00
8.041036439351569243e+01,0.000000000000000000e+00,0.000000000000000000e+00
7.494857322155206703e+01,0.000000000000000000e+00,0.000000000000000000e+00
7.402491717321102271e+01,0.000000000000000000e+00,0.000000000000000000e+00
7.586172785485851477e+01,0.000000000000000000e+00,0.000000000000000000e+00
7.686454286621689391e+01,0.000000000000000000e+00,0.000000000000000000e+00
7.648642930856965449e+01,0.000000000000000000e+00,0.000000000000000000e+00
7.970249582354857409e+01,0.000000000000000000e+00,0.000000000000000000e+00
8.047809639602755283e+01,0.000000000000000000e+00,0.000000000000000000e+00
7.844303240950952727e+01,0.000000000000000000e+00,0.000000000000000000e+00
7.708604283583898109e+01,0.000000000000000000e+00,0.000000000000000000e+00
7.967514034854522720e+01,0.000000000000000000e+00,0.000000000000000000e+00
7.805384266689543438e+01,0.000000000000000000e+00,0.000000000000000000e+00
7.913402879286053349e+01,0.000000000000000000e+00,0.000000000000000000e+00
7.980561272664179739e+01,0.000000000000000000e+00,0.000000000000000000e+00
8.011270940990233669e+01,0.000000000000000000e+00,0.000000000000000000e+00
7.829329297364283491e+01,0.000000000000000000e+00,0.000000000000000000e+00
7.903028873529356702e+01,0.000000000000000000e+00,0.000000000000000000e+00
7.937976675363472623e+01,0.000000000000000000e+00,0.000000000000000000e+00
7.849776473300286739e+01,0.000000000000000000e+00,0.000000000000000000e+00
7.961398119907980231e+01,0.000000000000000000e+00,0.000000000000000000e+00
7.708997732692130000e+01,0.000000000000000000e+00,0.000000000000000000e+00
7.856503842617905775e+01,0.000000000000000000e+00,0.000000000000000000e+00
8.078848216487531886e+01,0.000000000000000000e+00,0.000000000000000000e+00
7.737927466566502233e+01,0.000000000000000000e+00,0.000000000000000000e+00
8.155784858359827183e+01,0.000000000000000000e+00,0.000000000000000000e+00
8.072233262040782620e+01,0.000000000000000000e+00,0.000000000000000000e+00
8.134504352720395559e+01,0.000000000000000000e+00,0.000000000000000000e+00
7.548762753352163202e+01,0.000000000000000000e+00,0.000000000000000000e+00
7.552746057221702358e+01,0.000000000000000000e+00,0.000000000000000000e+00
7.668416077760782912e+01,0.000000000000000000e+00,0.000000000000000000e+00
7.994864574728094908e+01,0.000000000000000000e+00,0.000000000000000000e+00
7.682326674801761612e+01,0.000000000000000000e+00,0.000000000000000000e+00
7.845194039355317273e+01,0.000000000000000000e+00,0.000000000000000000e+00
7.858400515023467392e+01,0.000000000000000000e+00,0.000000000000000000e+00
7.703657352179067175e+01,0.000000000000000000e+00,0.000000000000000000e+00
8.126074125786676916e+01,0.000000000000000000e+00,0.000000000000000000e+00
7.977363071557191176e+01,0.000000000000000000e+00,0.000000000000000000e+00
8.339217611267629593e+01,0.000000000000000000e+00,0.000000000000000000e+00
7.966719218354457155e+01,0.000000000000000000e+00,0.000000000000000000e+00
7.803188354042639219e+01,0.000000000000000000e+00,0.000000000000000000e+00
7.389519086504779466e+01,0.000000000000000000e+00,0.000000000000000000e+00
7.370969046004752556e+01,0.000000000000000000e+00,0.000000000000000000e+00
7.816050137863342684e+01,0.000000000000000000e+00,0.000000000000000000e+00
8.184792240826045884e+01,0.000000000000000000e+00,0.000000000000000000e+00
7.981154093351642587e+01,0.000000000000000000e+00,0.000000000000000000e+00
7.814360045867999816e+01,0.000000000000000000e+00,0.000000000000000000e+00
7.894730535655780557e+01,0.000000000000000000e+00,0.000000000000000000e+00
7.638293402191925452e+01,0.000000000000000000e+00,0.000000000000000000e+00
7.850952140049943750e+01,0.000000000000000000e+00,0.000000000000000000e+00
7.624580205130079946e+01,0.000000000000000000e+00,0.000000000000000000e+00
8.104108238752547777e+01,0.000000000000000000e+00,0.000000000000000000e+00
8.120096340714583505e+01,0.000000000000000000e+00,0.000000000000000000e+00
7.944915532866434660e+01,0.000000000000000000e+00,0.000000000000000000e+00
8.037618981184128586e+01,0.000000000000000000e+00,0.000000000000000000e+00
7.874829388652064210e+01,0.000000000000000000e+00,0.000000000000000000e+00
8.189597555455731026e+01,0.000000000000000000e+00,0.000000000000000000e+00
7.856438102494686859e+01,0.000000000000000000e+00,0.000000000000000000e+00
8.093215489577505650e+01,0.000000000000000000e+00,0.000000000000000000e+00
7.925165529234395478e+01,0.000000000000000000e+00,0.000000000000000000e+00
8.029659461403910825e+01,0.000000000000000000e+00,0.000000000000000000e+00
8.230687398664537113e+01,0.000000000000000000e+00,0.000000000000000000e+00
7.868354544604460443e+01,0.000000000000000000e+00,0.000000000000000000e+00
8.043788704646344456e+01,0.000000000000000000e+00,0.000000000000000000e+00
8.006214680170558040e+01,0.000000000000000000e+00,0.000000000000000000e+00
7.984615300520921721e+01,0.000000000000000000e+00,0.000000000000000000e+00
7.877744961010145630e+01,0.000000000000000000e+00,0.000000000000000000e+00
7.986821557751373746e+01,0.000000000000000000e+00,0.000000000000000000e+00
8.132519650192408278e+01,0.000000000000000000e+00,0.000000000000000000e+00
8.144236137976247392e+01,0.000000000000000000e+00,0.000000000000000000e+00
7.626939302932967735e+01,0.000000000000000000e+00,0.000000000000000000e+00
8.034416420051785224e+01,0.000000000000000000e+00,0.000000000000000000e+00
7.908270981966646218e+01,0.000000000000000000e+00,0.000000000000000000e+00
7.797334623297007283e+01,0.000000000000000000e+00,0.000000000000000000e+00
7.798979933920814744e+01,0.000000000000000000e+00,0.000000000000000000e+00
8.102938578636261013e+01,0.000000000000000000e+00,0.000000000000000000e+00
8.045722797568417661e+01,0.000000000000000000e+00,0.000000000000000000e+00
7.753497010405024525e+01,0.000000000000000000e+00,0.000000000000000000e+00
7.945674755713086768e+01,0.000000000000000000e+00,0.000000000000000000e+00
7.900480030059391368e+01,0.000000000000000000e+00,0.000000000000000000e+00
8.355560801051983333e+01,0.000000000000000000e+00,0.000000000000000000e+00
8.057114948340557703e+01,0.000000000000000000e+00,0.000000000000000000e+00
8.077468651952396783e+01,0.000000000000000000e+00,0.000000000000000000e+00
7.952615840596853047e+01,0.000000000000000000e+00,0.000000000000000000e+00
8.082059477570213346e+01,0.000000000000000000e+00,0.000000000000000000e+00
7.583856938054904617e+01,0.000000000000000000e+00,0.000000000000000000e+00
8.184832818917625730e+01,0.000000000000000000e+00,0.000000000000000000e+00
8.287461568317606009e+01,0.000000000000000000e+00,0.000000000000000000e+00
7.970576164289600740e+01,0.000000000000000000e+00,0.000000000000000000e+00
8.078723077198668534e+01,0.000000000000000000e+00,0.000000000000000000e+00
3.011965758354844880e+01,0.000000000000000000e+00,0.000000000000000000e+00
3.327565790333206053e+01,0.000000000000000000e+00,0.000000000000000000e+00
3.390123734716242154e+01,0.000000000000000000e+00,0.000000000000000000e+00
3.343795557242002303e+01,0.000000000000000000e+00,0.000000000000000000e+00
3.328545223628027117e+01,0.000000000000000000e+00,0.000000000000000000e+00
3.292099079401586437e+01,0.000000000000000000e+00,0.000000000000000000e+00
3.172308987931926438e+01,0.000000000000000000e+00,0.000000000000000000e+00
2.894158457345325530e+01,0.000000000000000000e+00,0.000000000000000000e+00
3.092220590677351311e+01,0.000000000000000000e+00,0.000000000000000000e+00
3.138701234204219048e+01,0.000000000000000000e+00,0.000000000000000000e+00
2.885753928249109279e+01,0.000000000000000000e+00,0.000000000000000000e+00
3.324988353838087107e+01,0.000000000000000000e+00,0.000000000000000000e+00
2.355009429597441795e+01,0.000000000000000000e+00,0.000000000000000000e+00
2.201124802838399930e+01,0.000000000000000000e+00,0.000000000000000000e+00
2.151001419991330366e+01,0.000000000000000000e+00,0.000000000000000000e+00
2.074751836128786664e+01,0.000000000000000000e+00,0.000000000000000000e+00
2.537103483103109980e+01,0.000000000000000000e+00,0.000000000000000000e+00
2.299350883106302135e+01,0.000000000000000000e+00,0.000000000000000000e+00
2.004372634914723506e+01,0.000000000000000000e+00,0.000000000000000000e+00
2.310376034998638417e+01,0.000000000000000000e+00,0.000000000000000000e+00
2.178835891584366635e+01,0.000000000000000000e+00,0.000000000000000000e+00
2.485638329233313826e+01,0.000000000000000000e+00,0.000000000000000000e+00
2.318534791687023855e+01,0.000000000000000000e+00,0.000000000000000000e+00
2.361005677829806260e+01,0.000000000000000000e+00,0.000000000000000000e+00
1.874965752996516599e+01,0.000000000000000000e+00,0.000000000000000000e+00
1.813195392688605168e+01,0.000000000000000000e+00,0.000000000000000000e+00
2.268933321250909785e+01,0.000000000000000000e+00,0.000000000000000000e+00
1.838145625853581322e+01,0.000000000000000000e+00,0.000000000000000000e+00
1.850822562892608047e+01,0.000000000000000000e+00,0.000000000000000000e+00
2.279867896658278426e+01,0.000000000000000000e+00,0.000000000000000000e+00
2.090164388392262751e+01,0.000000000000000000e+00,0.000000000000000000e+00
2.287046441871461155e+01,0.000000000000000000e+00,0.000000000000000000e+00
1.991006541705191069e+01,0.000000000000000000e+00,0.000000000000000000e+00
1.778822609588711146e+01,0.000000000000000000e+00,0.000000000000000000e+00
2.291648941581993881e+01,0.000000000000000000e+00,0.000000000000000000e+00
2.074879366380572421e+01,0.000000000000000000e+00,0.000000000000000000e+00
1.865220787642209643e+01,0.000000000000000000e+00,0.000000000000000000e+00
2.069236367031785306e+01,0.000000000000000000e+00,0.000000000000000000e+00
1.804920012946001151e+01,0.000000000000000000e+00,0.000000000000000000e+00
2.032560768727142531e+01,0.000000000000000000e+00,0.000000000000000000e+00
1.965888528090854237e+01,0.000000000000000000e+00,0.000000000000000000e+00
2.090904886901609316e+01,0.000000000000000000e+00,0.000000000000000000e+00
1.998388923147838625e+01,0.000000000000000000e+00,0.000000000000000000e+00
1.991163801653927479e+01,0.000000000000000000e+00,0.000000000000000000e+00
1.967498524898497081e+01,0.000000000000000000e+00,0.000000000000000000e+00
1.802725513870616680e+01,0.000000000000000000e+00,0.000000000000000000e+00
2.402127302097674999e+01,0.000000000000000000e+00,0.000000000000000000e+00
1.740921043974885052e+01,0.000000000000000000e+00,0.000000000000000000e+00
1.948317329952966048e+01,0.000000000000000000e+00,0.000000000000000000e+00
1.926051873617517529e+01,0.000000000000000000e+00,0.000000000000000000e+00
1.813755553280824628e+01,0.000000000000000000e+00,0.000000000000000000e+00
1.791922784716705408e+01,0.000000000000000000e+00,0.000000000000000000e+00
2.082272958018952380e+01,0.000000000000000000e+00,0.000000000000000000e+00
2.207706207060954640e+01,0.000000000000000000e+00,0.000000000000000000e+00
1.771608496952190137e+01,0.000000000000000000e+00,0.000000000000000000e+00
2.125156240212296410e+01,0.000000000000000000e+00,0.000000000000000000e+00
1.717210708025714894e+01,0.000000000000000000e+00,0.000000000000000000e+00
2.090312115514759128e+01,0.000000000000000000e+00,0.000000000000000000e+00
1.816435820941348211e+01,0.000000000000000000e+00,0.000000000000000000e+00
1.940568829213592394e+01,0.000000000000000000e+00,0.000000000000000000e+00
1.892499995967487791e+01,0.000000000000000000e+00,0.000000000000000000e+00
1.964400823738713697e+01,0.000000000000000000e+00,0.000000000000000000e+00
2.064194423459828798e+01,0.000000000000000000e+00,0.000000000000000000e+00
1.914398938209770762e+01,0.000000000000000000e+00,0.000000000000000000e+00
1.940405006434394153e+01,0.000000000000000000e+00,0.000000000000000000e+00
2.305814756113576891e+01,0.000000000000000000e+00,0.000000000000000000e+00
1.828644418594893750e+01,0.000000000000000000e+00,0.000000000000000000e+00
1.899584991588788085e+01,0.000000000000000000e+00,0.000000000000000000e+00
1.823967265003442861e+01,0.000000000000000000e+00,0.000000000000000000e+00
2.345585211030408601e+01,0.000000000000000000e+00,0.000000000000000000e+00
1.876617621016818305e+01,0.000000000000000000e+00,0.000000000000000000e+00
1.991009977163304612e+01,0.000000000000000000e+00,0.000000000000000000e+00
2.088149851700094572e+01,0.000000000000000000e+00,0.000000000000000000e+00
2.229291865029508202e+01,0.000000000000000000e+00,0.000000000000000000e+00
2.037714960156990784e+01,0.000000000000000000e+00,0.000000000000000000e+00
1.849146884283076631e+01,0.000000000000000000e+00,0.000000000000000000e+00
2.000832498098527168e+01,0.000000000000000000e+00,0.000000000000000000e+00
1.992416205589885081e+01,0.000000000000000000e+00,0.000000000000000000e+00
2.158305909415083690e+01,0.000000000000000000e+00,0.000000000000000000e+00
2.042514651994530794e+01,0.000000000000000000e+00,0.000000000000000000e+00
2.212154511564326143e+01,0.000000000000000000e+00,0.000000000000000000e+00
2.032631652119707155e+01,0.000000000000000000e+00,0.000000000000000000e+00
1.671779275294159817e+01,0.000000000000000000e+00,0.000000000000000000e+00
1.743792678980317490e+01,0.000000000000000000e+00,0.000000000000000000e+00
1.876726720034055163e+01,0.000000000000000000e+00,0.000000000000000000e+00
2.075204536971357783e+01,0.000000000000000000e+00,0.000000000000000000e+00
2.200438274321597376e+01,0.000000000000000000e+00,0.000000000000000000e+00
1.818898430979692904e+01,0.000000000000000000e+00,0.000000000000000000e+00
2.313280815866238527e+01,0.000000000000000000e+00,0.000000000000000000e+00
1.892248965155987861e+01,0.000000000000000000e+00,0.000000000000000000e+00
2.124479872663127367e+01,0.000000000000000000e+00,0.000000000000000000e+00
2.217448258292937169e+01,0.000000000000000000e+00,0.000000000000000000e+00
1.960911409033109365e+01,0.000000000000000000e+00,0.000000000000000000e+00
1.884322000043886192e+01,0.000000000000000000e+00,0.000000000000000000e+00
2.239288485455656286e+01,0.000000000000000000e+00,0.000000000000000000e+00
2.252461261000020798e+01,0.000000000000000000e+00,0.000000000000000000e+00
1.875528674624035474e+01,0.000000000000000000e+00,0.000000000000000000e+00
1.657069613600459945e+01,0.000000000000000000e+00,0.000000000000000000e+00
2.141973338096975965e+01,0.000000000000000000e+00,0.000000000000000000e+00
1.664019326220549289e+01,0.000000000000000000e+00,0.000000000000000000e+00
1.973921434619791171e+01,0.000000000000000000e+00,0.000000000000000000e+00
2.127051345190638187e+01,0.000000000000000000e+00,0.000000000000000000e+00
2.063113028546343841e+01,0.000000000000000000e+00,0.000000000000000000e+00
2.455534107269943789e+01,0.000000000000000000e+00,0.000000000000000000e+00
1.869338940908711777e+01,0.000000000000000000e+00,0.000000000000000000e+00
2.045387941039266977e+01,0.000000000000000000e+00,0.000000000000000000e+00
2.014470463887564833e+01,0.000000000000000000e+00,0.000000000000000000e+00
2.252581996823849764e+01,0.000000000000000000e+00,0.000000000000000000e+00
1.845452021760377193e+01,0.000000000000000000e+00,0.000000000000000000e+00
2.176028399938053326e+01,0.000000000000000000e+00,0.000000000000000000e+00
2.191586602414446361e+01,0.000000000000000000e+00,0.000000000000000000e+00
1.650679869835194324e+01,0.000000000000000000e+00,0.000000000000000000e+00
1.966038037050847365e+01,0.000000000000000000e+00,0.000000000000000000e+00
2.085835366519236445e+01,0.000000000000000000e+00,0.000000000000000000e+00
2.053468304360291796e+01,0.000000000000000000e+00,0.000000000000000000e+00
1.790128142975903458e+01,0.000000000000000000e+00,0.000000000000000000e+00
2.115976995331679689e+01,0.000000000000000000e+00,0.000000000000000000e+00
2.083404362964209611e+01,0.000000000000000000e+00,0.000000000000000000e+00
1.968941010830787519e+01,0.000000000000000000e+00,0.000000000000000000e+00
1.945851826317083777e+01,0.000000000000000000e+00,0.000000000000000000e+00
1.376503163223547688e+01,0.000000000000000000e+00,0.000000000000000000e+00
1.624788372577839368e+01,0.000000000000000000e+00,0.000000000000000000e+00
1.834172387847304009e+01,0.000000000000000000e+00,0.000000000000000000e+00
2.193674973022135077e+01,0.000000000000000000e+00,0.000000000000000000e+00
2.190145242697372296e+01,0.000000000000000000e+00,0.000000000000000000e+00
1.694199014666418890e+01,0.000000000000000000e+00,0.000000000000000000e+00
2.160174295497526487e+01,0.000000000000000000e+00,0.000000000000000000e+00
1.972042151516069453e+01,0.000000000000000000e+00,0.000000000000000000e+00
2.344470605927499562e+01,0.000000000000000000e+00,0.000000000000000000e+00
2.320680856199925302e+01,0.000000000000000000e+00,0.000000000000000000e+00
2.275653309402580149e+01,0.000000000000000000e+00,0.000000000000000000e+00
2.065563859690670867e+01,0.000000000000000000e+00,0.000000000000000000e+00
2.129157678782160090e+01,0.000000000000000000e+00,0.000000000000000000e+00
2.141548200516219325e+01,0.000000000000000000e+00,0.000000000000000000e+00
1.941393609246277308e+01,0.000000000000000000e+00,0.000000000000000000e+00
1.973480885211190738e+01,0.000000000000000000e+00,0.000000000000000000e+00
1.991203757937583774e+01,0.000000000000000000e+00,0.000000000000000000e+00
2.128226034430289815e+01,0.000000000000000000e+00,0.000000000000000000e+00
2.022100529422611004e+01,0.000000000000000000e+00,0.000000000000000000e+00
1.846742267550706273e+01,0.000000000000000000e+00,0.000000000000000000e+00
2.100579563360936319e+01,0.000000000000000000e+00,0.000000000000000000e+00
1.961514544246782421e+01,0.000000000000000000e+00,0.000000000000000000e+00
2.125734384792127329e+01,0.000000000000000000e+00,0.000000000000000000e+00
2.133934734005249823e+01,0.000000000000000000e+00,0.000000000000000000e+00
2.160597738180725713e+01,0.000000000000000000e+00,0.000000000000000000e+00
2.079659031216727527e+01,0.000000000000000000e+00,0.000000000000000000e+00
1.952164853306558001e+01,0.000000000000000000e+00,0.000000000000000000e+00
1.961255807180580391e+01,0.000000000000000000e+00,0.000000000000000000e+00
1.737359413512206530e+01,0.000000000000000000e+00,0.000000000000000000e+00
2.261860762903433297e+01,0.000000000000000000e+00,0.000000000000000000e+00
1.900186466948938602e+01,0.000000000000000000e+00,0.000000000000000000e+00
2.214076063548746376e+01,0.000000000000000000e+00,0.000000000000000000e+00
1.608133058593265119e+01,0.000000000000000000e+00,0.000000000000000000e+00
1.840881237359706901e+01,0.000000000000000000e+00,0.000000000000000000e+00
2.054749363194370559e+01,0.000000000000000000e+00,0.000000000000000000e+00
2.114793673457314327e+01,0.000000000000000000e+00,0.000000000000000000e+00
2.001329280570995550e+01,0.000000000000000000e+00,0.000000000000000000e+00
2.102593520891962342e+01,0.000000000000000000e+00,0.000000000000000000e+00
1.775782672539902052e+01,0.000000000000000000e+00,0.000000000000000000e+00
1.921418664463209325e+01,0.000000000000000000e+00,0.000000000000000000e+00
1.965162636422888554e+01,0.000000000000000000e+00,0.000000000000000000e+00
2.177148174928455759e+01,0.000000000000000000e+00,0.000000000000000000e+00
2.425656733598562198e+01,0.000000000000000000e+00,0.000000000000000000e+00
1.817536654859768674e+01,0.000000000000000000e+00,0.000000000000000000e+00
2.051197771542179638e+01,0.000000000000000000e+00,0.000000000000000000e+00
1.677677971111623023e+01,0.000000000000000000e+00,0.000000000000000000e+00
2.001825486588954206e+01,0.000000000000000000e+00,0.000000000000000000e+00
2.231038718416426292e+01,0.000000000000000000e+00,0.000000000000000000e+00
2.115305991465816149e+01,0.000000000000000000e+00,0.000000000000000000e+00
1.620292682742350010e+01,0.000000000000000000e+00,0.000000000000000000e+00
2.000986768470643185e+01,0.000000000000000000e+00,0.000000000000000000e+00
2.108878557642996654e+01,0.000000000000000000e+00,0.000000000000000000e+00
1.762741877218672215e+01,0.000000000000000000e+00,0.000000000000000000e+00
1.978617139299842975e+01,0.000000000000000000e+00,0.000000000000000000e+00
2.039159746165178788e+01,0.000000000000000000e+00,0.000000000000000000e+00
2.408715697083323803e+01,0.000000000000000000e+00,0.000000000000000000e+00
1.933063968000397992e+01,0.000000000000000000e+00,0.000000000000000000e+00
2.089148164946969644e+01,0.000000000000000000e+00,0.000000000000000000e+00
1.718377543355853376e+01,0.000000000000000000e+00,0.000000000000000000e+00
1.804589061902947122e+01,0.000000000000000000e+00,0.000000000000000000e+00
6.873316279460739509e+01,0.000000000000000000e+00,0.000000000000000000e+00
6.732039896471844997e+01,0.000000000000000000e+00,0.000000000000000000e+00
6.758783035682010620e+01,0.000000000000000000e+00,0.000000000000000000e+00
6.676921459538085912e+01,0.000000000000000000e+00,0.000000000000000000e+00
6.800321705040829556e+01,0.000000000000000000e+00,0.000000000000000000e+00
6.598228357245933751e+01,0.000000000000000000e+00,0.000000000000000000e+00
6.626404915658935124e+01,0.000000000000000000e+00,0.000000000000000000e+00
6.952353431517258286e+01,0.000000000000000000e+00,0.000000000000000000e+00
6.806293187913918530e+01,0.000000000000000000e+00,0.000000000000000000e+00
6.403941714911768202e+01,0.000000000000000000e+00,0.000000000000000000e+00
6.767154851909042179e+01,0.000000000000000000e+00,0.000000000000000000e+00
6.864768641205351685e+01,0.000000000000000000e+00,0.000000000000000000e+00
7.608561300257910887e+01,0.000000000000000000e+00,0.000000000000000000e+00
7.705811971418688699e+01,0.000000000000000000e+00,0.000000000000000000e+00
7.920437001420644663e+01,0.000000000000000000e+00,0.000000000000000000e+00
7.514189415088553403e+01,0.000000000000000000e+00,0.000000000000000000e+00
7.846689220380618224e+01,0.000000000000000000e+00,0.000000000000000000e+00
7.589130349090412153e+01,0.000000000000000000e+00,0.000000000000000000e+00
7.397351234078112725e+01,0.000000000000000000e+00,0.000000000000000000e+00
7.885221542471839484e+01,0.000000000000000000e+00,0.000000000000000000e+00
7.644235725220033828e+01,0.000000000000000000e+00,0.000000000000000000e+00
8.019893681681000430e+01,0.000000000000000000e+00,0.000000000000000000e+00
7.938251589534527852e+01,0.000000000000000000e+00,0.000000000000000000e+00
7.732863199509655772e+01,0.000000000000000000e+00,0.000000000000000000e+00
8.019121131153048054e+01,0.000000000000000000e+00,0.000000000000000000e+00
7.969649381524966714e+01,0.000000000000000000e+00,0.000000000000000000e+00
8.127851417797967315e+01,0.000000000000000000e+00,0.000000000000000000e+00
8.014687035171010621e+01,0.000000000000000000e+00,0.000000000000000000e+00
7.829755157128623466e+01,0.000000000000000000e+00,0.000000000000000000e+00
8.024960085056645198e+01,0.000000000000000000e+00,0.000000000000000000e+00
7.767892516271741954e+01,0.000000000000000000e+00,0.000000000000000000e+00
7.855608182930068040e+01,0.000000000000000000e+00,0.000000000000000000e+00
8.103186482997323026e+01,0.000000000000000000e+00,0.000000000000000000e+00
8.175083915449830840e+01,0.000000000000000000e+00,0.000000000000000000e+00
7.723774587189376462e+01,0.000000000000000000e+00,0.000000000000000000e+00
7.899440225653675896e+01,0.000000000000000000e+00,0.000000000000000000e+00
8.320661670665865017e+01,0.000000000000000000e+00,0.000000000000000000e+00
7.728047572982930546e+01,0.000000000000000000e+00,0.000000000000000000e+00
8.105404078440756166e+01,0.000000000000000000e+00,0.000000000000000000e+00
7.812206239390307871e+01,0.000000000000000000e+00,0.000000000000000000e+00
8.163512832333231017e+01,0.000000000000000000e+00,0.000000000000000000e+00
8.024701865138000301e+01,0.000000000000000000e+00,0.000000000000000000e+00
8.331259231482381722e+01,0.000000000000000000e+00,0.000000000000000000e+00
8.121674054243929675e+01,0.000000000000000000e+00,0.000000000000000000e+00
7.627805576252315234e+01,0.000000000000000000e+00,0.000000000000000000e+00
8.022183794000082457e+01,0.000000000000000000e+00,0.000000000000000000e+00
7.711378020856952276e+01,0.000000000000000000e+00,0.000000000000000000e+00
8.014167456831285108e+01,0.000000000000000000e+00,0.000000000000000000e+00
8.086938868030362926e+01,0.000000000000000000e+00,0.000000000000000000e+00
7.731736566645896858e+01,0.000000000000000000e+00,0.000000000000000000e+00
8.131002044683668828e+01,0.000000000000000000e+00,0.000000000000000000e+00
8.041375615316543701e+01,0.000000000000000000e+00,0.000000000000000000e+00
8.075286738641372608e+01,0.000000000000000000e+00,0.000000000000000000e+00
7.983978443795068358e+01,0.000000000000000000e+00,0.000000000000000000e+00
8.042343675161924921e+01,0.000000000000000000e+00,0.000000000000000000e+00
8.552480250684301666e+01,0.000000000000000000e+00,0.000000000000000000e+00
8.152385604549199627e+01,0.000000000000000000e+00,0.000000000000000000e+00
7.844812241736336489e+01,0.000000000000000000e+00,0.000000000000000000e+00
8.026187828927471912e+01,0.000000000000000000e+00,0.000000000000000000e+00
7.992010760181833007e+01,0.000000000000000000e+00,0.000000000000000000e+00
8.049308643218485315e+01,0.000000000000000000e+00,0.000000000000000000e+00
8.346320563477725329e+01,0.000000000000000000e+00,0.000000000000000000e+00
7.818913777933795473e+01,0.000000000000000000e+00,0.000000000000000000e+00
8.160336648479182031e+01,0.000000000000000000e+00,0.000000000000000000e+00
8.035990988286283709e+01,0.000000000000000000e+00,0.000000000000000000e+00
7.712025072691270111e+01,0.000000000000000000e+00,0.000000000000000000e+00
8.015889329514962469e+01,0.000000000000000000e+00,0.000000000000000000e+00
7.976684262988931096e+01,0.000000000000000000e+00,0.000000000000000000e+00
7.933159856042702529e+01,0.000000000000000000e+00,0.000000000000000000e+00
7.838113389895303840e+01,0.000000000000000000e+00,0.000000000000000000e+00
7.589037433279662537e+01,0.000000000000000000e+00,0.000000000000000000e+00
8.249007487936147243e+01,0.000000000000000000e+00,0.000000000000000000e+00
8.242719474079230224e+01,0.000000000000000000e+00,0.000000000000000000e+00
8.036559387683641376e+01,0.000000000000000000e+00,0.000000000000000000e+00
7.842579131618977328e+01,0.000000000000000000e+00,0.000000000000000000e+00
7.723836771039924542e+01,0.000000000000000000e+00,0.000000000000000000e+00
8.139726115971045317e+01,0.000000000000000000e+00,0.000000000000000000e+00
8.084395617999005879e+01,0.000000000000000000e+00,0.000000000000000000e+00
7.781667955806211978e+01,0.000000000000000000e+00,0.000000000000000000e+00
7.924400294329149119e+01,0.000000000000000000e+00,0.000000000000000000e+00
8.058997274341419370e+01,0.000000000000000000e+00,0.000000000000000000e+00
8.177173871176216835e+01,0.000000000000000000e+00,0.000000000000000000e+00
7.971785710998676677e+01,0.000000000000000000e+00,0.000000000000000000e+00
7.797875956961055977e+01,0.000000000000000000e+00,0.000000000000000000e+00
7.999018191447689219e+01,0.000000000000000000e+00,0.000000000000000000e+00
8.216203311584953894e+01,0.000000000000000000e+00,0.000000000000000000e+00
8.265512311484491192e+01,0.000000000000000000e+00,0.000000000000000000e+00
8.046532592796727101e+01,0.000000000000000000e+00,0.000000000000000000e+00
7.819963295849356655e+01,0.000000000000000000e+00,0.000000000000000000e+00
7.858609629251326112e+01,0.000000000000000000e+00,0.000000000000000000e+00
8.077263411457120412e+01,0.000000000000000000e+00,0.000000000000000000e+00
7.801703523246671068e+01,0.000000000000000000e+00,0.000000000000000000e+00
7.787202440898290945e+01,0.000000000000000000e+00,0.000000000000000000e+00
7.952511987053870257e+01,0.000000000000000000e+00,0.000000000000000000e+00
7.733791588315855847e+01,0.000000000000000000e+00,0.000000000000000000e+00
8.098023321349494097e+01,0.000000000000000000e+00,0.000000000000000000e+00
7.904293388861640324e+01,0.000000000000000000e+00,0.000000000000000000e+00
7.685065411335455110e+01,0.000000000000000000e+00,0.000000000000000000e+00
7.870989428991971693e+01,0.000000000000000000e+00,0.000000000000000000e+00
7.504179518976330598e+01,0.000000000000000000e+00,0.000000000000000000e+00
8.038042231392167025e+01,0.000000000000000000e+00,0.000000000000000000e+00
8.077348867619215866e+01,0.000000000000000000e+00,0.000000000000000000e+00
8.094233726080769031e+01,0.000000000000000000e+00,0.000000000000000000e+00
8.049717649973888456e+01,0.000000000000000000e+00,0.000000000000000000e+00
7.986252857390640258e+01,0.000000000000000000e+00,0.000000000000000000e+00
8.174173207036847089e+01,0.000000000000000000e+00,0.000000000000000000e+00
8.316662606950831105e+01,0.000000000000000000e+00,0.000000000000000000e+00
7.684399480156405104e+01,0.000000000000000000e+00,0.000000000000000000e+00
3.043887197014323576e+01,0.000000000000000000e+00,0.000000000000000000e+00
3.345392769791726550e+01,0.000000000000000000e+00,0.000000000000000000e+00
3.396728796416143581e+01,0.000000000000000000e+00,0.000000000000000000e+00
3.555070618546649541e+01,0.000000000000000000e+00,0.000000000000000000e+00
3.193343072238758751e+01,0.000000000000000000e+00,0.000000000000000000e+00
3.258027152218870981e+01,0.000000000000000000e+00,0.000000000000000000e+00
3.554992384058829913e+01,0.000000000000000000e+00,0.000000000000000000e+00
2.836877027614581337e+01,0.000000000000000000e+00,0.000000000000000000e+00
3.154505592009221715e+01,0.000000000000000000e+00,0.000000000000000000e+00
3.072835973314458968e+01,0.000000000000000000e+00,0.000000000000000000e+00
3.328782960028149773e+01,0.000000000000000000e+00,0.000000000000000000e+00
3.570737309804109572e+01,0.000000000000000000e+00,0.000000000000000000e+00
2.062666603901014994e+01,0.000000000000000000e+00,0.000000000000000000e+00
2.387816235166113898e+01,0.000000000000000000e+00,0.000000000000000000e+00
2.188668889636895187e+01,0.000000000000000000e+00,0.000000000000000000e+00
2.301117375089385320e+01,0.000000000000000000e+00,0.000000000000000000e+00
2.200783180005130291e+01,0.000000000000000000e+00,0.000000000000000000e+00
2.215200872532676968e+01,0.000000000000000000e+00,0.000000000000000000e+00
1.927602036810574049e+01,0.000000000000000000e+00,0.000000000000000000e+00
2.103448132756918199e+01,0.000000000000000000e+00,0.000000000000000000e+00
2.082909545219360581e+01,0.000000000000000000e+00,0.000000000000000000e+00
1.952620703514482514e+01,0.000000000000000000e+00,0.000000000000000000e+00
2.292488104492306178e+01,0.000000000000000000e+00,0.000000000000000000e+00
1.866806279949466330e+01,0.000000000000000000e+00,0.000000000000000000e+00
2.179665146708335755e+01,0.000000000000000000e+00,0.000000000000000000e+00
1.759781844770349579e+01,0.000000000000000000e+00,0.000000000000000000e+00
2.156034728100141251e+01,0.000000000000000000e+00,0.000000000000000000e+00
2.151676666438638108e+01,0.000000000000000000e+00,0.000000000000000000e+00
1.747070886977627424e+01,0.000000000000000000e+00,0.000000000000000000e+00
2.555865960641826717e+01,0.000000000000000000e+00,0.000000000000000000e+00
2.234458867584070418e+01,0.000000000000000000e+00,0.000000000000000000e+00
1.598149845192585339e+01,0.000000000000000000e+00,0.000000000000000000e+00
1.650469939546836784e+01,0.000000000000000000e+00,0.000000000000000000e+00
1.861045959995675858e+01,0.000000000000000000e+00,0.000000000000000000e+00
2.102242265767939600e+01,0.000000000000000000e+00,0.000000000000000000e+00
2.066858140865255322e+01,0.000000000000000000e+00,0.000000000000000000e+00
1.772353973677916628e+01,0.000000000000000000e+00,0.000000000000000000e+00
1.937768256653059495e+01,0.000000000000000000e+00,0.000000000000000000e+00
1.973914594238240738e+01,0.000000000000000000e+00,0.000000000000000000e+00
2.110347150373553760e+01,0.000000000000000000e+00,0.000000000000000000e+00
1.716260158333804853e+01,0.000000000000000000e+00,0.000000000000000000e+00
2.244575080779931042e+01,0.000000000000000000e+00,0.000000000000000000e+00
1.860310584663054101e+01,0.000000000000000000e+00,0.000000000000000000e+00
2.034035588479011736e+01,0.000000000000000000e+00,0.000000000000000000e+00
1.968349078050389878e+01,0.000000000000000000e+00,0.000000000000000000e+00
2.199584321078436844e+01,0.000000000000000000e+00,0.000000000000000000e+00
1.721706287715395689e+01,0.000000000000000000e+00,0.000000000000000000e+00
1.900504592325777153e+01,0.000000000000000000e+00,0.000000000000000000e+00
1.998666661850994686e+01,0.000000000000000000e+00,0.000000000000000000e+00
2.024669110478964029e+01,0.000000000000000000e+00,0.000000000000000000e+00
2.109929577256099265e+01,0.000000000000000000e+00,0.000000000000000000e+00
1.924727251275858464e+01,0.000000000000000000e+00,0.000000000000000000e+00
2.062345807766537220e+01,0.000000000000000000e+00,0.000000000000000000e+00
1.709312151259156565e+01,0.000000000000000000e+00,0.000000000000000000e+00
1.947076531197165394e+01,0.000000000000000000e+00,0.000000000000000000e+00
1.647394706475508386e+01,0.000000000000000000e+00,0.000000000000000000e+00
1.850971721399162817e+01,0.000000000000000000e+00,0.000000000000000000e+00
2.037116844719704289e+01,0.000000000000000000e+00,0.000000000000000000e+00
1.904839806606548436e+01,0.000000000000000000e+00,0.000000000000000000e+00
2.208124975659925937e+01,0.000000000000000000e+00,0.000000000000000000e+00
1.841967373849054468e+01,0.000000000000000000e+00,0.000000000000000000e+00
2.081526013768723971e+01,0.000000000000000000e+00,0.000000000000000000e+00
1.930114340743515555e+01,0.000000000000000000e+00,0.000000000000000000e+00
2.104807865792771793e+01,0.000000000000000000e+00,0.000000000000000000e+00
2.020457277974265509e+01,0.000000000000000000e+00,0.000000000000000000e+00
1.918634111747404702e+01,0.000000000000000000e+00,0.000000000000000000e+00
2.461437021878591835e+01,0.000000000000000000e+00,0.000000000000000000e+00
2.005846819304317918e+01,0.000000000000000000e+00,0.000000000000000000e+00
1.819736505689530759e+01,0.000000000000000000e+00,0.000000000000000000e+00
2.261630351952305418e+01,0.000000000000000000e+00,0.000000000000000000e+00
2.162894786511387224e+01,0.000000000000000000e+00,0.000000000000000000e+00
2.009486385777977446e+01,0.000000000000000000e+00,0.000000000000000000e+00
2.056742405222948022e+01,0.000000000000000000e+00,0.000000000000000000e+00
2.321224616269483931e+01,0.000000000000000000e+00,0.000000000000000000e+00
1.974459117125239871e+01,0.000000000000000000e+00,0.000000000000000000e+00
2.140614499123270065e+01,0.000000000000000000e+00,0.000000000000000000e+00
1.547065063158966680e+01,0.000000000000000000e+00,0.000000000000000000e+00
2.382345841497873451e+01,0.000000000000000000e+00,0.000000000000000000e+00
1.768581858760478198e+01,0.000000000000000000e+00,0.000000000000000000e+00
1.974754681371634035e+01,0.000000000000000000e+00,0.000000000000000000e+00
1.950144665044249237e+01,0.000000000000000000e+00,0.000000000000000000e+00
1.965680303516733929e+01,0.000000000000000000e+00,0.000000000000000000e+00
1.960539202905609457e+01,0.000000000000000000e+00,0.000000000000000000e+00
2.034345579277349714e+01,0.000000000000000000e+00,0.000000000000000000e+00
2.028975632336248580e+01,0.000000000000000000e+00,0.000000000000000000e+00
1.607127946227031146e+01,0.000000000000000000e+00,0.000000000000000000e+00
2.231285220341444386e+01,0.000000000000000000e+00,0.000000000000000000e+00
2.050814918980929491e+01,0.000000000000000000e+00,0.000000000000000000e+00
2.026324726994198144e+01,0.000000000000000000e+00,0.000000000000000000e+00
1.861957431653665651e+01,0.000000000000000000e+00,0.000000000000000000e+00
2.242577355270473305e+01,0.000000000000000000e+00,0.000000000000000000e+00
2.068702184338463468e+01,0.000000000000000000e+00,0.000000000000000000e+00
2.102007226442954746e+01,0.000000000000000000e+00,0.000000000000000000e+00
1.838337343060778650e+01,0.000000000000000000e+00,0.000000000000000000e+00
2.092237504176271301e+01,0.000000000000000000e+00,0.000000000000000000e+00
2.492577218392032279e+01,0.000000000000000000e+00,0.000000000000000000e+00
1.993783812193886718e+01,0.000000000000000000e+00,0.000000000000000000e+00
2.231598507773046336e+01,0.000000000000000000e+00,0.000000000000000000e+00
1.947353962490161194e+01,0.000000000000000000e+00,0.000000000000000000e+00
1.855614827941889899e+01,0.000000000000000000e+00,0.000000000000000000e+00
1.807568580716418438e+01,0.000000000000000000e+00,0.000000000000000000e+00
1.853920023239918891e+01,0.000000000000000000e+00,0.000000000000000000e+00
1.970467256827265956e+01,0.000000000000000000e+00,0.000000000000000000e+00
2.011765743088750114e+01,0.000000000000000000e+00,0.000000000000000000e+00
2.093262894646771244e+01,0.000000000000000000e+00,0.000000000000000000e+00
2.155684228780076594e+01,0.000000000000000000e+00,0.000000000000000000e+00
2.168124398923811569e+01,0.000000000000000000e+00,0.000000000000000000e+00
2.061936982569554289e+01,0.000000000000000000e+00,0.000000000000000000e+00
2.343762394348345168e+01,0.000000000000000000e+00,0.000000000000000000e+00
1.858393619364460037e+01,0.000000000000000000e+00,0.000000000000000000e+00
1.965776169559131148e+01,0.000000000000000000e+00,0.000000000000000000e+00
2.262824691773398911e+01,0.000000000000000000e+00,0.000000000000000000e+00
1.978268629908933463e+01,0.000000000000000000e+00,0.000000000000000000e+00
1.656252037445301895e+01,0.000000000000000000e+00,0.000000000000000000e+00
1.746791742912983025e+01,0.000000000000000000e+00,0.000000000000000000e+00
2.124483574685175213e+01,0.000000000000000000e+00,0.000000000000000000e+00
2.162172731473692977e+01,0.000000000000000000e+00,0.000000000000000000e+00
1.964480170146245896e+01,0.000000000000000000e+00,0.000000000000000000e+00
2.287839330710612984e+01,0.000000000000000000e+00,0.000000000000000000e+00
1.917025414535809702e+01,0.000000000000000000e+00,0.000000000000000000e+00
1.445914885387325555e+01,0.000000000000000000e+00,0.000000000000000000e+00
2.103426239565937905e+01,0.000000000000000000e+00,0.000000000000000000e+00
1.912769097878374325e+01,0.000000000000000000e+00,0.000000000000000000e+00
2.070172671285842370e+01,0.000000000000000000e+00,0.000000000000000000e+00
2.055989864132976663e+01,0.000000000000000000e+00,0.000000000000000000e+00
2.352133478090956942e+01,0.000000000000000000e+00,0.000000000000000000e+00
1.938087688407667386e+01,0.000000000000000000e+00,0.000000000000000000e+00
2.076568663864205533e+01,0.000000000000000000e+00,0.000000000000000000e+00
1.676401037314981224e+01,0.000000000000000000e+00,0.000000000000000000e+00
2.001659627340594128e+01,0.000000000000000000e+00,0.000000000000000000e+00
2.104002160564179036e+01,0.000000000000000000e+00,0.000000000000000000e+00
2.055107565449059948e+01,0.000000000000000000e+00,0.000000000000000000e+00
1.855632998183252624e+01,0.000000000000000000e+00,0.000000000000000000e+00
1.969805912044139617e+01,0.000000000000000000e+00,0.000000000000000000e+00
1.914302490331427720e+01,0.000000000000000000e+00,0.000000000000000000e+00
2.284669765833341870e+01,0.000000000000000000e+00,0.000000000000000000e+00
2.087036393584139304e+01,0.000000000000000000e+00,0.000000000000000000e+00
2.160803651095587341e+01,0.000000000000000000e+00,0.000000000000000000e+00
2.357802277421753345e+01,0.000000000000000000e+00,0.000000000000000000e+00
1.606111598907187954e+01,0.000000000000000000e+00,0.000000000000000000e+00
2.338128291905436384e+01,0.000000000000000000e+00,0.000000000000000000e+00
1.943240754679567672e+01,0.000000000000000000e+00,0.000000000000000000e+00
1.816492021730321582e+01,0.000000000000000000e+00,0.000000000000000000e+00
2.086654625495006599e+01,0.000000000000000000e+00,0.000000000000000000e+00
2.007045705021682735e+01,0.000000000000000000e+00,0.000000000000000000e+00
1.951192505084301132e+01,0.000000000000000000e+00,0.000000000000000000e+00
1.829873309264979753e+01,0.000000000000000000e+00,0.000000000000000000e+00
2.176732268079089749e+01,0.000000000000000000e+00,0.000000000000000000e+00
2.028411111115624621e+01,0.000000000000000000e+00,0.000000000000000000e+00
2.003236693674369917e+01,0.000000000000000000e+00,0.000000000000000000e+00
2.388119264922223550e+01,0.000000000000000000e+00,0.000000000000000000e+00
1.805674041472910574e+01,0.000000000000000000e+00,0.000000000000000000e+00
2.084995580696537587e+01,0.000000000000000000e+00,0.000000000000000000e+00
1.899153892911381547e+01,0.000000000000000000e+00,0.000000000000000000e+00
2.100989396175785373e+01,0.000000000000000000e+00,0.000000000000000000e+00
1.729997181436040421e+01,0.000000000000000000e+00,0.000000000000000000e+00
1.921920077240366354e+01,0.000000000000000000e+00,0.000000000000000000e+00
1.909395642985870367e+01,0.000000000000000000e+00,0.000000000000000000e+00
2.029829976594120566e+01,0.000000000000000000e+00,0.000000000000000000e+00
1.996160830103091399e+01,0.000000000000000000e+00,0.000000000000000000e+00
2.013815409950816715e+01,0.000000000000000000e+00,0.000000000000000000e+00
2.040214708967006274e+01,0.000000000000000000e+00,0.000000000000000000e+00
1.783649578998032936e+01,0.000000000000000000e+00,0.000000000000000000e+00
1.972102129610660626e+01,0.000000000000000000e+00,0.000000000000000000e+00
1.713439980545378560e+01,0.000000000000000000e+00,0.000000000000000000e+00
1.829744432569322754e+01,0.000000000000000000e+00,0.000000000000000000e+00
1.720968175682615353e+01,0.000000000000000000e+00,0.000000000000000000e+00
1.975921254634047841e+01,0.000000000000000000e+00,0.000000000000000000e+00
2.340526422372384729e+01,0.000000000000000000e+00,0.000000000000000000e+00
1.875085282765444461e+01,0.000000000000000000e+00,0.000000000000000000e+00
1.927819280282721692e+01,0.000000000000000000e+00,0.000000000000000000e+00
2.064336513244204951e+01,0.000000000000000000e+00,0.000000000000000000e+00
2.172458705297941606e+01,0.000000000000000000e+00,0.000000000000000000e+00
2.093298002325356677e+01,0.000000000000000000e+00,0.000000000000000000e+00
2.533496086461396857e+01,0.000000000000000000e+00,0.000000000000000000e+00
1.832714012602690801e+01,0.000000000000000000e+00,0.000000000000000000e+00
2.000748313071924045e+01,0.000000000000000000e+00,0.000000000000000000e+00
1.671828199877448640e+01,0.000000000000000000e+00,0.000000000000000000e+00
2.072467076227085059e+01,0.000000000000000000e+00,0.000000000000000000e+00
2.030316523358325043e+01,0.000000000000000000e+00,0.000000000000000000e+00
6.641726106908154748e+01,0.000000000000000000e+00,0.000000000000000000e+00
6.832190472757615396e+01,0.000000000000000000e+00,0.000000000000000000e+00
6.791028203971347921e+01,0.000000000000000000e+00,0.000000000000000000e+00
6.875440722832354368e+01,0.000000000000000000e+00,0.000000000000000000e+00
6.758838510658918608e+01,0.000000000000000000e+00,0.000000000000000000e+00
7.093059814359625648e+01,0.000000000000000000e+00,0.000000000000000000e+00
6.971642316968718944e+01,0.000000000000000000e+00,0.000000000000000000e+00
6.993772643834735447e+01,0.000000000000000000e+00,0.000000000000000000e+00
6.757620058090853377e+01,0.000000000000000000e+00,0.000000000000000000e+00
6.981620414811590081e+01,0.000000000000000000e+00,0.000000000000000000e+00
6.647009791279405988e+01,0.000000000000000000e+00,0.000000000000000000e+00
6.778594983569310273e+01,0.000000000000000000e+00,0.000000000000000000e+00
8.082892932571249389e+01,0.000000000000000000e+00,0.000000000000000000e+00
8.031459144138352713e+01,0.000000000000000000e+00,0.000000000000000000e+00
7.821522843693166749e+01,0.000000000000000000e+00,0.000000000000000000e+00
7.670514775528032203e+01,0.000000000000000000e+00,0.000000000000000000e+00
7.674894818277104491e+01,0.000000000000000000e+00,0.000000000000000000e+00
7.946385555951243873e+01,0.000000000000000000e+00,0.000000000000000000e+00
7.691279886977362423e+01,0.000000000000000000e+00,0.000000000000000000e+00
7.987121119203662545e+01,0.000000000000000000e+00,0.000000000000000000e+00
7.508949175182111446e+01,0.000000000000000000e+00,0.000000000000000000e+00
7.824614120629300373e+01,0.000000000000000000e+00,0.000000000000000000e+00
7.941463676796240634e+01,0.000000000000000000e+00,0.000000000000000000e+00
7.844393307001462290e+01,0.000000000000000000e+00,0.000000000000000000e+00
8.134829866673072729e+01,0.000000000000000000e+00,0.000000000000000000e+00
8.035255946720359077e+01,0.000000000000000000e+00,0.000000000000000000e+00
7.570116518026780739e+01,0.000000000000000000e+00,0.000000000000000000e+00
7.511205671836930264e+01,0.000000000000000000e+00,0.000000000000000000e+00
8.021816520641198167e+01,0.000000000000000000e+00,0.000000000000000000e+00
7.533613122814763585e+01,0.000000000000000000e+00,0.000000000000000000e+00
7.648484269953280545e+01,0.000000000000000000e+00,0.000000000000000000e+00
7.985969547369431609e+01,0.000000000000000000e+00,0.000000000000000000e+00
8.036023194476626941e+01,0.000000000000000000e+00,0.000000000000000000e+00
7.993312922653498731e+01,0.000000000000000000e+00,0.000000000000000000e+00
7.641566804697365001e+01,0.000000000000000000e+00,0.000000000000000000e+00
7.867415216445607484e+01,0.000000000000000000e+00,0.000000000000000000e+00
8.005519956294602935e+01,0.000000000000000000e+00,0.000000000000000000e+00
7.780673267234666923e+01,0.000000000000000000e+00,0.000000000000000000e+00
8.089942726160086295e+01,0.000000000000000000e+00,0.000000000000000000e+00
7.939975542280639331e+01,0.000000000000000000e+00,0.000000000000000000e+00
8.370496481784088871e+01,0.000000000000000000e+00,0.000000000000000000e+00
8.186725786544995742e+01,0.000000000000000000e+00,0.000000000000000000e+00
8.158165664013917251e+01,0.000000000000000000e+00,0.000000000000000000e+00
8.030746796958605671e+01,0.000000000000000000e+00,0.000000000000000000e+00
8.124220328675956182e+01,0.000000000000000000e+00,0.000000000000000000e+00
8.293244474013302181e+01,0.000000000000000000e+00,0.000000000000000000e+00
8.202157525446946806e+01,0.000000000000000000e+00,0.000000000000000000e+00
7.884570039014801068e+01,0.000000000000000000e+00,0.000000000000000000e+00
8.276192102385213900e+01,0.000000000000000000e+00,0.000000000000000000e+00
8.204764943248369491e+01,0.000000000000000000e+00,0.000000000000000000e+00
8.105749773206294151e+01,0.000000000000000000e+00,0.000000000000000000e+00
7.935518906794328586e+01,0.000000000000000000e+00,0.000000000000000000e+00
8.210918308393539178e+01,0.000000000000000000e+00,0.000000000000000000e+00
8.072943256701006476e+01,0.000000000000000000e+00,0.000000000000000000e+00
8.110015501838020668e+01,0.000000000000000000e+00,0.000000000000000000e+00
8.267899218951117746e+01,0.000000000000000000e+00,0.000000000000000000e+00
8.091102691078613418e+01,0.000000000000000000e+00,0.000000000000000000e+00
7.895924040701721935e+01,0.000000000000000000e+00,0.000000000000000000e+00
8.166390402267614945e+01,0.000000000000000000e+00,0.000000000000000000e+00
7.858947227271491442e+01,0.000000000000000000e+00,0.000000000000000000e+00
8.194092356508929242e+01,0.000000000000000000e+00,0.000000000000000000e+00
8.045488282839907868e+01,0.000000000000000000e+00,0.000000000000000000e+00
7.958963188666446342e+01,0.000000000000000000e+00,0.000000000000000000e+00
7.876417115338654185e+01,0.000000000000000000e+00,0.000000000000000000e+00
8.089856617699577157e+01,0.000000000000000000e+00,0.000000000000000000e+00
8.047007877562097633e+01,0.000000000000000000e+00,0.000000000000000000e+00
7.709425684341488250e+01,0.000000000000000000e+00,0.000000000000000000e+00
8.187758617304287156e+01,0.000000000000000000e+00,0.000000000000000000e+00
8.057836129078668819e+01,0.000000000000000000e+00,0.000000000000000000e+00
7.885195045987559581e+01,0.000000000000000000e+00,0.000000000000000000e+00
8.165078107147003550e+01,0.000000000000000000e+00,0.000000000000000000e+00
8.055392168635907524e+01,0.000000000000000000e+00,0.000000000000000000e+00
7.825441799305268376e+01,0.000000000000000000e+00,0.000000000000000000e+00
7.946938793599004214e+01,0.000000000000000000e+00,0.000000000000000000e+00
7.627577373454062126e+01,0.000000000000000000e+00,0.000000000000000000e+00
7.807285024498455073e+01,0.000000000000000000e+00,0.000000000000000000e+00
7.974732892158348818e+01,0.000000000000000000e+00,0.000000000000000000e+00
8.280356112991620421e+01,0.000000000000000000e+00,0.000000000000000000e+00
7.692464297012908503e+01,0.000000000000000000e+00,0.000000000000000000e+00
7.728449399036081502e+01,0.000000000000000000e+00,0.000000000000000000e+00
8.028245355638271974e+01,0.000000000000000000e+00,0.000000000000000000e+00
8.087557506648256833e+01,0.000000000000000000e+00,0.000000000000000000e+00
7.975807315184367496e+01,0.000000000000000000e+00,0.000000000000000000e+00
7.921949947077570187e+01,0.000000000000000000e+00,0.000000000000000000e+00
8.399623867762406348e+01,0.000000000000000000e+00,0.000000000000000000e+00
8.003405013664701073e+01,0.000000000000000000e+00,0.000000000000000000e+00
7.736585023300222019e+01,0.000000000000000000e+00,0.000000000000000000e+00
8.026771987899337546e+01,0.000000000000000000e+00,0.000000000000000000e+00
8.141202491839545985e+01,0.000000000000000000e+00,0.000000000000000000e+00
8.126779058407537093e+01,0.000000000000000000e+00,0.000000000000000000e+00
7.722677126978406648e+01,0.000000000000000000e+00,0.000000000000000000e+00
8.287023893344388625e+01,0.000000000000000000e+00,0.000000000000000000e+00
7.857578420629509708e+01,0.000000000000000000e+00,0.000000000000000000e+00
7.718886777234304475e+01,0.000000000000000000e+00,0.000000000000000000e+00
7.960510817532495764e+01,0.000000000000000000e+00,0.000000000000000000e+00
7.710000139218614379e+01,0.000000000000000000e+00,0.000000000000000000e+00
8.088403967362327762e+01,0.000000000000000000e+00,0.000000000000000000e+00
7.801240684476965725e+01,0.000000000000000000e+00,0.000000000000000000e+00
7.899654763849989081e+01,0.000000000000000000e+00,0.000000000000000000e+00
8.071429750296076122e+01,0.000000000000000000e+00,0.000000000000000000e+00
8.201391536218629597e+01,0.000000000000000000e+00,0.000000000000000000e+00
8.227607509388340645e+01,0.000000000000000000e+00,0.000000000000000000e+00
7.953878261160974716e+01,0.000000000000000000e+00,0.000000000000000000e+00
8.286739686967965213e+01,0.000000000000000000e+00,0.000000000000000000e+00
7.995670100128657509e+01,0.000000000000000000e+00,0.000000000000000000e+00
8.201653732771605121e+01,0.000000000000000000e+00,0.000000000000000000e+00
7.960900416342670383e+01,0.000000000000000000e+00,0.000000000000000000e+00
8.178409628109680796e+01,0.000000000000000000e+00,0.000000000000000000e+00
2.930652755709955315e+01,0.000000000000000000e+00,0.000000000000000000e+00
3.219573710542441347e+01,0.000000000000000000e+00,0.000000000000000000e+00
3.290981494630179327e+01,0.000000000000000000e+00,0.000000000000000000e+00
3.325580857403617330e+01,0.000000000000000000e+00,0.000000000000000000e+00
3.363285212711875971e+01,0.000000000000000000e+00,0.000000000000000000e+00
3.185743874377143570e+01,0.000000000000000000e+00,0.000000000000000000e+00
2.828978364747239027e+01,0.000000000000000000e+00,0.000000000000000000e+00
3.199768226121009818e+01,0.000000000000000000e+00,0.000000000000000000e+00
3.318666516447192549e+01,0.000000000000000000e+00,0.000000000000000000e+00
3.038762877512083804e+01,0.000000000000000000e+00,0.000000000000000000e+00
2.993723689909114327e+01,0.000000000000000000e+00,0.000000000000000000e+00
3.295552893135069183e+01,0.000000000000000000e+00,0.000000000000000000e+00
1.920741841311290798e+01,0.000000000000000000e+00,0.000000000000000000e+00
2.394906093437512951e+01,0.000000000000000000e+00,0.000000000000000000e+00
2.495251765475862626e+01,0.000000000000000000e+00,0.000000000000000000e+00
2.083885682016300933e+01,0.000000000000000000e+00,0.000000000000000000e+00
2.468157761999718147e+01,0.000000000000000000e+00,0.000000000000000000e+00
2.609480336448979543e+01,0.000000000000000000e+00,0.000000000000000000e+00
1.987986964579902960e+01,0.000000000000000000e+00,0.000000000000000000e+00
2.129299210309006085e+01,0.000000000000000000e+00,0.000000000000000000e+00
2.337689205474438836e+01,0.000000000000000000e+00,0.000000000000000000e+00
1.925470355360216601e+01,0.000000000000000000e+00,0.000000000000000000e+00
2.075770707256582526e+01,0.000000000000000000e+00,0.000000000000000000e+00
2.189365683228789194e+01,0.000000000000000000e+00,0.000000000000000000e+00
1.795116728682014795e+01,0.000000000000000000e+00,0.000000000000000000e+00
1.894325401213970750e+01,0.000000000000000000e+00,0.000000000000000000e+00
1.775088735732381906e+01,0.000000000000000000e+00,0.000000000000000000e+00
2.194033797261911900e+01,0.000000000000000000e+00,0.000000000000000000e+00
2.131965278253024465e+01,0.000000000000000000e+00,0.000000000000000000e+00
2.114193433626279628e+01,0.000000000000000000e+00,0.000000000000000000e+00
1.978296885777990965e+01,0.000000000000000000e+00,0.000000000000000000e+00
2.139669025755722842e+01,0.000000000000000000e+00,0.000000000000000000e+00
2.042194841127478711e+01,0.000000000000000000e+00,0.000000000000000000e+00
1.904459536892801452e+01,0.000000000000000000e+00,0.000000000000000000e+00
1.791457462170707515e+01,0.000000000000000000e+00,0.000000000000000000e+00
1.977713688996859176e+01,0.000000000000000000e+00,0.000000000000000000e+00
2.144866946755826831e+01,0.000000000000000000e+00,0.000000000000000000e+00
2.565140169379951018e+01,0.000000000000000000e+00,0.000000000000000000e+00
2.034822300777456050e+01,0.000000000000000000e+00,0.000000000000000000e+00
2.121882788921683272e+01,0.000000000000000000e+00,0.000000000000000000e+00
1.718373973671884158e+01,0.000000000000000000e+00,0.000000000000000000e+00
2.129826641817654576e+01,0.000000000000000000e+00,0.000000000000000000e+00
2.079105187338845084e+01,0.000000000000000000e+00,0.000000000000000000e+00
2.148756353227728511e+01,0.000000000000000000e+00,0.000000000000000000e+00
2.347252180362578144e+01,0.000000000000000000e+00,0.000000000000000000e+00
2.147280659731154273e+01,0.000000000000000000e+00,0.000000000000000000e+00
2.329352964528950309e+01,0.000000000000000000e+00,0.000000000000000000e+00
1.887001759870132389e+01,0.000000000000000000e+00,0.000000000000000000e+00
1.906286534855879466e+01,0.000000000000000000e+00,0.000000000000000000e+00
2.083671928133970042e+01,0.000000000000000000e+00,0.000000000000000000e+00
1.848921648799736772e+01,0.000000000000000000e+00,0.000000000000000000e+00
1.905533089161831839e+01,0.000000000000000000e+00,0.000000000000000000e+00
1.797010939062354140e+01,0.000000000000000000e+00,0.000000000000000000e+00
2.113896613176184047e+01,0.000000000000000000e+00,0.000000000000000000e+00
2.234305653852224793e+01,0.000000000000000000e+00,0.000000000000000000e+00
2.097659302664267145e+01,0.000000000000000000e+00,0.000000000000000000e+00
1.944806908437050197e+01,0.000000000000000000e+00,0.000000000000000000e+00
2.116568008935974632e+01,0.000000000000000000e+00,0.000000000000000000e+00
2.026620863290164465e+01,0.000000000000000000e+00,0.000000000000000000e+00
1.820996665406899595e+01,0.000000000000000000e+00,0.000000000000000000e+00
2.122622420121125231e+01,0.000000000000000000e+00,0.000000000000000000e+00
2.051457782875522540e+01,0.000000000000000000e+00,0.000000000000000000e+00
1.871966377061801623e+01,0.000000000000000000e+00,0.000000000000000000e+00
1.798779818239442463e+01,0.000000000000000000e+00,0.000000000000000000e+00
2.067992031002709297e+01,0.000000000000000000e+00,0.000000000000000000e+00
2.218184891330168895e+01,0.000000000000000000e+00,0.000000000000000000e+00
2.000022885599989309e+01,0.000000000000000000e+00,0.000000000000000000e+00
2.071807406705840648e+01,0.000000000000000000e+00,0.000000000000000000e+00
2.016036779010985924e+01,0.000000000000000000e+00,0.000000000000000000e+00
2.221576695036897320e+01,0.000000000000000000e+00,0.000000000000000000e+00
1.994814884337684902e+01,0.000000000000000000e+00,0.000000000000000000e+00
1.504746036194573300e+01,0.000000000000000000e+00,0.000000000000000000e+00
2.104005664268353826e+01,0.000000000000000000e+00,0.000000000000000000e+00
2.008935556753956675e+01,0.000000000000000000e+00,0.000000000000000000e+00
1.921135948112931047e+01,0.000000000000000000e+00,0.000000000000000000e+00
1.986118018548309649e+01,0.000000000000000000e+00,0.000000000000000000e+00
1.675632285858485915e+01,0.000000000000000000e+00,0.000000000000000000e+00
1.885583827668470391e+01,0.000000000000000000e+00,0.000000000000000000e+00
1.865243344281697802e+01,0.000000000000000000e+00,0.000000000000000000e+00
2.002292928940937600e+01,0.000000000000000000e+00,0.000000000000000000e+00
1.925047241546353405e+01,0.000000000000000000e+00,0.000000000000000000e+00
1.758164680450401463e+01,0.000000000000000000e+00,0.000000000000000000e+00
2.349233401321493631e+01,0.000000000000000000e+00,0.000000000000000000e+00
1.776349781542453599e+01,0.000000000000000000e+00,0.000000000000000000e+00
1.832299992612968609e+01,0.000000000000000000e+00,0.000000000000000000e+00
1.968516481266253493e+01,0.000000000000000000e+00,0.000000000000000000e+00
2.382213436557994157e+01,0.000000000000000000e+00,0.000000000000000000e+00
1.916924219848883126e+01,0.000000000000000000e+00,0.000000000000000000e+00
1.891158487990739445e+01,0.000000000000000000e+00,0.000000000000000000e+00
2.278918489933585079e+01,0.000000000000000000e+00,0.000000000000000000e+00
1.821079780165910833e+01,0.000000000000000000e+00,0.000000000000000000e+00
1.936987639444152265e+01,0.000000000000000000e+00,0.000000000000000000e+00
1.775693070207993074e+01,0.000000000000000000e+00,0.000000000000000000e+00
1.773930574924425585e+01,0.000000000000000000e+00,0.000000000000000000e+00
1.961557936383469780e+01,0.000000000000000000e+00,0.000000000000000000e+00
2.186581490273181316e+01,0.000000000000000000e+00,0.000000000000000000e+00
1.692755370899839207e+01,0.000000000000000000e+00,0.000000000000000000e+00
1.551107887921193651e+01,0.000000000000000000e+00,0.000000000000000000e+00
2.185029215046185058e+01,0.000000000000000000e+00,0.000000000000000000e+00
2.042863550372820569e+01,0.000000000000000000e+00,0.000000000000000000e+00
1.941604584639296505e+01,0.000000000000000000e+00,0.000000000000000000e+00
2.064980552844660977e+01,0.000000000000000000e+00,0.000000000000000000e+00
1.622627790463509001e+01,0.000000000000000000e+00,0.000000000000000000e+00
1.595627089715185853e+01,0.000000000000000000e+00,0.000000000000000000e+00
2.010251856717682628e+01,0.000000000000000000e+00,0.000000000000000000e+00
1.823904843903772743e+01,0.000000000000000000e+00,0.000000000000000000e+00
2.046913499155303384e+01,0.000000000000000000e+00,0.000000000000000000e+00
1.994492276327694569e+01,0.000000000000000000e+00,0.000000000000000000e+00
2.019304891229327481e+01,0.000000000000000000e+00,0.000000000000000000e+00
2.165202174299708560e+01,0.000000000000000000e+00,0.000000000000000000e+00
1.842830086955240532e+01,0.000000000000000000e+00,0.000000000000000000e+00
2.022558141618898730e+01,0.000000000000000000e+00,0.000000000000000000e+00
1.989473282917643004e+01,0.000000000000000000e+00,0.000000000000000000e+00
1.946201876746436810e+01,0.000000000000000000e+00,0.000000000000000000e+00
2.249279261320270606e+01,0.000000000000000000e+00,0.000000000000000000e+00
2.269757110357155483e+01,0.000000000000000000e+00,0.000000000000000000e+00
1.990023231203301890e+01,0.000000000000000000e+00,0.000000000000000000e+00
1.765069335612182044e+01,0.000000000000000000e+00,0.000000000000000000e+00
2.295618933972215814e+01,0.000000000000000000e+00,0.000000000000000000e+00
2.018628249102824412e+01,0.000000000000000000e+00,0.000000000000000000e+00
2.320645295704288458e+01,0.000000000000000000e+00,0.000000000000000000e+00
1.837530380814571274e+01,0.000000000000000000e+00,0.000000000000000000e+00
1.974769730828398906e+01,0.000000000000000000e+00,0.000000000000000000e+00
2.255478559532745564e+01,0.000000000000000000e+00,0.000000000000000000e+00
2.114493452312058608e+01,0.000000000000000000e+00,0.000000000000000000e+00
1.981445417363893569e+01,0.000000000000000000e+00,0.000000000000000000e+00
1.791525665982846860e+01,0.000000000000000000e+00,0.000000000000000000e+00
1.873753649350544848e+01,0.000000000000000000e+00,0.000000000000000000e+00
2.171407191285755545e+01,0.000000000000000000e+00,0.000000000000000000e+00
2.231829640057599207e+01,0.000000000000000000e+00,0.000000000000000000e+00
2.069733993221807822e+01,0.000000000000000000e+00,0.000000000000000000e+00
2.100054048922638117e+01,0.000000000000000000e+00,0.000000000000000000e+00
2.072582991604146585e+01,0.000000000000000000e+00,0.000000000000000000e+00
1.813893035587308589e+01,0.000000000000000000e+00,0.000000000000000000e+00
1.970356428826322670e+01,0.000000000000000000e+00,0.000000000000000000e+00
1.749937710084349263e+01,0.000000000000000000e+00,0.000000000000000000e+00
2.141399619187330572e+01,0.000000000000000000e+00,0.000000000000000000e+00
2.060163062656143751e+01,0.000000000000000000e+00,0.000000000000000000e+00
2.018555224503028711e+01,0.000000000000000000e+00,0.000000000000000000e+00
1.788553999007249828e+01,0.000000000000000000e+00,0.000000000000000000e+00
2.004379153002767211e+01,0.000000000000000000e+00,0.000000000000000000e+00
1.451760869631192108e+01,0.000000000000000000e+00,0.000000000000000000e+00
1.702011903031180751e+01,0.000000000000000000e+00,0.000000000000000000e+00
1.793675026104908810e+01,0.000000000000000000e+00,0.000000000000000000e+00
1.825299150656924496e+01,0.000000000000000000e+00,0.000000000000000000e+00
2.128508237718266827e+01,0.000000000000000000e+00,0.000000000000000000e+00
2.072215148421959086e+01,0.000000000000000000e+00,0.000000000000000000e+00
1.929841478328082260e+01,0.000000000000000000e+00,0.000000000000000000e+00
2.047909950402511114e+01,0.000000000000000000e+00,0.000000000000000000e+00
2.001687014827590261e+01,0.000000000000000000e+00,0.000000000000000000e+00
1.938508759001107506e+01,0.000000000000000000e+00,0.000000000000000000e+00
2.081853672472466243e+01,0.000000000000000000e+00,0.000000000000000000e+00
1.993687808813312401e+01,0.000000000000000000e+00,0.000000000000000000e+00
2.071979515829328378e+01,0.000000000000000000e+00,0.000000000000000000e+00
1.592155008706012609e+01,0.000000000000000000e+00,0.000000000000000000e+00
2.211895100269837044e+01,0.000000000000000000e+00,0.000000000000000000e+00
1.634664775102758583e+01,0.000000000000000000e+00,0.000000000000000000e+00
2.086749438227802500e+01,0.000000000000000000e+00,0.000000000000000000e+00
1.826226898505418106e+01,0.000000000000000000e+00,0.000000000000000000e+00
1.646901298446962869e+01,0.000000000000000000e+00,0.000000000000000000e+00
1.994286595889155933e+01,0.000000000000000000e+00,0.000000000000000000e+00
1.896883803848898253e+01,0.000000000000000000e+00,0.000000000000000000e+00
1.901629360130539936e+01,0.000000000000000000e+00,0.000000000000000000e+00
1.928381332469342269e+01,0.000000000000000000e+00,0.000000000000000000e+00
1.971823559355099675e+01,0.000000000000000000e+00,0.000000000000000000e+00
2.162542464053154845e+01,0.000000000000000000e+00,0.000000000000000000e+00
1.951606361734977568e+01,0.000000000000000000e+00,0.000000000000000000e+00
1.713780772554984466e+01,0.000000000000000000e+00,0.000000000000000000e+00
1.723637828817937034e+01,0.000000000000000000e+00,0.000000000000000000e+00
1.967509307337703106e+01,0.000000000000000000e+00,0.000000000000000000e+00
2.200061192556532674e+01,0.000000000000000000e+00,0.000000000000000000e+00
1.977599696527528295e+01,0.000000000000000000e+00,0.000000000000000000e+00
2.279922281521382743e+01,0.000000000000000000e+00,0.000000000000000000e+00
1.906495792345513962e+01,0.000000000000000000e+00,0.000000000000000000e+00
2.306093792407986243e+01,0.000000000000000000e+00,0.000000000000000000e+00
2.060920805605680073e+01,0.000000000000000000e+00,0.000000000000000000e+00
1.733205564616530836e+01,0.000000000000000000e+00,0.000000000000000000e+00
2.130506810709081122e+01,0.000000000000000000e+00,0.000000000000000000e+00
2.189907143491851471e+01,0.000000000000000000e+00,0.000000000000000000e+00
1.852248572270097782e+01,0.000000000000000000e+00,0.000000000000000000e+00
6.674566584781209144e+01,0.000000000000000000e+00,0.000000000000000000e+00
6.783267883371090079e+01,0.000000000000000000e+00,0.000000000000000000e+00
6.524319658018121970e+01,0.000000000000000000e+00,0.000000000000000000e+00
7.163339700843084756e+01,0.000000000000000000e+00,0.000000000000000000e+00
6.730183942861187063e+01,0.000000000000000000e+00,0.000000000000000000e+00
6.675721331192990249e+01,0.000000000000000000e+00,0.000000000000000000e+00
6.348041541499217999e+01,0.000000000000000000e+00,0.000000000000000000e+00
6.985802568457056339e+01,0.000000000000000000e+00,0.000000000000000000e+00
7.050091516217202070e+01,0.000000000000000000e+00,0.000000000000000000e+00
6.932835930220987564e+01,0.000000000000000000e+00,0.000000000000000000e+00
6.595909303217356978e+01,0.000000000000000000e+00,0.000000000000000000e+00
6.784812388191912191e+01,0.000000000000000000e+00,0.000000000000000000e+00
7.633076564810372133e+01,0.000000000000000000e+00,0.000000000000000000e+00
7.928962704544484552e+01,0.000000000000000000e+00,0.000000000000000000e+00
8.010027927428521366e+01,0.000000000000000000e+00,0.000000000000000000e+00
7.647974523646234957e+01,0.000000000000000000e+00,0.000000000000000000e+00
8.076582402484018530e+01,0.000000000000000000e+00,0.000000000000000000e+00
7.621575631710278742e+01,0.000000000000000000e+00,0.000000000000000000e+00
7.952216445802554290e+01,0.000000000000000000e+00,0.000000000000000000e+00
7.505567815749456884e+01,0.000000000000000000e+00,0.000000000000000000e+00
7.660535488322319964e+01,0.000000000000000000e+00,0.000000000000000000e+00
7.718419744422986639e+01,0.000000000000000000e+00,0.000000000000000000e+00
7.731129464989096789e+01,0.000000000000000000e+00,0.000000000000000000e+00
7.872769331235335244e+01,0.000000000000000000e+00,0.000000000000000000e+00
7.784901639142310614e+01,0.000000000000000000e+00,0.000000000000000000e+00
8.049870308974031730e+01,0.000000000000000000e+00,0.000000000000000000e+00
7.940060111952780630e+01,0.000000000000000000e+00,0.000000000000000000e+00
8.036805999996103367e+01,0.000000000000000000e+00,0.000000000000000000e+00
7.815384813041103484e+01,0.000000000000000000e+00,0.000000000000000000e+00
7.952137148457705962e+01,0.000000000000000000e+00,0.000000000000000000e+00
7.887741628117824177e+01,0.000000000000000000e+00,0.000000000000000000e+00
8.075859089425787829e+01,0.000000000000000000e+00,0.000000000000000000e+00
8.288330624450905759e+01,0.000000000000000000e+00,0.000000000000000000e+00
7.932804124057715001e+01,0.000000000000000000e+00,0.000000000000000000e+00
7.906050293828731412e+01,0.000000000000000000e+00,0.000000000000000000e+00
8.272229686639066415e+01,0.000000000000000000e+00,0.000000000000000000e+00
8.120325310681471365e+01,0.000000000000000000e+00,0.000000000000000000e+00
7.830762420407380375e+01,0.000000000000000000e+00,0.000000000000000000e+00
7.729629616337064135e+01,0.000000000000000000e+00,0.000000000000000000e+00
8.380128397554325659e+01,0.000000000000000000e+00,0.000000000000000000e+00
7.892413527729613065e+01,0.000000000000000000e+00,0.000000000000000000e+00
7.699250935541088836e+01,0.000000000000000000e+00,0.000000000000000000e+00
7.970419952839414179e+01,0.000000000000000000e+00,0.000000000000000000e+00
7.750122671290711196e+01,0.000000000000000000e+00,0.000000000000000000e+00
8.200561788639220140e+01,0.000000000000000000e+00,0.000000000000000000e+00
7.866535955134318669e+01,0.000000000000000000e+00,0.000000000000000000e+00
7.715982184236131047e+01,0.000000000000000000e+00,0.000000000000000000e+00
7.827999362831360486e+01,0.000000000000000000e+00,0.000000000000000000e+00
8.074046299335272181e+01,0.000000000000000000e+00,0.000000000000000000e+00
8.019204489613053966e+01,0.000000000000000000e+00,0.000000000000000000e+00
7.925013815098732550e+01,0.000000000000000000e+00,0.000000000000000000e+00
8.301846406466903261e+01,0.000000000000000000e+00,0.000000000000000000e+00
7.728325590761306785e+01,0.000000000000000000e+00,0.000000000000000000e+00
7.846110791375166116e+01,0.000000000000000000e+00,0.000000000000000000e+00
8.083255207445931489e+01,0.000000000000000000e+00,0.000000000000000000e+00
8.198635539528430627e+01,0.000000000000000000e+00,0.000000000000000000e+00
7.577506840206933703e+01,0.000000000000000000e+00,0.000000000000000000e+00
8.016469025639007384e+01,0.000000000000000000e+00,0.000000000000000000e+00
8.211165250748946676e+01,0.000000000000000000e+00,0.000000000000000000e+00
8.224249640194507549e+01,0.000000000000000000e+00,0.000000000000000000e+00
8.059224860182425232e+01,0.000000000000000000e+00,0.000000000000000000e+00
7.975235486990619904e+01,0.000000000000000000e+00,0.000000000000000000e+00
7.905688511062476209e+01,0.000000000000000000e+00,0.000000000000000000e+00
8.022222959645914386e+01,0.000000000000000000e+00,0.000000000000000000e+00
8.105978502630343030e+01,0.000000000000000000e+00,0.000000000000000000e+00
8.046564801604800721e+01,0.000000000000000000e+00,0.000000000000000000e+00
7.907808306632824724e+01,0.000000000000000000e+00,0.000000000000000000e+00
8.351240785879026873e+01,0.000000000000000000e+00,0.000000000000000000e+00
7.894731786503471938e+01,0.000000000000000000e+00,0.000000000000000000e+00
8.162694117227728441e+01,0.000000000000000000e+00,0.000000000000000000e+00
8.107544681798647446e+01,0.000000000000000000e+00,0.000000000000000000e+00
7.947609407572048212e+01,0.000000000000000000e+00,0.000000000000000000e+00
7.596389401123789753e+01,0.000000000000000000e+00,0.000000000000000000e+00
7.925596863774450185e+01,0.000000000000000000e+00,0.000000000000000000e+00
7.601670691323356266e+01,0.000000000000000000e+00,0.000000000000000000e+00
8.126603469891442444e+01,0.000000000000000000e+00,0.000000000000000000e+00
8.289244734103677104e+01,0.000000000000000000e+00,0.000000000000000000e+00
7.560111068188777494e+01,0.000000000000000000e+00,0.000000000000000000e+00
7.775716276073653432e+01,0.000000000000000000e+00,0.000000000000000000e+00
8.020832939186188071e+01,0.000000000000000000e+00,0.000000000000000000e+00
8.243629984996876203e+01,0.000000000000000000e+00,0.000000000000000000e+00
7.993250541270826659e+01,0.000000000000000000e+00,0.000000000000000000e+00
7.705636740908765603e+01,0.000000000000000000e+00,0.000000000000000000e+00
8.287248472736921201e+01,0.000000000000000000e+00,0.000000000000000000e+00
7.744213967260544962e+01,0.000000000000000000e+00,0.000000000000000000e+00
7.987202246947626350e+01,0.000000000000000000e+00,0.000000000000000000e+00
8.271703799380591704e+01,0.000000000000000000e+00,0.000000000000000000e+00
7.898533550100735567e+01,0.000000000000000000e+00,0.000000000000000000e+00
7.926506029022351640e+01,0.000000000000000000e+00,0.000000000000000000e+00
8.273992405513867254e+01,0.000000000000000000e+00,0.000000000000000000e+00
7.651024386464860072e+01,0.000000000000000000e+00,0.000000000000000000e+00
7.964071630851410077e+01,0.000000000000000000e+00,0.000000000000000000e+00
8.028250412533373037e+01,0.000000000000000000e+00,0.000000000000000000e+00
8.078981051297837723e+01,0.000000000000000000e+00,0.000000000000000000e+00
7.899825922066123951e+01,0.000000000000000000e+00,0.000000000000000000e+00
7.741526359836093718e+01,0.000000000000000000e+00,0.000000000000000000e+00
7.691197161514043046e+01,0.000000000000000000e+00,0.000000000000000000e+00
7.981424164514295683e+01,0.000000000000000000e+00,0.000000000000000000e+00
7.980704867912579914e+01,0.000000000000000000e+00,0.000000000000000000e+00
8.040149476596430134e+01,0.000000000000000000e+00,0.000000000000000000e+00
7.614766735756762728e+01,0.000000000000000000e+00,0.000000000000000000e+00
8.091807007933157081e+01,0.000000000000000000e+00,0.000000000000000000e+00
8.195721881155321853e+01,0.000000000000000000e+00,0.000000000000000000e+00
7.759105484022040855e+01,0.000000000000000000e+00,0.000000000000000000e+00
7.849404498831965782e+01,0.000000000000000000e+00,0.000000000000000000e+00
8.194797043647272972e+01,0.000000000000000000e+00,0.000000000000000000e+00
7.815899337116631784e+01,0.000000000000000000e+00,0.000000000000000000e+00
8.203884323493714703e+01,0.000000000000000000e+00,0.000000000000000000e+00
3.662742933589771610e+01,0.000000000000000000e+00,0.000000000000000000e+00
3.281081804624641762e+01,0.000000000000000000e+00,0.000000000000000000e+00
2.999318218798475755e+01,0.000000000000000000e+00,0.000000000000000000e+00
3.435110167245253621e+01,0.000000000000000000e+00,0.000000000000000000e+00
2.940867400148001920e+01,0.000000000000000000e+00,0.000000000000000000e+00
3.381500768448857031e+01,0.000000000000000000e+00,0.000000000000000000e+00
3.080451421674099421e+01,0.000000000000000000e+00,0.000000000000000000e+00
2.956197889902961151e+01,0.000000000000000000e+00,0.000000000000000000e+00
2.966722331753363306e+01,0.000000000000000000e+00,0.000000000000000000e+00
2.742215831580530860e+01,0.000000000000000000e+00,0.000000000000000000e+00
3.073530551338058459e+01,0.000000000000000000e+00,0.000000000000000000e+00
3.119875382486541326e+01,0.000000000000000000e+00,0.000000000000000000e+00
2.058589036303502340e+01,0.000000000000000000e+00,0.000000000000000000e+00
1.815544793519775624e+01,0.000000000000000000e+00,0.000000000000000000e+00
2.588026032243667629e+01,0.000000000000000000e+00,0.000000000000000000e+00
2.098616713598658734e+01,0.000000000000000000e+00,0.000000000000000000e+00
2.214727686129399586e+01,0.000000000000000000e+00,0.000000000000000000e+00
2.223817484425095259e+01,0.000000000000000000e+00,0.000000000000000000e+00
2.135128800481659539e+01,0.000000000000000000e+00,0.000000000000000000e+00
2.124765631305250935e+01,0.000000000000000000e+00,0.000000000000000000e+00
2.103591324490204428e+01,0.000000000000000000e+00,0.000000000000000000e+00
2.070544709792504889e+01,0.000000000000000000e+00,0.000000000000000000e+00
2.261728138831427870e+01,0.000000000000000000e+00,0.000000000000000000e+00
2.337209719190630608e+01,0.000000000000000000e+00,0.000000000000000000e+00
2.157837085038606162e+01,0.000000000000000000e+00,0.000000000000000000e+00
2.122394753805989609e+01,0.000000000000000000e+00,0.000000000000000000e+00
1.890883193582954647e+01,0.000000000000000000e+00,0.000000000000000000e+00
1.827732550846977944e+01,0.000000000000000000e+00,0.000000000000000000e+00
2.300131615663071472e+01,0.000000000000000000e+00,0.000000000000000000e+00
2.024062999182241285e+01,0.000000000000000000e+00,0.000000000000000000e+00
1.816209364799802373e+01,0.000000000000000000e+00,0.000000000000000000e+00
2.071351200439125861e+01,0.000000000000000000e+00,0.000000000000000000e+00
1.900783902358714172e+01,0.000000000000000000e+00,0.000000000000000000e+00
1.886520402550986830e+01,0.000000000000000000e+00,0.000000000000000000e+00
2.162357251048346285e+01,0.000000000000000000e+00,0.000000000000000000e+00
1.951641556091952623e+01,0.000000000000000000e+00,0.000000000000000000e+00
2.234743175077063171e+01,0.000000000000000000e+00,0.000000000000000000e+00
1.902587262613601737e+01,0.000000000000000000e+00,0.000000000000000000e+00
2.086885005659199166e+01,0.000000000000000000e+00,0.000000000000000000e+00
1.962712997499725986e+01,0.000000000000000000e+00,0.000000000000000000e+00
1.950135643820013343e+01,0.000000000000000000e+00,0.000000000000000000e+00
2.483499576458726565e+01,0.000000000000000000e+00,0.000000000000000000e+00
1.646909540621989976e+01,0.000000000000000000e+00,0.000000000000000000e+00
2.185854065283640324e+01,0.000000000000000000e+00,0.000000000000000000e+00
2.022398150907883618e+01,0.000000000000000000e+00,0.000000000000000000e+00
1.649565530350115594e+01,0.000000000000000000e+00,0.000000000000000000e+00
1.904810965138015177e+01,0.000000000000000000e+00,0.000000000000000000e+00
1.763696900929255662e+01,0.000000000000000000e+00,0.000000000000000000e+00
2.038514158990676961e+01,0.000000000000000000e+00,0.000000000000000000e+00
2.231158258733443489e+01,0.000000000000000000e+00,0.000000000000000000e+00
2.153267672198145277e+01,0.000000000000000000e+00,0.000000000000000000e+00
1.859053146579436699e+01,0.000000000000000000e+00,0.000000000000000000e+00
2.261638096461612690e+01,0.000000000000000000e+00,0.000000000000000000e+00
1.887970504979171338e+01,0.000000000000000000e+00,0.000000000000000000e+00
1.948439146329356575e+01,0.000000000000000000e+00,0.000000000000000000e+00
2.340799097807657603e+01,0.000000000000000000e+00,0.000000000000000000e+00
1.677157115882757665e+01,0.000000000000000000e+00,0.000000000000000000e+00
1.724624134356890792e+01,0.000000000000000000e+00,0.000000000000000000e+00
1.896191647376127776e+01,0.000000000000000000e+00,0.000000000000000000e+00
2.056207632110052330e+01,0.000000000000000000e+00,0.000000000000000000e+00
2.124717971181257070e+01,0.000000000000000000e+00,0.000000000000000000e+00
1.882168065733912243e+01,0.000000000000000000e+00,0.000000000000000000e+00
1.925441957665407244e+01,0.000000000000000000e+00,0.000000000000000000e+00
2.129510158602170833e+01,0.000000000000000000e+00,0.000000000000000000e+00
1.969151039039187978e+01,0.000000000000000000e+00,0.000000000000000000e+00
1.981210616286395521e+01,0.000000000000000000e+00,0.000000000000000000e+00
2.125649119146344290e+01,0.000000000000000000e+00,0.000000000000000000e+00
2.464353839635621668e+01,0.000000000000000000e+00,0.000000000000000000e+00
2.001266416540472548e+01,0.000000000000000000e+00,0.000000000000000000e+00
2.222032742984472975e+01,0.000000000000000000e+00,0.000000000000000000e+00
2.026767208658525732e+01,0.000000000000000000e+00,0.000000000000000000e+00
1.854815050690211109e+01,0.000000000000000000e+00,0.000000000000000000e+00
1.919302153091878793e+01,0.000000000000000000e+00,0.000000000000000000e+00
2.206595719952190748e+01,0.000000000000000000e+00,0.000000000000000000e+00
2.183352665664835968e+01,0.000000000000000000e+00,0.000000000000000000e+00
1.662775850448706905e+01,0.000000000000000000e+00,0.000000000000000000e+00
2.132723943969553204e+01,0.000000000000000000e+00,0.000000000000000000e+00
1.748160022698328220e+01,0.000000000000000000e+00,0.000000000000000000e+00
1.786216478351986225e+01,0.000000000000000000e+00,0.000000000000000000e+00
1.964752208233485575e+01,0.000000000000000000e+00,0.000000000000000000e+00
1.982174345027053874e+01,0.000000000000000000e+00,0.000000000000000000e+00
1.935159415143053607e+01,0.000000000000000000e+00,0.000000000000000000e+00
1.809426690761699774e+01,0.000000000000000000e+00,0.000000000000000000e+00
2.045711731174197112e+01,0.000000000000000000e+00,0.000000000000000000e+00
2.076286562711630523e+01,0.000000000000000000e+00,0.000000000000000000e+00
1.630755122095851561e+01,0.000000000000000000e+00,0.000000000000000000e+00
1.748393905152360972e+01,0.000000000000000000e+00,0.000000000000000000e+00
2.047377945374173791e+01,0.000000000000000000e+00,0.000000000000000000e+00
2.444278577833279797e+01,0.000000000000000000e+00,0.000000000000000000e+00
1.913241118413253261e+01,0.000000000000000000e+00,0.000000000000000000e+00
2.092470045197016049e+01,0.000000000000000000e+00,0.000000000000000000e+00
1.680096603334334304e+01,0.000000000000000000e+00,0.000000000000000000e+00
1.934309156114948536e+01,0.000000000000000000e+00,0.000000000000000000e+00
2.098636191353026703e+01,0.000000000000000000e+00,0.000000000000000000e+00
1.932419144369615083e+01,0.000000000000000000e+00,0.000000000000000000e+00
2.316527684453166813e+01,0.000000000000000000e+00,0.000000000000000000e+00
1.910153145695009158e+01,0.000000000000000000e+00,0.000000000000000000e+00
1.910125589913173627e+01,0.000000000000000000e+00,0.000000000000000000e+00
1.865915736864239705e+01,0.000000000000000000e+00,0.000000000000000000e+00
2.137531419106933228e+01,0.000000000000000000e+00,0.000000000000000000e+00
2.119150893329761942e+01,0.000000000000000000e+00,0.000000000000000000e+00
2.024547959216144477e+01,0.000000000000000000e+00,0.000000000000000000e+00
1.729587355131446103e+01,0.000000000000000000e+00,0.000000000000000000e+00
1.991069744619986182e+01,0.000000000000000000e+00,0.000000000000000000e+00
2.080455907296678930e+01,0.000000000000000000e+00,0.000000000000000000e+00
2.102922197012679106e+01,0.000000000000000000e+00,0.000000000000000000e+00
2.104117693828730395e+01,0.000000000000000000e+00,0.000000000000000000e+00
2.461176301881366868e+01,0.000000000000000000e+00,0.000000000000000000e+00
2.064017616915472786e+01,0.000000000000000000e+00,0.000000000000000000e+00
2.194390854662259471e+01,0.000000000000000000e+00,0.000000000000000000e+00
1.814713748610338584e+01,0.000000000000000000e+00,0.000000000000000000e+00
1.650135091995424119e+01,0.000000000000000000e+00,0.000000000000000000e+00
2.025988489701012440e+01,0.000000000000000000e+00,0.000000000000000000e+00
2.280677894828378527e+01,0.000000000000000000e+00,0.000000000000000000e+00
1.904928173599343921e+01,0.000000000000000000e+00,0.000000000000000000e+00
1.863116857614485156e+01,0.000000000000000000e+00,0.000000000000000000e+00
1.786814675914916961e+01,0.000000000000000000e+00,0.000000000000000000e+00
1.909158346613547508e+01,0.000000000000000000e+00,0.000000000000000000e+00
1.928344845218316195e+01,0.000000000000000000e+00,0.000000000000000000e+00
2.094286099091469566e+01,0.000000000000000000e+00,0.000000000000000000e+00
1.998070189929066132e+01,0.000000000000000000e+00,0.000000000000000000e+00
1.925577989004585078e+01,0.000000000000000000e+00,0.000000000000000000e+00
1.950205070965618148e+01,0.000000000000000000e+00,0.000000000000000000e+00
2.315402008015657742e+01,0.000000000000000000e+00,0.000000000000000000e+00
1.559816577168327711e+01,0.000000000000000000e+00,0.000000000000000000e+00
2.133404184408095361e+01,0.000000000000000000e+00,0.000000000000000000e+00
2.043589676850350756e+01,0.000000000000000000e+00,0.000000000000000000e+00
1.911773076097825097e+01,0.000000000000000000e+00,0.000000000000000000e+00
2.161937164539267897e+01,0.000000000000000000e+00,0.000000000000000000e+00
2.036314451758369870e+01,0.000000000000000000e+00,0.000000000000000000e+00
2.115699122827684420e+01,0.000000000000000000e+00,0.000000000000000000e+00
1.995327875473780566e+01,0.000000000000000000e+00,0.000000000000000000e+00
2.023169394398881593e+01,0.000000000000000000e+00,0.000000000000000000e+00
1.751830420618041373e+01,0.000000000000000000e+00,0.000000000000000000e+00
2.104703972297490822e+01,0.000000000000000000e+00,0.000000000000000000e+00
1.746247423361904083e+01,0.000000000000000000e+00,0.000000000000000000e+00
1.630787315022631390e+01,0.000000000000000000e+00,0.000000000000000000e+00
2.066440609968278252e+01,0.000000000000000000e+00,0.000000000000000000e+00
1.999101544332170732e+01,0.000000000000000000e+00,0.000000000000000000e+00
2.003921578366266232e+01,0.000000000000000000e+00,0.000000000000000000e+00
1.822208954350931620e+01,0.000000000000000000e+00,0.000000000000000000e+00
1.911094549548514365e+01,0.000000000000000000e+00,0.000000000000000000e+00
1.700575789713764507e+01,0.000000000000000000e+00,0.000000000000000000e+00
2.062834364296314504e+01,0.000000000000000000e+00,0.000000000000000000e+00
2.111771107939009795e+01,0.000000000000000000e+00,0.000000000000000000e+00
1.784058387294094672e+01,0.000000000000000000e+00,0.000000000000000000e+00
1.972835108028079176e+01,0.000000000000000000e+00,0.000000000000000000e+00
1.851952538071808618e+01,0.000000000000000000e+00,0.000000000000000000e+00
2.075480485577061174e+01,0.000000000000000000e+00,0.000000000000000000e+00
2.184429474033425933e+01,0.000000000000000000e+00,0.000000000000000000e+00
1.775909056383131102e+01,0.000000000000000000e+00,0.000000000000000000e+00
1.948472237316985201e+01,0.000000000000000000e+00,0.000000000000000000e+00
1.836262241731929734e+01,0.000000000000000000e+00,0.000000000000000000e+00
2.183206848022034308e+01,0.000000000000000000e+00,0.000000000000000000e+00
1.940121498103293263e+01,0.000000000000000000e+00,0.000000000000000000e+00
1.898835062159885112e+01,0.000000000000000000e+00,0.000000000000000000e+00
2.248590909213137934e+01,0.000000000000000000e+00,0.000000000000000000e+00
2.125607434267850593e+01,0.000000000000000000e+00,0.000000000000000000e+00
2.012418939349950975e+01,0.000000000000000000e+00,0.000000000000000000e+00
2.082946388147520267e+01,0.000000000000000000e+00,0.000000000000000000e+00
1.833873269917037163e+01,0.000000000000000000e+00,0.000000000000000000e+00
2.071460824422442926e+01,0.000000000000000000e+00,0.000000000000000000e+00
1.845206830743924442e+01,0.000000000000000000e+00,0.000000000000000000e+00
2.283320805396098052e+01,0.000000000000000000e+00,0.000000000000000000e+00
2.055947558143761356e+01,0.000000000000000000e+00,0.000000000000000000e+00
1.891353293551079418e+01,0.000000000000000000e+00,0.000000000000000000e+00
2.050967795370010194e+01,0.000000000000000000e+00,0.000000000000000000e+00
1.904315723658203297e+01,0.000000000000000000e+00,0.000000000000000000e+00
1.990298990753530717e+01,0.000000000000000000e+00,0.000000000000000000e+00
1.883946263247040420e+01,0.000000000000000000e+00,0.000000000000000000e+00
2.404114185018515215e+01,0.000000000000000000e+00,0.000000000000000000e+00
2.105708148204722718e+01,0.000000000000000000e+00,0.000000000000000000e+00
2.023063947160307308e+01,0.000000000000000000e+00,0.000000000000000000e+00
2.028036959655340965e+01,0.000000000000000000e+00,0.000000000000000000e+00
2.399891895412394405e+01,0.000000000000000000e+00,0.000000000000000000e+00
2.022641427960192217e+01,0.000000000000000000e+00,0.000000000000000000e+00
1.919449617232641003e+01,0.000000000000000000e+00,0.000000000000000000e+00
2.007132101616706876e+01,0.000000000000000000e+00,0.000000000000000000e+00
1.680404790832599105e+01,0.000000000000000000e+00,0.000000000000000000e+00
2.056387949257832659e+01,0.000000000000000000e+00,0.000000000000000000e+00
6.636081640797959835e+01,0.000000000000000000e+00,0.000000000000000000e+00
7.020865170506613140e+01,0.000000000000000000e+00,0.000000000000000000e+00
6.713052268062725148e+01,0.000000000000000000e+00,0.000000000000000000e+00
6.931797018709764302e+01,0.000000000000000000e+00,0.000000000000000000e+00
6.954355158406714565e+01,0.000000000000000000e+00,0.000000000000000000e+00
7.097925381084134244e+01,0.000000000000000000e+00,0.000000000000000000e+00
6.906916604643897983e+01,0.000000000000000000e+00,0.000000000000000000e+00
7.048481559917995298e+01,0.000000000000000000e+00,0.000000000000000000e+00
6.870128280017725331e+01,0.000000000000000000e+00,0.000000000000000000e+00
6.719086457430975656e+01,0.000000000000000000e+00,0.000000000000000000e+00
6.671796351286496929e+01,0.000000000000000000e+00,0.000000000000000000e+00
6.763743347263950056e+01,0.000000000000000000e+00,0.000000000000000000e+00
7.757176278330014441e+01,0.000000000000000000e+00,0.000000000000000000e+00
7.419732596177779271e+01,0.000000000000000000e+00,0.000000000000000000e+00
7.967564763947005702e+01,0.000000000000000000e+00,0.000000000000000000e+00
7.611585357349372316e+01,0.000000000000000000e+00,0.000000000000000000e+00
7.586153614177466409e+01,0.000000000000000000e+00,0.000000000000000000e+00
7.773161816857405881e+01,0.000000000000000000e+00,0.000000000000000000e+00
7.639564309941088993e+01,0.000000000000000000e+00,0.000000000000000000e+00
7.762857133814831911e+01,0.000000000000000000e+00,0.000000000000000000e+00
7.640208748297315822e+01,0.000000000000000000e+00,0.000000000000000000e+00
7.783382769620168062e+01,0.000000000000000000e+00,0.000000000000000000e+00
7.516677786394912175e+01,0.000000000000000000e+00,0.000000000000000000e+00
8.117539066554003568e+01,0.000000000000000000e+00,0.000000000000000000e+00
7.664482303795551843e+01,0.000000000000000000e+00,0.000000000000000000e+00
7.594000401262002242e+01,0.000000000000000000e+00,0.000000000000000000e+00
7.767567755601525903e+01,0.000000000000000000e+00,0.000000000000000000e+00
7.800286433738456537e+01,0.000000000000000000e+00,0.000000000000000000e+00
8.125297068469230055e+01,0.000000000000000000e+00,0.000000000000000000e+00
7.879605725278015882e+01,0.000000000000000000e+00,0.000000000000000000e+00
7.757411681690479099e+01,0.000000000000000000e+00,0.000000000000000000e+00
7.942314307595377443e+01,0.000000000000000000e+00,0.000000000000000000e+00
7.737482525207610706e+01,0.000000000000000000e+00,0.000000000000000000e+00
7.965119564539496366e+01,0.000000000000000000e+00,0.000000000000000000e+00
7.714690911153418540e+01,0.000000000000000000e+00,0.000000000000000000e+00
7.920569959445454344e+01,0.000000000000000000e+00,0.000000000000000000e+00
7.719712705346120174e+01,0.000000000000000000e+00,0.000000000000000000e+00
8.016990456810822252e+01,0.000000000000000000e+00,0.000000000000000000e+00
7.692691821216558878e+01,0.000000000000000000e+00,0.000000000000000000e+00
7.784146552332863678e+01,0.000000000000000000e+00,0.000000000000000000e+00
8.095958525091204194e+01,0.000000000000000000e+00,0.000000000000000000e+00
8.222241510015663835e+01,0.000000000000000000e+00,0.000000000000000000e+00
8.027447665471423477e+01,0.000000000000000000e+00,0.000000000000000000e+00
7.934440371657333912e+01,0.000000000000000000e+00,0.000000000000000000e+00
7.979919590906528981e+01,0.000000000000000000e+00,0.000000000000000000e+00
8.162525409048539871e+01,0.000000000000000000e+00,0.000000000000000000e+00
7.967348962038347793e+01,0.000000000000000000e+00,0.000000000000000000e+00
8.078715478126775906e+01,0.000000000000000000e+00,0.000000000000000000e+00
7.941194495752981197e+01,0.000000000000000000e+00,0.000000000000000000e+00
8.236662112821555581e+01,0.000000000000000000e+00,0.000000000000000000e+00
7.994168093151773746e+01,0.000000000000000000e+00,0.000000000000000000e+00
8.026557981787878759e+01,0.000000000000000000e+00,0.000000000000000000e+00
8.075325850827996987e+01,0.000000000000000000e+00,0.000000000000000000e+00
7.756253397783055448e+01,0.000000000000000000e+00,0.000000000000000000e+00
8.006977085116577086e+01,0.000000000000000000e+00,0.000000000000000000e+00
8.036781154705572305e+01,0.000000000000000000e+00,0.000000000000000000e+00
8.053663318987250364e+01,0.000000000000000000e+00,0.000000000000000000e+00
7.721965200533126961e+01,0.000000000000000000e+00,0.000000000000000000e+00
8.111585323381147816e+01,0.000000000000000000e+00,0.000000000000000000e+00
7.723784673255697442e+01,0.000000000000000000e+00,0.000000000000000000e+00
8.054695487294296186e+01,0.000000000000000000e+00,0.000000000000000000e+00
8.058996570334841181e+01,0.000000000000000000e+00,0.000000000000000000e+00
8.200352260740913835e+01,0.000000000000000000e+00,0.000000000000000000e+00
7.974396224249440479e+01,0.000000000000000000e+00,0.000000000000000000e+00
7.753014394887523508e+01,0.000000000000000000e+00,0.000000000000000000e+00
8.205806655275888772e+01,0.000000000000000000e+00,0.000000000000000000e+00
8.285675846324926397e+01,0.000000000000000000e+00,0.000000000000000000e+00
7.797878176881881984e+01,0.000000000000000000e+00,0.000000000000000000e+00
7.612353493557490935e+01,0.000000000000000000e+00,0.000000000000000000e+00
8.023923657840251167e+01,0.000000000000000000e+00,0.000000000000000000e+00
7.918286413069023411e+01,0.000000000000000000e+00,0.000000000000000000e+00
8.046457230081105649e+01,0.000000000000000000e+00,0.000000000000000000e+00
8.342967467658469616e+01,0.000000000000000000e+00,0.000000000000000000e+00
8.052194640147097005e+01,0.000000000000000000e+00,0.000000000000000000e+00
7.972148069282668814e+01,0.000000000000000000e+00,0.000000000000000000e+00
8.088424745594328158e+01,0.000000000000000000e+00,0.000000000000000000e+00
7.751352293630220913e+01,0.000000000000000000e+00,0.000000000000000000e+00
7.886722482641481236e+01,0.000000000000000000e+00,0.000000000000000000e+00
8.257073416003032662e+01,0.000000000000000000e+00,0.000000000000000000e+00
7.870563169281498972e+01,0.000000000000000000e+00,0.000000000000000000e+00
7.673325903628719402e+01,0.000000000000000000e+00,0.000000000000000000e+00
7.905125596933113741e+01,0.000000000000000000e+00,0.000000000000000000e+00
7.693108578734471337e+01,0.000000000000000000e+00,0.000000000000000000e+00
7.826472299394829690e+01,0.000000000000000000e+00,0.000000000000000000e+00
7.574880394540259942e+01,0.000000000000000000e+00,0.000000000000000000e+00
7.981397770388385027e+01,0.000000000000000000e+00,0.000000000000000000e+00
8.353485911443287648e+01,0.000000000000000000e+00,0.000000000000000000e+00
7.807346931529176004e+01,0.000000000000000000e+00,0.000000000000000000e+00
7.934315414782057019e+01,0.000000000000000000e+00,0.000000000000000000e+00
7.763015630720028071e+01,0.000000000000000000e+00,0.000000000000000000e+00
8.064225385589590189e+01,0.000000000000000000e+00,0.000000000000000000e+00
7.979410916199442738e+01,0.000000000000000000e+00,0.000000000000000000e+00
8.019174534682125000e+01,0.000000000000000000e+00,0.000000000000000000e+00
7.598332264623631715e+01,0.000000000000000000e+00,0.000000000000000000e+00
8.262705723784226564e+01,0.000000000000000000e+00,0.000000000000000000e+00
7.850037519138929554e+01,0.000000000000000000e+00,0.000000000000000000e+00
7.784826747581006146e+01,0.000000000000000000e+00,0.000000000000000000e+00
7.936995033412343048e+01,0.000000000000000000e+00,0.000000000000000000e+00
7.744268826873403100e+01,0.000000000000000000e+00,0.000000000000000000e+00
8.099999220652615861e+01,0.000000000000000000e+00,0.000000000000000000e+00
7.713807156948757893e+01,0.000000000000000000e+00,0.000000000000000000e+00
8.038806697100366705e+01,0.000000000000000000e+00,0.000000000000000000e+00
7.970670114007766927e+01,0.000000000000000000e+00,0.000000000000000000e+00
8.351961328917906258e+01,0.000000000000000000e+00,0.000000000000000000e+00
8.143701012338074463e+01,0.000000000000000000e+00,0.000000000000000000e+00
8.221807079842980670e+01,0.000000000000000000e+00,0.000000000000000000e+00
8.128319204157841682e+01,0.000000000000000000e+00,0.000000000000000000e+00
8.019303919248606860e+01,0.000000000000000000e+00,0.000000000000000000e+00
3.243371736067635425e+01,0.000000000000000000e+00,0.000000000000000000e+00
3.052365146816265096e+01,0.000000000000000000e+00,0.000000000000000000e+00
3.217383144370680981e+01,0.000000000000000000e+00,0.000000000000000000e+00
3.288426563685356996e+01,0.000000000000000000e+00,0.000000000000000000e+00
3.388711903250518986e+01,0.000000000000000000e+00,0.000000000000000000e+00
3.134633565297389168e+01,0.000000000000000000e+00,0.000000000000000000e+00
3.184391841209528096e+01,0.000000000000000000e+00,0.000000000000000000e+00
3.198154145975805562e+01,0.000000000000000000e+00,0.000000000000000000e+00
3.107479095806201741e+01,0.000000000000000000e+00,0.000000000000000000e+00
2.944920202609089444e+01,0.000000000000000000e+00,0.000000000000000000e+00
3.210466306320834207e+01,0.000000000000000000e+00,0.000000000000000000e+00
3.378364665311727322e+01,0.000000000000000000e+00,0.000000000000000000e+00
2.538896695761459910e+01,0.000000000000000000e+00,0.000000000000000000e+00
1.896582904431053862e+01,0.000000000000000000e+00,0.000000000000000000e+00
2.366902666251031917e+01,0.000000000000000000e+00,0.000000000000000000e+00
2.195641326169645779e+01,0.000000000000000000e+00,0.000000000000000000e+00
2.372941330053249587e+01,0.000000000000000000e+00,0.000000000000000000e+00
2.126105538759657065e+01,0.000000000000000000e+00,0.000000000000000000e+00
2.368852103517210494e+01,0.000000000000000000e+00,0.000000000000000000e+00
2.038868683288685801e+01,0.000000000000000000e+00,0.000000000000000000e+00
2.367186178455544976e+01,0.000000000000000000e+00,0.000000000000000000e+00
2.284618347841900743e+01,0.000000000000000000e+00,0.000000000000000000e+00
2.249797384879306605e+01,0.000000000000000000e+00,0.000000000000000000e+00
2.071047263012440709e+01,0.000000000000000000e+00,0.000000000000000000e+00
1.905594883612378609e+01,0.000000000000000000e+00,0.000000000000000000e+00
2.090060605632834978e+01,0.000000000000000000e+00,0.000000000000000000e+00
2.107899047675088511e+01,0.000000000000000000e+00,0.000000000000000000e+00
1.948551617825996729e+01,0.000000000000000000e+00,0.000000000000000000e+00
2.561593307507635231e+01,0.000000000000000000e+00,0.000000000000000000e+00
2.158068736467119564e+01,0.000000000000000000e+00,0.000000000000000000e+00
2.207762574635145469e+01,0.000000000000000000e+00,0.000000000000000000e+00
1.840268349087812538e+01,0.000000000000000000e+00,0.000000000000000000e+00
2.156691802735853258e+01,0.000000000000000000e+00,0.000000000000000000e+00
1.864343503196803198e+01,0.000000000000000000e+00,0.000000000000000000e+00
1.907751384499763603e+01,0.000000000000000000e+00,0.000000000000000000e+00
1.580349305070348542e+01,0.000000000000000000e+00,0.000000000000000000e+00
2.122878992532149667e+01,0.000000000000000000e+00,0.000000000000000000e+00
1.811715129175421879e+01,0.000000000000000000e+00,0.000000000000000000e+00
2.143323305545745328e+01,0.000000000000000000e+00,0.000000000000000000e+00
2.312995062972774818e+01,0.000000000000000000e+00,0.000000000000000000e+00
1.875821236233138478e+01,0.000000000000000000e+00,0.000000000000000000e+00
1.433445414663467687e+01,0.000000000000000000e+00,0.000000000000000000e+00
1.833315471221967030e+01,0.000000000000000000e+00,0.000000000000000000e+00
2.111778727226639774e+01,0.000000000000000000e+00,0.000000000000000000e+00
2.123773442522052690e+01,0.000000000000000000e+00,0.000000000000000000e+00
2.215171480129671977e+01,0.000000000000000000e+00,0.000000000000000000e+00
2.017990260727306051e+01,0.000000000000000000e+00,0.000000000000000000e+00
1.789815042603331818e+01,0.000000000000000000e+00,0.000000000000000000e+00
2.245510605934691739e+01,0.000000000000000000e+00,0.000000000000000000e+00
1.757119062864173742e+01,0.000000000000000000e+00,0.000000000000000000e+00
1.760107627267020192e+01,0.000000000000000000e+00,0.000000000000000000e+00
1.764495436439762344e+01,0.000000000000000000e+00,0.000000000000000000e+00
1.938878412290896236e+01,0.000000000000000000e+00,0.000000000000000000e+00
1.857145484177978645e+01,0.000000000000000000e+00,0.000000000000000000e+00
1.975594285606596756e+01,0.000000000000000000e+00,0.000000000000000000e+00
1.714091999612043082e+01,0.000000000000000000e+00,0.000000000000000000e+00
2.087892564310686438e+01,0.000000000000000000e+00,0.000000000000000000e+00
1.754567431791250343e+01,0.000000000000000000e+00,0.000000000000000000e+00
2.199692484153257510e+01,0.000000000000000000e+00,0.000000000000000000e+00
2.209306503968882396e+01,0.000000000000000000e+00,0.000000000000000000e+00
2.283464691450637218e+01,0.000000000000000000e+00,0.000000000000000000e+00
2.254057005047222617e+01,0.000000000000000000e+00,0.000000000000000000e+00
2.254937350951771791e+01,0.000000000000000000e+00,0.000000000000000000e+00
2.355077418158735014e+01,0.000000000000000000e+00,0.000000000000000000e+00
1.889108810207184774e+01,0.000000000000000000e+00,0.000000000000000000e+00
2.159136516533724759e+01,0.000000000000000000e+00,0.000000000000000000e+00
2.155814576888737122e+01,0.000000000000000000e+00,0.000000000000000000e+00
1.987730107449249317e+01,0.000000000000000000e+00,0.000000000000000000e+00
2.045075710402520386e+01,0.000000000000000000e+00,0.000000000000000000e+00
2.167193654121432189e+01,0.000000000000000000e+00,0.000000000000000000e+00
2.008730966371113169e+01,0.000000000000000000e+00,0.000000000000000000e+00
2.117239952097434497e+01,0.000000000000000000e+00,0.000000000000000000e+00
2.425730618721797782e+01,0.000000000000000000e+00,0.000000000000000000e+00
2.108364211968939372e+01,0.000000000000000000e+00,0.000000000000000000e+00
2.037693227947864116e+01,0.000000000000000000e+00,0.000000000000000000e+00
2.240798548426716152e+01,0.000000000000000000e+00,0.000000000000000000e+00
2.173272572900921062e+01,0.000000000000000000e+00,0.000000000000000000e+00
1.645360035690602274e+01,0.000000000000000000e+00,0.000000000000000000e+00
2.107901658326327521e+01,0.000000000000000000e+00,0.000000000000000000e+00
1.976644067701490926e+01,0.000000000000000000e+00,0.000000000000000000e+00
2.053655887242861056e+01,0.000000000000000000e+00,0.000000000000000000e+00
2.215300060889392952e+01,0.000000000000000000e+00,0.000000000000000000e+00
1.968289320420984723e+01,0.000000000000000000e+00,0.000000000000000000e+00
2.092091075879962858e+01,0.000000000000000000e+00,0.000000000000000000e+00
2.060045453018744865e+01,0.000000000000000000e+00,0.000000000000000000e+00
1.901198643993024717e+01,0.000000000000000000e+00,0.000000000000000000e+00
2.175826845680325761e+01,0.000000000000000000e+00,0.000000000000000000e+00
2.038323886424188913e+01,0.000000000000000000e+00,0.000000000000000000e+00
1.955780744242880331e+01,0.000000000000000000e+00,0.000000000000000000e+00
1.846905161238594317e+01,0.000000000000000000e+00,0.000000000000000000e+00
1.826798842008430057e+01,0.000000000000000000e+00,0.000000000000000000e+00
2.140453256000951043e+01,0.000000000000000000e+00,0.000000000000000000e+00
1.748004171282491370e+01,0.000000000000000000e+00,0.000000000000000000e+00
1.830172249288261810e+01,0.000000000000000000e+00,0.000000000000000000e+00
2.098221288332424095e+01,0.000000000000000000e+00,0.000000000000000000e+00
1.941678725838474406e+01,0.000000000000000000e+00,0.000000000000000000e+00
1.999238598618351048e+01,0.000000000000000000e+00,0.000000000000000000e+00
2.007417032271683155e+01,0.000000000000000000e+00,0.000000000000000000e+00
1.966783743964360909e+01,0.000000000000000000e+00,0.000000000000000000e+00
2.064266011341259599e+01,0.000000000000000000e+00,0.000000000000000000e+00
1.975476520114884948e+01,0.000000000000000000e+00,0.000000000000000000e+00
1.841707722918640044e+01,0.000000000000000000e+00,0.000000000000000000e+00
2.214683408521034380e+01,0.000000000000000000e+00,0.000000000000000000e+00
1.869332318050092567e+01,0.000000000000000000e+00,0.000000000000000000e+00
2.127587160678329425e+01,0.000000000000000000e+00,0.000000000000000000e+00
1.800411883462263773e+01,0.000000000000000000e+00,0.000000000000000000e+00
1.711739328942832472e+01,0.000000000000000000e+00,0.000000000000000000e+00
2.570775745536200674e+01,0.000000000000000000e+00,0.000000000000000000e+00
1.834954965434055296e+01,0.000000000000000000e+00,0.000000000000000000e+00
2.104615106087980436e+01,0.000000000000000000e+00,0.000000000000000000e+00
1.766667426259189000e+01,0.000000000000000000e+00,0.000000000000000000e+00
2.226735354890162455e+01,0.000000000000000000e+00,0.000000000000000000e+00
2.147328137463427922e+01,0.000000000000000000e+00,0.000000000000000000e+00
2.000381508788391827e+01,0.000000000000000000e+00,0.000000000000000000e+00
2.073253983894585417e+01,0.000000000000000000e+00,0.000000000000000000e+00
1.979568187321754635e+01,0.000000000000000000e+00,0.000000000000000000e+00
1.674481790901111111e+01,0.000000000000000000e+00,0.000000000000000000e+00
2.329800842510832837e+01,0.000000000000000000e+00,0.000000000000000000e+00
1.799424156396031549e+01,0.000000000000000000e+00,0.000000000000000000e+00
2.338719841302101443e+01,0.000000000000000000e+00,0.000000000000000000e+00
2.242676619225712997e+01,0.000000000000000000e+00,0.000000000000000000e+00
1.868768623158687348e+01,0.000000000000000000e+00,0.000000000000000000e+00
1.979611114974765584e+01,0.000000000000000000e+00,0.000000000000000000e+00
1.924269265606211121e+01,0.000000000000000000e+00,0.000000000000000000e+00
2.427074529098831590e+01,0.000000000000000000e+00,0.000000000000000000e+00
1.985973054984584252e+01,0.000000000000000000e+00,0.000000000000000000e+00
2.340584903129683880e+01,0.000000000000000000e+00,0.000000000000000000e+00
1.865708771213814998e+01,0.000000000000000000e+00,0.000000000000000000e+00
2.144427200051819327e+01,0.000000000000000000e+00,0.000000000000000000e+00
1.790677951707482407e+01,0.000000000000000000e+00,0.000000000000000000e+00
2.160680546189774986e+01,0.000000000000000000e+00,0.000000000000000000e+00
2.205813307000833134e+01,0.000000000000000000e+00,0.000000000000000000e+00
2.136349064894331917e+01,0.000000000000000000e+00,0.000000000000000000e+00
1.863803430984801679e+01,0.000000000000000000e+00,0.000000000000000000e+00
2.326044248886273280e+01,0.000000000000000000e+00,0.000000000000000000e+00
2.069150568998689010e+01,0.000000000000000000e+00,0.000000000000000000e+00
2.109442323001786690e+01,0.000000000000000000e+00,0.000000000000000000e+00
1.770601163271088652e+01,0.000000000000000000e+00,0.000000000000000000e+00
1.629117780582924269e+01,0.000000000000000000e+00,0.000000000000000000e+00
1.986460007403416839e+01,0.000000000000000000e+00,0.000000000000000000e+00
1.994768961119812190e+01,0.000000000000000000e+00,0.000000000000000000e+00
2.418592423846112993e+01,0.000000000000000000e+00,0.000000000000000000e+00
1.824162401742644590e+01,0.000000000000000000e+00,0.000000000000000000e+00
2.044985077556420094e+01,0.000000000000000000e+00,0.000000000000000000e+00
1.919664924823353047e+01,0.000000000000000000e+00,0.000000000000000000e+00
1.954366419293247503e+01,0.000000000000000000e+00,0.000000000000000000e+00
2.054494491755089669e+01,0.000000000000000000e+00,0.000000000000000000e+00
2.204003217222953026e+01,0.000000000000000000e+00,0.000000000000000000e+00
1.825616634636404001e+01,0.000000000000000000e+00,0.000000000000000000e+00
2.243250189311018161e+01,0.000000000000000000e+00,0.000000000000000000e+00
2.096182968737118202e+01,0.000000000000000000e+00,0.000000000000000000e+00
2.203765667536894668e+01,0.000000000000000000e+00,0.000000000000000000e+00
1.656562989038793532e+01,0.000000000000000000e+00,0.000000000000000000e+00
1.687697415603156514e+01,0.000000000000000000e+00,0.000000000000000000e+00
2.303268983909033807e+01,0.000000000000000000e+00,0.000000000000000000e+00
1.918760631911688819e+01,0.000000000000000000e+00,0.000000000000000000e+00
2.302559011574149039e+01,0.000000000000000000e+00,0.000000000000000000e+00
2.114150281330089243e+01,0.000000000000000000e+00,0.000000000000000000e+00
2.129821625648401451e+01,0.000000000000000000e+00,0.000000000000000000e+00
2.270951581294476540e+01,0.000000000000000000e+00,0.000000000000000000e+00
2.108503157998722344e+01,0.000000000000000000e+00,0.000000000000000000e+00
1.849450878000536136e+01,0.000000000000000000e+00,0.000000000000000000e+00
2.223454013115861372e+01,0.000000000000000000e+00,0.000000000000000000e+00
1.874639545950232034e+01,0.000000000000000000e+00,0.000000000000000000e+00
2.073437683630037753e+01,0.000000000000000000e+00,0.000000000000000000e+00
1.951927328522718597e+01,0.000000000000000000e+00,0.000000000000000000e+00
1.918992132190122391e+01,0.000000000000000000e+00,0.000000000000000000e+00
1.727379699161705418e+01,0.000000000000000000e+00,0.000000000000000000e+00
2.012932876289161399e+01,0.000000000000000000e+00,0.000000000000000000e+00
1.992893079966547631e+01,0.000000000000000000e+00,0.000000000000000000e+00
2.162119963875126061e+01,0.000000000000000000e+00,0.000000000000000000e+00
2.142847439318808256e+01,0.000000000000000000e+00,0.000000000000000000e+00
1.992309651344957544e+01,0.000000000000000000e+00,0.000000000000000000e+00
2.145558808671749773e+01,0.000000000000000000e+00,0.000000000000000000e+00
2.073914933212532929e+01,0.000000000000000000e+00,0.000000000000000000e+00
1.711950061553956459e+01,0.000000000000000000e+00,0.000000000000000000e+00
1.991956848157247606e+01,0.000000000000000000e+00,0.000000000000000000e+00
1.941378340871895247e+01,0.000000000000000000e+00,0.000000000000000000e+00
1.813078451454998685e+01,0.000000000000000000e+00,0.000000000000000000e+00
2.051687150523046554e+01,0.000000000000000000e+00,0.000000000000000000e+00
6.852956346098612528e+01,0.000000000000000000e+00,0.000000000000000000e+00
6.488660429346278136e+01,0.000000000000000000e+00,0.000000000000000000e+00
6.728488682004731913e+01,0.000000000000000000e+00,0.000000000000000000e+00
6.451871184234735779e+01,0.000000000000000000e+00,0.000000000000000000e+00
6.837397150651003130e+01,0.000000000000000000e+00,0.000000000000000000e+00
6.726957033028082833e+01,0.000000000000000000e+00,0.000000000000000000e+00
6.955119606042480029e+01,0.000000000000000000e+00,0.000000000000000000e+00
6.775675371903525956e+01,0.000000000000000000e+00,0.000000000000000000e+00
6.844925447499657878e+01,0.000000000000000000e+00,0.000000000000000000e+00
6.542267121685316056e+01,0.000000000000000000e+00,0.000000000000000000e+00
6.936600973238914492e+01,0.000000000000000000e+00,0.000000000000000000e+00
7.039717359827996290e+01,0.000000000000000000e+00,0.000000000000000000e+00
7.795788708341642348e+01,0.000000000000000000e+00,0.000000000000000000e+00
7.672445224813151299e+01,0.000000000000000000e+00,0.000000000000000000e+00
7.990469730403862059e+01,0.000000000000000000e+00,0.000000000000000000e+00
7.885463244776002512e+01,0.000000000000000000e+00,0.000000000000000000e+00
8.052410912964330691e+01,0.000000000000000000e+00,0.000000000000000000e+00
7.619226389715990422e+01,0.000000000000000000e+00,0.000000000000000000e+00
7.729212949614303341e+01,0.000000000000000000e+00,0.000000000000000000e+00
7.536696866107722315e+01,0.000000000000000000e+00,0.000000000000000000e+00
7.908533409508596890e+01,0.000000000000000000e+00,0.000000000000000000e+00
7.656314591891481314e+01,0.000000000000000000e+00,0.000000000000000000e+00
7.944949989078806141e+01,0.000000000000000000e+00,0.000000000000000000e+00
7.702905370307721000e+01,0.000000000000000000e+00,0.000000000000000000e+00
7.970325527888114436e+01,0.000000000000000000e+00,0.000000000000000000e+00
7.794960977681509462e+01,0.000000000000000000e+00,0.000000000000000000e+00
8.126382029706526566e+01,0.000000000000000000e+00,0.000000000000000000e+00
7.766090312596058709e+01,0.000000000000000000e+00,0.000000000000000000e+00
7.533534839149473328e+01,0.000000000000000000e+00,0.000000000000000000e+00
8.096258960958245154e+01,0.000000000000000000e+00,0.000000000000000000e+00
7.761816728821597167e+01,0.000000000000000000e+00,0.000000000000000000e+00
7.968931307711382317e+01,0.000000000000000000e+00,0.000000000000000000e+00
8.165586359451901899e+01,0.000000000000000000e+00,0.000000000000000000e+00
8.184695682314632847e+01,0.000000000000000000e+00,0.000000000000000000e+00
7.945007877920376416e+01,0.000000000000000000e+00,0.000000000000000000e+00
7.700029108370223696e+01,0.000000000000000000e+00,0.000000000000000000e+00
8.543116262967151897e+01,0.000000000000000000e+00,0.000000000000000000e+00
8.389264487352693322e+01,0.000000000000000000e+00,0.000000000000000000e+00
8.014138788955422399e+01,0.000000000000000000e+00,0.000000000000000000e+00
7.754798110057380711e+01,0.000000000000000000e+00,0.000000000000000000e+00
7.848297128745608120e+01,0.000000000000000000e+00,0.000000000000000000e+00
7.982802206336936024e+01,0.000000000000000000e+00,0.000000000000000000e+00
8.134219224883705124e+01,0.000000000000000000e+00,0.000000000000000000e+00
7.819774656475705399e+01,0.000000000000000000e+00,0.000000000000000000e+00
7.684363723653886780e+01,0.000000000000000000e+00,0.000000000000000000e+00
7.998031865802933282e+01,0.000000000000000000e+00,0.000000000000000000e+00
8.301960148975314269e+01,0.000000000000000000e+00,0.000000000000000000e+00
7.705738756478989160e+01,0.000000000000000000e+00,0.000000000000000000e+00
8.290258478845667867e+01,0.000000000000000000e+00,0.000000000000000000e+00
7.868862386656239494e+01,0.000000000000000000e+00,0.000000000000000000e+00
7.999075272140690629e+01,0.000000000000000000e+00,0.000000000000000000e+00
7.767226576917146019e+01,0.000000000000000000e+00,0.000000000000000000e+00
7.983837052621656483e+01,0.000000000000000000e+00,0.000000000000000000e+00
8.217288142930242145e+01,0.000000000000000000e+00,0.000000000000000000e+00
7.698805688647895806e+01,0.000000000000000000e+00,0.000000000000000000e+00
8.253623925378384740e+01,0.000000000000000000e+00,0.000000000000000000e+00
7.764576660840410227e+01,0.000000000000000000e+00,0.000000000000000000e+00
8.049620226633658149e+01,0.000000000000000000e+00,0.000000000000000000e+00
8.155796475083158725e+01,0.000000000000000000e+00,0.000000000000000000e+00
7.995198707678504491e+01,0.000000000000000000e+00,0.000000000000000000e+00
7.883725832530745947e+01,0.000000000000000000e+00,0.000000000000000000e+00
8.065479397703053621e+01,0.000000000000000000e+00,0.000000000000000000e+00
7.864742969244136361e+01,0.000000000000000000e+00,0.000000000000000000e+00
8.058884867524754725e+01,0.000000000000000000e+00,0.000000000000000000e+00
7.885332355733930854e+01,0.000000000000000000e+00,0.000000000000000000e+00
7.891755398298627711e+01,0.000000000000000000e+00,0.000000000000000000e+00
8.176793507302603814e+01,0.000000000000000000e+00,0.000000000000000000e+00
8.054232477133729162e+01,0.000000000000000000e+00,0.000000000000000000e+00
8.173595269783282902e+01,0.000000000000000000e+00,0.000000000000000000e+00
8.283546757584289821e+01,0.000000000000000000e+00,0.000000000000000000e+00
8.028670050170755701e+01,0.000000000000000000e+00,0.000000000000000000e+00
7.940799052075776387e+01,0.000000000000000000e+00,0.000000000000000000e+00
8.102790925953931378e+01,0.000000000000000000e+00,0.000000000000000000e+00
8.082508809165788932e+01,0.000000000000000000e+00,0.000000000000000000e+00
7.815451262420350531e+01,0.000000000000000000e+00,0.000000000000000000e+00
8.348245023632109962e+01,0.000000000000000000e+00,0.000000000000000000e+00
7.861943374179648458e+01,0.000000000000000000e+00,0.000000000000000000e+00
7.948892617709273622e+01,0.000000000000000000e+00,0.000000000000000000e+00
8.070859747280923102e+01,0.000000000000000000e+00,0.000000000000000000e+00
7.873423653263154165e+01,0.000000000000000000e+00,0.000000000000000000e+00
7.905532277375561989e+01,0.000000000000000000e+00,0.000000000000000000e+00
7.619205911654663055e+01,0.000000000000000000e+00,0.000000000000000000e+00
7.933159641722187416e+01,0.000000000000000000e+00,0.000000000000000000e+00
7.986428408976098581e+01,0.000000000000000000e+00,0.000000000000000000e+00
8.088852469005055923e+01,0.000000000000000000e+00,0.000000000000000000e+00
7.603840819539837526e+01,0.000000000000000000e+00,0.000000000000000000e+00
8.023942299059736172e+01,0.000000000000000000e+00,0.000000000000000000e+00
8.037716667012004734e+01,0.000000000000000000e+00,0.000000000000000000e+00
8.100475969433246348e+01,0.000000000000000000e+00,0.000000000000000000e+00
7.770468714307219216e+01,0.000000000000000000e+00,0.000000000000000000e+00
8.342259782814363689e+01,0.000000000000000000e+00,0.000000000000000000e+00
7.463597114831911483e+01,0.000000000000000000e+00,0.000000000000000000e+00
7.686233067979391365e+01,0.000000000000000000e+00,0.000000000000000000e+00
7.710622457967407684e+01,0.000000000000000000e+00,0.000000000000000000e+00
7.565519615091091055e+01,0.000000000000000000e+00,0.000000000000000000e+00
8.012499590914417524e+01,0.000000000000000000e+00,0.000000000000000000e+00
8.125586041187297326e+01,0.000000000000000000e+00,0.000000000000000000e+00
7.930160780455945257e+01,0.000000000000000000e+00,0.000000000000000000e+00
8.060940553557659882e+01,0.000000000000000000e+00,0.000000000000000000e+00
8.194074473914589873e+01,0.000000000000000000e+00,0.000000000000000000e+00
7.992215062747240495e+01,0.000000000000000000e+00,0.000000000000000000e+00
7.668226060856170534e+01,0.000000000000000000e+00,0.000000000000000000e+00
8.074740778987829515e+01,0.000000000000000000e+00,0.000000000000000000e+00
8.061577311689903524e+01,0.000000000000000000e+00,0.000000000000000000e+00
8.084388865031884563e+01,0.000000000000000000e+00,0.000000000000000000e+00
7.764411868607915324e+01,0.000000000000000000e+00,0.000000000000000000e+00
8.184018499854830964e+01,0.000000000000000000e+00,0.000000000000000000e+00
8.130059846053099193e+01,0.000000000000000000e+00,0.000000000000000000e+00
3.099761696236816277e+01,0.000000000000000000e+00,0.000000000000000000e+00
3.435863782701578373e+01,0.000000000000000000e+00,0.000000000000000000e+00
3.388044666160252660e+01,0.000000000000000000e+00,0.000000000000000000e+00
3.245593508536980920e+01,0.000000000000000000e+00,0.000000000000000000e+00
3.420963379784735281e+01,0.000000000000000000e+00,0.000000000000000000e+00
3.391099727673975650e+01,0.000000000000000000e+00,0.000000000000000000e+00
3.357357121927876875e+01,0.000000000000000000e+00,0.000000000000000000e+00
3.165177080579926283e+01,0.000000000000000000e+00,0.000000000000000000e+00
3.492353270983070956e+01,0.000000000000000000e+00,0.000000000000000000e+00
3.197538587557274781e+01,0.000000000000000000e+00,0.000000000000000000e+00
3.370154833690976659e+01,0.000000000000000000e+00,0.000000000000000000e+00
3.144830065251931117e+01,0.000000000000000000e+00,0.000000000000000000e+00
2.414272808702064665e+01,0.000000000000000000e+00,0.000000000000000000e+00
2.363614170013240567e+01,0.000000000000000000e+00,0.000000000000000000e+00
1.979054351122372424e+01,0.000000000000000000e+00,0.000000000000000000e+00
2.343254194342151919e+01,0.000000000000000000e+00,0.000000000000000000e+00
2.293247619587606323e+01,0.000000000000000000e+00,0.000000000000000000e+00
2.183647102769342041e+01,0.000000000000000000e+00,0.000000000000000000e+00
2.240880215480098059e+01,0.000000000000000000e+00,0.000000000000000000e+00
2.577396323886624430e+01,0.000000000000000000e+00,0.000000000000000000e+00
2.144832343021764487e+01,0.000000000000000000e+00,0.000000000000000000e+00
2.023339644823206029e+01,0.000000000000000000e+00,0.000000000000000000e+00
2.213546428049851755e+01,0.000000000000000000e+00,0.000000000000000000e+00
2.295885343073155482e+01,0.000000000000000000e+00,0.000000000000000000e+00
2.080122391848567887e+01,0.000000000000000000e+00,0.000000000000000000e+00
2.069903636705317140e+01,0.000000000000000000e+00,0.000000000000000000e+00
1.954642482167754025e+01,0.000000000000000000e+00,0.000000000000000000e+00
2.270266769173668209e+01,0.000000000000000000e+00,0.000000000000000000e+00
1.915943441207202014e+01,0.000000000000000000e+00,0.000000000000000000e+00
2.302087834790951604e+01,0.000000000000000000e+00,0.000000000000000000e+00
1.772041052934484640e+01,0.000000000000000000e+00,0.000000000000000000e+00
2.036683933636198063e+01,0.000000000000000000e+00,0.000000000000000000e+00
2.347579620959568203e+01,0.000000000000000000e+00,0.000000000000000000e+00
2.051873560785035977e+01,0.000000000000000000e+00,0.000000000000000000e+00
2.367225738528705392e+01,0.000000000000000000e+00,0.000000000000000000e+00
2.555349463255107523e+01,0.000000000000000000e+00,0.000000000000000000e+00
2.106141868591010180e+01,0.000000000000000000e+00,0.000000000000000000e+00
2.068435557283373782e+01,0.000000000000000000e+00,0.000000000000000000e+00
1.638147086437924571e+01,0.000000000000000000e+00,0.000000000000000000e+00
2.178204876049482053e+01,0.000000000000000000e+00,0.000000000000000000e+00
2.321407061843953201e+01,0.000000000000000000e+00,0.000000000000000000e+00
2.385514464049596128e+01,0.000000000000000000e+00,0.000000000000000000e+00
1.909055601595177620e+01,0.000000000000000000e+00,0.000000000000000000e+00
1.901753829250060335e+01,0.000000000000000000e+00,0.000000000000000000e+00
2.363008902950386414e+01,0.000000000000000000e+00,0.000000000000000000e+00
1.801864961994393610e+01,0.000000000000000000e+00,0.000000000000000000e+00
2.130449741716470768e+01,0.000000000000000000e+00,0.000000000000000000e+00
2.119874849749420775e+01,0.000000000000000000e+00,0.000000000000000000e+00
2.329472552077944414e+01,0.000000000000000000e+00,0.000000000000000000e+00
1.829622683097579383e+01,0.000000000000000000e+00,0.000000000000000000e+00
1.767588431975211805e+01,0.000000000000000000e+00,0.000000000000000000e+00
1.997695132230979809e+01,0.000000000000000000e+00,0.000000000000000000e+00
2.065687597311449153e+01,0.000000000000000000e+00,0.000000000000000000e+00
1.667146268556309607e+01,0.000000000000000000e+00,0.000000000000000000e+00
2.319112556098594169e+01,0.000000000000000000e+00,0.000000000000000000e+00
2.229487738893703508e+01,0.000000000000000000e+00,0.000000000000000000e+00
1.936196699796650478e+01,0.000000000000000000e+00,0.000000000000000000e+00
2.026078438055913011e+01,0.000000000000000000e+00,0.000000000000000000e+00
1.858202158471917897e+01,0.000000000000000000e+00,0.000000000000000000e+00
2.045314062364095875e+01,0.000000000000000000e+00,0.000000000000000000e+00
2.274263268990205944e+01,0.000000000000000000e+00,0.000000000000000000e+00
1.563623969743019870e+01,0.000000000000000000e+00,0.000000000000000000e+00
1.713436610187801890e+01,0.000000000000000000e+00,0.000000000000000000e+00
2.167939527573089364e+01,0.000000000000000000e+00,0.000000000000000000e+00
1.835449066383235461e+01,0.000000000000000000e+00,0.000000000000000000e+00
1.915699261448151347e+01,0.000000000000000000e+00,0.000000000000000000e+00
1.529140837317796198e+01,0.000000000000000000e+00,0.000000000000000000e+00
1.996045780360678989e+01,0.000000000000000000e+00,0.000000000000000000e+00
1.952586159248020437e+01,0.000000000000000000e+00,0.000000000000000000e+00
2.003798433413340163e+01,0.000000000000000000e+00,0.000000000000000000e+00
1.969081234106116085e+01,0.000000000000000000e+00,0.000000000000000000e+00
1.758786014538278053e+01,0.000000000000000000e+00,0.000000000000000000e+00
